1.000000000000000000e+00 2.543872793872793692e-02
2.000000000000000000e+00 -4.160839160839160077e-03
3.000000000000000000e+00 -3.857808857808857697e-03
4.000000000000000000e+00 -4.312354312354311700e-03
5.000000000000000000e+00 -4.312354312354311700e-03
6.000000000000000000e+00 -4.160839160839160077e-03
7.000000000000000000e+00 -3.782051282051281885e-03
8.000000000000000000e+00 -4.261849261849261737e-03
9.000000000000000000e+00 -4.009324009324008453e-03
1.000000000000000000e+01 -3.908313908313907660e-03
1.100000000000000000e+01 -2.898212898212897994e-03
1.200000000000000000e+01 1.623959373959373703e-02
1.300000000000000000e+01 -2.670940170940170558e-03
1.000000000000000000e+00 4.816387316387315751e-03
2.000000000000000000e+00 -4.452732452732452266e-03
3.000000000000000000e+00 -4.696840196840195922e-03
4.000000000000000000e+00 -2.748547748547748148e-03
5.000000000000000000e+00 -4.747345247345246752e-03
6.000000000000000000e+00 6.471990971990970731e-03
7.000000000000000000e+00 1.807636807636807397e-02
8.000000000000000000e+00 -4.848355348355347545e-03
9.000000000000000000e+00 -4.848355348355347545e-03
1.000000000000000000e+01 8.088152588152586892e-03
1.100000000000000000e+01 -3.484718984718984235e-03
1.200000000000000000e+01 -4.267547267547267334e-03
1.300000000000000000e+01 -4.772597772597772167e-03
1.000000000000000000e+00 -2.969345469345469144e-03
2.000000000000000000e+00 -4.590317090317089753e-03
3.000000000000000000e+00 -4.702149702149701314e-03
4.000000000000000000e+00 4.656315906315906285e-03
5.000000000000000000e+00 -3.607873607873607509e-03
6.000000000000000000e+00 8.680486180486179232e-03
7.000000000000000000e+00 -3.750971250971250805e-03
8.000000000000000000e+00 -4.483294483294483074e-03
9.000000000000000000e+00 -4.735819735819735490e-03
1.000000000000000000e+01 7.189985939985939212e-03
1.100000000000000000e+01 -4.761072261072260906e-03
1.200000000000000000e+01 1.672401672401672285e-02
1.300000000000000000e+01 -3.700466200466200409e-03
1.000000000000000000e+00 -3.107133607133607048e-03
2.000000000000000000e+00 -4.740130240130239862e-03
3.000000000000000000e+00 -4.790635290635289825e-03
4.000000000000000000e+00 -4.639120139120138202e-03
5.000000000000000000e+00 -3.893328893328893217e-03
6.000000000000000000e+00 -4.740130240130239862e-03
7.000000000000000000e+00 9.295704295704294504e-03
8.000000000000000000e+00 -4.765382765382765277e-03
9.000000000000000000e+00 -3.948884448884448437e-03
1.000000000000000000e+01 4.608114108114107037e-03
1.100000000000000000e+01 -4.655955155955155723e-03
1.200000000000000000e+01 8.462370962370961008e-03
1.300000000000000000e+01 1.642629592629592586e-02
1.000000000000000000e+00 7.711686461686460478e-03
2.000000000000000000e+00 1.544057794057793849e-03
3.000000000000000000e+00 -4.564648314648314491e-03
4.000000000000000000e+00 -4.530978280978280315e-03
5.000000000000000000e+00 -4.564648314648314491e-03
6.000000000000000000e+00 -4.463638213638212830e-03
7.000000000000000000e+00 -1.744782994782994754e-03
8.000000000000000000e+00 -4.564648314648314491e-03
9.000000000000000000e+00 -3.596634846634846460e-03
1.000000000000000000e+01 -1.298655048655048428e-03
1.100000000000000000e+01 8.579291079291078218e-03
1.200000000000000000e+01 -2.620203870203870102e-03
1.300000000000000000e+01 1.353299478299478144e-02
1.000000000000000000e+00 1.529516779516779459e-02
2.000000000000000000e+00 -3.270248270248269848e-03
3.000000000000000000e+00 -2.613682613682613391e-03
4.000000000000000000e+00 -4.675972175972175661e-03
5.000000000000000000e+00 -3.514356014356014371e-03
6.000000000000000000e+00 -4.675972175972175661e-03
7.000000000000000000e+00 8.463758463758463968e-03
8.000000000000000000e+00 -4.574962074962074868e-03
9.000000000000000000e+00 -4.802234802234801869e-03
1.000000000000000000e+01 -4.078329078329077928e-03
1.100000000000000000e+01 -2.706275206275205857e-03
1.200000000000000000e+01 5.425037925037924473e-03
1.300000000000000000e+01 5.425037925037924473e-03
1.000000000000000000e+00 3.772551522551521874e-03
2.000000000000000000e+00 -3.845293595293594862e-03
3.000000000000000000e+00 -3.727448477448476981e-03
4.000000000000000000e+00 -3.676943426943426584e-03
5.000000000000000000e+00 -3.878963628963628604e-03
6.000000000000000000e+00 -2.818357568357568108e-03
7.000000000000000000e+00 1.634470159470159320e-02
8.000000000000000000e+00 -3.878963628963628604e-03
9.000000000000000000e+00 -3.878963628963628604e-03
1.000000000000000000e+01 1.132894882894882813e-02
1.100000000000000000e+01 -2.010276760276760027e-03
1.200000000000000000e+01 -2.969872719872719731e-03
1.300000000000000000e+01 -2.219030969030968622e-03
1.000000000000000000e+00 -4.376604876604876446e-03
2.000000000000000000e+00 4.795112295112294656e-03
3.000000000000000000e+00 -4.216672216672216061e-03
4.000000000000000000e+00 -4.923742923742923348e-03
5.000000000000000000e+00 -4.831150331150330449e-03
6.000000000000000000e+00 -4.898490398490397933e-03
7.000000000000000000e+00 1.058635808635808619e-02
8.000000000000000000e+00 -4.772227772227771725e-03
9.000000000000000000e+00 -4.873237873237872518e-03
1.000000000000000000e+01 1.476480926480926333e-02
1.100000000000000000e+01 -2.398490398490398315e-03
1.200000000000000000e+01 7.706127206127204830e-03
1.300000000000000000e+01 -2.886705886705886494e-03
1.000000000000000000e+00 -3.370000370000369484e-03
2.000000000000000000e+00 -4.502997002997002722e-03
3.000000000000000000e+00 -4.733636733636733228e-03
4.000000000000000000e+00 -4.430606430606429981e-03
5.000000000000000000e+00 -3.652828652828652573e-03
6.000000000000000000e+00 -4.481111481111480811e-03
7.000000000000000000e+00 2.954462204462204172e-02
8.000000000000000000e+00 -4.733636733636733228e-03
9.000000000000000000e+00 -4.481111481111480811e-03
1.000000000000000000e+01 7.358715358715357813e-03
1.100000000000000000e+01 -4.489528989528988705e-03
1.200000000000000000e+01 -4.708384208384207813e-03
1.300000000000000000e+01 5.914511414511413809e-03
1.000000000000000000e+00 4.132798178252723373e-03
2.000000000000000000e+00 -4.017995472540926427e-03
3.000000000000000000e+00 -3.989135443680898001e-03
4.000000000000000000e+00 -5.113474068019522104e-03
5.000000000000000000e+00 -5.206066660612114136e-03
6.000000000000000000e+00 -5.416504371049825350e-03
7.000000000000000000e+00 9.037166537166536201e-03
8.000000000000000000e+00 -5.416504371049825350e-03
9.000000000000000000e+00 -3.888518888518888335e-03
1.000000000000000000e+01 7.253529298983843639e-03
1.100000000000000000e+01 -3.640891095436549554e-03
1.200000000000000000e+01 -2.856379310924765137e-03
1.300000000000000000e+01 1.886464041009495302e-02
1.000000000000000000e+00 -3.189588189588189477e-03
2.000000000000000000e+00 -4.199689199689199577e-03
3.000000000000000000e+00 -4.199689199689199577e-03
4.000000000000000000e+00 -4.199689199689199577e-03
5.000000000000000000e+00 -3.795648795648795537e-03
6.000000000000000000e+00 -4.048174048174047954e-03
7.000000000000000000e+00 7.416472416472415924e-03
8.000000000000000000e+00 -4.199689199689199577e-03
9.000000000000000000e+00 -4.199689199689199577e-03
1.000000000000000000e+01 1.249222999222999141e-02
1.100000000000000000e+01 -2.836052836052835834e-03
1.200000000000000000e+01 6.709401709401708637e-03
1.300000000000000000e+01 7.946775446775446172e-03
1.000000000000000000e+00 -3.552688052688052298e-03
2.000000000000000000e+00 -3.594775594775594368e-03
3.000000000000000000e+00 -3.805213305213305149e-03
4.000000000000000000e+00 -2.593092093092093028e-03
5.000000000000000000e+00 -3.779960779960779733e-03
6.000000000000000000e+00 -3.594775594775594368e-03
7.000000000000000000e+00 7.352194102194101535e-03
8.000000000000000000e+00 -3.805213305213305149e-03
9.000000000000000000e+00 -3.805213305213305149e-03
1.000000000000000000e+01 1.306323306323306163e-02
1.100000000000000000e+01 -1.554371554371554226e-03
1.200000000000000000e+01 -3.594775594775594368e-03
1.300000000000000000e+01 1.318889443889443777e-02
1.000000000000000000e+00 6.388047138047137953e-03
2.000000000000000000e+00 -4.593434343434343002e-03
3.000000000000000000e+00 -4.694444444444443795e-03
4.000000000000000000e+00 -4.568181818181817587e-03
5.000000000000000000e+00 -4.462121212121211537e-03
6.000000000000000000e+00 -3.591750841750841663e-03
7.000000000000000000e+00 -2.076599326599326296e-03
8.000000000000000000e+00 -4.744949494949494626e-03
9.000000000000000000e+00 -4.744949494949494626e-03
1.000000000000000000e+01 6.392857142857141968e-03
1.100000000000000000e+01 -2.484006734006733840e-03
1.200000000000000000e+01 -4.319023569023568675e-03
1.300000000000000000e+01 2.722919672919672796e-02
1.000000000000000000e+00 5.289987789987789929e-03
2.000000000000000000e+00 -4.962537462537461828e-03
3.000000000000000000e+00 -3.792503792503792211e-03
4.000000000000000000e+00 -3.257390757390757081e-03
5.000000000000000000e+00 -3.119103119103118667e-03
6.000000000000000000e+00 -3.043345543345542855e-03
7.000000000000000000e+00 9.932844932844931210e-03
8.000000000000000000e+00 -4.710012210012209412e-03
9.000000000000000000e+00 -4.507992007992007825e-03
1.000000000000000000e+01 2.310189810189810025e-03
1.100000000000000000e+01 6.892921892921892446e-03
1.200000000000000000e+01 -3.043345543345542855e-03
1.300000000000000000e+01 5.109612609612609012e-03
1.000000000000000000e+00 7.461797461797460562e-03
2.000000000000000000e+00 -4.000444000443999573e-03
3.000000000000000000e+00 -4.958837458837458273e-03
4.000000000000000000e+00 -5.009342509342509103e-03
5.000000000000000000e+00 -5.043012543012542412e-03
6.000000000000000000e+00 -4.303474303474302820e-03
7.000000000000000000e+00 8.028175528175527861e-03
8.000000000000000000e+00 -4.909534909534909314e-03
9.000000000000000000e+00 -5.061050061050060070e-03
1.000000000000000000e+01 8.113553113553112137e-03
1.100000000000000000e+01 -3.360713360713360204e-03
1.200000000000000000e+01 9.947367447367445534e-03
1.300000000000000000e+01 2.842990342990342825e-03
1.000000000000000000e+00 5.414076664076662888e-03
2.000000000000000000e+00 -2.474331224331223923e-03
3.000000000000000000e+00 -3.193426943426942981e-03
4.000000000000000000e+00 -3.193426943426942981e-03
5.000000000000000000e+00 -2.865144115144114753e-03
6.000000000000000000e+00 6.958088208088207549e-03
7.000000000000000000e+00 -2.006558256558256276e-03
8.000000000000000000e+00 -3.193426943426942981e-03
9.000000000000000000e+00 -1.821373071373071344e-03
1.000000000000000000e+01 -2.183325933325932881e-03
1.100000000000000000e+01 4.394956894956894393e-03
1.200000000000000000e+01 -1.089049839049838859e-03
1.300000000000000000e+01 5.101426351426350744e-03
1.000000000000000000e+00 -2.996179746179745886e-03
2.000000000000000000e+00 -3.501230251230250719e-03
3.000000000000000000e+00 -4.107290857290856780e-03
4.000000000000000000e+00 -4.258806008806008403e-03
5.000000000000000000e+00 -4.258806008806008403e-03
6.000000000000000000e+00 -4.006280756280755986e-03
7.000000000000000000e+00 1.725838975838975622e-02
8.000000000000000000e+00 -3.457940207940207646e-03
9.000000000000000000e+00 -4.208300958300957573e-03
1.000000000000000000e+01 1.415930365930365836e-02
1.100000000000000000e+01 -3.739084989084988982e-03
1.200000000000000000e+01 -4.208300958300957573e-03
1.300000000000000000e+01 5.570438820438819785e-03
1.000000000000000000e+00 5.036232286232285998e-03
2.000000000000000000e+00 -4.607105857105857002e-03
3.000000000000000000e+00 -4.708115958115957796e-03
4.000000000000000000e+00 -4.708115958115957796e-03
5.000000000000000000e+00 -2.873580123580123276e-03
6.000000000000000000e+00 -4.588587338587337729e-03
7.000000000000000000e+00 1.195806970806970702e-02
8.000000000000000000e+00 -4.556600806600806172e-03
9.000000000000000000e+00 -2.846644096644096542e-03
1.000000000000000000e+01 1.295602545602545473e-02
1.100000000000000000e+01 -3.852656602656602449e-03
1.200000000000000000e+01 6.107901357901356770e-03
1.300000000000000000e+01 -3.595802345802345465e-03
1.000000000000000000e+00 -2.913290413290412981e-03
2.000000000000000000e+00 -4.074906574906574271e-03
3.000000000000000000e+00 -4.226421726421725894e-03
4.000000000000000000e+00 -4.327431827431826687e-03
5.000000000000000000e+00 -4.175916675916675064e-03
6.000000000000000000e+00 -4.327431827431826687e-03
7.000000000000000000e+00 -2.963795463795463377e-03
8.000000000000000000e+00 -3.797128797128796873e-03
9.000000000000000000e+00 -4.327431827431826687e-03
1.000000000000000000e+01 1.684260184260184118e-02
1.100000000000000000e+01 -2.746142746142745707e-03
1.200000000000000000e+01 5.896233396233395777e-03
1.300000000000000000e+01 1.505688755688755660e-02
1.000000000000000000e+00 6.143523143523142716e-03
2.000000000000000000e+00 -4.385577385577385003e-03
3.000000000000000000e+00 -4.520257520257519972e-03
4.000000000000000000e+00 -3.922614422614422239e-03
5.000000000000000000e+00 -4.301402301402300864e-03
6.000000000000000000e+00 -3.947866947866947654e-03
7.000000000000000000e+00 -4.402412402412401657e-03
8.000000000000000000e+00 -4.604432604432604111e-03
9.000000000000000000e+00 -3.611166611166610665e-03
1.000000000000000000e+01 -4.250897250897250033e-03
1.100000000000000000e+01 6.132700632700631947e-03
1.200000000000000000e+01 7.596385096385095854e-03
1.300000000000000000e+01 1.742081992081991743e-02
1.000000000000000000e+00 -4.494440744440744012e-03
2.000000000000000000e+00 -4.923733673733673467e-03
3.000000000000000000e+00 -4.873228623228622637e-03
4.000000000000000000e+00 -3.863127613127612971e-03
5.000000000000000000e+00 -4.570198320198319390e-03
6.000000000000000000e+00 -4.188043438043437261e-03
7.000000000000000000e+00 -2.672410922410922447e-03
8.000000000000000000e+00 -4.923733673733673467e-03
9.000000000000000000e+00 -4.696460946460946466e-03
1.000000000000000000e+01 2.774762274762274453e-02
1.100000000000000000e+01 -3.442252192252192276e-03
1.200000000000000000e+01 1.732374107374107242e-02
1.300000000000000000e+01 -2.718346468346468335e-03
1.000000000000000000e+00 7.920551670551669379e-03
2.000000000000000000e+00 -4.646788396788396197e-03
3.000000000000000000e+00 -3.232646982646982491e-03
4.000000000000000000e+00 -4.798303548303547821e-03
5.000000000000000000e+00 -3.889212639212638947e-03
6.000000000000000000e+00 -3.737697487697487324e-03
7.000000000000000000e+00 4.141090391090391024e-03
8.000000000000000000e+00 -4.655205905205904958e-03
9.000000000000000000e+00 -4.798303548303547821e-03
1.000000000000000000e+01 -3.131636881636881697e-03
1.100000000000000000e+01 6.910450660450659713e-03
1.200000000000000000e+01 8.135198135198133673e-03
1.300000000000000000e+01 5.706746956746956354e-03
1.000000000000000000e+00 1.573260998260998106e-02
2.000000000000000000e+00 -3.080521330521330484e-03
3.000000000000000000e+00 -4.275807525807525517e-03
4.000000000000000000e+00 -3.215201465201465020e-03
5.000000000000000000e+00 -3.922272172272172307e-03
6.000000000000000000e+00 -4.099039849039848478e-03
7.000000000000000000e+00 8.325202575202575103e-03
8.000000000000000000e+00 -4.275807525807525517e-03
9.000000000000000000e+00 -3.215201465201465020e-03
1.000000000000000000e+01 2.780830280830280665e-03
1.100000000000000000e+01 -3.518231768231768267e-03
1.200000000000000000e+01 6.106347356347355954e-03
1.300000000000000000e+01 -3.368159618159618021e-03
1.000000000000000000e+00 1.049357124357124145e-02
2.000000000000000000e+00 -4.721676471676471490e-03
3.000000000000000000e+00 -4.620666370666369829e-03
4.000000000000000000e+00 3.030848780848781083e-03
5.000000000000000000e+00 -4.570161320161319866e-03
6.000000000000000000e+00 4.037342287342286437e-03
7.000000000000000000e+00 -4.353470603470603259e-03
8.000000000000000000e+00 -4.772181522181521453e-03
9.000000000000000000e+00 -4.620666370666369829e-03
1.000000000000000000e+01 7.172262922262921843e-03
1.100000000000000000e+01 -3.752460502460502022e-03
1.200000000000000000e+01 -2.434278684278683852e-03
1.300000000000000000e+01 9.042994042994042733e-03
1.000000000000000000e+00 -1.413808413808413655e-03
2.000000000000000000e+00 -3.931845931845931799e-03
3.000000000000000000e+00 -3.913808413808413274e-03
4.000000000000000000e+00 -5.093462093462093089e-03
5.000000000000000000e+00 -4.941946941946941466e-03
6.000000000000000000e+00 -4.883024383024382742e-03
7.000000000000000000e+00 8.304565804565804468e-03
8.000000000000000000e+00 -4.840936840936840672e-03
9.000000000000000000e+00 -2.918377918377918195e-03
1.000000000000000000e+01 -4.604044104044103906e-03
1.100000000000000000e+01 -4.941946941946941466e-03
1.200000000000000000e+01 1.886060236060235762e-02
1.300000000000000000e+01 1.389595589595589605e-02
1.000000000000000000e+00 -1.380980130980130789e-03
2.000000000000000000e+00 -4.207098457098456569e-03
3.000000000000000000e+00 -4.181845931845931154e-03
4.000000000000000000e+00 -2.695313945313945140e-03
5.000000000000000000e+00 -4.080835830835830361e-03
6.000000000000000000e+00 5.537971287971287480e-03
7.000000000000000000e+00 2.481851481851481481e-02
8.000000000000000000e+00 -4.232350982350981984e-03
9.000000000000000000e+00 -4.131340881340881191e-03
1.000000000000000000e+01 5.305888555888555597e-03
1.100000000000000000e+01 -4.232350982350981984e-03
1.200000000000000000e+01 -3.920903170903169976e-03
1.300000000000000000e+01 -2.767704517704517447e-03
1.000000000000000000e+00 9.039812039812038583e-03
2.000000000000000000e+00 -4.865551115551114761e-03
3.000000000000000000e+00 -5.001433751433750734e-03
4.000000000000000000e+00 -3.126493876493876330e-03
5.000000000000000000e+00 -3.434574684574684400e-03
6.000000000000000000e+00 -5.001433751433750734e-03
7.000000000000000000e+00 2.322066822066821967e-02
8.000000000000000000e+00 -4.697200947200946483e-03
9.000000000000000000e+00 -4.976181226181225319e-03
1.000000000000000000e+01 4.643587893587893152e-03
1.100000000000000000e+01 -5.001433751433750734e-03
1.200000000000000000e+01 -4.732073482073481663e-03
1.300000000000000000e+01 2.323361823361823082e-03
1.000000000000000000e+00 -3.244625744625744424e-03
2.000000000000000000e+00 -3.016150516150515985e-03
3.000000000000000000e+00 -4.759777259777259358e-03
4.000000000000000000e+00 -4.709272209272208527e-03
5.000000000000000000e+00 -4.152514152514151860e-03
6.000000000000000000e+00 -4.608262108262107734e-03
7.000000000000000000e+00 7.854460354460352303e-03
8.000000000000000000e+00 -4.759777259777259358e-03
9.000000000000000000e+00 -4.709272209272208527e-03
1.000000000000000000e+01 -3.379305879305878960e-03
1.100000000000000000e+01 6.882839382839381695e-03
1.200000000000000000e+01 9.925768675768675137e-03
1.300000000000000000e+01 1.248950123950123836e-02
1.000000000000000000e+00 -2.571400821400821220e-03
2.000000000000000000e+00 -4.086552336552335719e-03
3.000000000000000000e+00 -4.347495097495096897e-03
4.000000000000000000e+00 -2.651006401006400851e-03
5.000000000000000000e+00 -4.086552336552335719e-03
6.000000000000000000e+00 -4.187562437562437380e-03
7.000000000000000000e+00 1.680630480630480525e-02
8.000000000000000000e+00 -4.633690383690383489e-03
9.000000000000000000e+00 -4.499010249010248520e-03
1.000000000000000000e+01 5.682326932326931500e-03
1.100000000000000000e+01 -3.330179080179079907e-03
1.200000000000000000e+01 -4.461973211973211707e-03
1.300000000000000000e+01 1.596275021275021105e-02
1.000000000000000000e+00 -2.798812298812298604e-03
2.000000000000000000e+00 -3.051337551337551020e-03
3.000000000000000000e+00 -4.313963813963813537e-03
4.000000000000000000e+00 -4.212953712953712744e-03
5.000000000000000000e+00 -4.263458763458762707e-03
6.000000000000000000e+00 -4.061438561438561121e-03
7.000000000000000000e+00 7.229807229807229223e-03
8.000000000000000000e+00 -4.364468864468864368e-03
9.000000000000000000e+00 -4.364468864468864368e-03
1.000000000000000000e+01 -2.063122063122062831e-03
1.100000000000000000e+01 5.404650904650904093e-03
1.200000000000000000e+01 7.196137196137195914e-03
1.300000000000000000e+01 1.352874902874902710e-02
1.000000000000000000e+00 8.296888296888295725e-03
2.000000000000000000e+00 -4.374828874828874149e-03
3.000000000000000000e+00 -4.110519110519110335e-03
4.000000000000000000e+00 -2.329374329374328968e-03
5.000000000000000000e+00 -4.349576349576348734e-03
6.000000000000000000e+00 -4.400081400081399564e-03
7.000000000000000000e+00 5.965238465238465251e-03
8.000000000000000000e+00 -4.400081400081399564e-03
9.000000000000000000e+00 -3.680985680985680939e-03
1.000000000000000000e+01 3.633829133829133418e-03
1.100000000000000000e+01 -4.021293521293520939e-03
1.200000000000000000e+01 8.650664150664148441e-03
1.300000000000000000e+01 5.035945535945535352e-03
1.000000000000000000e+00 -4.475949975949975249e-03
2.000000000000000000e+00 -4.501202501202500664e-03
3.000000000000000000e+00 -4.248677248677248247e-03
4.000000000000000000e+00 -2.430495430495430067e-03
5.000000000000000000e+00 -4.483164983164983006e-03
6.000000000000000000e+00 -4.070707070707070205e-03
7.000000000000000000e+00 8.189393939393939045e-03
8.000000000000000000e+00 -4.176286676286675506e-03
9.000000000000000000e+00 -3.642616642616642187e-03
1.000000000000000000e+01 -4.349687349687349040e-03
1.100000000000000000e+01 -3.061808561808561542e-03
1.200000000000000000e+01 7.035834535834535088e-03
1.300000000000000000e+01 2.369107744107743982e-02
1.000000000000000000e+00 -2.600362600362600071e-03
2.000000000000000000e+00 -3.543123543123542687e-03
3.000000000000000000e+00 -4.704739704739704410e-03
4.000000000000000000e+00 5.253172753172752861e-03
5.000000000000000000e+00 -3.568376068376068102e-03
6.000000000000000000e+00 -4.166019166019165401e-03
7.000000000000000000e+00 8.653846153846152592e-03
8.000000000000000000e+00 -5.007770007770007657e-03
9.000000000000000000e+00 -5.007770007770007657e-03
1.000000000000000000e+01 1.648212898212898098e-02
1.100000000000000000e+01 -4.098679098679097917e-03
1.200000000000000000e+01 -4.856254856254856034e-03
1.300000000000000000e+01 6.911421911421910223e-03
1.000000000000000000e+00 5.391880846426300514e-03
2.000000000000000000e+00 -1.641876641876641695e-03
3.000000000000000000e+00 -3.985223530678075679e-03
4.000000000000000000e+00 2.093420047965502146e-03
5.000000000000000000e+00 -4.093448638903184229e-03
6.000000000000000000e+00 -2.975122520577066013e-03
7.000000000000000000e+00 7.235315189860644543e-03
8.000000000000000000e+00 -4.229331274785820202e-03
9.000000000000000000e+00 -3.513843059297604588e-03
1.000000000000000000e+01 -3.244482789937335084e-03
1.100000000000000000e+01 -3.985223530678075679e-03
1.200000000000000000e+01 6.145849100394554752e-03
1.300000000000000000e+01 5.681355681355680989e-03
1.000000000000000000e+00 -4.372238872238871921e-03
2.000000000000000000e+00 -3.488400488400488029e-03
3.000000000000000000e+00 -4.427794427794427140e-03
4.000000000000000000e+00 -4.397491397491397336e-03
5.000000000000000000e+00 -3.412642912642912217e-03
6.000000000000000000e+00 -4.776279276279275961e-03
7.000000000000000000e+00 3.243367743367742834e-02
8.000000000000000000e+00 -4.801531801531801376e-03
9.000000000000000000e+00 -4.650016650016649752e-03
1.000000000000000000e+01 -3.362137862137861821e-03
1.100000000000000000e+01 -3.437895437895437632e-03
1.200000000000000000e+01 -4.549006549006548959e-03
1.300000000000000000e+01 1.036297036297036296e-02
1.000000000000000000e+00 -3.082750582750582585e-03
2.000000000000000000e+00 -2.855477855477855150e-03
3.000000000000000000e+00 -4.017094017094016874e-03
4.000000000000000000e+00 -4.017094017094016874e-03
5.000000000000000000e+00 -3.815073815073814854e-03
6.000000000000000000e+00 -4.017094017094016874e-03
7.000000000000000000e+00 1.696775446775446519e-02
8.000000000000000000e+00 -4.017094017094016874e-03
9.000000000000000000e+00 -4.017094017094016874e-03
1.000000000000000000e+01 1.497280497280497127e-02
1.100000000000000000e+01 -3.865578865578865250e-03
1.200000000000000000e+01 3.306138306138305810e-03
1.300000000000000000e+01 -1.542346542346542237e-03
1.000000000000000000e+00 -2.981092981092980584e-03
2.000000000000000000e+00 -3.806008806008805753e-03
3.000000000000000000e+00 -2.602305102305101960e-03
4.000000000000000000e+00 -2.417952417952417860e-04
5.000000000000000000e+00 -3.940688940688940288e-03
6.000000000000000000e+00 -3.932271432271431527e-03
7.000000000000000000e+00 6.539109039109038471e-03
8.000000000000000000e+00 -3.831261331261330734e-03
9.000000000000000000e+00 -3.637658637658637475e-03
1.000000000000000000e+01 2.650183150183149997e-02
1.100000000000000000e+01 -3.023180523180522654e-03
1.200000000000000000e+01 -2.804325304325303980e-03
1.300000000000000000e+01 -2.391867391867391612e-03
1.000000000000000000e+00 4.534724534724535010e-03
2.000000000000000000e+00 -3.975376475376475247e-03
3.000000000000000000e+00 -4.227901727901727663e-03
4.000000000000000000e+00 -4.227901727901727663e-03
5.000000000000000000e+00 -4.227901727901727663e-03
6.000000000000000000e+00 -2.965275465275465146e-03
7.000000000000000000e+00 7.426739926739926029e-03
8.000000000000000000e+00 -4.135309135309134763e-03
9.000000000000000000e+00 -4.025881525881525209e-03
1.000000000000000000e+01 1.741711991711991300e-02
1.100000000000000000e+01 4.371184371184370747e-03
1.200000000000000000e+01 -4.227901727901727663e-03
1.300000000000000000e+01 -1.761571761571761353e-03
1.000000000000000000e+00 -3.113691863691863283e-03
2.000000000000000000e+00 -3.867660117660117521e-03
3.000000000000000000e+00 -3.366217116217116133e-03
4.000000000000000000e+00 -3.820762570762570570e-03
5.000000000000000000e+00 -4.830863580863580670e-03
6.000000000000000000e+00 -4.830863580863580670e-03
7.000000000000000000e+00 3.178890553890553750e-02
8.000000000000000000e+00 -4.830863580863580670e-03
9.000000000000000000e+00 -4.881368631368630633e-03
1.000000000000000000e+01 1.051365301365301229e-02
1.100000000000000000e+01 -4.830863580863580670e-03
1.200000000000000000e+01 -3.492479742479742341e-03
1.300000000000000000e+01 -3.467227217227216926e-03
1.000000000000000000e+00 1.349200799200799168e-02
2.000000000000000000e+00 -3.545029045029045051e-03
3.000000000000000000e+00 -5.026510526510525809e-03
4.000000000000000000e+00 -4.816072816072815461e-03
5.000000000000000000e+00 -4.629685129685129526e-03
6.000000000000000000e+00 -5.026510526510525809e-03
7.000000000000000000e+00 1.066576941576941398e-02
8.000000000000000000e+00 -5.026510526510525809e-03
9.000000000000000000e+00 -3.982739482739481966e-03
1.000000000000000000e+01 1.032221482221482196e-02
1.100000000000000000e+01 -3.749213749213749138e-03
1.200000000000000000e+01 -5.001258001258001261e-03
1.300000000000000000e+01 6.221324971324971274e-03
1.000000000000000000e+00 -3.629130129130128841e-03
2.000000000000000000e+00 -4.100510600510599499e-03
3.000000000000000000e+00 -3.999500499500498706e-03
4.000000000000000000e+00 -4.797961297961297021e-03
5.000000000000000000e+00 -3.907869907869907303e-03
6.000000000000000000e+00 -2.296277796277796084e-03
7.000000000000000000e+00 6.966348466348465732e-03
8.000000000000000000e+00 -4.296277796277795692e-03
9.000000000000000000e+00 -4.858086358086357616e-03
1.000000000000000000e+01 -3.513449513449513027e-03
1.100000000000000000e+01 2.786365486365486102e-02
1.200000000000000000e+01 -4.729418729418728533e-03
1.300000000000000000e+01 3.769859769859769220e-03
1.000000000000000000e+00 -4.613442113442113059e-03
2.000000000000000000e+00 -3.653846153846153789e-03
3.000000000000000000e+00 -4.714452214452213852e-03
4.000000000000000000e+00 -4.966977466977466268e-03
5.000000000000000000e+00 -4.663947163947163889e-03
6.000000000000000000e+00 1.925861175861175861e-02
7.000000000000000000e+00 -4.790209790209790097e-03
8.000000000000000000e+00 -4.562937062937062228e-03
9.000000000000000000e+00 -4.966977466977466268e-03
1.000000000000000000e+01 1.633773633773633743e-02
1.100000000000000000e+01 -1.684149184149184202e-03
1.200000000000000000e+01 6.388241388241388055e-03
1.300000000000000000e+01 -3.662263662263662116e-03
1.000000000000000000e+00 3.310655156809002870e-03
2.000000000000000000e+00 -3.153991307837461337e-03
3.000000000000000000e+00 -2.679965333811487431e-03
4.000000000000000000e+00 -2.681408335254488809e-03
5.000000000000000000e+00 -2.974337628183781543e-03
6.000000000000000000e+00 -2.623688277534431089e-03
7.000000000000000000e+00 3.617533463687309502e-03
8.000000000000000000e+00 -3.103486257332410941e-03
9.000000000000000000e+00 -3.120321274167427595e-03
1.000000000000000000e+01 1.165741950357334841e-02
1.100000000000000000e+01 3.775542121695967326e-03
1.200000000000000000e+01 -2.235039888886042325e-03
1.300000000000000000e+01 -8.307589846051383238e-04
1.000000000000000000e+00 7.119732119732119328e-03
2.000000000000000000e+00 -3.284308284308284052e-03
3.000000000000000000e+00 -4.420671920671919927e-03
4.000000000000000000e+00 -4.572187072187071551e-03
5.000000000000000000e+00 -4.151311651311650856e-03
6.000000000000000000e+00 6.033873533873533417e-03
7.000000000000000000e+00 -3.259055759055758637e-03
8.000000000000000000e+00 -4.572187072187071551e-03
9.000000000000000000e+00 -4.546934546934546136e-03
1.000000000000000000e+01 9.183224183224182602e-03
1.100000000000000000e+01 -2.560402560402560111e-03
1.200000000000000000e+01 -4.420671920671919927e-03
1.300000000000000000e+01 1.324046324046323879e-02
1.000000000000000000e+00 -3.197358197358197030e-03
2.000000000000000000e+00 -4.106449106449105470e-03
3.000000000000000000e+00 -4.409479409479408717e-03
4.000000000000000000e+00 -4.409479409479408717e-03
5.000000000000000000e+00 -4.106449106449105470e-03
6.000000000000000000e+00 -1.682206682206682097e-03
7.000000000000000000e+00 -4.409479409479408717e-03
8.000000000000000000e+00 -4.409479409479408717e-03
9.000000000000000000e+00 -4.257964257964257093e-03
1.000000000000000000e+01 6.748529248529248036e-03
1.100000000000000000e+01 9.757187257187256366e-03
1.200000000000000000e+01 1.799311799311799007e-02
1.300000000000000000e+01 -3.185703185703182448e-04
1.000000000000000000e+00 2.506271506271506161e-02
2.000000000000000000e+00 -4.462296962296961877e-03
3.000000000000000000e+00 -4.504384504384503947e-03
4.000000000000000000e+00 -4.714822214822214294e-03
5.000000000000000000e+00 -4.411791911791911047e-03
6.000000000000000000e+00 -3.553206053206053004e-03
7.000000000000000000e+00 6.674066674066673338e-03
8.000000000000000000e+00 -4.714822214822214294e-03
9.000000000000000000e+00 -4.664317164317163464e-03
1.000000000000000000e+01 7.397232397232397045e-04
1.100000000000000000e+01 -3.654216154216153797e-03
1.200000000000000000e+01 6.505716505716505060e-03
1.300000000000000000e+01 -4.411791911791911047e-03
1.000000000000000000e+00 2.117419617419616894e-03
2.000000000000000000e+00 -4.041791541791541625e-03
3.000000000000000000e+00 -3.939578939578938961e-03
4.000000000000000000e+00 -3.973248973248973137e-03
5.000000000000000000e+00 -2.526640026640026258e-03
6.000000000000000000e+00 -2.769545269545269344e-03
7.000000000000000000e+00 1.738196988196987966e-02
8.000000000000000000e+00 -4.041791541791541625e-03
9.000000000000000000e+00 -4.016539016539016210e-03
1.000000000000000000e+01 -2.173104673104673049e-03
1.100000000000000000e+01 -3.207255707255707126e-03
1.200000000000000000e+01 -2.575942575942575651e-03
1.300000000000000000e+01 1.335359085359085277e-02
1.000000000000000000e+00 1.476005476005475773e-03
2.000000000000000000e+00 -4.105764605764605606e-03
3.000000000000000000e+00 -4.388592888592887827e-03
4.000000000000000000e+00 -4.237077737077736203e-03
5.000000000000000000e+00 -4.060310060310060032e-03
6.000000000000000000e+00 -3.075461575461575347e-03
7.000000000000000000e+00 2.607966107966107686e-02
8.000000000000000000e+00 -4.063677063677063536e-03
9.000000000000000000e+00 -4.186572686572686240e-03
1.000000000000000000e+01 9.581104081104080059e-03
1.100000000000000000e+01 -3.479501979501978953e-03
1.200000000000000000e+01 -3.479501979501978953e-03
1.300000000000000000e+01 -3.580512080512080180e-03
1.000000000000000000e+00 7.405927405927405054e-03
2.000000000000000000e+00 -4.463961963961963000e-03
3.000000000000000000e+00 -4.304029304029303483e-03
4.000000000000000000e+00 -4.766992266992266247e-03
5.000000000000000000e+00 -4.564972064972064661e-03
6.000000000000000000e+00 -4.741739741739740832e-03
7.000000000000000000e+00 1.880563880563880172e-02
8.000000000000000000e+00 -4.766992266992266247e-03
9.000000000000000000e+00 -4.766992266992266247e-03
1.000000000000000000e+01 -3.958911458911458167e-03
1.100000000000000000e+01 -2.090224590224590024e-03
1.200000000000000000e+01 8.848928848928848054e-03
1.300000000000000000e+01 3.212805712805712460e-03
1.000000000000000000e+00 7.920320420320418886e-03
2.000000000000000000e+00 -4.684297184297183878e-03
3.000000000000000000e+00 -4.835812335812335501e-03
4.000000000000000000e+00 -3.985643985643985351e-03
5.000000000000000000e+00 -4.886317386317385464e-03
6.000000000000000000e+00 -3.825711325711325401e-03
7.000000000000000000e+00 -2.571502571502571211e-03
8.000000000000000000e+00 -4.987327487327487124e-03
9.000000000000000000e+00 -4.962074962074961709e-03
1.000000000000000000e+01 9.465534465534464550e-03
1.100000000000000000e+01 -4.684297184297183878e-03
1.200000000000000000e+01 7.074962074962074486e-03
1.300000000000000000e+01 1.465913715913715748e-02
