1.000000000000000000e+00 -9.013209013209013201e-04
2.000000000000000000e+00 -5.672105672105672101e-04
3.000000000000000000e+00 -1.204351204351204350e-03
4.000000000000000000e+00 -1.204351204351204350e-03
5.000000000000000000e+00 -1.033411033411033410e-03
6.000000000000000000e+00 -1.033411033411033410e-03
7.000000000000000000e+00 -1.103341103341103340e-03
8.000000000000000000e+00 -8.003108003108003101e-04
9.000000000000000000e+00 -3.341103341103341100e-04
1.000000000000000000e+01 1.080031080031080030e-03
1.100000000000000000e+01 3.092463092463092460e-03
1.200000000000000000e+01 -8.003108003108003101e-04
1.300000000000000000e+01 -1.204351204351204350e-03
1.000000000000000000e+00 -1.542346542346542237e-03
2.000000000000000000e+00 -2.210567210567210457e-03
3.000000000000000000e+00 -4.001554001554001551e-04
4.000000000000000000e+00 -2.179487179487179377e-03
5.000000000000000000e+00 -1.351981351981351980e-03
6.000000000000000000e+00 2.397047397047396937e-03
7.000000000000000000e+00 -2.280497280497280170e-03
8.000000000000000000e+00 -2.280497280497280170e-03
9.000000000000000000e+00 1.547785547785547784e-02
1.000000000000000000e+01 -1.351981351981351980e-03
1.100000000000000000e+01 -1.282051282051282050e-03
1.200000000000000000e+01 -2.198912198912198693e-03
1.300000000000000000e+01 -2.280497280497280170e-03
1.000000000000000000e+00 -5.594405594405594401e-04
2.000000000000000000e+00 -6.654456654456654451e-04
3.000000000000000000e+00 3.861693861693861474e-03
4.000000000000000000e+00 6.815406815406815401e-04
5.000000000000000000e+00 7.548007548007548001e-05
6.000000000000000000e+00 1.035076035076034967e-03
7.000000000000000000e+00 -2.974802974802974800e-04
8.000000000000000000e+00 -6.654456654456654451e-04
9.000000000000000000e+00 1.814685314685314521e-02
1.000000000000000000e+01 -7.015207015207015201e-04
1.100000000000000000e+01 5.164835164835164180e-03
1.200000000000000000e+01 7.681207681207681201e-04
1.300000000000000000e+01 -7.015207015207015201e-04
1.000000000000000000e+00 -7.070707070707070701e-04
2.000000000000000000e+00 -7.770007770007770001e-04
3.000000000000000000e+00 -7.459207459207459201e-04
4.000000000000000000e+00 -7.770007770007770001e-06
5.000000000000000000e+00 -7.070707070707070701e-04
6.000000000000000000e+00 2.801087801087800977e-03
7.000000000000000000e+00 -7.575757575757575751e-04
8.000000000000000000e+00 -5.672105672105672101e-04
9.000000000000000000e+00 1.685703185703185669e-02
1.000000000000000000e+01 -5.866355866355866351e-04
1.100000000000000000e+01 1.142191142191142190e-03
1.200000000000000000e+01 8.119658119658119651e-04
1.300000000000000000e+01 -7.770007770007770001e-04
1.000000000000000000e+00 7.692307692307692301e-04
2.000000000000000000e+00 -9.168609168609168601e-04
3.000000000000000000e+00 -7.381507381507381501e-04
4.000000000000000000e+00 -9.168609168609168601e-04
5.000000000000000000e+00 -8.780108780108780101e-04
6.000000000000000000e+00 1.010101010101010100e-04
7.000000000000000000e+00 -9.168609168609168601e-04
8.000000000000000000e+00 7.614607614607614601e-04
9.000000000000000000e+00 3.069153069153068934e-03
1.000000000000000000e+01 1.911421911421911420e-03
1.100000000000000000e+01 -2.331002331002331000e-04
1.200000000000000000e+01 2.797202797202797200e-04
1.300000000000000000e+01 -9.168609168609168601e-04
1.000000000000000000e+00 -1.554001554001554000e-05
2.000000000000000000e+00 2.369852369852369850e-04
3.000000000000000000e+00 -8.624708624708624701e-04
4.000000000000000000e+00 -7.614607614607614601e-04
5.000000000000000000e+00 -7.925407925407925401e-04
6.000000000000000000e+00 -2.874902874902874900e-04
7.000000000000000000e+00 -4.972804972804972801e-04
8.000000000000000000e+00 -8.430458430458430451e-04
9.000000000000000000e+00 -3.496503496503496500e-04
1.000000000000000000e+01 1.522921522921522920e-03
1.100000000000000000e+01 2.571872571872571654e-03
1.200000000000000000e+01 -1.048951048951048950e-04
1.300000000000000000e+01 -8.935508935508935501e-04
1.000000000000000000e+00 -6.565656565656565651e-04
2.000000000000000000e+00 -4.878454878454878451e-04
3.000000000000000000e+00 -3.868353868353868351e-04
4.000000000000000000e+00 -7.042957042957042951e-04
5.000000000000000000e+00 -1.565101565101565100e-04
6.000000000000000000e+00 2.352092352092351873e-03
7.000000000000000000e+00 -7.209457209457209451e-04
8.000000000000000000e+00 -7.209457209457209451e-04
9.000000000000000000e+00 1.880341880341880340e-03
1.000000000000000000e+01 1.450771450771450770e-03
1.100000000000000000e+01 8.641358641358641351e-04
1.200000000000000000e+01 1.091686091686091577e-03
1.300000000000000000e+01 -7.209457209457209451e-04
1.000000000000000000e+00 1.665001665001665000e-05
2.000000000000000000e+00 1.443001443001443000e-05
3.000000000000000000e+00 -6.227106227106227101e-04
4.000000000000000000e+00 -5.217005217005217001e-04
5.000000000000000000e+00 -5.916305916305916301e-04
6.000000000000000000e+00 2.549672549672549453e-03
7.000000000000000000e+00 -5.699855699855699851e-04
8.000000000000000000e+00 -5.217005217005217001e-04
9.000000000000000000e+00 1.673937173937173686e-02
1.000000000000000000e+01 6.399156399156399151e-04
1.100000000000000000e+01 3.386613386613386394e-03
1.200000000000000000e+01 -2.109002109002109000e-04
1.300000000000000000e+01 -6.227106227106227101e-04
1.000000000000000000e+00 -1.767676767676767567e-03
2.000000000000000000e+00 -1.818181818181818180e-03
3.000000000000000000e+00 -1.282051282051282050e-03
4.000000000000000000e+00 -1.402486402486402377e-03
5.000000000000000000e+00 -1.414141414141414140e-03
6.000000000000000000e+00 3.313908313908313797e-03
7.000000000000000000e+00 -1.818181818181818180e-03
8.000000000000000000e+00 -1.383061383061383060e-03
9.000000000000000000e+00 8.585858585858585851e-04
1.000000000000000000e+01 -1.616161616161616160e-03
1.100000000000000000e+01 -1.787101787101787100e-03
1.200000000000000000e+01 -1.111111111111111110e-03
1.300000000000000000e+01 -1.818181818181818180e-03
1.000000000000000000e+00 7.770007770007770001e-05
2.000000000000000000e+00 1.085581085581085580e-03
3.000000000000000000e+00 -4.878454878454878451e-04
4.000000000000000000e+00 -5.072705072705072701e-04
5.000000000000000000e+00 -8.918858918858918851e-04
6.000000000000000000e+00 2.357087357087356977e-03
7.000000000000000000e+00 -8.918858918858918851e-04
8.000000000000000000e+00 -4.062604062604062601e-04
9.000000000000000000e+00 1.703296703296703187e-03
1.000000000000000000e+01 -9.324009324009324001e-05
1.100000000000000000e+01 7.770007770007770001e-06
1.200000000000000000e+01 2.331002331002331000e-03
1.300000000000000000e+01 -8.918858918858918851e-04
1.000000000000000000e+00 -8.896658896658896651e-04
2.000000000000000000e+00 -8.896658896658896651e-04
3.000000000000000000e+00 -8.896658896658896651e-04
4.000000000000000000e+00 -3.030303030303030300e-04
5.000000000000000000e+00 -7.498057498057498051e-04
6.000000000000000000e+00 1.709401709401709400e-03
7.000000000000000000e+00 -8.896658896658896651e-04
8.000000000000000000e+00 -8.896658896658896651e-04
9.000000000000000000e+00 1.836441336441336364e-02
1.000000000000000000e+01 -1.320901320901320900e-04
1.100000000000000000e+01 3.341103341103341100e-03
1.200000000000000000e+01 1.655011655011655010e-03
1.300000000000000000e+01 -8.896658896658896651e-04
1.000000000000000000e+00 -2.836052836052836050e-04
2.000000000000000000e+00 -6.993006993006993001e-04
3.000000000000000000e+00 -2.952602952602952600e-04
4.000000000000000000e+00 -6.487956487956487951e-04
5.000000000000000000e+00 -3.030303030303030300e-04
6.000000000000000000e+00 1.554001554001554000e-03
7.000000000000000000e+00 -6.993006993006993001e-04
8.000000000000000000e+00 -6.682206682206682201e-04
9.000000000000000000e+00 3.396270396270396202e-02
1.000000000000000000e+01 3.263403263403263400e-04
1.100000000000000000e+01 -2.719502719502719500e-04
1.200000000000000000e+01 1.515151515151515150e-03
1.300000000000000000e+01 -6.993006993006993001e-04
1.000000000000000000e+00 -9.207459207459207451e-04
2.000000000000000000e+00 -9.090909090909090901e-04
3.000000000000000000e+00 -9.090909090909090901e-04
4.000000000000000000e+00 -6.371406371406371401e-04
5.000000000000000000e+00 -2.525252525252525250e-04
6.000000000000000000e+00 1.076146076146076037e-03
7.000000000000000000e+00 -9.906759906759905667e-04
8.000000000000000000e+00 -9.906759906759905667e-04
9.000000000000000000e+00 3.947163947163947161e-03
1.000000000000000000e+01 -7.381507381507381501e-05
1.100000000000000000e+01 -6.682206682206682201e-04
1.200000000000000000e+01 4.926184926184925747e-03
1.300000000000000000e+01 -9.906759906759905667e-04
1.000000000000000000e+00 -8.430458430458430451e-04
2.000000000000000000e+00 7.081807081807081801e-04
3.000000000000000000e+00 -6.943056943056943051e-04
4.000000000000000000e+00 1.182151182151182150e-03
5.000000000000000000e+00 -2.991452991452991450e-04
6.000000000000000000e+00 1.345321345321345320e-03
7.000000000000000000e+00 -7.925407925407925401e-04
8.000000000000000000e+00 -7.498057498057498051e-04
9.000000000000000000e+00 2.719502719502719500e-05
1.000000000000000000e+01 1.165501165501165500e-03
1.100000000000000000e+01 1.371406371406371297e-03
1.200000000000000000e+01 3.885003885003885001e-06
1.300000000000000000e+01 -8.430458430458430451e-04
1.000000000000000000e+00 1.320901320901320900e-04
2.000000000000000000e+00 -5.699855699855699851e-04
3.000000000000000000e+00 -6.709956709956709951e-04
4.000000000000000000e+00 -6.904206904206904201e-04
5.000000000000000000e+00 8.080808080808080801e-04
6.000000000000000000e+00 1.276501276501276500e-03
7.000000000000000000e+00 -3.030303030303030300e-04
8.000000000000000000e+00 -7.070707070707070701e-04
9.000000000000000000e+00 1.613941613941613853e-02
1.000000000000000000e+01 7.092907092907092901e-04
1.100000000000000000e+01 8.802308802308802301e-04
1.200000000000000000e+01 4.662004662004662001e-04
1.300000000000000000e+01 -7.070707070707070701e-04
1.000000000000000000e+00 -6.149406149406149401e-04
2.000000000000000000e+00 -8.868908868908868901e-04
3.000000000000000000e+00 -8.868908868908868901e-04
4.000000000000000000e+00 -4.662004662004662001e-04
5.000000000000000000e+00 9.312909312909312901e-04
6.000000000000000000e+00 -2.442002442002442000e-05
7.000000000000000000e+00 -8.702408702408702401e-04
8.000000000000000000e+00 -1.875901875901875900e-04
9.000000000000000000e+00 -9.324009324009324001e-05
1.000000000000000000e+01 -6.993006993006993001e-05
1.100000000000000000e+01 1.950271950271950270e-03
1.200000000000000000e+01 1.465201465201465200e-04
1.300000000000000000e+01 -8.868908868908868901e-04
1.000000000000000000e+00 3.185703185703185700e-04
2.000000000000000000e+00 -9.634809634809634801e-04
3.000000000000000000e+00 -1.196581196581196580e-03
4.000000000000000000e+00 -1.196581196581196580e-03
5.000000000000000000e+00 -8.935508935508935501e-04
6.000000000000000000e+00 3.326673326673326454e-03
7.000000000000000000e+00 -9.468309468309468301e-04
8.000000000000000000e+00 -1.095571095571095570e-03
9.000000000000000000e+00 4.957264957264956827e-03
1.000000000000000000e+01 -9.079809079809079801e-04
1.100000000000000000e+01 -1.126651126651126650e-03
1.200000000000000000e+01 9.435009435009435001e-05
1.300000000000000000e+01 -1.196581196581196580e-03
1.000000000000000000e+00 -4.933954933954933951e-04
2.000000000000000000e+00 -6.643356643356643351e-04
3.000000000000000000e+00 -6.643356643356643351e-04
4.000000000000000000e+00 -7.270507270507270501e-05
5.000000000000000000e+00 -5.322455322455322451e-04
6.000000000000000000e+00 1.928071928071928070e-03
7.000000000000000000e+00 -6.332556332556332551e-04
8.000000000000000000e+00 1.539571539571539570e-03
9.000000000000000000e+00 1.682983682983682852e-02
1.000000000000000000e+01 -2.292152292152292150e-04
1.100000000000000000e+01 2.833277833277832950e-03
1.200000000000000000e+01 9.373959373959373951e-04
1.300000000000000000e+01 -6.643356643356643351e-04
1.000000000000000000e+00 -1.380286380286380177e-03
2.000000000000000000e+00 -1.663891663891663890e-03
3.000000000000000000e+00 -1.784326784326784217e-03
4.000000000000000000e+00 -1.714396714396714287e-03
5.000000000000000000e+00 -1.784326784326784217e-03
6.000000000000000000e+00 -1.262626262626262517e-03
7.000000000000000000e+00 -1.748251748251748250e-03
8.000000000000000000e+00 -1.784326784326784217e-03
9.000000000000000000e+00 3.071872571872571664e-02
1.000000000000000000e+01 -9.207459207459207451e-04
1.100000000000000000e+01 6.593406593406593401e-04
1.200000000000000000e+01 -7.886557886557886551e-04
1.300000000000000000e+01 -1.784326784326784217e-03
1.000000000000000000e+00 -1.678321678321678320e-03
2.000000000000000000e+00 -1.950271950271950270e-03
3.000000000000000000e+00 -1.683316683316683207e-03
4.000000000000000000e+00 -1.963036963036962710e-03
5.000000000000000000e+00 -1.149961149961149960e-03
6.000000000000000000e+00 -1.885336885336885227e-03
7.000000000000000000e+00 -2.025197025197024870e-03
8.000000000000000000e+00 -1.337551337551337550e-03
9.000000000000000000e+00 -1.578421578421578420e-03
1.000000000000000000e+01 1.844266844266844157e-03
1.100000000000000000e+01 -6.254856254856254851e-04
1.200000000000000000e+01 -1.953601953601953600e-04
1.300000000000000000e+01 -2.025197025197024870e-03
1.000000000000000000e+00 -7.653457653457653451e-04
2.000000000000000000e+00 -6.643356643356643351e-04
3.000000000000000000e+00 1.122766122766122657e-03
4.000000000000000000e+00 -4.933954933954933951e-04
5.000000000000000000e+00 -6.904206904206904201e-04
6.000000000000000000e+00 3.069153069153069150e-04
7.000000000000000000e+00 -7.653457653457653451e-04
8.000000000000000000e+00 -3.418803418803418800e-04
9.000000000000000000e+00 1.955433455433455356e-02
1.000000000000000000e+01 -5.328005328005328001e-05
1.100000000000000000e+01 2.914862914862914860e-03
1.200000000000000000e+01 1.165501165501165500e-03
1.300000000000000000e+01 -7.653457653457653451e-04
1.000000000000000000e+00 -1.728826728826728717e-03
2.000000000000000000e+00 1.029526029526029417e-03
3.000000000000000000e+00 -2.031857031857031530e-03
4.000000000000000000e+00 -1.891996891996891887e-03
5.000000000000000000e+00 -1.526806526806526697e-03
6.000000000000000000e+00 1.705516705516705407e-03
7.000000000000000000e+00 -1.810411810411810410e-03
8.000000000000000000e+00 -2.000777000777000450e-03
9.000000000000000000e+00 -1.192696192696192587e-03
1.000000000000000000e+01 1.693861693861693860e-03
1.100000000000000000e+01 7.770007770007770001e-05
1.200000000000000000e+01 -9.595959595959595951e-04
1.300000000000000000e+01 -2.031857031857031530e-03
1.000000000000000000e+00 -5.205905205905205901e-04
2.000000000000000000e+00 -2.167832167832167613e-03
3.000000000000000000e+00 -9.712509712509712501e-05
4.000000000000000000e+00 -1.763791763791763790e-03
5.000000000000000000e+00 -1.965811965811965593e-03
6.000000000000000000e+00 1.437451437451437450e-04
7.000000000000000000e+00 -2.167832167832167613e-03
8.000000000000000000e+00 -1.390831390831390830e-03
9.000000000000000000e+00 1.348873348873348872e-02
1.000000000000000000e+01 -6.526806526806526801e-04
1.100000000000000000e+01 1.367521367521367520e-03
1.200000000000000000e+01 -1.915306915306915197e-03
1.300000000000000000e+01 -2.167832167832167613e-03
1.000000000000000000e+00 -5.799755799755799751e-04
2.000000000000000000e+00 -3.779553779553779551e-04
3.000000000000000000e+00 3.385503385503385500e-05
4.000000000000000000e+00 -3.468753468753468750e-04
5.000000000000000000e+00 -4.995004995004995001e-06
6.000000000000000000e+00 -1.942501942501942500e-05
7.000000000000000000e+00 -6.615606615606615601e-04
8.000000000000000000e+00 -5.799755799755799751e-04
9.000000000000000000e+00 3.398268398268398157e-03
1.000000000000000000e+01 2.525252525252525250e-04
1.100000000000000000e+01 1.495726495726495617e-03
1.200000000000000000e+01 2.878787878787878677e-03
1.300000000000000000e+01 -6.809856809856809851e-04
1.000000000000000000e+00 -5.050505050505050501e-04
2.000000000000000000e+00 1.341436341436341327e-03
3.000000000000000000e+00 -5.944055944055944051e-04
4.000000000000000000e+00 -5.633255633255633251e-04
5.000000000000000000e+00 -6.993006993006993001e-05
6.000000000000000000e+00 2.312687312687312577e-03
7.000000000000000000e+00 -2.913752913752913750e-04
8.000000000000000000e+00 2.878787878787878677e-03
9.000000000000000000e+00 9.046509046509046501e-05
1.000000000000000000e+01 -4.118104118104118101e-04
1.100000000000000000e+01 3.027528027528027417e-03
1.200000000000000000e+01 4.156954156954156951e-04
1.300000000000000000e+01 -5.944055944055944051e-04
1.000000000000000000e+00 -2.956487956487956377e-03
2.000000000000000000e+00 -2.905982905982905980e-03
3.000000000000000000e+00 -8.391608391608391601e-04
4.000000000000000000e+00 -2.937062937062937060e-03
5.000000000000000000e+00 -2.198912198912198693e-03
6.000000000000000000e+00 3.624708624708624597e-03
7.000000000000000000e+00 -3.006993006993006774e-03
8.000000000000000000e+00 -2.855477855477855150e-03
9.000000000000000000e+00 1.292152292152291999e-02
1.000000000000000000e+01 -3.006993006993006774e-03
1.100000000000000000e+01 -2.735042735042735040e-03
1.200000000000000000e+01 -2.552447552447552337e-03
1.300000000000000000e+01 -3.006993006993006774e-03
1.000000000000000000e+00 -3.757353757353757350e-04
2.000000000000000000e+00 -5.244755244755244751e-04
3.000000000000000000e+00 1.699966699966699857e-03
4.000000000000000000e+00 1.279276279276279167e-03
5.000000000000000000e+00 -5.244755244755244751e-04
6.000000000000000000e+00 5.285825285825285387e-03
7.000000000000000000e+00 -4.040404040404040401e-04
8.000000000000000000e+00 -4.739704739704739701e-04
9.000000000000000000e+00 1.798756798756798647e-03
1.000000000000000000e+01 -5.244755244755244751e-04
1.100000000000000000e+01 -4.018204018204018201e-04
1.200000000000000000e+01 -6.993006993006993001e-05
1.300000000000000000e+01 -5.244755244755244751e-04
1.000000000000000000e+00 -5.777555777555777551e-04
2.000000000000000000e+00 -1.729936729936729827e-03
3.000000000000000000e+00 -1.713286713286713177e-03
4.000000000000000000e+00 -1.304251304251304250e-03
5.000000000000000000e+00 -1.628926628926628817e-03
6.000000000000000000e+00 1.257631257631257630e-03
7.000000000000000000e+00 -1.729936729936729827e-03
8.000000000000000000e+00 -1.710511710511710510e-03
9.000000000000000000e+00 -9.645909645909645901e-04
1.000000000000000000e+01 -2.553002553002553000e-04
1.100000000000000000e+01 6.304806304806304801e-04
1.200000000000000000e+01 -2.747252747252747250e-04
1.300000000000000000e+01 -1.729936729936729827e-03
1.000000000000000000e+00 -1.665001665001665000e-05
2.000000000000000000e+00 -1.825951825951825950e-04
3.000000000000000000e+00 1.591741591741591740e-03
4.000000000000000000e+00 -5.838605838605838601e-04
5.000000000000000000e+00 -5.916305916305916301e-04
6.000000000000000000e+00 3.468198468198467870e-03
7.000000000000000000e+00 -3.080253080253080250e-04
8.000000000000000000e+00 -2.525252525252525250e-04
9.000000000000000000e+00 1.561272061272061216e-02
1.000000000000000000e+01 1.204351204351204350e-04
1.100000000000000000e+01 -2.380952380952380950e-04
1.200000000000000000e+01 4.856254856254856251e-04
1.300000000000000000e+01 -6.537906537906537901e-04
1.000000000000000000e+00 1.048951048951048950e-03
2.000000000000000000e+00 -8.974358974358974351e-04
3.000000000000000000e+00 -6.254856254856254851e-04
4.000000000000000000e+00 -6.643356643356643351e-04
5.000000000000000000e+00 -5.944055944055944051e-04
6.000000000000000000e+00 1.919191919191919190e-03
7.000000000000000000e+00 -9.285159285159285151e-04
8.000000000000000000e+00 -9.285159285159285151e-04
9.000000000000000000e+00 1.142191142191142190e-03
1.000000000000000000e+01 1.608391608391608390e-03
1.100000000000000000e+01 1.181041181041181040e-03
1.200000000000000000e+01 4.020979020979020650e-03
1.300000000000000000e+01 -9.285159285159285151e-04
1.000000000000000000e+00 -8.830058830058830051e-04
2.000000000000000000e+00 -7.509157509157509151e-04
3.000000000000000000e+00 2.520257520257519930e-03
4.000000000000000000e+00 -8.441558441558441551e-04
5.000000000000000000e+00 -9.140859140859140851e-04
6.000000000000000000e+00 2.178377178377178050e-03
7.000000000000000000e+00 -9.140859140859140851e-04
8.000000000000000000e+00 -7.120657120657120651e-04
9.000000000000000000e+00 2.614607614607614497e-03
1.000000000000000000e+01 -4.090354090354090351e-04
1.100000000000000000e+01 1.899766899766899657e-03
1.200000000000000000e+01 1.192696192696192587e-03
1.300000000000000000e+01 -9.140859140859140851e-04
1.000000000000000000e+00 -1.068376068376068267e-03
2.000000000000000000e+00 -7.148407148407148401e-04
3.000000000000000000e+00 1.103341103341103340e-03
4.000000000000000000e+00 -1.048951048951048950e-03
5.000000000000000000e+00 -7.409257409257409251e-04
6.000000000000000000e+00 1.854256854256854147e-03
7.000000000000000000e+00 -9.168609168609168601e-04
8.000000000000000000e+00 -2.292152292152292150e-04
9.000000000000000000e+00 -7.653457653457653451e-04
1.000000000000000000e+01 6.227106227106227101e-04
1.100000000000000000e+01 2.466977466977466650e-03
1.200000000000000000e+01 2.188367188367188257e-03
1.300000000000000000e+01 -1.068376068376068267e-03
1.000000000000000000e+00 7.420357420357420351e-04
2.000000000000000000e+00 -1.276501276501276500e-05
3.000000000000000000e+00 1.499611499611499610e-03
4.000000000000000000e+00 1.355866355866355757e-03
5.000000000000000000e+00 -2.680652680652680650e-04
6.000000000000000000e+00 1.292596292596292487e-03
7.000000000000000000e+00 -3.857253857253857251e-04
8.000000000000000000e+00 -3.857253857253857251e-04
9.000000000000000000e+00 1.963092463092462950e-02
1.000000000000000000e+01 -1.021201021201021200e-04
1.100000000000000000e+01 -8.269508269508269501e-05
1.200000000000000000e+01 1.432456432456432347e-03
1.300000000000000000e+01 -3.857253857253857251e-04
1.000000000000000000e+00 -1.544011544011544010e-03
2.000000000000000000e+00 -1.430791430791430790e-03
3.000000000000000000e+00 -1.274281274281274280e-03
4.000000000000000000e+00 -1.779331779331779330e-03
5.000000000000000000e+00 -1.197691197691197690e-03
6.000000000000000000e+00 -1.428571428571428570e-03
7.000000000000000000e+00 -1.844266844266844157e-03
8.000000000000000000e+00 -1.644466644466644357e-03
9.000000000000000000e+00 -1.173271173271173270e-03
1.000000000000000000e+01 -1.585081585081585080e-03
1.100000000000000000e+01 4.140304140304140301e-04
1.200000000000000000e+01 -9.546009546009546001e-04
1.300000000000000000e+01 -1.935841935841935840e-03
1.000000000000000000e+00 -2.059052059052059050e-04
2.000000000000000000e+00 -4.079254079254079251e-04
3.000000000000000000e+00 -1.864801864801864800e-04
4.000000000000000000e+00 -4.584304584304584301e-04
5.000000000000000000e+00 -7.614607614607614601e-04
6.000000000000000000e+00 4.118104118104117667e-03
7.000000000000000000e+00 -7.925407925407925401e-04
8.000000000000000000e+00 -5.594405594405594401e-04
9.000000000000000000e+00 -3.379953379953379950e-04
1.000000000000000000e+01 7.031857031857031851e-04
1.100000000000000000e+01 -4.079254079254079251e-04
1.200000000000000000e+01 6.216006216006216001e-04
1.300000000000000000e+01 -7.925407925407925401e-04
1.000000000000000000e+00 -1.320901320901320900e-04
2.000000000000000000e+00 -2.020202020202020200e-03
3.000000000000000000e+00 -1.950271950271950270e-03
4.000000000000000000e+00 -1.849261849261849260e-03
5.000000000000000000e+00 -2.020202020202020200e-03
6.000000000000000000e+00 2.253302253302253300e-03
7.000000000000000000e+00 -2.020202020202020200e-03
8.000000000000000000e+00 -2.020202020202020200e-03
9.000000000000000000e+00 3.113442113442113288e-02
1.000000000000000000e+01 -1.717171717171717170e-03
1.100000000000000000e+01 0.000000000000000000e+00
1.200000000000000000e+01 -7.459207459207459201e-04
1.300000000000000000e+01 -2.020202020202020200e-03
1.000000000000000000e+00 -5.982905982905982901e-04
2.000000000000000000e+00 1.012876012876012767e-03
3.000000000000000000e+00 1.736596736596736487e-03
4.000000000000000000e+00 -5.838605838605838601e-04
5.000000000000000000e+00 -6.227106227106227101e-04
6.000000000000000000e+00 1.012876012876012767e-03
7.000000000000000000e+00 -4.273504273504273501e-04
8.000000000000000000e+00 -1.098901098901098900e-04
9.000000000000000000e+00 3.776223776223776221e-03
1.000000000000000000e+01 -2.253302253302253300e-04
1.100000000000000000e+01 7.770007770007770001e-06
1.200000000000000000e+01 1.176046176046175937e-03
1.300000000000000000e+01 -6.848706848706848701e-04
1.000000000000000000e+00 -2.000777000777000450e-03
2.000000000000000000e+00 -2.303807303807303697e-03
3.000000000000000000e+00 -2.303807303807303697e-03
4.000000000000000000e+00 -2.303807303807303697e-03
5.000000000000000000e+00 -1.464646464646464537e-03
6.000000000000000000e+00 9.790209790209790201e-04
7.000000000000000000e+00 -2.152292152292152073e-03
8.000000000000000000e+00 -2.132867132867132757e-03
9.000000000000000000e+00 2.959984459984459776e-02
1.000000000000000000e+01 -3.651903651903651900e-04
1.100000000000000000e+01 -2.303807303807303697e-03
1.200000000000000000e+01 -1.546231546231546230e-03
1.300000000000000000e+01 -2.303807303807303697e-03
1.000000000000000000e+00 -1.414141414141414140e-03
2.000000000000000000e+00 -3.923853923853923851e-04
3.000000000000000000e+00 1.243201243201243200e-04
4.000000000000000000e+00 -1.655011655011655010e-03
5.000000000000000000e+00 -1.693861693861693860e-03
6.000000000000000000e+00 3.205128205128205017e-03
7.000000000000000000e+00 -1.705516705516705407e-03
8.000000000000000000e+00 -1.724941724941724940e-03
9.000000000000000000e+00 -5.555555555555555551e-04
1.000000000000000000e+01 -1.674436674436674327e-03
1.100000000000000000e+01 -8.041958041958041951e-04
1.200000000000000000e+01 -1.017871017871017870e-03
1.300000000000000000e+01 -1.724941724941724940e-03
1.000000000000000000e+00 1.378066378066377957e-03
2.000000000000000000e+00 -6.421356421356421351e-04
3.000000000000000000e+00 -3.896103896103896101e-04
4.000000000000000000e+00 -3.923853923853923851e-04
5.000000000000000000e+00 -6.421356421356421351e-04
6.000000000000000000e+00 3.609168609168609057e-03
7.000000000000000000e+00 -6.421356421356421351e-04
8.000000000000000000e+00 9.623709623709623701e-04
9.000000000000000000e+00 1.849650349650349551e-02
1.000000000000000000e+01 -2.097902097902097900e-04
1.100000000000000000e+01 -6.110556110556110551e-04
1.200000000000000000e+01 2.059052059052059050e-04
1.300000000000000000e+01 -6.421356421356421351e-04
1.000000000000000000e+00 7.098457098457098451e-04
2.000000000000000000e+00 6.360306360306360301e-04
3.000000000000000000e+00 -8.391608391608391601e-04
4.000000000000000000e+00 -1.709401709401709400e-04
5.000000000000000000e+00 -3.651903651903651900e-04
6.000000000000000000e+00 1.457986457986457877e-03
7.000000000000000000e+00 -4.390054390054390051e-04
8.000000000000000000e+00 -8.053058053058053051e-04
9.000000000000000000e+00 1.710511710511710510e-03
1.000000000000000000e+01 3.656898656898656570e-03
1.100000000000000000e+01 -7.137307137307137301e-04
1.200000000000000000e+01 -5.788655788655788651e-04
1.300000000000000000e+01 -9.063159063159063151e-04
1.000000000000000000e+00 2.253302253302253300e-04
2.000000000000000000e+00 -2.369852369852369850e-04
3.000000000000000000e+00 -6.216006216006216001e-04
4.000000000000000000e+00 -3.574203574203574200e-04
5.000000000000000000e+00 2.649572649572649354e-03
6.000000000000000000e+00 -5.516705516705516701e-04
7.000000000000000000e+00 -1.554001554001554000e-05
8.000000000000000000e+00 -6.216006216006216001e-04
9.000000000000000000e+00 1.759129759129758955e-02
1.000000000000000000e+01 1.134421134421134420e-03
1.100000000000000000e+01 5.827505827505827501e-04
1.200000000000000000e+01 -2.564102564102564100e-04
1.300000000000000000e+01 -6.216006216006216001e-04
1.000000000000000000e+00 -1.918636918636918527e-03
2.000000000000000000e+00 -1.526806526806526697e-03
3.000000000000000000e+00 -1.492951492951492950e-03
4.000000000000000000e+00 -1.580086580086579977e-03
5.000000000000000000e+00 -1.832056832056831947e-03
6.000000000000000000e+00 1.814851814851814850e-04
7.000000000000000000e+00 -1.856476856476856367e-03
8.000000000000000000e+00 -1.829281829281829280e-03
9.000000000000000000e+00 -7.359307359307359301e-04
1.000000000000000000e+01 4.256854256854256851e-04
1.100000000000000000e+01 -1.411366411366411257e-03
1.200000000000000000e+01 2.097902097902097900e-04
1.300000000000000000e+01 -1.918636918636918527e-03
1.000000000000000000e+00 7.148407148407148401e-04
2.000000000000000000e+00 -5.683205683205683201e-04
3.000000000000000000e+00 -5.994005994005994001e-04
4.000000000000000000e+00 -1.592851592851592850e-04
5.000000000000000000e+00 6.671106671106671101e-04
6.000000000000000000e+00 3.069153069153069150e-04
7.000000000000000000e+00 -5.994005994005994001e-04
8.000000000000000000e+00 -5.488955488955488951e-04
9.000000000000000000e+00 3.329448329448329337e-03
1.000000000000000000e+01 4.273504273504273501e-04
1.100000000000000000e+01 -2.769452769452769450e-04
1.200000000000000000e+01 2.874902874902874900e-04
1.300000000000000000e+01 -5.994005994005994001e-04
1.000000000000000000e+00 -9.013209013209013201e-04
2.000000000000000000e+00 -1.274281274281274280e-03
3.000000000000000000e+00 -1.274281274281274280e-03
4.000000000000000000e+00 -9.013209013209013201e-04
5.000000000000000000e+00 1.414141414141414140e-03
6.000000000000000000e+00 -1.173271173271173270e-03
7.000000000000000000e+00 -1.274281274281274280e-03
8.000000000000000000e+00 -9.712509712509712501e-04
9.000000000000000000e+00 1.484071484071484070e-03
1.000000000000000000e+01 3.644133644133643914e-03
1.100000000000000000e+01 3.372183372183372180e-03
1.200000000000000000e+01 -4.972804972804972801e-04
1.300000000000000000e+01 -1.274281274281274280e-03
1.000000000000000000e+00 -8.780108780108780101e-04
2.000000000000000000e+00 -8.974358974358974351e-04
3.000000000000000000e+00 -1.212121212121212120e-03
4.000000000000000000e+00 -9.518259518259518251e-04
5.000000000000000000e+00 -1.052836052836052727e-03
6.000000000000000000e+00 1.507381507381507380e-03
7.000000000000000000e+00 -1.212121212121212120e-03
8.000000000000000000e+00 -1.142191142191142190e-03
9.000000000000000000e+00 5.990675990675990020e-03
1.000000000000000000e+01 -4.467754467754467751e-04
1.100000000000000000e+01 1.204351204351204350e-03
1.200000000000000000e+01 -1.122766122766122657e-03
1.300000000000000000e+01 -1.212121212121212120e-03
1.000000000000000000e+00 -9.140859140859140851e-04
2.000000000000000000e+00 -1.041181041181041180e-03
3.000000000000000000e+00 -1.057831057831057830e-03
4.000000000000000000e+00 -8.974358974358974351e-04
5.000000000000000000e+00 -7.437007437007437001e-04
6.000000000000000000e+00 1.525141525141525140e-03
7.000000000000000000e+00 -1.147186147186147077e-03
8.000000000000000000e+00 -1.096681096681096680e-03
9.000000000000000000e+00 1.323676323676323567e-03
1.000000000000000000e+01 -7.242757242757242751e-04
1.100000000000000000e+01 8.297258297258297251e-04
1.200000000000000000e+01 1.416916416916416807e-03
1.300000000000000000e+01 -1.147186147186147077e-03
1.000000000000000000e+00 -2.804972804972804754e-03
2.000000000000000000e+00 -3.119658119658119330e-03
3.000000000000000000e+00 -2.816627816627816517e-03
4.000000000000000000e+00 -2.715617715617715290e-03
5.000000000000000000e+00 -2.482517482517482190e-03
6.000000000000000000e+00 4.180264180264179827e-03
7.000000000000000000e+00 -3.049728049728049617e-03
8.000000000000000000e+00 -2.816627816627816517e-03
9.000000000000000000e+00 1.470862470862470753e-02
1.000000000000000000e+01 -1.301476301476301367e-03
1.100000000000000000e+01 -2.614607614607614497e-03
1.200000000000000000e+01 -1.818181818181818180e-03
1.300000000000000000e+01 -3.119658119658119330e-03
1.000000000000000000e+00 -8.818958818958818951e-04
2.000000000000000000e+00 -7.886557886557886551e-04
3.000000000000000000e+00 -1.134421134421134420e-03
4.000000000000000000e+00 -9.829059829059827967e-04
5.000000000000000000e+00 -1.083916083916083807e-03
6.000000000000000000e+00 5.310800310800310037e-03
7.000000000000000000e+00 -1.134421134421134420e-03
8.000000000000000000e+00 -1.134421134421134420e-03
9.000000000000000000e+00 4.817404817404817401e-04
1.000000000000000000e+01 2.909867909867909757e-03
1.100000000000000000e+01 1.351981351981351980e-03
1.200000000000000000e+01 -9.324009324009324001e-05
1.300000000000000000e+01 -1.134421134421134420e-03
1.000000000000000000e+00 -4.234654234654234651e-04
2.000000000000000000e+00 -6.565656565656565651e-04
3.000000000000000000e+00 8.896658896658896651e-04
4.000000000000000000e+00 -6.254856254856254851e-04
5.000000000000000000e+00 -5.749805749805749801e-04
6.000000000000000000e+00 1.736596736596736487e-03
7.000000000000000000e+00 -7.575757575757575751e-04
8.000000000000000000e+00 -7.264957264957264951e-04
9.000000000000000000e+00 2.665112665112664894e-03
1.000000000000000000e+01 -2.214452214452214450e-04
1.100000000000000000e+01 1.880341880341880340e-03
1.200000000000000000e+01 1.371406371406371297e-03
1.300000000000000000e+01 -7.575757575757575751e-04
