1.000000000000000000e+00 6.699966699966699094e-03
2.000000000000000000e+00 -1.451187701187701051e-03
3.000000000000000000e+00 -1.299672549672549644e-03
4.000000000000000000e+00 -1.451187701187701051e-03
5.000000000000000000e+00 -1.451187701187701051e-03
6.000000000000000000e+00 -1.451187701187701051e-03
7.000000000000000000e+00 -1.072399822399822209e-03
8.000000000000000000e+00 -1.451187701187701051e-03
9.000000000000000000e+00 -1.451187701187701051e-03
1.000000000000000000e+01 -1.451187701187701051e-03
1.100000000000000000e+01 -1.451187701187701051e-03
1.200000000000000000e+01 4.793401043401043261e-03
1.300000000000000000e+01 -6.936119436119435842e-04
1.000000000000000000e+00 2.952232952232951724e-03
2.000000000000000000e+00 -2.124486624486624387e-03
3.000000000000000000e+00 -1.956136456136455676e-03
4.000000000000000000e+00 -1.508806008806008779e-03
5.000000000000000000e+00 -2.057146557146556903e-03
6.000000000000000000e+00 9.226514226514226759e-04
7.000000000000000000e+00 7.463055463055462586e-03
8.000000000000000000e+00 -2.158156658156657696e-03
9.000000000000000000e+00 -2.158156658156657696e-03
1.000000000000000000e+01 1.608077108077108101e-03
1.100000000000000000e+01 -2.057146557146556903e-03
1.200000000000000000e+01 -1.880378880378880298e-03
1.300000000000000000e+01 -2.132904132904132714e-03
1.000000000000000000e+00 -1.929181929181928963e-03
2.000000000000000000e+00 -2.170884670884670395e-03
3.000000000000000000e+00 -2.223794723794723666e-03
4.000000000000000000e+00 2.978225478225478024e-03
5.000000000000000000e+00 -1.651404151404151132e-03
6.000000000000000000e+00 -2.877677877677875507e-04
7.000000000000000000e+00 -1.499888999888999725e-03
8.000000000000000000e+00 -2.232212232212231993e-03
9.000000000000000000e+00 -2.257464757464756975e-03
1.000000000000000000e+01 1.471491471491471201e-03
1.100000000000000000e+01 -2.257464757464756975e-03
1.200000000000000000e+01 8.059995559995558959e-03
1.300000000000000000e+01 -1.380841380841380623e-03
1.000000000000000000e+00 -1.775761275761275626e-03
2.000000000000000000e+00 -2.440744440744440410e-03
3.000000000000000000e+00 -2.491249491249490806e-03
4.000000000000000000e+00 -2.339734339734339617e-03
5.000000000000000000e+00 -2.193269693269692816e-03
6.000000000000000000e+00 -2.440744440744440410e-03
7.000000000000000000e+00 4.128519628519627602e-03
8.000000000000000000e+00 -2.465996965996965825e-03
9.000000000000000000e+00 -1.902023902023901834e-03
1.000000000000000000e+01 2.270655270655270227e-03
1.100000000000000000e+01 -2.415491915491914995e-03
1.200000000000000000e+01 1.380804380804380883e-03
1.300000000000000000e+01 6.832944832944832549e-03
1.000000000000000000e+00 1.036694786694786468e-03
2.000000000000000000e+00 2.836839086839086557e-03
3.000000000000000000e+00 -2.101833351833351515e-03
4.000000000000000000e+00 -2.068163318163317773e-03
5.000000000000000000e+00 -2.101833351833351515e-03
6.000000000000000000e+00 -2.000823250823250722e-03
7.000000000000000000e+00 -1.369510119510119247e-03
8.000000000000000000e+00 -2.101833351833351515e-03
9.000000000000000000e+00 -2.068163318163317773e-03
1.000000000000000000e+01 -1.672540422540422277e-03
1.100000000000000000e+01 3.200503200503207051e-05
1.200000000000000000e+01 -1.268500018500018454e-03
1.300000000000000000e+01 7.468873718873718370e-03
1.000000000000000000e+00 3.454924704924704822e-03
2.000000000000000000e+00 -1.388148888148888057e-03
3.000000000000000000e+00 -1.388148888148888057e-03
4.000000000000000000e+00 -1.236633736633736434e-03
5.000000000000000000e+00 -7.315832315832314922e-04
6.000000000000000000e+00 -1.388148888148888057e-03
7.000000000000000000e+00 1.499056499056498947e-03
8.000000000000000000e+00 -1.388148888148888057e-03
9.000000000000000000e+00 -1.388148888148888057e-03
1.000000000000000000e+01 -8.830983830983830073e-04
1.100000000000000000e+01 -1.236633736633736434e-03
1.200000000000000000e+01 1.440133940133940006e-03
1.300000000000000000e+01 7.961945461945461487e-04
1.000000000000000000e+00 6.324323824323822493e-04
2.000000000000000000e+00 -3.273291523291523182e-03
3.000000000000000000e+00 -3.155446405446405301e-03
4.000000000000000000e+00 -3.155446405446405301e-03
5.000000000000000000e+00 -3.256456506456506094e-03
6.000000000000000000e+00 -2.524133274133273826e-03
7.000000000000000000e+00 1.105811780811780630e-02
8.000000000000000000e+00 -3.306961556961556491e-03
9.000000000000000000e+00 -3.306961556961556491e-03
1.000000000000000000e+01 1.062317312317312239e-02
1.100000000000000000e+01 -2.928173678173677866e-03
1.200000000000000000e+01 -3.155446405446405301e-03
1.300000000000000000e+01 -1.892820142820142567e-03
1.000000000000000000e+00 -2.198190698190698004e-03
2.000000000000000000e+00 3.525715025715025607e-03
3.000000000000000000e+00 -2.534891034891034560e-03
4.000000000000000000e+00 -2.534891034891034560e-03
5.000000000000000000e+00 -2.501221001221000818e-03
6.000000000000000000e+00 -2.509638509638509145e-03
7.000000000000000000e+00 2.832954082954082780e-03
8.000000000000000000e+00 -2.332870832870832540e-03
9.000000000000000000e+00 -2.534891034891034560e-03
1.000000000000000000e+01 7.089928589928589167e-03
1.100000000000000000e+01 -2.282365782365782143e-03
1.200000000000000000e+01 6.036371036371035318e-04
1.300000000000000000e+01 -9.944869944869942115e-04
1.000000000000000000e+00 -2.079087579087578967e-03
2.000000000000000000e+00 -2.604340104340103958e-03
3.000000000000000000e+00 -2.786158286158285820e-03
4.000000000000000000e+00 -2.634643134643134196e-03
5.000000000000000000e+00 -1.927572427572427343e-03
6.000000000000000000e+00 -2.685148185148185027e-03
7.000000000000000000e+00 1.152841602841602614e-02
8.000000000000000000e+00 -2.786158286158285820e-03
9.000000000000000000e+00 -2.786158286158285820e-03
1.000000000000000000e+01 5.745587745587745106e-03
1.100000000000000000e+01 -2.710400710400710008e-03
1.200000000000000000e+01 -2.760905760905760405e-03
1.300000000000000000e+01 1.607781107781107791e-03
1.000000000000000000e+00 8.707252343615978730e-04
2.000000000000000000e+00 -2.018163654527290775e-03
3.000000000000000000e+00 -1.984493620857257033e-03
4.000000000000000000e+00 -1.942406078769714963e-03
5.000000000000000000e+00 -1.967658604022239945e-03
6.000000000000000000e+00 -2.043416179779815756e-03
7.000000000000000000e+00 3.678084541720904981e-03
8.000000000000000000e+00 -2.043416179779815756e-03
9.000000000000000000e+00 -1.492451992451992223e-03
1.000000000000000000e+01 2.758892622528985594e-03
1.100000000000000000e+01 -1.673045809409445675e-03
1.200000000000000000e+01 -1.269005405369041635e-03
1.300000000000000000e+01 3.394294257930621263e-03
1.000000000000000000e+00 -2.362082362082362080e-03
2.000000000000000000e+00 -2.841880341880341498e-03
3.000000000000000000e+00 -2.841880341880341498e-03
4.000000000000000000e+00 -2.841880341880341498e-03
5.000000000000000000e+00 -2.589355089355089082e-03
6.000000000000000000e+00 -2.740870240870240705e-03
7.000000000000000000e+00 3.824786324786324295e-03
8.000000000000000000e+00 -2.841880341880341498e-03
9.000000000000000000e+00 -2.841880341880341498e-03
1.000000000000000000e+01 1.114801864801864828e-02
1.100000000000000000e+01 -2.538850038850038685e-03
1.200000000000000000e+01 6.934731934731933100e-04
1.300000000000000000e+01 2.738927738927738817e-03
1.000000000000000000e+00 -2.549154549154548748e-03
2.000000000000000000e+00 -2.700669700669700371e-03
3.000000000000000000e+00 -2.852184852184851994e-03
4.000000000000000000e+00 -2.044104044104043914e-03
5.000000000000000000e+00 -2.852184852184851994e-03
6.000000000000000000e+00 -2.751174751174750768e-03
7.000000000000000000e+00 3.776603026603026544e-03
8.000000000000000000e+00 -2.852184852184851994e-03
9.000000000000000000e+00 -2.801679801679801598e-03
1.000000000000000000e+01 5.823861323861323665e-03
1.100000000000000000e+01 -1.089558589558589467e-03
1.200000000000000000e+01 -2.818514818514818252e-03
1.300000000000000000e+01 9.357411107411105558e-03
1.000000000000000000e+00 1.352221852221852354e-03
2.000000000000000000e+00 -2.334646834646834403e-03
3.000000000000000000e+00 -2.460909460909460611e-03
4.000000000000000000e+00 -2.157879157879157798e-03
5.000000000000000000e+00 -2.425555925555925117e-03
6.000000000000000000e+00 -2.073704073704073225e-03
7.000000000000000000e+00 -1.678081178081177946e-03
8.000000000000000000e+00 -2.486161986161986026e-03
9.000000000000000000e+00 -2.486161986161986026e-03
1.000000000000000000e+01 5.262755762755762234e-03
1.100000000000000000e+01 -1.173030673030672896e-03
1.200000000000000000e+01 -2.400303400303400135e-03
1.300000000000000000e+01 8.430143930143928210e-03
1.000000000000000000e+00 2.617752617752624640e-05
2.000000000000000000e+00 -2.057155807155806784e-03
3.000000000000000000e+00 -2.006650756650756387e-03
4.000000000000000000e+00 -1.540080290080289961e-03
5.000000000000000000e+00 -1.829883079883079782e-03
6.000000000000000000e+00 -1.047054797054796900e-03
7.000000000000000000e+00 8.973896473896472714e-04
8.000000000000000000e+00 -1.956145706145705990e-03
9.000000000000000000e+00 -1.451095201095200940e-03
1.000000000000000000e+01 5.653281903281902852e-03
1.100000000000000000e+01 3.237965737965737330e-04
1.200000000000000000e+01 -1.299580049580049317e-03
1.300000000000000000e+01 7.783420283420282781e-04
1.000000000000000000e+00 1.619861619861619716e-03
2.000000000000000000e+00 -1.552336552336552227e-03
3.000000000000000000e+00 -1.535501535501535356e-03
4.000000000000000000e+00 -1.535501535501535356e-03
5.000000000000000000e+00 -1.534299034299034135e-03
6.000000000000000000e+00 -1.552336552336552227e-03
7.000000000000000000e+00 1.907259407259407095e-03
8.000000000000000000e+00 -1.552336552336552227e-03
9.000000000000000000e+00 -1.552336552336552227e-03
1.000000000000000000e+01 1.243478743478743315e-03
1.100000000000000000e+01 -1.465756465756465647e-03
1.200000000000000000e+01 1.528471528471528253e-03
1.300000000000000000e+01 2.286047286047285937e-03
1.000000000000000000e+00 1.710511710511710293e-03
2.000000000000000000e+00 -2.770007770007769897e-03
3.000000000000000000e+00 -3.202908202908202797e-03
4.000000000000000000e+00 -3.202908202908202797e-03
5.000000000000000000e+00 -2.950382950382949947e-03
6.000000000000000000e+00 2.352647352647352103e-03
7.000000000000000000e+00 -1.005938505938505775e-03
8.000000000000000000e+00 -3.135568135568135312e-03
9.000000000000000000e+00 -2.866207866207865808e-03
1.000000000000000000e+01 -2.470584970584970095e-03
1.100000000000000000e+01 3.274364524364524118e-03
1.200000000000000000e+01 -1.864524364524364469e-03
1.300000000000000000e+01 8.754162504162502773e-03
1.000000000000000000e+00 -2.063482813482813392e-03
2.000000000000000000e+00 -2.417018167018166602e-03
3.000000000000000000e+00 -2.265503015503015413e-03
4.000000000000000000e+00 -2.417018167018166602e-03
5.000000000000000000e+00 -2.417018167018166602e-03
6.000000000000000000e+00 -2.316008066008065809e-03
7.000000000000000000e+00 7.014800014800014367e-03
8.000000000000000000e+00 -2.146455396455396094e-03
9.000000000000000000e+00 -2.417018167018166602e-03
1.000000000000000000e+01 6.809172309172308035e-03
1.100000000000000000e+01 -2.220048470048469839e-03
1.200000000000000000e+01 -2.366513116513116206e-03
1.300000000000000000e+01 4.019970769970768881e-03
1.000000000000000000e+00 1.115375365375365427e-03
2.000000000000000000e+00 -2.167452917452917290e-03
3.000000000000000000e+00 -2.217957967957967687e-03
4.000000000000000000e+00 -2.217957967957967687e-03
5.000000000000000000e+00 -1.965432715432715270e-03
6.000000000000000000e+00 -2.157351907351907211e-03
7.000000000000000000e+00 2.399544899544898350e-04
8.000000000000000000e+00 -2.066442816442816063e-03
9.000000000000000000e+00 -1.644364894364894365e-03
1.000000000000000000e+01 8.804769304769304028e-03
1.100000000000000000e+01 -1.785057535057535004e-03
1.200000000000000000e+01 1.849382099382099014e-03
1.300000000000000000e+01 -1.191021941021940932e-03
1.000000000000000000e+00 -1.469086469086468977e-03
2.000000000000000000e+00 -1.822621822621822403e-03
3.000000000000000000e+00 -1.772116772116772007e-03
4.000000000000000000e+00 -1.822621822621822403e-03
5.000000000000000000e+00 -1.671106671106670997e-03
6.000000000000000000e+00 -1.822621822621822403e-03
7.000000000000000000e+00 -1.368076368076367967e-03
8.000000000000000000e+00 -1.065046065046064937e-03
9.000000000000000000e+00 -1.822621822621822403e-03
1.000000000000000000e+01 4.440004440004440001e-03
1.100000000000000000e+01 -1.822621822621822403e-03
1.200000000000000000e+01 1.240148740148739985e-03
1.300000000000000000e+01 7.015762015762014997e-03
1.000000000000000000e+00 2.084397084397083925e-03
2.000000000000000000e+00 -1.785251785251785106e-03
3.000000000000000000e+00 -1.810504310504310304e-03
4.000000000000000000e+00 -1.078181078181078036e-03
5.000000000000000000e+00 -1.532726532726532472e-03
6.000000000000000000e+00 -1.835756835756835502e-03
7.000000000000000000e+00 -1.734746734746734492e-03
8.000000000000000000e+00 -1.835756835756835502e-03
9.000000000000000000e+00 -1.297036297036296927e-03
1.000000000000000000e+01 -1.675824175824175552e-03
1.100000000000000000e+01 2.926147926147925748e-03
1.200000000000000000e+01 5.379805379805380162e-04
1.300000000000000000e+01 4.325859325859325241e-03
1.000000000000000000e+00 -2.495633995633995527e-03
2.000000000000000000e+00 -2.638731638731638390e-03
3.000000000000000000e+00 -2.638731638731638390e-03
4.000000000000000000e+00 -2.638731638731638390e-03
5.000000000000000000e+00 -2.436711436711436370e-03
6.000000000000000000e+00 -2.108428608428608141e-03
7.000000000000000000e+00 -1.540848040848040706e-03
8.000000000000000000e+00 -2.638731638731638390e-03
9.000000000000000000e+00 -2.588226588226587993e-03
1.000000000000000000e+01 1.307675657675657667e-02
1.100000000000000000e+01 -2.386206386206385973e-03
1.200000000000000000e+01 5.474062974062973534e-03
1.300000000000000000e+01 -1.014152514152514119e-03
1.000000000000000000e+00 1.058663558663558608e-03
2.000000000000000000e+00 -2.009518259518259381e-03
3.000000000000000000e+00 -1.959013209013208984e-03
4.000000000000000000e+00 -2.009518259518259381e-03
5.000000000000000000e+00 -1.100427350427350291e-03
6.000000000000000000e+00 -1.605477855477855341e-03
7.000000000000000000e+00 1.727855477855477990e-03
8.000000000000000000e+00 -2.009518259518259381e-03
9.000000000000000000e+00 -1.959013209013208984e-03
1.000000000000000000e+01 -1.403457653457653321e-03
1.100000000000000000e+01 2.157148407148406794e-03
1.200000000000000000e+01 2.232905982905982606e-03
1.300000000000000000e+01 2.258158508158508021e-03
1.000000000000000000e+00 4.234358234358233906e-03
2.000000000000000000e+00 -1.232813482813482691e-03
3.000000000000000000e+00 -1.586348836348836335e-03
4.000000000000000000e+00 -1.586348836348836335e-03
5.000000000000000000e+00 -1.283318533318533305e-03
6.000000000000000000e+00 -1.561096311096310920e-03
7.000000000000000000e+00 8.294760794760793615e-04
8.000000000000000000e+00 -1.586348836348836335e-03
9.000000000000000000e+00 -1.586348836348836335e-03
1.000000000000000000e+01 2.580317830317830057e-03
1.100000000000000000e+01 -1.586348836348836335e-03
1.200000000000000000e+01 1.757085507085506858e-03
1.300000000000000000e+01 -1.077690827690827623e-03
1.000000000000000000e+00 2.935814185814185351e-03
2.000000000000000000e+00 -2.121905871905871606e-03
3.000000000000000000e+00 -2.121905871905871606e-03
4.000000000000000000e+00 1.009407259407259488e-03
5.000000000000000000e+00 -1.970390720390719982e-03
6.000000000000000000e+00 2.639998889998889427e-03
7.000000000000000000e+00 -2.121905871905871606e-03
8.000000000000000000e+00 -2.071400821400821209e-03
9.000000000000000000e+00 -2.020895770895770813e-03
1.000000000000000000e+01 3.812437562437561919e-03
1.100000000000000000e+01 -1.818875568875568793e-03
1.200000000000000000e+01 -1.743117993117992981e-03
1.300000000000000000e+01 3.149628149628150168e-04
1.000000000000000000e+00 -6.054038554038554051e-04
2.000000000000000000e+00 -1.861296111296111130e-03
3.000000000000000000e+00 -2.802854552854552525e-03
4.000000000000000000e+00 -2.820892070892070617e-03
5.000000000000000000e+00 -2.618871868871868597e-03
6.000000000000000000e+00 -2.820892070892070617e-03
7.000000000000000000e+00 2.916601916601916332e-03
8.000000000000000000e+00 -2.719881969881969824e-03
9.000000000000000000e+00 -2.820892070892070617e-03
1.000000000000000000e+01 -2.467356717356716973e-03
1.100000000000000000e+01 -2.770387020387020220e-03
1.200000000000000000e+01 7.132811632811632274e-03
1.300000000000000000e+01 6.547794797794797249e-03
1.000000000000000000e+00 -4.716764716764716182e-04
2.000000000000000000e+00 -2.116698116698116638e-03
3.000000000000000000e+00 -2.116698116698116638e-03
4.000000000000000000e+00 -2.005587005587005332e-03
5.000000000000000000e+00 -1.965182965182965015e-03
6.000000000000000000e+00 3.078107078107077729e-03
7.000000000000000000e+00 8.514615014615013744e-03
8.000000000000000000e+00 -2.116698116698116638e-03
9.000000000000000000e+00 -2.116698116698116638e-03
1.000000000000000000e+01 2.201483701483701160e-03
1.100000000000000000e+01 -2.116698116698116638e-03
1.200000000000000000e+01 -2.007270507270507084e-03
1.300000000000000000e+01 -1.409627409627409568e-03
1.000000000000000000e+00 7.726162726162726048e-04
2.000000000000000000e+00 -2.413410663410663157e-03
3.000000000000000000e+00 -2.455498205498205227e-03
4.000000000000000000e+00 -2.159682909682909303e-03
5.000000000000000000e+00 -2.337653087653087346e-03
6.000000000000000000e+00 -2.455498205498205227e-03
7.000000000000000000e+00 5.793058793058792483e-03
8.000000000000000000e+00 -2.303983053983053603e-03
9.000000000000000000e+00 -2.455498205498205227e-03
1.000000000000000000e+01 5.123626373626372944e-03
1.100000000000000000e+01 -2.455498205498205227e-03
1.200000000000000000e+01 -2.303983053983053603e-03
1.300000000000000000e+01 3.863044363044362741e-03
1.000000000000000000e+00 -1.649461649461649243e-03
2.000000000000000000e+00 -1.952491952491952273e-03
3.000000000000000000e+00 -2.457542457542457107e-03
4.000000000000000000e+00 -2.407037407037406710e-03
5.000000000000000000e+00 -2.053502053502053067e-03
6.000000000000000000e+00 -2.457542457542457107e-03
7.000000000000000000e+00 3.769008769008768463e-03
8.000000000000000000e+00 -2.457542457542457107e-03
9.000000000000000000e+00 -2.407037407037406710e-03
1.000000000000000000e+01 -1.742054242054241926e-03
1.100000000000000000e+01 8.757908757908760070e-04
1.200000000000000000e+01 2.146834646834646417e-03
1.300000000000000000e+01 6.698301698301697971e-03
1.000000000000000000e+00 -1.050403300403300209e-03
2.000000000000000000e+00 -1.782726532726532477e-03
3.000000000000000000e+00 -1.807979057979057893e-03
4.000000000000000000e+00 -1.450836200836200804e-03
5.000000000000000000e+00 -1.126160876160876021e-03
6.000000000000000000e+00 -1.378686128686128654e-03
7.000000000000000000e+00 2.757316757316757155e-03
8.000000000000000000e+00 -1.732221482221482081e-03
9.000000000000000000e+00 -1.883736633736633487e-03
1.000000000000000000e+01 2.535455285455285104e-03
1.100000000000000000e+01 -1.667286417286417037e-03
1.200000000000000000e+01 -1.823130573130573012e-03
1.300000000000000000e+01 5.675185925185924525e-03
1.000000000000000000e+00 -1.848373848373848112e-03
2.000000000000000000e+00 -2.201909201909201756e-03
3.000000000000000000e+00 -2.151404151404150925e-03
4.000000000000000000e+00 -2.201909201909201756e-03
5.000000000000000000e+00 -2.100899100899100529e-03
6.000000000000000000e+00 -1.999888999888999735e-03
7.000000000000000000e+00 1.336811336811336666e-03
8.000000000000000000e+00 -2.201909201909201756e-03
9.000000000000000000e+00 -2.201909201909201756e-03
1.000000000000000000e+01 -1.595848595848595695e-03
1.100000000000000000e+01 8.861138861138859396e-04
1.200000000000000000e+01 1.678562178562178261e-03
1.300000000000000000e+01 9.663170163170161850e-03
1.000000000000000000e+00 1.564787064787064594e-03
2.000000000000000000e+00 -2.298849298849298551e-03
3.000000000000000000e+00 -2.135549635549635096e-03
4.000000000000000000e+00 -2.172586672586672343e-03
5.000000000000000000e+00 -2.273596773596773136e-03
6.000000000000000000e+00 -2.324101824101823966e-03
7.000000000000000000e+00 2.128760128760128802e-03
8.000000000000000000e+00 -2.324101824101823966e-03
9.000000000000000000e+00 -1.674751174751174616e-03
1.000000000000000000e+01 5.083305583305582423e-03
1.100000000000000000e+01 -2.248344248344248154e-03
1.200000000000000000e+01 5.366485366485365107e-04
1.300000000000000000e+01 2.145595145595145456e-03
1.000000000000000000e+00 -2.269138269138268934e-03
2.000000000000000000e+00 -2.294390794390793915e-03
3.000000000000000000e+00 -2.193380693380693122e-03
4.000000000000000000e+00 -1.789340289340289299e-03
5.000000000000000000e+00 -2.276353276353276257e-03
6.000000000000000000e+00 -2.176545676545676468e-03
7.000000000000000000e+00 2.389952639952639801e-03
8.000000000000000000e+00 -2.233784733784733439e-03
9.000000000000000000e+00 -1.738835238835238686e-03
1.000000000000000000e+01 -2.294390794390793915e-03
1.100000000000000000e+01 -1.435804935804935656e-03
1.200000000000000000e+01 2.023791023791023450e-03
1.300000000000000000e+01 1.109786509786509640e-02
1.000000000000000000e+00 -1.056397306397306116e-03
2.000000000000000000e+00 -2.521043771043770653e-03
3.000000000000000000e+00 -2.571548821548821483e-03
4.000000000000000000e+00 3.577441077441077203e-03
5.000000000000000000e+00 -2.293771043771043652e-03
6.000000000000000000e+00 -2.201178451178450752e-03
7.000000000000000000e+00 2.041245791245790801e-03
8.000000000000000000e+00 -2.773569023569023503e-03
9.000000000000000000e+00 -2.773569023569023503e-03
1.000000000000000000e+01 7.908249158249157709e-03
1.100000000000000000e+01 -2.015993265993265820e-03
1.200000000000000000e+01 -2.773569023569023503e-03
1.300000000000000000e+01 5.597643097643099355e-04
1.000000000000000000e+00 1.355933628660901035e-03
2.000000000000000000e+00 -1.757779257779257687e-03
3.000000000000000000e+00 -2.625547852820579991e-03
4.000000000000000000e+00 4.108458881186154155e-03
5.000000000000000000e+00 -2.541372768645495852e-03
6.000000000000000000e+00 -2.625547852820579991e-03
7.000000000000000000e+00 1.381186153913426451e-03
8.000000000000000000e+00 -2.625547852820579991e-03
9.000000000000000000e+00 -1.792214519487246496e-03
1.000000000000000000e+01 -2.086827314100040982e-03
1.100000000000000000e+01 -2.322517549790276744e-03
1.200000000000000000e+01 3.145675872948599052e-04
1.300000000000000000e+01 4.387439160166432123e-03
1.000000000000000000e+00 -1.492202242202242185e-03
2.000000000000000000e+00 -1.214424464424464353e-03
3.000000000000000000e+00 -1.800283050283050254e-03
4.000000000000000000e+00 -1.820485070485070413e-03
5.000000000000000000e+00 -1.542707292707292581e-03
6.000000000000000000e+00 -1.896242646242646225e-03
7.000000000000000000e+00 7.589688089688089237e-03
8.000000000000000000e+00 -1.921495171495171423e-03
9.000000000000000000e+00 -1.769980019980019800e-03
1.000000000000000000e+01 -1.315434565434565363e-03
1.100000000000000000e+01 -1.921495171495171423e-03
1.200000000000000000e+01 -1.896242646242646225e-03
1.300000000000000000e+01 6.613858363858363815e-03
1.000000000000000000e+00 -1.252913752913752642e-03
2.000000000000000000e+00 -2.263014763014762742e-03
3.000000000000000000e+00 -2.263014763014762742e-03
4.000000000000000000e+00 -2.111499611499611118e-03
5.000000000000000000e+00 -2.111499611499611118e-03
6.000000000000000000e+00 -2.263014763014762742e-03
7.000000000000000000e+00 6.777389277389276462e-03
8.000000000000000000e+00 -2.263014763014762742e-03
9.000000000000000000e+00 -2.263014763014762742e-03
1.000000000000000000e+01 4.681429681429680884e-03
1.100000000000000000e+01 -2.263014763014762742e-03
1.200000000000000000e+01 3.595571095571094972e-03
1.300000000000000000e+01 -8.488733488733487100e-04
1.000000000000000000e+00 -1.878214378214378014e-03
2.000000000000000000e+00 -2.938820438820438294e-03
3.000000000000000000e+00 -3.065083065083064936e-03
4.000000000000000000e+00 -6.228031228031227122e-04
5.000000000000000000e+00 -3.065083065083064936e-03
6.000000000000000000e+00 -3.031413031413031194e-03
7.000000000000000000e+00 1.934916934916934735e-03
8.000000000000000000e+00 -3.031413031413031194e-03
9.000000000000000000e+00 -3.065083065083064936e-03
1.000000000000000000e+01 1.773818773818773564e-02
1.100000000000000000e+01 -2.383264883264883064e-03
1.200000000000000000e+01 -2.661042661042660896e-03
1.300000000000000000e+01 -1.751951751951751806e-03
1.000000000000000000e+00 1.948606948606948714e-03
2.000000000000000000e+00 -1.435231435231435013e-03
3.000000000000000000e+00 -1.536241536241536023e-03
4.000000000000000000e+00 -1.536241536241536023e-03
5.000000000000000000e+00 -1.536241536241536023e-03
6.000000000000000000e+00 -1.283716283716283607e-03
7.000000000000000000e+00 1.880064380064379792e-03
8.000000000000000000e+00 -1.536241536241536023e-03
9.000000000000000000e+00 -1.384726384726384617e-03
1.000000000000000000e+01 4.228549228549228003e-03
1.100000000000000000e+01 8.447108447108444933e-04
1.200000000000000000e+01 -1.536241536241536023e-03
1.300000000000000000e+01 -6.271506271506271501e-04
1.000000000000000000e+00 -2.000915750915750833e-03
2.000000000000000000e+00 -2.022560772560772369e-03
3.000000000000000000e+00 -1.697885447885447803e-03
4.000000000000000000e+00 -2.404956154956154873e-03
5.000000000000000000e+00 -2.505966255966255666e-03
6.000000000000000000e+00 -2.505966255966255666e-03
7.000000000000000000e+00 5.998723498723498339e-03
8.000000000000000000e+00 -2.505966255966255666e-03
9.000000000000000000e+00 -2.556471306471306063e-03
1.000000000000000000e+01 1.279706404706404572e-02
1.100000000000000000e+01 -2.556471306471306063e-03
1.200000000000000000e+01 -2.505966255966255666e-03
1.300000000000000000e+01 -2.152430902430902022e-03
1.000000000000000000e+00 4.441299441299440681e-03
2.000000000000000000e+00 -1.594054094054093854e-03
3.000000000000000000e+00 -1.669811669811669666e-03
4.000000000000000000e+00 -1.636141636141635923e-03
5.000000000000000000e+00 -1.535131535131534913e-03
6.000000000000000000e+00 -1.669811669811669666e-03
7.000000000000000000e+00 2.610491360491360661e-03
8.000000000000000000e+00 -1.669811669811669666e-03
9.000000000000000000e+00 -1.594054094054093854e-03
1.000000000000000000e+01 1.216191216191215901e-03
1.100000000000000000e+01 -1.114256114256114219e-03
1.200000000000000000e+01 -1.644559144559144467e-03
1.300000000000000000e+01 2.336922336922336342e-03
1.000000000000000000e+00 -2.033910533910533724e-03
2.000000000000000000e+00 -2.345358345358344865e-03
3.000000000000000000e+00 -1.966570466570466240e-03
4.000000000000000000e+00 -2.269600769600769053e-03
5.000000000000000000e+00 -2.172438672438672079e-03
6.000000000000000000e+00 -1.356902356902356735e-03
7.000000000000000000e+00 2.949254449254448858e-03
8.000000000000000000e+00 -2.038961038961038547e-03
9.000000000000000000e+00 -2.345358345358344865e-03
1.000000000000000000e+01 -1.517075517075516843e-03
1.100000000000000000e+01 9.796897546897545203e-03
1.200000000000000000e+01 -2.276815776815776377e-03
1.300000000000000000e+01 1.408850408850408726e-03
1.000000000000000000e+00 -2.557627557627557228e-03
2.000000000000000000e+00 -2.355607355607355208e-03
3.000000000000000000e+00 -2.507122507122506831e-03
4.000000000000000000e+00 -2.608132608132607624e-03
5.000000000000000000e+00 -2.305102305102304811e-03
6.000000000000000000e+00 5.354830354830353994e-03
7.000000000000000000e+00 -2.582880082880082643e-03
8.000000000000000000e+00 -2.507122507122506831e-03
9.000000000000000000e+00 -2.608132608132607624e-03
1.000000000000000000e+01 8.250453250453249759e-03
1.100000000000000000e+01 -1.497021497021496731e-03
1.200000000000000000e+01 3.250453250453250089e-03
1.300000000000000000e+01 -2.044159544159544067e-03
1.000000000000000000e+00 2.829687406610483565e-03
2.000000000000000000e+00 -3.887484310561233492e-03
3.000000000000000000e+00 -3.476228899305822129e-03
4.000000000000000000e+00 -3.566416489493412587e-03
5.000000000000000000e+00 -3.647946071022993911e-03
6.000000000000000000e+00 -3.357181280258203244e-03
7.000000000000000000e+00 4.755372832295908306e-03
8.000000000000000000e+00 -3.685464108541031472e-03
9.000000000000000000e+00 -3.853814276891199750e-03
1.000000000000000000e+01 8.749138326061403625e-03
1.100000000000000000e+01 4.205348782271858647e-03
1.200000000000000000e+01 -2.597922020998943808e-03
1.300000000000000000e+01 -2.567137990214913255e-03
1.000000000000000000e+00 5.133292633292632114e-04
2.000000000000000000e+00 -2.702158952158952021e-03
3.000000000000000000e+00 -2.542226292226292070e-03
4.000000000000000000e+00 -2.794751544751544487e-03
5.000000000000000000e+00 -2.693741443741443260e-03
6.000000000000000000e+00 1.472925222925222915e-03
7.000000000000000000e+00 -2.296916046916046544e-03
8.000000000000000000e+00 -2.794751544751544487e-03
9.000000000000000000e+00 -2.794751544751544487e-03
1.000000000000000000e+01 5.462222962222961983e-03
1.100000000000000000e+01 -1.506872756872756772e-03
1.200000000000000000e+01 -2.643236393236392864e-03
1.300000000000000000e+01 8.467874717874716503e-03
1.000000000000000000e+00 -1.671800421800421609e-03
2.000000000000000000e+00 -1.873820623820623629e-03
3.000000000000000000e+00 -2.025335775335775253e-03
4.000000000000000000e+00 -2.025335775335775253e-03
5.000000000000000000e+00 -1.873820623820623629e-03
6.000000000000000000e+00 -1.722305472305472223e-03
7.000000000000000000e+00 -5.101842601842601025e-04
8.000000000000000000e+00 -2.025335775335775253e-03
9.000000000000000000e+00 -2.025335775335775253e-03
1.000000000000000000e+01 3.822427572427572126e-03
1.100000000000000000e+01 7.524420024420023058e-04
1.200000000000000000e+01 5.047175047175046086e-03
1.300000000000000000e+01 1.358502608502608691e-03
1.000000000000000000e+00 5.296092796092795492e-03
2.000000000000000000e+00 -1.781829281829281665e-03
3.000000000000000000e+00 -1.781829281829281665e-03
4.000000000000000000e+00 -1.781829281829281665e-03
5.000000000000000000e+00 -1.781829281829281665e-03
6.000000000000000000e+00 -1.529304029304029248e-03
7.000000000000000000e+00 4.152514152514151860e-03
8.000000000000000000e+00 -1.781829281829281665e-03
9.000000000000000000e+00 -1.731324231324231269e-03
1.000000000000000000e+01 -4.686979686979686434e-04
1.100000000000000000e+01 -1.781829281829281665e-03
1.200000000000000000e+01 2.839382839382839380e-03
1.300000000000000000e+01 -1.579809079809079645e-03
1.000000000000000000e+00 -3.422503422503514262e-06
2.000000000000000000e+00 -1.626799126799126707e-03
3.000000000000000000e+00 -2.317034817034816906e-03
4.000000000000000000e+00 -2.315832315832315469e-03
5.000000000000000000e+00 -8.692233692233691323e-04
6.000000000000000000e+00 -2.081344581344581144e-03
7.000000000000000000e+00 7.842897842897841518e-03
8.000000000000000000e+00 -2.384374884374883957e-03
9.000000000000000000e+00 -2.384374884374883957e-03
1.000000000000000000e+01 -1.904576904576904539e-03
1.100000000000000000e+01 -1.904576904576904539e-03
1.200000000000000000e+01 -2.333869833869833561e-03
1.300000000000000000e+01 6.468438968438967873e-03
1.000000000000000000e+00 6.673326673326671803e-04
2.000000000000000000e+00 -1.787693787693787504e-03
3.000000000000000000e+00 -1.848299848299848197e-03
4.000000000000000000e+00 -1.848299848299848197e-03
5.000000000000000000e+00 -1.696784696784696574e-03
6.000000000000000000e+00 -7.876937876937875919e-04
7.000000000000000000e+00 1.022962222962222820e-02
8.000000000000000000e+00 -1.727087727087727028e-03
9.000000000000000000e+00 -1.848299848299848197e-03
1.000000000000000000e+01 1.257760757760757481e-03
1.100000000000000000e+01 -1.848299848299848197e-03
1.200000000000000000e+01 -1.848299848299848197e-03
1.300000000000000000e+01 -1.040219040219040117e-03
1.000000000000000000e+00 1.916324416324416413e-03
2.000000000000000000e+00 -1.821049321049320957e-03
3.000000000000000000e+00 -1.795796795796795759e-03
4.000000000000000000e+00 -2.023069523069522761e-03
5.000000000000000000e+00 -1.972564472564472364e-03
6.000000000000000000e+00 -2.023069523069522761e-03
7.000000000000000000e+00 3.691216191216191086e-03
8.000000000000000000e+00 -2.023069523069522761e-03
9.000000000000000000e+00 -2.023069523069522761e-03
1.000000000000000000e+01 -2.023069523069522761e-03
1.100000000000000000e+01 -2.023069523069522761e-03
1.200000000000000000e+01 3.508436008436008162e-03
1.300000000000000000e+01 4.441576941576940579e-03
1.000000000000000000e+00 6.564269064269062908e-04
2.000000000000000000e+00 -2.128565878565878266e-03
3.000000000000000000e+00 -2.280081030081029889e-03
4.000000000000000000e+00 -2.128565878565878266e-03
5.000000000000000000e+00 -2.229575979575979493e-03
6.000000000000000000e+00 -2.027555777555777473e-03
7.000000000000000000e+00 -1.867623117623117522e-03
8.000000000000000000e+00 -2.280081030081029889e-03
9.000000000000000000e+00 -2.254828504828504474e-03
1.000000000000000000e+01 2.989279239279238852e-03
1.100000000000000000e+01 -2.128565878565878266e-03
1.200000000000000000e+01 4.550727050727050235e-03
1.300000000000000000e+01 6.053252303252302027e-03
