1.000000000000000000e+00 2.000943500943500736e-02
2.000000000000000000e+00 -4.160839160839160077e-03
3.000000000000000000e+00 -3.857808857808857697e-03
4.000000000000000000e+00 -4.312354312354311700e-03
5.000000000000000000e+00 -4.312354312354311700e-03
6.000000000000000000e+00 -4.211344211344210907e-03
7.000000000000000000e+00 -3.933566433566433075e-03
8.000000000000000000e+00 -4.261849261849261737e-03
9.000000000000000000e+00 -4.009324009324008453e-03
1.000000000000000000e+01 -3.958818958818958490e-03
1.100000000000000000e+01 -3.049728049728049617e-03
1.200000000000000000e+01 1.290626040626040479e-02
1.300000000000000000e+01 -3.125485625485624995e-03
1.000000000000000000e+00 2.905612905612905104e-03
2.000000000000000000e+00 -4.477984977984977681e-03
3.000000000000000000e+00 -4.747345247345246752e-03
4.000000000000000000e+00 -3.224978724978724495e-03
5.000000000000000000e+00 -4.747345247345246752e-03
6.000000000000000000e+00 4.293058793058792018e-03
7.000000000000000000e+00 1.501696451696451703e-02
8.000000000000000000e+00 -4.848355348355347545e-03
9.000000000000000000e+00 -4.848355348355347545e-03
1.000000000000000000e+01 6.775021275021273978e-03
1.100000000000000000e+01 -3.939264439264438672e-03
1.200000000000000000e+01 -4.267547267547267334e-03
1.300000000000000000e+01 -4.772597772597772167e-03
1.000000000000000000e+00 -3.516483516483516047e-03
2.000000000000000000e+00 -4.674492174492173892e-03
3.000000000000000000e+00 -4.727402227402226730e-03
4.000000000000000000e+00 3.033540533540533737e-03
5.000000000000000000e+00 -3.851981351981351599e-03
6.000000000000000000e+00 5.844988344988344062e-03
7.000000000000000000e+00 -3.750971250971250805e-03
8.000000000000000000e+00 -4.584304584304583867e-03
9.000000000000000000e+00 -4.735819735819735490e-03
1.000000000000000000e+01 5.958624708624708430e-03
1.100000000000000000e+01 -4.761072261072260906e-03
1.200000000000000000e+01 1.314657564657564608e-02
1.300000000000000000e+01 -3.902486402486401995e-03
1.000000000000000000e+00 -3.283901283901283653e-03
2.000000000000000000e+00 -4.740130240130239862e-03
3.000000000000000000e+00 -4.790635290635289825e-03
4.000000000000000000e+00 -4.639120139120138202e-03
5.000000000000000000e+00 -4.179524179524178942e-03
6.000000000000000000e+00 -4.740130240130239862e-03
7.000000000000000000e+00 6.327690827690826865e-03
8.000000000000000000e+00 -4.765382765382765277e-03
9.000000000000000000e+00 -4.201409701409700853e-03
1.000000000000000000e+01 3.665353165353164855e-03
1.100000000000000000e+01 -4.689625189625189032e-03
1.200000000000000000e+01 5.781755281755280966e-03
1.300000000000000000e+01 1.272259222259222201e-02
1.000000000000000000e+00 5.388454138454137898e-03
2.000000000000000000e+00 3.487715987715985454e-04
3.000000000000000000e+00 -4.564648314648314491e-03
4.000000000000000000e+00 -4.530978280978280315e-03
5.000000000000000000e+00 -4.564648314648314491e-03
6.000000000000000000e+00 -4.463638213638212830e-03
7.000000000000000000e+00 -2.418183668183668082e-03
8.000000000000000000e+00 -4.564648314648314491e-03
9.000000000000000000e+00 -3.621887371887371442e-03
1.000000000000000000e+01 -1.685860435860435814e-03
1.100000000000000000e+01 6.306563806563806468e-03
1.200000000000000000e+01 -3.226264476264476162e-03
1.300000000000000000e+01 1.010706885706885542e-02
1.000000000000000000e+00 1.140627890627890495e-02
2.000000000000000000e+00 -3.766881266881266788e-03
3.000000000000000000e+00 -3.312335812335811917e-03
4.000000000000000000e+00 -4.675972175972175661e-03
5.000000000000000000e+00 -3.665871165871165561e-03
6.000000000000000000e+00 -4.675972175972175661e-03
7.000000000000000000e+00 5.694398194398194411e-03
8.000000000000000000e+00 -4.625467125467124831e-03
9.000000000000000000e+00 -4.802234802234801869e-03
1.000000000000000000e+01 -4.103581603581603343e-03
1.100000000000000000e+01 -2.908295408295407877e-03
1.200000000000000000e+01 3.808876308876308747e-03
1.300000000000000000e+01 3.808876308876308747e-03
1.000000000000000000e+00 2.333157583157582753e-03
2.000000000000000000e+00 -3.845293595293594862e-03
3.000000000000000000e+00 -3.727448477448476981e-03
4.000000000000000000e+00 -3.676943426943426584e-03
5.000000000000000000e+00 -3.878963628963628604e-03
6.000000000000000000e+00 -3.121387871387870921e-03
7.000000000000000000e+00 1.326389351389351337e-02
8.000000000000000000e+00 -3.878963628963628604e-03
9.000000000000000000e+00 -3.878963628963628604e-03
1.000000000000000000e+01 8.492248492248491085e-03
1.100000000000000000e+01 -2.313307063307062841e-03
1.200000000000000000e+01 -2.969872719872719731e-03
1.300000000000000000e+01 -2.464822214822214464e-03
1.000000000000000000e+00 -4.452362452362451824e-03
2.000000000000000000e+00 2.854034854034853772e-03
3.000000000000000000e+00 -4.368187368187367685e-03
4.000000000000000000e+00 -4.923742923742923348e-03
5.000000000000000000e+00 -4.856402856402855864e-03
6.000000000000000000e+00 -4.898490398490397933e-03
7.000000000000000000e+00 7.370869870869870520e-03
8.000000000000000000e+00 -4.822732822732822555e-03
9.000000000000000000e+00 -4.873237873237872518e-03
1.000000000000000000e+01 1.194494394494394381e-02
1.100000000000000000e+01 -3.206571206571206395e-03
1.200000000000000000e+01 5.660672660672660082e-03
1.300000000000000000e+01 -3.383338883338883000e-03
1.000000000000000000e+00 -3.774040774040773524e-03
2.000000000000000000e+00 -4.612424612424612276e-03
3.000000000000000000e+00 -4.733636733636733228e-03
4.000000000000000000e+00 -4.430606430606429981e-03
5.000000000000000000e+00 -3.875050875050874751e-03
6.000000000000000000e+00 -4.531616531616530774e-03
7.000000000000000000e+00 2.394361194361194212e-02
8.000000000000000000e+00 -4.733636733636733228e-03
9.000000000000000000e+00 -4.531616531616530774e-03
1.000000000000000000e+01 5.641543641543640859e-03
1.100000000000000000e+01 -4.582121582121581604e-03
1.200000000000000000e+01 -4.708384208384207813e-03
1.300000000000000000e+01 3.902726902726902803e-03
1.000000000000000000e+00 2.380753926208471240e-03
2.000000000000000000e+00 -4.456908411453865647e-03
3.000000000000000000e+00 -4.195965650511104469e-03
4.000000000000000000e+00 -5.163979118524572066e-03
5.000000000000000000e+00 -5.264989219534673727e-03
6.000000000000000000e+00 -5.416504371049825350e-03
7.000000000000000000e+00 6.145544690999235442e-03
8.000000000000000000e+00 -5.416504371049825350e-03
9.000000000000000000e+00 -4.413290413290412578e-03
1.000000000000000000e+01 4.824476869931414516e-03
1.100000000000000000e+01 -4.214003168548622127e-03
1.200000000000000000e+01 -3.530982485527939686e-03
1.300000000000000000e+01 1.399427003972458436e-02
1.000000000000000000e+00 -3.341103341103341100e-03
2.000000000000000000e+00 -4.199689199689199577e-03
3.000000000000000000e+00 -4.199689199689199577e-03
4.000000000000000000e+00 -4.199689199689199577e-03
5.000000000000000000e+00 -3.846153846153845934e-03
6.000000000000000000e+00 -4.098679098679097917e-03
7.000000000000000000e+00 5.244755244755244100e-03
8.000000000000000000e+00 -4.199689199689199577e-03
9.000000000000000000e+00 -4.199689199689199577e-03
1.000000000000000000e+01 1.054778554778554832e-02
1.100000000000000000e+01 -3.240093240093239874e-03
1.200000000000000000e+01 5.042735042735042514e-03
1.300000000000000000e+01 5.825563325563325179e-03
1.000000000000000000e+00 -3.653698153698153525e-03
2.000000000000000000e+00 -3.620028120028119783e-03
3.000000000000000000e+00 -3.805213305213305149e-03
4.000000000000000000e+00 -2.997132497132497068e-03
5.000000000000000000e+00 -3.779960779960779733e-03
6.000000000000000000e+00 -3.653698153698153525e-03
7.000000000000000000e+00 5.096301846301845573e-03
8.000000000000000000e+00 -3.805213305213305149e-03
9.000000000000000000e+00 -3.805213305213305149e-03
1.000000000000000000e+01 1.159521959521959446e-02
1.100000000000000000e+01 -2.042587042587042188e-03
1.200000000000000000e+01 -3.620028120028119783e-03
1.300000000000000000e+01 1.048771598771598701e-02
1.000000000000000000e+00 4.244949494949494181e-03
2.000000000000000000e+00 -4.593434343434343002e-03
3.000000000000000000e+00 -4.694444444444443795e-03
4.000000000000000000e+00 -4.568181818181817587e-03
5.000000000000000000e+00 -4.563131313131312330e-03
6.000000000000000000e+00 -3.869528619528619061e-03
7.000000000000000000e+00 -2.623737373737373632e-03
8.000000000000000000e+00 -4.744949494949494626e-03
9.000000000000000000e+00 -4.744949494949494626e-03
1.000000000000000000e+01 4.569624819624818965e-03
1.100000000000000000e+01 -3.255050505050504674e-03
1.200000000000000000e+01 -4.512626262626262368e-03
1.300000000000000000e+01 2.149182299182298903e-02
1.000000000000000000e+00 3.370795870795870522e-03
2.000000000000000000e+00 -4.962537462537461828e-03
3.000000000000000000e+00 -4.002941502941502125e-03
4.000000000000000000e+00 -3.762441262441261914e-03
5.000000000000000000e+00 -3.422133422133421914e-03
6.000000000000000000e+00 -3.447385947385946895e-03
7.000000000000000000e+00 6.956654456654456052e-03
8.000000000000000000e+00 -4.760517260517260242e-03
9.000000000000000000e+00 -4.659507159507158582e-03
1.000000000000000000e+01 1.199078699078698698e-03
1.100000000000000000e+01 4.645447145447144377e-03
1.200000000000000000e+01 -3.295870795870795705e-03
1.300000000000000000e+01 3.291430791430790832e-03
1.000000000000000000e+00 5.287675287675286731e-03
2.000000000000000000e+00 -4.303474303474302820e-03
3.000000000000000000e+00 -4.976874976874975931e-03
4.000000000000000000e+00 -5.027380027380026761e-03
5.000000000000000000e+00 -5.043012543012542412e-03
6.000000000000000000e+00 -4.303474303474302820e-03
7.000000000000000000e+00 5.620768120768120275e-03
8.000000000000000000e+00 -4.960039960039959277e-03
9.000000000000000000e+00 -5.061050061050060070e-03
1.000000000000000000e+01 6.648906648906648467e-03
1.100000000000000000e+01 -3.733488733488732943e-03
1.200000000000000000e+01 7.060162060162059397e-03
1.300000000000000000e+01 1.555111555111554893e-03
1.000000000000000000e+00 4.100945350945349975e-03
2.000000000000000000e+00 -2.760526510526510081e-03
3.000000000000000000e+00 -3.193426943426942981e-03
4.000000000000000000e+00 -3.193426943426942981e-03
5.000000000000000000e+00 -2.915649165649165583e-03
6.000000000000000000e+00 5.139906389906389803e-03
7.000000000000000000e+00 -2.259083509083508693e-03
8.000000000000000000e+00 -3.193426943426942981e-03
9.000000000000000000e+00 -2.250666000666000366e-03
1.000000000000000000e+01 -2.309588559588559090e-03
1.100000000000000000e+01 3.208088208088208122e-03
1.200000000000000000e+01 -1.451002701002700830e-03
1.300000000000000000e+01 3.902532652532652267e-03
1.000000000000000000e+00 -3.400220150220149926e-03
2.000000000000000000e+00 -3.501230251230250719e-03
3.000000000000000000e+00 -4.107290857290856780e-03
4.000000000000000000e+00 -4.258806008806008403e-03
5.000000000000000000e+00 -4.258806008806008403e-03
6.000000000000000000e+00 -4.056785806785805949e-03
7.000000000000000000e+00 1.451644651644651632e-02
8.000000000000000000e+00 -3.735717985717985478e-03
9.000000000000000000e+00 -4.208300958300957573e-03
1.000000000000000000e+01 1.095223295223295146e-02
1.100000000000000000e+01 -3.925472675472675352e-03
1.200000000000000000e+01 -4.208300958300957573e-03
1.300000000000000000e+01 4.037249787249786760e-03
1.000000000000000000e+00 3.019156769156769362e-03
2.000000000000000000e+00 -4.607105857105857002e-03
3.000000000000000000e+00 -4.708115958115957796e-03
4.000000000000000000e+00 -4.708115958115957796e-03
5.000000000000000000e+00 -3.293974543974543655e-03
6.000000000000000000e+00 -4.647509897509897320e-03
7.000000000000000000e+00 8.987170237170235762e-03
8.000000000000000000e+00 -4.556600806600806172e-03
9.000000000000000000e+00 -3.250684500684500582e-03
1.000000000000000000e+01 1.048127798127797966e-02
1.100000000000000000e+01 -4.123700373700373706e-03
1.200000000000000000e+01 4.137001887001886397e-03
1.300000000000000000e+01 -3.664344914344913953e-03
1.000000000000000000e+00 -3.367835867835867417e-03
2.000000000000000000e+00 -4.125411625411625101e-03
3.000000000000000000e+00 -4.226421726421725894e-03
4.000000000000000000e+00 -4.327431827431826687e-03
5.000000000000000000e+00 -4.175916675916675064e-03
6.000000000000000000e+00 -4.327431827431826687e-03
7.000000000000000000e+00 -3.367835867835867417e-03
8.000000000000000000e+00 -3.948643948643948062e-03
9.000000000000000000e+00 -4.327431827431826687e-03
1.000000000000000000e+01 1.479714729714729643e-02
1.100000000000000000e+01 -3.259610759610759301e-03
1.200000000000000000e+01 4.179061679061677956e-03
1.300000000000000000e+01 1.185943685943685773e-02
1.000000000000000000e+00 3.870795870795870099e-03
2.000000000000000000e+00 -4.410829910829910418e-03
3.000000000000000000e+00 -4.545510045510045387e-03
4.000000000000000000e+00 -4.074129574129573862e-03
5.000000000000000000e+00 -4.301402301402300864e-03
6.000000000000000000e+00 -4.099382099382099277e-03
7.000000000000000000e+00 -4.452917452917452487e-03
8.000000000000000000e+00 -4.604432604432604111e-03
9.000000000000000000e+00 -3.888944388944388496e-03
1.000000000000000000e+01 -4.335072335072334172e-03
1.100000000000000000e+01 4.457616457616457063e-03
1.200000000000000000e+01 5.627890627890627488e-03
1.300000000000000000e+01 1.314809264809264737e-02
1.000000000000000000e+00 -4.612285862285861460e-03
2.000000000000000000e+00 -4.923733673733673467e-03
3.000000000000000000e+00 -4.873228623228622637e-03
4.000000000000000000e+00 -4.014642764642764594e-03
5.000000000000000000e+00 -4.620703370703370221e-03
6.000000000000000000e+00 -4.393430643430643219e-03
7.000000000000000000e+00 -3.258269508269508348e-03
8.000000000000000000e+00 -4.923733673733673467e-03
9.000000000000000000e+00 -4.696460946460946466e-03
1.000000000000000000e+01 2.237845487845487730e-02
1.100000000000000000e+01 -3.913632663632662934e-03
1.200000000000000000e+01 1.297188922188922088e-02
1.300000000000000000e+01 -3.046629296629296563e-03
1.000000000000000000e+00 5.252201502201501483e-03
2.000000000000000000e+00 -4.646788396788396197e-03
3.000000000000000000e+00 -3.232646982646982491e-03
4.000000000000000000e+00 -4.798303548303547821e-03
5.000000000000000000e+00 -3.889212639212638947e-03
6.000000000000000000e+00 -4.091232841232840534e-03
7.000000000000000000e+00 2.878464128464128507e-03
8.000000000000000000e+00 -4.680458430458430373e-03
9.000000000000000000e+00 -4.798303548303547821e-03
1.000000000000000000e+01 -3.636687386687386531e-03
1.100000000000000000e+01 4.822908572908572028e-03
1.200000000000000000e+01 5.769878269878269024e-03
1.300000000000000000e+01 3.787555037555037380e-03
1.000000000000000000e+00 1.183530358530358526e-02
2.000000000000000000e+00 -3.290959040959040832e-03
3.000000000000000000e+00 -4.275807525807525517e-03
4.000000000000000000e+00 -3.366716616716616643e-03
5.000000000000000000e+00 -3.922272172272172307e-03
6.000000000000000000e+00 -4.149544899544899308e-03
7.000000000000000000e+00 5.951465201465201693e-03
8.000000000000000000e+00 -4.275807525807525517e-03
9.000000000000000000e+00 -3.518231768231768267e-03
1.000000000000000000e+01 2.125707625707625587e-03
1.100000000000000000e+01 -3.518231768231768267e-03
1.200000000000000000e+01 4.734293484293483449e-03
1.300000000000000000e+01 -3.691391941391941427e-03
1.000000000000000000e+00 8.000786250786248721e-03
2.000000000000000000e+00 -4.721676471676471490e-03
3.000000000000000000e+00 -4.620666370666369829e-03
4.000000000000000000e+00 1.389434639434639508e-03
5.000000000000000000e+00 -4.570161320161319866e-03
6.000000000000000000e+00 2.370675620675620314e-03
7.000000000000000000e+00 -4.438848188848188402e-03
8.000000000000000000e+00 -4.772181522181521453e-03
9.000000000000000000e+00 -4.671171421171420660e-03
1.000000000000000000e+01 5.000545750545750019e-03
1.100000000000000000e+01 -3.964100714100713373e-03
1.200000000000000000e+01 -3.004504754504754103e-03
1.300000000000000000e+01 6.622118622118621997e-03
1.000000000000000000e+00 -2.379657379657379185e-03
2.000000000000000000e+00 -4.032856032856032592e-03
3.000000000000000000e+00 -4.065323565323564897e-03
4.000000000000000000e+00 -5.093462093462093089e-03
5.000000000000000000e+00 -4.992451992451992296e-03
6.000000000000000000e+00 -4.908276908276908157e-03
7.000000000000000000e+00 5.367336367336366515e-03
8.000000000000000000e+00 -4.891441891441890635e-03
9.000000000000000000e+00 -3.154068154068153957e-03
1.000000000000000000e+01 -4.638916638916638219e-03
1.100000000000000000e+01 -4.941946941946941466e-03
1.200000000000000000e+01 1.435098235098234906e-02
1.300000000000000000e+01 1.015906315906315791e-02
1.000000000000000000e+00 -1.848993598993598809e-03
2.000000000000000000e+00 -4.207098457098456569e-03
3.000000000000000000e+00 -4.181845931845931154e-03
4.000000000000000000e+00 -2.989926739926739626e-03
5.000000000000000000e+00 -4.080835830835830361e-03
6.000000000000000000e+00 3.585109335109334331e-03
7.000000000000000000e+00 2.045199245199244911e-02
8.000000000000000000e+00 -4.232350982350981984e-03
9.000000000000000000e+00 -4.131340881340881191e-03
1.000000000000000000e+01 4.252497502497501990e-03
1.100000000000000000e+01 -4.232350982350981984e-03
1.200000000000000000e+01 -4.047165797165797052e-03
1.300000000000000000e+01 -3.020229770229769864e-03
1.000000000000000000e+00 7.351259851259850549e-03
2.000000000000000000e+00 -4.908841158841158701e-03
3.000000000000000000e+00 -5.001433751433750734e-03
4.000000000000000000e+00 -3.538951788951788698e-03
5.000000000000000000e+00 -3.705137455137454908e-03
6.000000000000000000e+00 -5.001433751433750734e-03
7.000000000000000000e+00 1.829402079402079120e-02
8.000000000000000000e+00 -4.849918599918599110e-03
9.000000000000000000e+00 -4.976181226181225319e-03
1.000000000000000000e+01 2.880721130721130251e-03
1.100000000000000000e+01 -5.001433751433750734e-03
1.200000000000000000e+01 -4.824666074666074563e-03
1.300000000000000000e+01 1.317108817108817017e-03
1.000000000000000000e+00 -3.648666148666148464e-03
2.000000000000000000e+00 -3.219373219373219009e-03
3.000000000000000000e+00 -4.759777259777259358e-03
4.000000000000000000e+00 -4.709272209272208527e-03
5.000000000000000000e+00 -4.221056721056720348e-03
6.000000000000000000e+00 -4.608262108262107734e-03
7.000000000000000000e+00 5.312372812372811483e-03
8.000000000000000000e+00 -4.759777259777259358e-03
9.000000000000000000e+00 -4.709272209272208527e-03
1.000000000000000000e+01 -3.707588707588707188e-03
1.100000000000000000e+01 5.258260258260257641e-03
1.200000000000000000e+01 6.768000518000518058e-03
1.300000000000000000e+01 9.112877862877861307e-03
1.000000000000000000e+00 -2.924936174936174863e-03
2.000000000000000000e+00 -4.238067488067487343e-03
3.000000000000000000e+00 -4.490592740592739759e-03
4.000000000000000000e+00 -3.184676434676434603e-03
5.000000000000000000e+00 -4.086552336552335719e-03
6.000000000000000000e+00 -4.339077589077589003e-03
7.000000000000000000e+00 1.306893106893106810e-02
8.000000000000000000e+00 -4.658942908942908037e-03
9.000000000000000000e+00 -4.574767824767823898e-03
1.000000000000000000e+01 4.246780996780996631e-03
1.100000000000000000e+01 -3.801559551559551432e-03
1.200000000000000000e+01 -4.546148296148295846e-03
1.300000000000000000e+01 1.197405372405372335e-02
1.000000000000000000e+00 -3.202852702852702644e-03
2.000000000000000000e+00 -3.202852702852702644e-03
3.000000000000000000e+00 -4.313963813963813537e-03
4.000000000000000000e+00 -4.212953712953712744e-03
5.000000000000000000e+00 -4.263458763458762707e-03
6.000000000000000000e+00 -4.111943611943611084e-03
7.000000000000000000e+00 5.032837532837532851e-03
8.000000000000000000e+00 -4.364468864468864368e-03
9.000000000000000000e+00 -4.364468864468864368e-03
1.000000000000000000e+01 -2.495781995781995791e-03
1.100000000000000000e+01 3.485458985458984686e-03
1.200000000000000000e+01 5.021053021053021453e-03
1.300000000000000000e+01 1.054895104895104720e-02
1.000000000000000000e+00 5.751433751433751400e-03
2.000000000000000000e+00 -4.374828874828874149e-03
3.000000000000000000e+00 -4.245199245199244437e-03
4.000000000000000000e+00 -2.480889480889480591e-03
5.000000000000000000e+00 -4.349576349576348734e-03
6.000000000000000000e+00 -4.400081400081399564e-03
7.000000000000000000e+00 4.143689643689643133e-03
8.000000000000000000e+00 -4.400081400081399564e-03
9.000000000000000000e+00 -3.967180967180967098e-03
1.000000000000000000e+01 2.131905131905131260e-03
1.100000000000000000e+01 -4.021293521293520939e-03
1.200000000000000000e+01 6.133829133829133036e-03
1.300000000000000000e+01 3.352443852443852575e-03
1.000000000000000000e+00 -4.475949975949975249e-03
2.000000000000000000e+00 -4.501202501202500664e-03
3.000000000000000000e+00 -4.299182299182299077e-03
4.000000000000000000e+00 -2.834535834535834107e-03
5.000000000000000000e+00 -4.483164983164983006e-03
6.000000000000000000e+00 -4.215007215007214939e-03
7.000000000000000000e+00 5.511423761423761385e-03
8.000000000000000000e+00 -4.319384319384319236e-03
9.000000000000000000e+00 -3.794131794131793810e-03
1.000000000000000000e+01 -4.349687349687349040e-03
1.100000000000000000e+01 -3.263828763828763562e-03
1.200000000000000000e+01 5.044252044252043807e-03
1.300000000000000000e+01 1.884896584896584779e-02
1.000000000000000000e+00 -3.063325563325563269e-03
2.000000000000000000e+00 -3.896658896658896330e-03
3.000000000000000000e+00 -4.755244755244754373e-03
4.000000000000000000e+00 3.376068376068375957e-03
5.000000000000000000e+00 -3.770396270396270122e-03
6.000000000000000000e+00 -4.469049469049468648e-03
7.000000000000000000e+00 5.615125615125614832e-03
8.000000000000000000e+00 -5.007770007770007657e-03
9.000000000000000000e+00 -5.007770007770007657e-03
1.000000000000000000e+01 1.335081585081585032e-02
1.100000000000000000e+01 -4.098679098679097917e-03
1.200000000000000000e+01 -4.856254856254856034e-03
1.300000000000000000e+01 4.992229992229991684e-03
1.000000000000000000e+00 3.497941452486906522e-03
2.000000000000000000e+00 -2.437932437932437569e-03
3.000000000000000000e+00 -4.035728581183126509e-03
4.000000000000000000e+00 8.464263009717552799e-04
5.000000000000000000e+00 -4.170408715863260611e-03
6.000000000000000000e+00 -3.379162924617470053e-03
7.000000000000000000e+00 5.602318556864011728e-03
8.000000000000000000e+00 -4.254583800038344750e-03
9.000000000000000000e+00 -3.757950803405348678e-03
1.000000000000000000e+01 -3.513843059297604588e-03
1.100000000000000000e+01 -3.985223530678075679e-03
1.200000000000000000e+01 4.528484983030436721e-03
1.300000000000000000e+01 4.113622068167522780e-03
1.000000000000000000e+00 -4.372238872238871921e-03
2.000000000000000000e+00 -3.892440892440892069e-03
3.000000000000000000e+00 -4.528804528804527933e-03
4.000000000000000000e+00 -4.447996447996447299e-03
5.000000000000000000e+00 -3.665168165168165067e-03
6.000000000000000000e+00 -4.776279276279275961e-03
7.000000000000000000e+00 2.759024309024308771e-02
8.000000000000000000e+00 -4.801531801531801376e-03
9.000000000000000000e+00 -4.650016650016649752e-03
1.000000000000000000e+01 -3.564158064158063841e-03
1.100000000000000000e+01 -3.740925740925740879e-03
1.200000000000000000e+01 -4.599511599511598922e-03
1.300000000000000000e+01 7.900488400488400037e-03
1.000000000000000000e+00 -3.284770784770784605e-03
2.000000000000000000e+00 -3.006993006993006774e-03
3.000000000000000000e+00 -4.017094017094016874e-03
4.000000000000000000e+00 -4.017094017094016874e-03
5.000000000000000000e+00 -3.815073815073814854e-03
6.000000000000000000e+00 -4.017094017094016874e-03
7.000000000000000000e+00 1.320512820512820262e-02
8.000000000000000000e+00 -4.017094017094016874e-03
9.000000000000000000e+00 -4.017094017094016874e-03
1.000000000000000000e+01 1.340714840714840594e-02
1.100000000000000000e+01 -3.865578865578865250e-03
1.200000000000000000e+01 2.144522144522144087e-03
1.300000000000000000e+01 -1.996891996891996673e-03
1.000000000000000000e+00 -3.183113183113182604e-03
2.000000000000000000e+00 -3.864931364931364476e-03
3.000000000000000000e+00 -2.854830354830354376e-03
4.000000000000000000e+00 -1.134051134051133978e-03
5.000000000000000000e+00 -3.940688940688940288e-03
6.000000000000000000e+00 -3.957523957523956942e-03
7.000000000000000000e+00 4.342139342139342099e-03
8.000000000000000000e+00 -3.856513856513856149e-03
9.000000000000000000e+00 -3.688163688163687871e-03
1.000000000000000000e+01 2.039553039553039168e-02
1.100000000000000000e+01 -3.309375809375808813e-03
1.200000000000000000e+01 -3.157860657860657623e-03
1.300000000000000000e+01 -2.652810152810152356e-03
1.000000000000000000e+00 2.969067969067969246e-03
2.000000000000000000e+00 -4.025881525881525209e-03
3.000000000000000000e+00 -4.227901727901727663e-03
4.000000000000000000e+00 -4.227901727901727663e-03
5.000000000000000000e+00 -4.227901727901727663e-03
6.000000000000000000e+00 -3.369315869315869186e-03
7.000000000000000000e+00 5.263440263440262966e-03
8.000000000000000000e+00 -4.160561660561660179e-03
9.000000000000000000e+00 -4.025881525881525209e-03
1.000000000000000000e+01 1.529590779590779374e-02
1.100000000000000000e+01 3.167480667480666954e-03
1.200000000000000000e+01 -4.227901727901727663e-03
1.300000000000000000e+01 -2.308709808709808256e-03
1.000000000000000000e+00 -3.467227217227216926e-03
2.000000000000000000e+00 -4.195942945942945750e-03
3.000000000000000000e+00 -3.719752469752469343e-03
4.000000000000000000e+00 -3.871267621267620966e-03
5.000000000000000000e+00 -4.830863580863580670e-03
6.000000000000000000e+00 -4.830863580863580670e-03
7.000000000000000000e+00 2.683941058941058735e-02
8.000000000000000000e+00 -4.830863580863580670e-03
9.000000000000000000e+00 -4.881368631368630633e-03
1.000000000000000000e+01 8.489843489843489077e-03
1.100000000000000000e+01 -4.830863580863580670e-03
1.200000000000000000e+01 -3.745004995004994758e-03
1.300000000000000000e+01 -3.871267621267620966e-03
1.000000000000000000e+00 9.973489473489473636e-03
2.000000000000000000e+00 -3.789136789136789141e-03
3.000000000000000000e+00 -5.026510526510525809e-03
4.000000000000000000e+00 -4.891830391830391707e-03
5.000000000000000000e+00 -4.723480223480223429e-03
6.000000000000000000e+00 -5.026510526510525809e-03
7.000000000000000000e+00 7.637630887630886614e-03
8.000000000000000000e+00 -5.026510526510525809e-03
9.000000000000000000e+00 -4.193177193177193181e-03
1.000000000000000000e+01 8.689218189218188282e-03
1.100000000000000000e+01 -4.137621637621637094e-03
1.200000000000000000e+01 -5.001258001258001261e-03
1.300000000000000000e+01 4.737799237799237770e-03
1.000000000000000000e+00 -4.058423058423057429e-03
2.000000000000000000e+00 -4.100510600510599499e-03
3.000000000000000000e+00 -4.151015651015650329e-03
4.000000000000000000e+00 -4.832833832833832201e-03
5.000000000000000000e+00 -4.170015170015169484e-03
6.000000000000000000e+00 -2.982184482184481716e-03
7.000000000000000000e+00 5.478613978613977413e-03
8.000000000000000000e+00 -4.558423058423057873e-03
9.000000000000000000e+00 -4.858086358086357616e-03
1.000000000000000000e+01 -3.716672216672216485e-03
1.100000000000000000e+01 2.175807525807525733e-02
1.200000000000000000e+01 -4.764291264291263713e-03
1.300000000000000000e+01 2.549321049321048773e-03
1.000000000000000000e+00 -4.613442113442113059e-03
2.000000000000000000e+00 -3.956876456876456602e-03
3.000000000000000000e+00 -4.764957264957264682e-03
4.000000000000000000e+00 -4.966977466977466268e-03
5.000000000000000000e+00 -4.663947163947163889e-03
6.000000000000000000e+00 1.461214711214711172e-02
7.000000000000000000e+00 -4.790209790209790097e-03
8.000000000000000000e+00 -4.613442113442113059e-03
9.000000000000000000e+00 -4.966977466977466268e-03
1.000000000000000000e+01 1.336635586635586542e-02
1.100000000000000000e+01 -2.643745143745143689e-03
1.200000000000000000e+01 4.174436674436674162e-03
1.300000000000000000e+01 -3.990546490546489911e-03
1.000000000000000000e+00 2.098533944687790316e-03
2.000000000000000000e+00 -3.153991307837461337e-03
3.000000000000000000e+00 -2.838935992782146318e-03
4.000000000000000000e+00 -2.782418436264590036e-03
5.000000000000000000e+00 -3.021235175081328495e-03
6.000000000000000000e+00 -2.775203429049582712e-03
7.000000000000000000e+00 2.900842746996592884e-03
8.000000000000000000e+00 -3.103486257332410941e-03
9.000000000000000000e+00 -3.120321274167427595e-03
1.000000000000000000e+01 8.592965439119285356e-03
1.100000000000000000e+01 2.139418985572831382e-03
1.200000000000000000e+01 -2.510893664739818464e-03
1.300000000000000000e+01 -1.379099532945686664e-03
1.000000000000000000e+00 5.049025049025048298e-03
2.000000000000000000e+00 -3.646261146261146023e-03
3.000000000000000000e+00 -4.420671920671919927e-03
4.000000000000000000e+00 -4.572187072187071551e-03
5.000000000000000000e+00 -4.269156769156768304e-03
6.000000000000000000e+00 4.013671513671513216e-03
7.000000000000000000e+00 -3.612591112591112281e-03
8.000000000000000000e+00 -4.572187072187071551e-03
9.000000000000000000e+00 -4.546934546934546136e-03
1.000000000000000000e+01 6.767399267399267122e-03
1.100000000000000000e+01 -3.132793132793132429e-03
1.200000000000000000e+01 -4.420671920671919927e-03
1.300000000000000000e+01 1.039414289414289198e-02
1.000000000000000000e+00 -3.449883449883449447e-03
2.000000000000000000e+00 -4.156954156954156300e-03
3.000000000000000000e+00 -4.409479409479408717e-03
4.000000000000000000e+00 -4.409479409479408717e-03
5.000000000000000000e+00 -4.156954156954156300e-03
6.000000000000000000e+00 -2.237762237762237327e-03
7.000000000000000000e+00 -4.409479409479408717e-03
8.000000000000000000e+00 -4.409479409479408717e-03
9.000000000000000000e+00 -4.257964257964257093e-03
1.000000000000000000e+01 4.980852480852480252e-03
1.100000000000000000e+01 7.610722610722609957e-03
1.200000000000000000e+01 1.440725940725940540e-02
1.300000000000000000e+01 -9.751359751359748099e-04
1.000000000000000000e+00 1.944823694823694452e-02
2.000000000000000000e+00 -4.512802012802012708e-03
3.000000000000000000e+00 -4.563307063307062671e-03
4.000000000000000000e+00 -4.714822214822214294e-03
5.000000000000000000e+00 -4.462296962296961877e-03
6.000000000000000000e+00 -3.957246457246457044e-03
7.000000000000000000e+00 4.603359603359603175e-03
8.000000000000000000e+00 -4.714822214822214294e-03
9.000000000000000000e+00 -4.664317164317163464e-03
1.000000000000000000e+01 3.265253265253268864e-05
1.100000000000000000e+01 -3.957246457246457044e-03
1.200000000000000000e+01 4.460261960261960312e-03
1.300000000000000000e+01 -4.512802012802012708e-03
1.000000000000000000e+00 8.716283716283713566e-04
2.000000000000000000e+00 -4.041791541791541625e-03
3.000000000000000000e+00 -3.957616457616457487e-03
4.000000000000000000e+00 -3.973248973248973137e-03
5.000000000000000000e+00 -2.526640026640026258e-03
6.000000000000000000e+00 -3.284215784215783942e-03
7.000000000000000000e+00 1.346662596662596620e-02
8.000000000000000000e+00 -4.041791541791541625e-03
9.000000000000000000e+00 -4.016539016539016210e-03
1.000000000000000000e+01 -2.526640026640026258e-03
1.100000000000000000e+01 -3.460983460983460547e-03
1.200000000000000000e+01 -2.779165279165279109e-03
1.300000000000000000e+01 1.067682317682317611e-02
1.000000000000000000e+00 5.416620416620414845e-04
2.000000000000000000e+00 -4.206774706774706399e-03
3.000000000000000000e+00 -4.388592888592887827e-03
4.000000000000000000e+00 -4.237077737077736203e-03
5.000000000000000000e+00 -4.110815110815109995e-03
6.000000000000000000e+00 -3.479501979501979387e-03
7.000000000000000000e+00 2.274464424464424372e-02
8.000000000000000000e+00 -4.206774706774706399e-03
9.000000000000000000e+00 -4.237077737077736203e-03
1.000000000000000000e+01 7.884134384134383264e-03
1.100000000000000000e+01 -3.479501979501978953e-03
1.200000000000000000e+01 -3.782532282532282200e-03
1.300000000000000000e+01 -3.580512080512080180e-03
1.000000000000000000e+00 4.929977429977428979e-03
2.000000000000000000e+00 -4.463961963961963000e-03
3.000000000000000000e+00 -4.463961963961963000e-03
4.000000000000000000e+00 -4.766992266992266247e-03
5.000000000000000000e+00 -4.615477115477114624e-03
6.000000000000000000e+00 -4.741739741739740832e-03
7.000000000000000000e+00 1.495883745883745675e-02
8.000000000000000000e+00 -4.766992266992266247e-03
9.000000000000000000e+00 -4.766992266992266247e-03
1.000000000000000000e+01 -3.958911458911458167e-03
1.100000000000000000e+01 -2.342749842749842441e-03
1.200000000000000000e+01 6.045898545898545189e-03
1.300000000000000000e+01 2.000684500684500339e-03
1.000000000000000000e+00 5.597088097088096306e-03
2.000000000000000000e+00 -4.684297184297183878e-03
3.000000000000000000e+00 -4.835812335812335501e-03
4.000000000000000000e+00 -4.078236578236577384e-03
5.000000000000000000e+00 -4.886317386317385464e-03
6.000000000000000000e+00 -4.179246679246679044e-03
7.000000000000000000e+00 -3.051300551300551063e-03
8.000000000000000000e+00 -4.987327487327487124e-03
9.000000000000000000e+00 -4.962074962074961709e-03
1.000000000000000000e+01 6.595164095164095068e-03
1.100000000000000000e+01 -4.684297184297183878e-03
1.200000000000000000e+01 4.810652310652310630e-03
1.300000000000000000e+01 1.167933917933917931e-02
