1.000000000000000000e+00 9.630439005439005336e-04
2.000000000000000000e+00 -1.489938302438302380e-03
3.000000000000000000e+00 -2.140990490990490620e-03
4.000000000000000000e+00 -1.815858215858215689e-03
5.000000000000000000e+00 -1.729139841639841567e-03
6.000000000000000000e+00 -1.870824545824545599e-03
7.000000000000000000e+00 3.355221630221629902e-03
8.000000000000000000e+00 -2.116477503977503682e-03
9.000000000000000000e+00 -2.197201409701409272e-03
1.000000000000000000e+01 4.054013116513116403e-03
1.100000000000000000e+01 -5.177701927701926828e-04
1.200000000000000000e+01 1.299551837051836833e-03
1.300000000000000000e+01 3.808600658600658478e-03
1.000000000000000000e+00 1.325209658251616128e-04
2.000000000000000000e+00 -2.042714068500781598e-03
3.000000000000000000e+00 -2.130862872558676648e-03
4.000000000000000000e+00 -1.851545893241697202e-03
5.000000000000000000e+00 -1.708784950480754516e-03
6.000000000000000000e+00 -1.893435022630826636e-03
7.000000000000000000e+00 1.894227315031510707e-03
8.000000000000000000e+00 -2.127664219360023232e-03
9.000000000000000000e+00 -1.915741419937223985e-03
1.000000000000000000e+01 3.020648452816284812e-03
1.100000000000000000e+01 -7.106428148386189324e-04
1.200000000000000000e+01 7.906617728296049018e-04
1.300000000000000000e+01 8.315627127340413302e-03
1.000000000000000000e+00 4.376371621126865538e-04
2.000000000000000000e+00 -1.469998720523195933e-03
3.000000000000000000e+00 -1.964882077906552997e-03
4.000000000000000000e+00 -1.643219018743494186e-03
5.000000000000000000e+00 -1.330881356405831835e-03
6.000000000000000000e+00 -8.396018026262780896e-04
7.000000000000000000e+00 1.929129466104990455e-03
8.000000000000000000e+00 -2.169463607488082788e-03
9.000000000000000000e+00 -2.170756296280771432e-03
1.000000000000000000e+01 4.220194882170406198e-03
1.100000000000000000e+01 3.725096969852214712e-04
1.200000000000000000e+01 1.662354027738642982e-03
1.300000000000000000e+01 2.715727043611658800e-03
1.000000000000000000e+00 4.529423567885105888e-04
2.000000000000000000e+00 -2.057333015986861739e-03
3.000000000000000000e+00 -2.064740423394269102e-03
4.000000000000000000e+00 -1.876116084769930813e-03
5.000000000000000000e+00 -1.590726474380320388e-03
6.000000000000000000e+00 -5.064710930095543733e-05
7.000000000000000000e+00 -3.403717365255826675e-04
8.000000000000000000e+00 -2.111746195400041482e-03
9.000000000000000000e+00 -1.367306838460684553e-03
1.000000000000000000e+01 4.292817296663449869e-03
1.100000000000000000e+01 1.047741539087692925e-03
1.200000000000000000e+01 1.166849283195436904e-03
1.300000000000000000e+01 4.299743703589856483e-03
1.000000000000000000e+00 4.727626931473084826e-03
2.000000000000000000e+00 -2.329371625525471484e-03
3.000000000000000000e+00 -2.366276387430233351e-03
4.000000000000000000e+00 -2.220942092095938136e-03
5.000000000000000000e+00 -1.826040697194543112e-03
6.000000000000000000e+00 -1.870821841975687898e-03
7.000000000000000000e+00 2.809607450953604309e-03
8.000000000000000000e+00 -2.180501976655822675e-03
9.000000000000000000e+00 -2.110853107006952986e-03
1.000000000000000000e+01 -2.174668636207097302e-04
1.100000000000000000e+01 7.364833528295066213e-04
1.200000000000000000e+01 2.630225259071412684e-03
1.300000000000000000e+01 3.969449923296076640e-03
1.000000000000000000e+00 8.710465460465459733e-04
2.000000000000000000e+00 -1.844303381803381707e-03
3.000000000000000000e+00 -2.069183131683131460e-03
4.000000000000000000e+00 -1.674822862322862278e-03
5.000000000000000000e+00 -1.506508769008768926e-03
6.000000000000000000e+00 -9.112766862766862302e-04
7.000000000000000000e+00 1.299233174233174011e-03
8.000000000000000000e+00 -2.108396695896695532e-03
9.000000000000000000e+00 -1.883396695896695809e-03
1.000000000000000000e+01 3.429740629740629567e-03
1.100000000000000000e+01 3.472791097791097731e-04
1.200000000000000000e+01 1.779999167499167305e-03
1.300000000000000000e+01 4.003916916416916036e-03
1.000000000000000000e+00 2.484228449613064878e-03
2.000000000000000000e+00 -1.708983431098815573e-03
3.000000000000000000e+00 -2.179450001565385719e-03
4.000000000000000000e+00 -1.824110896226280787e-03
5.000000000000000000e+00 -1.828656350771735344e-03
6.000000000000000000e+00 -1.509627480781326519e-04
7.000000000000000000e+00 2.125702716087331072e-03
8.000000000000000000e+00 -2.215645287760672089e-03
9.000000000000000000e+00 -1.848421770537154963e-03
1.000000000000000000e+01 2.937126477511092706e-03
1.100000000000000000e+01 -7.581717427871273538e-04
1.200000000000000000e+01 1.720592085976701191e-03
1.300000000000000000e+01 2.872606275490890721e-03
1.000000000000000000e+00 2.183207639938409064e-03
2.000000000000000000e+00 -1.842896348665579382e-03
3.000000000000000000e+00 -2.052221745490976149e-03
4.000000000000000000e+00 -9.094968777661084766e-04
5.000000000000000000e+00 -1.815274896044126668e-03
6.000000000000000000e+00 -7.952712885405192325e-04
7.000000000000000000e+00 1.922898504629273623e-03
8.000000000000000000e+00 -1.938525256794487337e-03
9.000000000000000000e+00 -1.946858590127820837e-03
1.000000000000000000e+01 1.729572386303155447e-03
1.100000000000000000e+01 -3.425957233649540995e-04
1.200000000000000000e+01 1.786366518097287246e-03
1.300000000000000000e+01 3.814746471477240431e-03
1.000000000000000000e+00 1.852245902245902099e-03
2.000000000000000000e+00 -1.847080697080696844e-03
3.000000000000000000e+00 -1.473162948162947978e-03
4.000000000000000000e+00 -1.477395752395752309e-03
5.000000000000000000e+00 -1.801650201650201438e-03
6.000000000000000000e+00 -9.457218707218706432e-04
7.000000000000000000e+00 1.599792799792799751e-03
8.000000000000000000e+00 -1.851896714396714322e-03
9.000000000000000000e+00 -1.957494357494357195e-03
1.000000000000000000e+01 3.444026806526806050e-03
1.100000000000000000e+01 -9.147574647574647014e-04
1.200000000000000000e+01 1.196666296666296656e-03
1.300000000000000000e+01 4.036330798830798684e-03
1.000000000000000000e+00 2.283370226639457046e-03
2.000000000000000000e+00 -1.630440499671268698e-03
3.000000000000000000e+00 -2.042525636756405746e-03
4.000000000000000000e+00 -1.434589128819897894e-03
5.000000000000000000e+00 -2.079941461672230475e-03
6.000000000000000000e+00 -1.089074458305227307e-03
7.000000000000000000e+00 2.084416402685633062e-03
8.000000000000000000e+00 -2.187138431369200272e-03
9.000000000000000000e+00 -2.015655284886053861e-03
1.000000000000000000e+01 5.366739635008865514e-03
1.100000000000000000e+01 6.503324311016618490e-04
1.200000000000000000e+01 1.466721597490828121e-03
1.300000000000000000e+01 3.895510828203135661e-04
1.000000000000000000e+00 4.402620527620527231e-04
2.000000000000000000e+00 -1.923187923187923056e-03
3.000000000000000000e+00 -2.099516687016686652e-03
4.000000000000000000e+00 -1.599769212269212208e-03
5.000000000000000000e+00 -1.831521256521256294e-03
6.000000000000000000e+00 -6.021894771894769694e-05
7.000000000000000000e+00 5.323769748769748358e-03
8.000000000000000000e+00 -1.802967865467865281e-03
9.000000000000000000e+00 -2.097682872682872599e-03
1.000000000000000000e+01 2.365893365893365508e-03
1.100000000000000000e+01 -1.163321400821400739e-03
1.200000000000000000e+01 4.976333851333850740e-04
1.300000000000000000e+01 3.739949402449402154e-03
1.000000000000000000e+00 8.557137307137305422e-05
2.000000000000000000e+00 -1.426628001628001434e-03
3.000000000000000000e+00 -2.169635457135456712e-03
4.000000000000000000e+00 -2.095080382580382337e-03
5.000000000000000000e+00 -1.773603711103710970e-03
6.000000000000000000e+00 -8.974733599733599083e-04
7.000000000000000000e+00 2.040627890627890600e-03
8.000000000000000000e+00 -1.618054168054167867e-03
9.000000000000000000e+00 -2.200197025197025112e-03
1.000000000000000000e+01 2.277628852628852361e-03
1.100000000000000000e+01 -1.301014726014725845e-03
1.200000000000000000e+01 1.088727938727938752e-03
1.300000000000000000e+01 7.757901820401819602e-03
1.000000000000000000e+00 5.554815554815551658e-05
2.000000000000000000e+00 -2.178248140748140389e-03
3.000000000000000000e+00 -2.161749824249823912e-03
4.000000000000000000e+00 -2.068652181152180747e-03
5.000000000000000000e+00 -1.811569449069449014e-03
6.000000000000000000e+00 -4.875494875494874804e-04
7.000000000000000000e+00 1.636554649054648919e-03
8.000000000000000000e+00 -1.766668054168054041e-03
9.000000000000000000e+00 -1.987820050320050162e-03
1.000000000000000000e+01 6.907520257520257181e-03
1.100000000000000000e+01 6.152463277463277556e-04
1.200000000000000000e+01 5.123482998482997621e-04
1.300000000000000000e+01 2.561248011248011113e-03
1.000000000000000000e+00 1.684579309579309467e-04
2.000000000000000000e+00 -1.573725811225811129e-03
3.000000000000000000e+00 -2.110155585155584854e-03
4.000000000000000000e+00 -1.510347985347985271e-03
5.000000000000000000e+00 -1.747685647685647643e-03
6.000000000000000000e+00 -6.333698708698708461e-04
7.000000000000000000e+00 4.537162837162836415e-03
8.000000000000000000e+00 -2.094102194102193983e-03
9.000000000000000000e+00 -1.719486994486994378e-03
1.000000000000000000e+01 1.083284770784770758e-03
1.100000000000000000e+01 9.589701964701963016e-04
1.200000000000000000e+01 2.348929311429311193e-03
1.300000000000000000e+01 2.146782846782846390e-03
1.000000000000000000e+00 -6.159692159692158834e-04
2.000000000000000000e+00 -1.990879028379027946e-03
3.000000000000000000e+00 -2.019077681577681211e-03
4.000000000000000000e+00 -1.847071909571909370e-03
5.000000000000000000e+00 -1.725474987974987906e-03
6.000000000000000000e+00 -1.395899470899470817e-03
7.000000000000000000e+00 4.470664983164982648e-03
8.000000000000000000e+00 -2.130669793169792832e-03
9.000000000000000000e+00 -1.493602693602693416e-03
1.000000000000000000e+01 2.141245791245791064e-03
1.100000000000000000e+01 -9.436628186628185852e-04
1.200000000000000000e+01 5.170418470418470212e-03
1.300000000000000000e+01 2.074537037037036628e-03
1.000000000000000000e+00 1.748486235986235812e-03
2.000000000000000000e+00 -1.793048155548155297e-03
3.000000000000000000e+00 -2.069743682243681878e-03
4.000000000000000000e+00 -1.942104192104191981e-03
5.000000000000000000e+00 -1.798038535538535460e-03
6.000000000000000000e+00 -1.171102508602508453e-03
7.000000000000000000e+00 1.788018463018462923e-03
8.000000000000000000e+00 -2.150395437895437616e-03
9.000000000000000000e+00 -1.945801883301883067e-03
1.000000000000000000e+01 2.974965312465312293e-03
1.100000000000000000e+01 6.757349132349132472e-04
1.200000000000000000e+01 2.595137270137269723e-03
1.300000000000000000e+01 2.913024475524475000e-03
1.000000000000000000e+00 -3.598673406365716047e-05
2.000000000000000000e+00 -2.000591111168033894e-03
3.000000000000000000e+00 -2.048402558979481574e-03
4.000000000000000000e+00 -1.764858787935710827e-03
5.000000000000000000e+00 -1.772103857680780697e-03
6.000000000000000000e+00 -1.782319105396028367e-03
7.000000000000000000e+00 1.786860788783865622e-03
8.000000000000000000e+00 -2.148522809099732023e-03
9.000000000000000000e+00 -2.079932140509063200e-03
1.000000000000000000e+01 6.246216248139324807e-03
1.100000000000000000e+01 -5.737933718702948249e-04
1.200000000000000000e+01 1.958788398211475015e-03
1.300000000000000000e+01 4.096042347965424095e-03
1.000000000000000000e+00 6.713807915730991274e-04
2.000000000000000000e+00 -2.051310406118098117e-03
3.000000000000000000e+00 -2.087511704819397084e-03
4.000000000000000000e+00 -1.777585057392749553e-03
5.000000000000000000e+00 -1.969979237286929429e-03
6.000000000000000000e+00 -1.265523045330737379e-03
7.000000000000000000e+00 1.732948853141160579e-03
8.000000000000000000e+00 -1.986363316171008316e-03
9.000000000000000000e+00 -1.857509299816992006e-03
1.000000000000000000e+01 5.110366805559112338e-03
1.100000000000000000e+01 -1.037517717325409528e-03
1.200000000000000000e+01 2.111748756941064179e-03
1.300000000000000000e+01 4.107714365406672959e-03
1.000000000000000000e+00 -1.144998519998519657e-04
2.000000000000000000e+00 -1.025592925592925522e-03
3.000000000000000000e+00 -2.091514041514041383e-03
4.000000000000000000e+00 -2.051356513856513603e-03
5.000000000000000000e+00 -1.693828856328856219e-03
6.000000000000000000e+00 -7.842689717689716811e-04
7.000000000000000000e+00 2.598342860842860549e-03
8.000000000000000000e+00 -2.116039053539053080e-03
9.000000000000000000e+00 -1.988092925592925553e-03
1.000000000000000000e+01 4.863298738298738825e-04
1.100000000000000000e+01 2.003089503089502997e-04
1.200000000000000000e+01 4.912099474599473936e-03
1.300000000000000000e+01 3.483516021016020824e-03
1.000000000000000000e+00 2.067478461709230887e-04
2.000000000000000000e+00 -1.686590297167220049e-03
3.000000000000000000e+00 -2.108698281775204728e-03
4.000000000000000000e+00 -2.087600398177321195e-03
5.000000000000000000e+00 -1.944683130260053180e-03
6.000000000000000000e+00 -1.088543899120822042e-03
7.000000000000000000e+00 3.694632646555723234e-03
8.000000000000000000e+00 -1.998741571818494524e-03
9.000000000000000000e+00 -2.070729306306228965e-03
1.000000000000000000e+01 5.307216821639898496e-03
1.100000000000000000e+01 -9.996494602263832855e-04
1.200000000000000000e+01 1.677809654732731514e-03
1.300000000000000000e+01 2.874532838955915545e-03
1.000000000000000000e+00 5.041492371911951388e-04
2.000000000000000000e+00 -1.970255524713566617e-03
3.000000000000000000e+00 -2.146223538181580084e-03
4.000000000000000000e+00 -1.932370724328766115e-03
5.000000000000000000e+00 -1.613864230822272547e-03
6.000000000000000000e+00 -5.364892909473328690e-04
7.000000000000000000e+00 3.315716668076807653e-03
8.000000000000000000e+00 -2.235845952803994317e-03
9.000000000000000000e+00 -2.193157160115201745e-03
1.000000000000000000e+01 3.333544379086336891e-03
1.100000000000000000e+01 -3.641879811460230708e-04
1.200000000000000000e+01 6.401876516387005342e-04
1.300000000000000000e+01 4.903607565058613546e-03
1.000000000000000000e+00 8.401206958025138859e-04
2.000000000000000000e+00 -1.436857418675600417e-03
3.000000000000000000e+00 -2.166318698136879880e-03
4.000000000000000000e+00 -1.997150828969010677e-03
5.000000000000000000e+00 -1.813204220022401674e-03
6.000000000000000000e+00 -1.742173567173567082e-03
7.000000000000000000e+00 2.325534356216173940e-03
8.000000000000000000e+00 -2.167304749122930894e-03
9.000000000000000000e+00 -1.979041160859342299e-03
1.000000000000000000e+01 5.461994192676010093e-03
1.100000000000000000e+01 -1.556818938637120247e-03
1.200000000000000000e+01 9.086501461501461261e-04
1.300000000000000000e+01 5.145153163334980490e-03
1.000000000000000000e+00 1.749334714107441324e-03
2.000000000000000000e+00 -1.900713385940658610e-03
3.000000000000000000e+00 -2.091808864536136812e-03
4.000000000000000000e+00 -2.041604439331711884e-03
5.000000000000000000e+00 -1.966149128649128178e-03
6.000000000000000000e+00 -6.337572360299635154e-05
7.000000000000000000e+00 2.988157465430192616e-03
8.000000000000000000e+00 -2.133457493684766306e-03
9.000000000000000000e+00 -9.295553772826498778e-04
1.000000000000000000e+01 1.543803208575935662e-03
1.100000000000000000e+01 8.422528649801377671e-05
1.200000000000000000e+01 1.570996133496133269e-03
1.300000000000000000e+01 3.004379206651933577e-03
1.000000000000000000e+00 1.586811230080460797e-03
2.000000000000000000e+00 -1.574901131631900771e-03
3.000000000000000000e+00 -2.250634657365426471e-03
4.000000000000000000e+00 -2.223686605417374545e-03
5.000000000000000000e+00 -1.943563950294719365e-03
6.000000000000000000e+00 -1.334893916624685633e-03
7.000000000000000000e+00 3.186252992022222275e-03
8.000000000000000000e+00 -2.228628885359654373e-03
9.000000000000000000e+00 -2.233474965205733964e-03
1.000000000000000000e+01 4.720481263750493997e-03
1.100000000000000000e+01 -7.856876029952950815e-05
1.200000000000000000e+01 1.595794376563607108e-03
1.300000000000000000e+01 2.537514693283923588e-03
1.000000000000000000e+00 2.490656779118317335e-04
2.000000000000000000e+00 -1.980221238875084968e-03
3.000000000000000000e+00 -2.197236630890476560e-03
4.000000000000000000e+00 -2.009742643396489423e-03
5.000000000000000000e+00 -1.955636101789947744e-03
6.000000000000000000e+00 -1.162340045993892059e-03
7.000000000000000000e+00 1.402698156544310249e-03
8.000000000000000000e+00 -2.180762364416210467e-03
9.000000000000000000e+00 -1.907313590967436986e-03
1.000000000000000000e+01 6.720157549003701915e-03
1.100000000000000000e+01 -7.097426433964894830e-04
1.200000000000000000e+01 1.585170776516930296e-03
1.300000000000000000e+01 3.840840569686723022e-03
1.000000000000000000e+00 9.124791874791873423e-04
2.000000000000000000e+00 -1.641278628778628694e-03
3.000000000000000000e+00 -2.075634088134087948e-03
4.000000000000000000e+00 -2.134280071780071588e-03
5.000000000000000000e+00 -1.938861601361601197e-03
6.000000000000000000e+00 -1.515160302660302624e-03
7.000000000000000000e+00 1.957578995078994646e-03
8.000000000000000000e+00 -1.989186276686276313e-03
9.000000000000000000e+00 -1.851307488807488579e-03
1.000000000000000000e+01 5.334028009028008582e-03
1.100000000000000000e+01 -4.923789173789173187e-04
1.200000000000000000e+01 1.684899822399822189e-03
1.300000000000000000e+01 3.516633829133828781e-03
1.000000000000000000e+00 -4.844022074791305438e-04
2.000000000000000000e+00 -2.041130201707124468e-03
3.000000000000000000e+00 -2.003684314261237193e-03
4.000000000000000000e+00 -1.408061418638341606e-03
5.000000000000000000e+00 -1.762390422967346007e-03
6.000000000000000000e+00 -5.316965797735027661e-04
7.000000000000000000e+00 3.020522034945111352e-03
8.000000000000000000e+00 -1.969593405170327795e-03
9.000000000000000000e+00 -2.088196098773021508e-03
1.000000000000000000e+01 3.934398898821975590e-03
1.100000000000000000e+01 -3.205614186383416806e-04
1.200000000000000000e+01 2.064744016667093354e-03
1.300000000000000000e+01 3.428663430586507185e-03
1.000000000000000000e+00 1.449256001703554293e-04
2.000000000000000000e+00 -2.104665549420793938e-03
3.000000000000000000e+00 -2.159926492181736719e-03
4.000000000000000000e+00 -2.157299027054271692e-03
5.000000000000000000e+00 -1.897528704783949405e-03
6.000000000000000000e+00 -1.831607588862833565e-03
7.000000000000000000e+00 3.286574229318984380e-03
8.000000000000000000e+00 -2.228547223302467656e-03
9.000000000000000000e+00 -1.703354823110067758e-03
1.000000000000000000e+01 4.128595633840388690e-03
1.100000000000000000e+01 -2.808879381431828308e-04
1.200000000000000000e+01 4.745967707506169018e-04
1.300000000000000000e+01 5.957606353760198925e-03
1.000000000000000000e+00 7.005727534573687621e-04
2.000000000000000000e+00 -2.170458992574376966e-03
3.000000000000000000e+00 -2.307916905032289263e-03
4.000000000000000000e+00 -1.793595115710500251e-03
5.000000000000000000e+00 -2.297070344185728544e-03
6.000000000000000000e+00 -1.446535231150615670e-03
7.000000000000000000e+00 4.479322244706859801e-03
8.000000000000000000e+00 -2.326363273478657817e-03
9.000000000000000000e+00 -2.349126621242005747e-03
1.000000000000000000e+01 5.869253609638224074e-03
1.100000000000000000e+01 -1.171511181126565649e-03
1.200000000000000000e+01 -2.994633215787061847e-04
1.300000000000000000e+01 4.796875062259677372e-03
1.000000000000000000e+00 -2.970283083919447015e-04
2.000000000000000000e+00 -1.940859477223113531e-03
3.000000000000000000e+00 -1.862215898579534746e-03
4.000000000000000000e+00 -2.095272656636292669e-03
5.000000000000000000e+00 -1.594887856251492363e-03
6.000000000000000000e+00 -1.612628575128575038e-03
7.000000000000000000e+00 2.945504159140522639e-03
8.000000000000000000e+00 -2.006552117915753972e-03
9.000000000000000000e+00 -2.100912387276023235e-03
1.000000000000000000e+01 2.781495020131383687e-03
1.100000000000000000e+01 1.520816809453172814e-03
1.200000000000000000e+01 1.244333906833906605e-03
1.300000000000000000e+01 4.766217242353605610e-03
1.000000000000000000e+00 1.374823751746828476e-03
2.000000000000000000e+00 -1.498438634015557009e-03
3.000000000000000000e+00 -1.845390293467216378e-03
4.000000000000000000e+00 -7.931175661944892723e-04
5.000000000000000000e+00 -1.438992987069910015e-03
6.000000000000000000e+00 2.832904275211966058e-05
7.000000000000000000e+00 1.903064954988031680e-03
8.000000000000000000e+00 -1.622332332909255919e-03
9.000000000000000000e+00 -1.405635603712526716e-03
1.000000000000000000e+01 1.444027695950772777e-03
1.100000000000000000e+01 -5.322108802878033462e-04
1.200000000000000000e+01 8.284613178843947597e-04
1.300000000000000000e+01 3.271715286138362697e-03
1.000000000000000000e+00 -1.918665024434255246e-04
2.000000000000000000e+00 -2.188331148908071594e-03
3.000000000000000000e+00 -2.120413880990803992e-03
4.000000000000000000e+00 -2.041433602010524814e-03
5.000000000000000000e+00 -1.727358325435248429e-03
6.000000000000000000e+00 -1.452069725146648083e-03
7.000000000000000000e+00 3.218583233006309680e-03
8.000000000000000000e+00 -2.243453804030726834e-03
9.000000000000000000e+00 -2.116746252323175020e-03
1.000000000000000000e+01 5.299637826560903327e-03
1.100000000000000000e+01 7.259064653295421634e-04
1.200000000000000000e+01 1.592946369869446517e-03
1.300000000000000000e+01 3.066767456190533023e-03
1.000000000000000000e+00 2.073612036112035956e-03
2.000000000000000000e+00 -1.611831686831686778e-03
3.000000000000000000e+00 -1.974926924926924659e-03
4.000000000000000000e+00 -1.977055352055351583e-03
5.000000000000000000e+00 -1.336873774373774229e-03
6.000000000000000000e+00 -7.042679542679542186e-04
7.000000000000000000e+00 4.471690346690346523e-04
8.000000000000000000e+00 -1.931949531949531812e-03
9.000000000000000000e+00 -1.997461797461797407e-03
1.000000000000000000e+01 3.446393421393421311e-03
1.100000000000000000e+01 -3.264698264698266927e-05
1.200000000000000000e+01 2.244673844673844305e-03
1.300000000000000000e+01 3.217443204943204720e-03
1.000000000000000000e+00 1.240690826267749122e-03
2.000000000000000000e+00 -1.564559016482093340e-03
3.000000000000000000e+00 -1.915136217059293941e-03
4.000000000000000000e+00 -1.916206443129519999e-03
5.000000000000000000e+00 -1.371515485938562843e-03
6.000000000000000000e+00 -1.600423614846691696e-03
7.000000000000000000e+00 3.333781531858454484e-03
8.000000000000000000e+00 -1.932602547025623861e-03
9.000000000000000000e+00 -2.002702354625431318e-03
1.000000000000000000e+01 2.485427571004493810e-03
1.100000000000000000e+01 1.601109574186497042e-03
1.200000000000000000e+01 6.655155385924616321e-04
1.300000000000000000e+01 2.705817366394289158e-03
1.000000000000000000e+00 1.281125356125355913e-03
2.000000000000000000e+00 -2.049700762200761927e-03
3.000000000000000000e+00 -2.266048766048765761e-03
4.000000000000000000e+00 -1.998624523624523575e-03
5.000000000000000000e+00 -2.018940781440781325e-03
6.000000000000000000e+00 -1.307108169608169491e-03
7.000000000000000000e+00 8.893504643504643445e-04
8.000000000000000000e+00 -2.259615384615384220e-03
9.000000000000000000e+00 -2.159988159988159712e-03
1.000000000000000000e+01 3.544184519184518864e-03
1.100000000000000000e+01 9.106467606467606203e-04
1.200000000000000000e+01 3.181347818847818712e-03
1.300000000000000000e+01 4.125317275317274927e-03
1.000000000000000000e+00 -1.035085285085285119e-04
2.000000000000000000e+00 -2.099774762274761973e-03
3.000000000000000000e+00 -2.055685055685055329e-03
4.000000000000000000e+00 -2.115737965737965638e-03
5.000000000000000000e+00 -1.931400543900543745e-03
6.000000000000000000e+00 -1.136481111481111401e-03
7.000000000000000000e+00 5.423457560957560368e-03
8.000000000000000000e+00 -2.142319254819254407e-03
9.000000000000000000e+00 -1.752053502053501797e-03
1.000000000000000000e+01 1.908973433973433801e-03
1.100000000000000000e+01 -4.748829873829873678e-04
1.200000000000000000e+01 1.276974876974876780e-03
1.300000000000000000e+01 4.891507104007103077e-03
1.000000000000000000e+00 2.614771802271802052e-03
2.000000000000000000e+00 -1.782528582528582466e-03
3.000000000000000000e+00 -2.150590150590150126e-03
4.000000000000000000e+00 -1.660943685943685761e-03
5.000000000000000000e+00 -1.891282791282791233e-03
6.000000000000000000e+00 -1.144914344914344830e-03
7.000000000000000000e+00 1.061068098568098425e-03
8.000000000000000000e+00 -2.194421319421319041e-03
9.000000000000000000e+00 -2.114791689791689459e-03
1.000000000000000000e+01 4.107135919635919105e-03
1.100000000000000000e+01 4.761775261775261290e-04
1.200000000000000000e+01 6.638939763939763396e-04
1.300000000000000000e+01 3.937781662781662459e-03
1.000000000000000000e+00 5.027698441159979357e-04
2.000000000000000000e+00 -1.732388978542824531e-03
3.000000000000000000e+00 -2.161994558148404213e-03
4.000000000000000000e+00 -2.140602061755907809e-03
5.000000000000000000e+00 -2.043265601919447717e-03
6.000000000000000000e+00 -1.690950787104633082e-03
7.000000000000000000e+00 2.005667872014025698e-03
8.000000000000000000e+00 -2.131631402785248881e-03
9.000000000000000000e+00 -2.148851220005066048e-03
1.000000000000000000e+01 4.745076148922302423e-03
1.100000000000000000e+01 9.392851806313344239e-04
1.200000000000000000e+01 1.532503998850152493e-03
1.300000000000000000e+01 3.952021055867209302e-03
1.000000000000000000e+00 1.949317776240853440e-04
2.000000000000000000e+00 -2.051338618646310601e-03
3.000000000000000000e+00 -1.859960552268244503e-03
4.000000000000000000e+00 -1.255012259819952023e-03
5.000000000000000000e+00 -1.269760937068629275e-03
6.000000000000000000e+00 -8.492943666020588266e-04
7.000000000000000000e+00 2.115730885923193440e-03
8.000000000000000000e+00 -2.053875896183588422e-03
9.000000000000000000e+00 -1.934641889449581660e-03
1.000000000000000000e+01 5.687586345278652575e-03
1.100000000000000000e+01 4.835255912178988594e-04
1.200000000000000000e+01 1.687694570386877920e-03
1.300000000000000000e+01 8.433884135807212480e-04
1.000000000000000000e+00 7.365874510105278883e-04
2.000000000000000000e+00 -1.769888017964941010e-03
3.000000000000000000e+00 -2.196210769287692231e-03
4.000000000000000000e+00 -1.553714376791299643e-03
5.000000000000000000e+00 -2.142002015078937720e-03
6.000000000000000000e+00 -9.554099034868265318e-04
7.000000000000000000e+00 5.030406594829671049e-03
8.000000000000000000e+00 -2.158957282034204995e-03
9.000000000000000000e+00 -2.182345930422853377e-03
1.000000000000000000e+01 3.777604767027843528e-03
1.100000000000000000e+01 -1.289176137253060213e-03
1.200000000000000000e+01 8.418423812654580963e-04
1.300000000000000000e+01 3.491927018850095668e-03
1.000000000000000000e+00 -4.844326969326969096e-04
2.000000000000000000e+00 -2.093794168794168697e-03
3.000000000000000000e+00 -1.922714322714322559e-03
4.000000000000000000e+00 -1.340703740703740477e-03
5.000000000000000000e+00 -1.588358863358863135e-03
6.000000000000000000e+00 -5.642547267547266387e-04
7.000000000000000000e+00 3.501005013505013256e-03
8.000000000000000000e+00 -2.091268916268916069e-03
9.000000000000000000e+00 -2.068156843156842770e-03
1.000000000000000000e+01 4.160546860546859675e-03
1.100000000000000000e+01 -9.532999407999406729e-04
1.200000000000000000e+01 2.731596644096643840e-03
1.300000000000000000e+01 2.520064657564657484e-03
1.000000000000000000e+00 1.643131476785322743e-03
2.000000000000000000e+00 -1.975338941685095447e-03
3.000000000000000000e+00 -2.174677566023719508e-03
4.000000000000000000e+00 -1.553357219703373334e-03
5.000000000000000000e+00 -1.845114073960227611e-03
6.000000000000000000e+00 -1.857060923407077152e-03
7.000000000000000000e+00 2.879272650426496077e-03
8.000000000000000000e+00 -2.099376940723094494e-03
9.000000000000000000e+00 -2.125627541973695682e-03
1.000000000000000000e+01 3.547821231475077434e-03
1.100000000000000000e+01 1.455481164135010060e-03
1.200000000000000000e+01 7.618072454610916441e-04
1.300000000000000000e+01 3.036882633036479002e-03
1.000000000000000000e+00 1.381904669404669271e-03
2.000000000000000000e+00 -1.655030155030154772e-03
3.000000000000000000e+00 -2.138820438820438364e-03
4.000000000000000000e+00 -1.983529433529433207e-03
5.000000000000000000e+00 -2.065720390720390560e-03
6.000000000000000000e+00 -1.168702593702593577e-03
7.000000000000000000e+00 2.005732230732230285e-03
8.000000000000000000e+00 -2.110140785140784785e-03
9.000000000000000000e+00 -2.078202353202353130e-03
1.000000000000000000e+01 2.753916453916453819e-03
1.100000000000000000e+01 8.605722980722979500e-04
1.200000000000000000e+01 6.060749435749435057e-04
1.300000000000000000e+01 5.283768546268545474e-03
1.000000000000000000e+00 8.020238308699846998e-04
2.000000000000000000e+00 -2.001637785291631322e-03
3.000000000000000000e+00 -2.194314552968398661e-03
4.000000000000000000e+00 -2.180624076777922492e-03
5.000000000000000000e+00 -1.653573812227658157e-03
6.000000000000000000e+00 -3.760726097264558755e-04
7.000000000000000000e+00 1.357983149329303153e-03
8.000000000000000000e+00 -1.997290743444589400e-03
9.000000000000000000e+00 -1.987971359125205104e-03
1.000000000000000000e+01 5.475111853958007126e-03
1.100000000000000000e+01 -9.514634226172687028e-04
1.200000000000000000e+01 3.895298433759971355e-04
1.300000000000000000e+01 5.091868708214861150e-03
1.000000000000000000e+00 4.015687304148842169e-04
2.000000000000000000e+00 -1.910636656790502689e-03
3.000000000000000000e+00 -2.077453636107482165e-03
4.000000000000000000e+00 -1.822980331634177671e-03
5.000000000000000000e+00 -1.850289133942979941e-03
6.000000000000000000e+00 -1.329876676030521945e-03
7.000000000000000000e+00 4.278991770337923876e-03
8.000000000000000000e+00 -1.983508229662075528e-03
9.000000000000000000e+00 -1.834374030527876611e-03
1.000000000000000000e+01 2.379768308614462098e-03
1.100000000000000000e+01 -8.074500286038747239e-04
1.200000000000000000e+01 3.932996099342252541e-03
1.300000000000000000e+01 2.439615868462021928e-03
1.000000000000000000e+00 5.106367990983374491e-05
2.000000000000000000e+00 -1.727976724130570168e-03
3.000000000000000000e+00 -1.602339398493244412e-03
4.000000000000000000e+00 -1.823311019464865469e-03
5.000000000000000000e+00 -1.531277589931435892e-03
6.000000000000000000e+00 -6.936032272570732873e-04
7.000000000000000000e+00 4.705458821804974802e-03
8.000000000000000000e+00 -1.863642909796755717e-03
9.000000000000000000e+00 -1.744126315280161276e-03
1.000000000000000000e+01 1.424704853551007162e-03
1.100000000000000000e+01 1.466823383169536810e-03
1.200000000000000000e+01 1.214826306172459795e-03
1.300000000000000000e+01 1.891028807374961051e-03
1.000000000000000000e+00 6.543919043919042920e-04
2.000000000000000000e+00 -2.096125171125170789e-03
3.000000000000000000e+00 -2.242289192289192122e-03
4.000000000000000000e+00 -2.108859658859658492e-03
5.000000000000000000e+00 -2.056983756983756569e-03
6.000000000000000000e+00 -6.514582639582639336e-04
7.000000000000000000e+00 3.438194213194213037e-03
8.000000000000000000e+00 -1.811378898878898821e-03
9.000000000000000000e+00 -2.242078754578754295e-03
1.000000000000000000e+01 3.493485218485218365e-03
1.100000000000000000e+01 -4.045366670366669403e-04
1.200000000000000000e+01 1.498776223776223521e-03
1.300000000000000000e+01 4.351716339216338443e-03
1.000000000000000000e+00 8.546356421356420419e-04
2.000000000000000000e+00 -1.939333814333814255e-03
3.000000000000000000e+00 -2.101004088504088239e-03
4.000000000000000000e+00 -1.454208754208754064e-03
5.000000000000000000e+00 -1.895923520923520778e-03
6.000000000000000000e+00 -1.297973785473785415e-03
7.000000000000000000e+00 1.559481721981721952e-03
8.000000000000000000e+00 -2.039201539201538921e-03
9.000000000000000000e+00 -1.812896825396825362e-03
1.000000000000000000e+01 5.526539201539200710e-03
1.100000000000000000e+01 -3.201118326118326004e-04
1.200000000000000000e+01 1.550895863395863319e-03
1.300000000000000000e+01 3.172468734968734647e-03
1.000000000000000000e+00 4.690892182150922709e-05
2.000000000000000000e+00 -2.319902044989457460e-03
3.000000000000000000e+00 -2.270767845855258156e-03
4.000000000000000000e+00 -2.129684392271804626e-03
5.000000000000000000e+00 -1.785077610165022605e-03
6.000000000000000000e+00 -1.804511122780353338e-03
7.000000000000000000e+00 2.248448123360710649e-03
8.000000000000000000e+00 -2.060386560473972777e-03
9.000000000000000000e+00 -1.728409740997153372e-03
1.000000000000000000e+01 3.469022918935506239e-03
1.100000000000000000e+01 -4.836648394340701293e-04
1.200000000000000000e+01 1.808464958377545588e-03
1.300000000000000000e+01 6.734366834279421031e-03
1.000000000000000000e+00 1.273712541020233149e-03
2.000000000000000000e+00 -1.967364900057207676e-03
3.000000000000000000e+00 -1.989184284376591897e-03
4.000000000000000000e+00 -1.861400494092801646e-03
5.000000000000000000e+00 -2.016589286781594187e-03
6.000000000000000000e+00 -9.969464296387372040e-04
7.000000000000000000e+00 2.288184642992335122e-03
8.000000000000000000e+00 -1.417875963068270613e-03
9.000000000000000000e+00 -2.019469277161584780e-03
1.000000000000000000e+01 3.500311867619559838e-03
1.100000000000000000e+01 7.715585696354927887e-05
1.200000000000000000e+01 2.273225528033220259e-03
1.300000000000000000e+01 2.500023267330959541e-03
