1.000000000000000000e+00 3.662221574721574377e-03
2.000000000000000000e+00 -3.163848651348651151e-03
3.000000000000000000e+00 -4.393694731194730703e-03
4.000000000000000000e+00 -3.804451104451104376e-03
5.000000000000000000e+00 -3.648973711473711343e-03
6.000000000000000000e+00 -3.662092999592999124e-03
7.000000000000000000e+00 8.639776889776889374e-03
8.000000000000000000e+00 -4.431489343989343348e-03
9.000000000000000000e+00 -4.406068468568467844e-03
1.000000000000000000e+01 5.401068376068375414e-03
1.100000000000000000e+01 -7.120809745809744337e-04
1.200000000000000000e+01 3.929423354423353977e-03
1.300000000000000000e+01 5.868697043697043356e-03
1.000000000000000000e+00 2.518613686882917573e-03
2.000000000000000000e+00 -3.797498189456231365e-03
3.000000000000000000e+00 -4.170672027402796446e-03
4.000000000000000000e+00 -3.736448843179612355e-03
5.000000000000000000e+00 -3.643597712828481727e-03
6.000000000000000000e+00 -3.629570536301305380e-03
7.000000000000000000e+00 4.824247405016635071e-03
8.000000000000000000e+00 -3.711533018263787117e-03
9.000000000000000000e+00 -3.884368516099284858e-03
1.000000000000000000e+01 4.137166640663143477e-03
1.100000000000000000e+01 -6.009602932679857347e-05
1.200000000000000000e+01 2.148637114633617819e-03
1.300000000000000000e+01 1.253672175726371421e-02
1.000000000000000000e+00 1.203542608000649763e-03
2.000000000000000000e+00 -3.243595439137396744e-03
3.000000000000000000e+00 -3.974283269825227595e-03
4.000000000000000000e+00 -3.678816699358657041e-03
5.000000000000000000e+00 -2.338226271268228906e-03
6.000000000000000000e+00 -1.111339731881689835e-03
7.000000000000000000e+00 4.687134479092520782e-03
8.000000000000000000e+00 -4.411404481946439200e-03
9.000000000000000000e+00 -4.244256814798771926e-03
1.000000000000000000e+01 5.901714806172847841e-03
1.100000000000000000e+01 1.490970457928499906e-03
1.200000000000000000e+01 5.010620967351736392e-03
1.300000000000000000e+01 4.292721736952505307e-03
1.000000000000000000e+00 2.089986544794236907e-03
2.000000000000000000e+00 -4.222303017495324801e-03
3.000000000000000000e+00 -4.348457418649726014e-03
4.000000000000000000e+00 -3.552660160352467868e-03
5.000000000000000000e+00 -3.665166172858480217e-03
6.000000000000000000e+00 -2.959502036425112849e-04
7.000000000000000000e+00 -3.574581401504478388e-04
8.000000000000000000e+00 -4.460512493204800595e-03
9.000000000000000000e+00 -3.308957104149411708e-03
1.000000000000000000e+01 6.723506265813957404e-03
1.100000000000000000e+01 3.457891787699479691e-03
1.200000000000000000e+01 4.077949507757199984e-03
1.300000000000000000e+01 7.411252778560470551e-03
1.000000000000000000e+00 5.857583726814495281e-03
2.000000000000000000e+00 -3.841869135138365702e-03
3.000000000000000000e+00 -3.939608432877663227e-03
4.000000000000000000e+00 -3.824998043267273905e-03
5.000000000000000000e+00 -2.960153165922396572e-03
6.000000000000000000e+00 -3.543354224123454466e-03
7.000000000000000000e+00 7.078459147689916339e-03
8.000000000000000000e+00 -3.796534839804070315e-03
9.000000000000000000e+00 -3.404693810463041165e-03
1.000000000000000000e+01 -7.228395536087843260e-04
1.100000000000000000e+01 1.836161167891936898e-03
1.200000000000000000e+01 5.520124426855195672e-03
1.300000000000000000e+01 5.376631345862114761e-03
1.000000000000000000e+00 2.534232434232433842e-03
2.000000000000000000e+00 -3.897261072261072080e-03
3.000000000000000000e+00 -4.249449624449623715e-03
4.000000000000000000e+00 -3.698782236282235816e-03
5.000000000000000000e+00 -3.399870499870499743e-03
6.000000000000000000e+00 -2.232921245421245083e-03
7.000000000000000000e+00 3.336793761793761543e-03
8.000000000000000000e+00 -4.201181226181225671e-03
9.000000000000000000e+00 -3.569194694194693842e-03
1.000000000000000000e+01 5.424756724756724449e-03
1.100000000000000000e+01 5.478146853146851920e-04
1.200000000000000000e+01 4.857158119658118792e-03
1.300000000000000000e+01 8.036036186036184595e-03
1.000000000000000000e+00 5.122969978739209257e-03
2.000000000000000000e+00 -3.849318381049150143e-03
3.000000000000000000e+00 -4.233547577778346699e-03
4.000000000000000000e+00 -3.711794331025100157e-03
5.000000000000000000e+00 -3.659100728331497309e-03
6.000000000000000000e+00 -8.416343983651675261e-04
7.000000000000000000e+00 6.795589026358256172e-03
8.000000000000000000e+00 -4.375382594613363464e-03
9.000000000000000000e+00 -3.590851385082154037e-03
1.000000000000000000e+01 3.189865120634351094e-03
1.100000000000000000e+01 -8.058660000967692982e-04
1.200000000000000000e+01 4.601529382298612941e-03
1.300000000000000000e+01 4.732638088407318741e-03
1.000000000000000000e+00 4.365358715358714711e-03
2.000000000000000000e+00 -3.702090964590964289e-03
3.000000000000000000e+00 -4.379622229622228899e-03
4.000000000000000000e+00 -2.446607559107558810e-03
5.000000000000000000e+00 -3.548285048285047816e-03
6.000000000000000000e+00 -1.681762681762681740e-03
7.000000000000000000e+00 4.278278203278202373e-03
8.000000000000000000e+00 -4.346336996336995669e-03
9.000000000000000000e+00 -4.233019295519294990e-03
1.000000000000000000e+01 4.009272671772671701e-03
1.100000000000000000e+01 3.776649276649276707e-04
1.200000000000000000e+01 5.984092296592295745e-03
1.300000000000000000e+01 4.931758056758056216e-03
1.000000000000000000e+00 4.632282069782069599e-03
2.000000000000000000e+00 -4.125852850852850147e-03
3.000000000000000000e+00 -3.795994745994745595e-03
4.000000000000000000e+00 -3.821884596884596655e-03
5.000000000000000000e+00 -4.372281422281422067e-03
6.000000000000000000e+00 -2.251947126947126659e-03
7.000000000000000000e+00 5.678319828319827907e-03
8.000000000000000000e+00 -4.531973581973581210e-03
9.000000000000000000e+00 -4.439128464128463611e-03
1.000000000000000000e+01 6.400397750397749524e-03
1.100000000000000000e+01 -1.799181374181373994e-03
1.200000000000000000e+01 4.403025215525215377e-03
1.300000000000000000e+01 7.641932141932141105e-03
1.000000000000000000e+00 6.427231813770275387e-03
2.000000000000000000e+00 -3.807983433944971997e-03
3.000000000000000000e+00 -4.402596228557766403e-03
4.000000000000000000e+00 -2.942675593637131704e-03
5.000000000000000000e+00 -4.425125088586626121e-03
6.000000000000000000e+00 -1.346523597485135663e-03
7.000000000000000000e+00 5.672073083611544470e-03
8.000000000000000000e+00 -4.666966117927656178e-03
9.000000000000000000e+00 -4.055682031643569399e-03
1.000000000000000000e+01 6.526564425602886590e-03
1.100000000000000000e+01 2.288311012349473778e-03
1.200000000000000000e+01 4.052159663698124727e-03
1.300000000000000000e+01 2.696199811584426543e-04
1.000000000000000000e+00 2.622994135494135463e-03
2.000000000000000000e+00 -4.344249731749730802e-03
3.000000000000000000e+00 -4.688856513856513690e-03
4.000000000000000000e+00 -3.881701631701631530e-03
5.000000000000000000e+00 -4.183571521071520645e-03
6.000000000000000000e+00 -1.286232286232285758e-04
7.000000000000000000e+00 1.182566368816368764e-02
8.000000000000000000e+00 -4.360952473452472944e-03
9.000000000000000000e+00 -4.199185999185998941e-03
1.000000000000000000e+01 2.405347430347429954e-03
1.100000000000000000e+01 -1.474967624967624732e-03
1.200000000000000000e+01 3.322663447663447116e-03
1.300000000000000000e+01 6.605281292781292439e-03
1.000000000000000000e+00 1.529959854959854872e-03
2.000000000000000000e+00 -2.234422059422059084e-03
3.000000000000000000e+00 -3.776166888666888412e-03
4.000000000000000000e+00 -3.596831871831871440e-03
5.000000000000000000e+00 -3.149278961778961741e-03
6.000000000000000000e+00 -1.913240000740000588e-03
7.000000000000000000e+00 4.899392274392274337e-03
8.000000000000000000e+00 -2.989695027195026725e-03
9.000000000000000000e+00 -3.857997095497095203e-03
1.000000000000000000e+01 2.780320605320605026e-03
1.100000000000000000e+01 -1.861803011803011675e-03
1.200000000000000000e+01 3.570874958374958309e-03
1.300000000000000000e+01 1.009560439560439407e-02
1.000000000000000000e+00 5.631734006734006367e-04
2.000000000000000000e+00 -4.438510101010100135e-03
3.000000000000000000e+00 -4.440325877825877267e-03
4.000000000000000000e+00 -4.298520923520923048e-03
5.000000000000000000e+00 -3.947949735449735043e-03
6.000000000000000000e+00 -2.108525733525733789e-04
7.000000000000000000e+00 6.462145262145261963e-03
8.000000000000000000e+00 -3.910924723424722554e-03
9.000000000000000000e+00 -3.986766474266473410e-03
1.000000000000000000e+01 8.307172919672919237e-03
1.100000000000000000e+01 2.619029581529581149e-03
1.200000000000000000e+01 3.239664502164501993e-03
1.300000000000000000e+01 3.515518278018277699e-03
1.000000000000000000e+00 5.770729270729269781e-04
2.000000000000000000e+00 -3.834928034928034458e-03
3.000000000000000000e+00 -4.621484071484070755e-03
4.000000000000000000e+00 -3.553777241277240959e-03
5.000000000000000000e+00 -4.026648814148813330e-03
6.000000000000000000e+00 -7.965622340622339039e-04
7.000000000000000000e+00 1.125357605357605283e-02
8.000000000000000000e+00 -4.607727457727457329e-03
9.000000000000000000e+00 -3.721508121508121381e-03
1.000000000000000000e+01 1.223483460983460858e-03
1.100000000000000000e+01 3.393138343138342797e-03
1.200000000000000000e+01 6.050659988159987762e-03
1.300000000000000000e+01 2.397701835201835122e-03
1.000000000000000000e+00 -4.144351019351019596e-04
2.000000000000000000e+00 -4.491046453546453272e-03
3.000000000000000000e+00 -4.174548137048136875e-03
4.000000000000000000e+00 -4.167405279905279404e-03
5.000000000000000000e+00 -3.558067858067857914e-03
6.000000000000000000e+00 -2.545008695008694772e-03
7.000000000000000000e+00 1.126413031413031271e-02
8.000000000000000000e+00 -4.619052706552706326e-03
9.000000000000000000e+00 -3.757592870092869852e-03
1.000000000000000000e+01 2.995064657564657212e-03
1.100000000000000000e+01 -1.265673678173677950e-03
1.200000000000000000e+01 1.226335470085469954e-02
1.300000000000000000e+01 2.085745273245272723e-03
1.000000000000000000e+00 3.074253986753986562e-03
2.000000000000000000e+00 -3.652718115218115107e-03
3.000000000000000000e+00 -4.081259481259480459e-03
4.000000000000000000e+00 -3.921176508676508209e-03
5.000000000000000000e+00 -3.555790505790505478e-03
6.000000000000000000e+00 -2.397144522144521988e-03
7.000000000000000000e+00 5.011495448995448819e-03
8.000000000000000000e+00 -4.332329707329707173e-03
9.000000000000000000e+00 -3.492659192659192374e-03
1.000000000000000000e+01 5.124031524031523281e-03
1.100000000000000000e+01 1.920327820327820097e-03
1.200000000000000000e+01 5.597925222925222676e-03
1.300000000000000000e+01 4.331739556739555748e-03
1.000000000000000000e+00 1.151195706003398144e-03
2.000000000000000000e+00 -3.895335078027385538e-03
3.000000000000000000e+00 -4.340957973650280514e-03
4.000000000000000000e+00 -3.986280243972551394e-03
5.000000000000000000e+00 -3.576696309388616591e-03
6.000000000000000000e+00 -3.426143158835466464e-03
7.000000000000000000e+00 5.401995369303060936e-03
8.000000000000000000e+00 -4.461857444549751674e-03
9.000000000000000000e+00 -4.093555376247683640e-03
1.000000000000000000e+01 7.562084354392046258e-03
1.100000000000000000e+01 -7.732992434915511104e-04
1.200000000000000000e+01 6.293181035488727530e-03
1.300000000000000000e+01 7.930432672740364564e-03
1.000000000000000000e+00 1.667257279757279739e-03
2.000000000000000000e+00 -4.417657342657341918e-03
3.000000000000000000e+00 -4.370813908313907897e-03
4.000000000000000000e+00 -3.720374995374994918e-03
5.000000000000000000e+00 -4.320549358049357441e-03
6.000000000000000000e+00 -2.460507085507085152e-03
7.000000000000000000e+00 3.952598790098789221e-03
8.000000000000000000e+00 -4.460526510526510204e-03
9.000000000000000000e+00 -3.447713860213860032e-03
1.000000000000000000e+01 1.006308321308321124e-02
1.100000000000000000e+01 -2.584029396529396398e-03
1.200000000000000000e+01 6.400680800680800045e-03
1.300000000000000000e+01 7.063992488992488702e-03
1.000000000000000000e+00 -1.183219558219557576e-04
2.000000000000000000e+00 -2.846183908683908460e-03
3.000000000000000000e+00 -4.332860195360195045e-03
4.000000000000000000e+00 -4.106705794205793569e-03
5.000000000000000000e+00 -3.538151200651200312e-03
6.000000000000000000e+00 -2.283834221334221128e-03
7.000000000000000000e+00 6.042326192326192072e-03
8.000000000000000000e+00 -4.548661061161060441e-03
9.000000000000000000e+00 -3.623576886076885790e-03
1.000000000000000000e+01 1.640528453028452897e-03
1.100000000000000000e+01 1.173657361157361004e-03
1.200000000000000000e+01 1.114234422984422893e-02
1.300000000000000000e+01 5.021492858992858410e-03
1.000000000000000000e+00 8.690257747950055466e-04
2.000000000000000000e+00 -3.803388847619616417e-03
3.000000000000000000e+00 -4.495879227609996323e-03
4.000000000000000000e+00 -4.304633436364204736e-03
5.000000000000000000e+00 -4.008968453199221980e-03
6.000000000000000000e+00 -1.846719590950359965e-03
7.000000000000000000e+00 7.068111873881103950e-03
8.000000000000000000e+00 -4.445241901972670981e-03
9.000000000000000000e+00 -4.275009819240588316e-03
1.000000000000000000e+01 8.879619810389040649e-03
1.100000000000000000e+01 -8.767654709962402178e-04
1.200000000000000000e+01 6.495246313515543914e-03
1.300000000000000000e+01 4.338945207214437751e-03
1.000000000000000000e+00 2.159214147675685928e-03
2.000000000000000000e+00 -3.918906342944804277e-03
3.000000000000000000e+00 -4.355859204897665794e-03
4.000000000000000000e+00 -4.105775029813490962e-03
5.000000000000000000e+00 -3.227095376133837321e-03
6.000000000000000000e+00 -1.019669931208392688e-03
7.000000000000000000e+00 7.834523770712580049e-03
8.000000000000000000e+00 -4.535909709948170859e-03
9.000000000000000000e+00 -4.278863052901513836e-03
1.000000000000000000e+01 4.427017177978716071e-03
1.100000000000000000e+01 -5.913704529089143904e-04
1.200000000000000000e+01 2.101748254982520412e-03
1.300000000000000000e+01 9.011031564265829449e-03
1.000000000000000000e+00 1.515668380441107617e-03
2.000000000000000000e+00 -3.381012716239988839e-03
3.000000000000000000e+00 -4.335918921146193414e-03
4.000000000000000000e+00 -4.331890542117814748e-03
5.000000000000000000e+00 -4.024567309794582076e-03
6.000000000000000000e+00 -3.379998242498242350e-03
7.000000000000000000e+00 7.027717442490168803e-03
8.000000000000000000e+00 -4.604497564724837136e-03
9.000000000000000000e+00 -4.389586549813822083e-03
1.000000000000000000e+01 9.026136153408879925e-03
1.100000000000000000e+01 -1.749477122204394757e-03
1.200000000000000000e+01 3.200677563177563040e-03
1.300000000000000000e+01 8.948550775823502224e-03
1.000000000000000000e+00 7.781188466415739011e-03
2.000000000000000000e+00 -4.017903645176372149e-03
3.000000000000000000e+00 -4.235147512420238923e-03
4.000000000000000000e+00 -4.208235535508262140e-03
5.000000000000000000e+00 -4.195048470048469598e-03
6.000000000000000000e+00 7.834852437125164196e-04
7.000000000000000000e+00 5.331489091716363690e-03
8.000000000000000000e+00 -4.298735776008502825e-03
9.000000000000000000e+00 -2.736524376297103447e-03
1.000000000000000000e+01 2.702105974833247330e-03
1.100000000000000000e+01 1.455533103260375901e-03
1.200000000000000000e+01 2.970710308210308074e-03
1.300000000000000000e+01 2.126300299027571606e-03
1.000000000000000000e+00 4.340406850983773678e-03
2.000000000000000000e+00 -3.161300700723777314e-03
3.000000000000000000e+00 -4.174456063879140692e-03
4.000000000000000000e+00 -4.084665299088375938e-03
5.000000000000000000e+00 -3.726223740646817176e-03
6.000000000000000000e+00 -2.326043365466442126e-03
7.000000000000000000e+00 5.950436636013558579e-03
8.000000000000000000e+00 -4.401452215875292610e-03
9.000000000000000000e+00 -4.218984683407759478e-03
1.000000000000000000e+01 7.190953989030911785e-03
1.100000000000000000e+01 5.918438399207629234e-04
1.200000000000000000e+01 5.313655824232746752e-03
1.300000000000000000e+01 2.336769284846207644e-03
1.000000000000000000e+00 1.698043053812284481e-03
2.000000000000000000e+00 -3.648583930314699356e-03
3.000000000000000000e+00 -4.283901390632159113e-03
4.000000000000000000e+00 -4.110879505110273495e-03
5.000000000000000000e+00 -3.606652713383482183e-03
6.000000000000000000e+00 -1.780522362253131449e-03
7.000000000000000000e+00 6.175533618802848783e-03
8.000000000000000000e+00 -4.469026450757219819e-03
9.000000000000000000e+00 -3.848415580146348925e-03
1.000000000000000000e+01 8.623391779161009366e-03
1.100000000000000000e+01 -1.317914137144906217e-03
1.200000000000000000e+01 4.716278984548214620e-03
1.300000000000000000e+01 5.307626988396218354e-03
1.000000000000000000e+00 4.736603674103673743e-03
2.000000000000000000e+00 -3.096795796795796720e-03
3.000000000000000000e+00 -4.119871794871794030e-03
4.000000000000000000e+00 -4.208508158508157682e-03
5.000000000000000000e+00 -3.940638990638989890e-03
6.000000000000000000e+00 -3.081151256151255877e-03
7.000000000000000000e+00 3.246019258519258245e-03
8.000000000000000000e+00 -4.075920375920375795e-03
9.000000000000000000e+00 -3.082041107041106655e-03
1.000000000000000000e+01 8.429070004070003327e-03
1.100000000000000000e+01 -3.218258593258593067e-04
1.200000000000000000e+01 4.261645761645760887e-03
1.300000000000000000e+01 4.642568080068079465e-03
1.000000000000000000e+00 -9.069149511457202202e-04
2.000000000000000000e+00 -4.360221829452597814e-03
3.000000000000000000e+00 -4.488300232531001153e-03
4.000000000000000000e+00 -3.295166514397283430e-03
5.000000000000000000e+00 -3.746068390299159279e-03
6.000000000000000000e+00 -1.005123224353993627e-03
7.000000000000000000e+00 9.813407319176549459e-03
8.000000000000000000e+00 -4.535077529308297918e-03
9.000000000000000000e+00 -4.481349775580544155e-03
1.000000000000000000e+01 6.052193995463225722e-03
1.100000000000000000e+01 1.041064846834077436e-03
1.200000000000000000e+01 4.056210349479580021e-03
1.300000000000000000e+01 5.241769697538927950e-03
1.000000000000000000e+00 2.478878603266715126e-03
2.000000000000000000e+00 -4.236308986920874278e-03
3.000000000000000000e+00 -4.454352517464405491e-03
4.000000000000000000e+00 -4.514182964794852780e-03
5.000000000000000000e+00 -3.752151940263828180e-03
6.000000000000000000e+00 -3.178895567007455035e-03
7.000000000000000000e+00 9.648491397879509213e-03
8.000000000000000000e+00 -4.732028082639970490e-03
9.000000000000000000e+00 -4.209060309672197318e-03
1.000000000000000000e+01 6.316961816349928038e-03
1.100000000000000000e+01 1.493132612013731511e-04
1.200000000000000000e+01 1.695850267965652537e-03
1.300000000000000000e+01 8.006111765727149873e-03
1.000000000000000000e+00 3.201618609310916651e-03
2.000000000000000000e+00 -3.779568259375951349e-03
3.000000000000000000e+00 -4.251333531141222519e-03
4.000000000000000000e+00 -3.609414339222031132e-03
5.000000000000000000e+00 -4.058476388284080333e-03
6.000000000000000000e+00 -2.498188990496682648e-03
7.000000000000000000e+00 1.068594585613816261e-02
8.000000000000000000e+00 -4.254916984724676880e-03
9.000000000000000000e+00 -4.104880909688601344e-03
1.000000000000000000e+01 6.087729720422027646e-03
1.100000000000000000e+01 -8.904088077164999974e-04
1.200000000000000000e+01 2.266967718890796170e-04
1.300000000000000000e+01 6.731524814217121691e-03
1.000000000000000000e+00 2.451634644816462439e-04
2.000000000000000000e+00 -4.244669387851205539e-03
3.000000000000000000e+00 -4.295414938596755876e-03
4.000000000000000000e+00 -4.694116237298055251e-03
5.000000000000000000e+00 -3.572344953026771082e-03
6.000000000000000000e+00 -3.284783734783734612e-03
7.000000000000000000e+00 8.670283714601895869e-03
8.000000000000000000e+00 -4.693190311372129331e-03
9.000000000000000000e+00 -4.601271119452936785e-03
1.000000000000000000e+01 4.333589390407571393e-03
1.100000000000000000e+01 2.977582896901078465e-03
1.200000000000000000e+01 4.825876438376438225e-03
1.300000000000000000e+01 7.818804638122818854e-03
1.000000000000000000e+00 4.106773176965484128e-03
2.000000000000000000e+00 -3.772183051990743875e-03
3.000000000000000000e+00 -4.628183532991225063e-03
4.000000000000000000e+00 -3.171431488739180800e-03
5.000000000000000000e+00 -3.625934855742547931e-03
6.000000000000000000e+00 -1.876193606962833345e-05
7.000000000000000000e+00 5.724505907198214512e-03
8.000000000000000000e+00 -3.959280214087906175e-03
9.000000000000000000e+00 -3.404542359350051436e-03
1.000000000000000000e+01 1.376596409288716747e-03
1.100000000000000000e+01 -8.094124892201814232e-04
1.200000000000000000e+01 3.814240709433016664e-03
1.300000000000000000e+01 7.651007183699490982e-03
1.000000000000000000e+00 -2.569873502565810336e-04
2.000000000000000000e+00 -4.487957768726998607e-03
3.000000000000000000e+00 -4.478277634046864616e-03
4.000000000000000000e+00 -4.219691775461005545e-03
5.000000000000000000e+00 -3.697998653767884097e-03
6.000000000000000000e+00 -3.575361568630799122e-03
7.000000000000000000e+00 1.070802587725664529e-02
8.000000000000000000e+00 -4.717647523416753676e-03
9.000000000000000000e+00 -4.193489274258504693e-03
1.000000000000000000e+01 8.464537421268189879e-03
1.100000000000000000e+01 2.441599710830480007e-03
1.200000000000000000e+01 3.465846760077528985e-03
1.300000000000000000e+01 4.072004953735722070e-03
1.000000000000000000e+00 4.889821752321751695e-03
2.000000000000000000e+00 -3.819485606985606810e-03
3.000000000000000000e+00 -4.285695323195322891e-03
4.000000000000000000e+00 -4.210454822954822103e-03
5.000000000000000000e+00 -3.247816535316535181e-03
6.000000000000000000e+00 -1.672636160136159889e-03
7.000000000000000000e+00 1.249044936544936374e-03
8.000000000000000000e+00 -4.159083971583971313e-03
9.000000000000000000e+00 -4.178239815739815365e-03
1.000000000000000000e+01 3.748918673918673859e-03
1.100000000000000000e+01 4.814907314907315256e-05
1.200000000000000000e+01 7.696946571946571350e-03
1.300000000000000000e+01 7.710216172716171865e-03
1.000000000000000000e+00 3.412224741070894480e-03
2.000000000000000000e+00 -3.908618767272612621e-03
3.000000000000000000e+00 -4.212310445964291897e-03
4.000000000000000000e+00 -4.097158930812776732e-03
5.000000000000000000e+00 -3.658426367080212793e-03
6.000000000000000000e+00 -3.376998998152844211e-03
7.000000000000000000e+00 8.049666466012619578e-03
8.000000000000000000e+00 -3.844134640288486213e-03
9.000000000000000000e+00 -4.227630311284156887e-03
1.000000000000000000e+01 3.381577610423763813e-03
1.100000000000000000e+01 5.179410333256486386e-03
1.200000000000000000e+01 1.407669111515265185e-03
1.300000000000000000e+01 5.345848524694677729e-03
1.000000000000000000e+00 1.960783198283198251e-03
2.000000000000000000e+00 -3.982867595367594812e-03
3.000000000000000000e+00 -4.180222092722092088e-03
4.000000000000000000e+00 -3.794183131683131430e-03
5.000000000000000000e+00 -3.953737003737003465e-03
6.000000000000000000e+00 -1.888549413549413464e-03
7.000000000000000000e+00 2.947663910163910057e-03
8.000000000000000000e+00 -4.336366873866873313e-03
9.000000000000000000e+00 -4.039288951788950859e-03
1.000000000000000000e+01 4.586979686979686388e-03
1.100000000000000000e+01 2.077522015022014931e-03
1.200000000000000000e+01 7.543677618677618185e-03
1.300000000000000000e+01 6.795397195397194848e-03
1.000000000000000000e+00 9.686373811373811529e-04
2.000000000000000000e+00 -4.116812354312353837e-03
3.000000000000000000e+00 -4.035685610685610381e-03
4.000000000000000000e+00 -4.059326784326783462e-03
5.000000000000000000e+00 -3.717100954600954365e-03
6.000000000000000000e+00 -2.058304658304658131e-03
7.000000000000000000e+00 1.157608086358086208e-02
8.000000000000000000e+00 -4.217702205202204443e-03
9.000000000000000000e+00 -3.721508121508121381e-03
1.000000000000000000e+01 2.889266289266289017e-03
1.100000000000000000e+01 -1.172860935360935152e-03
1.200000000000000000e+01 3.219743682243681859e-03
1.300000000000000000e+01 7.965065952565951804e-03
1.000000000000000000e+00 4.094783919783919444e-03
2.000000000000000000e+00 -3.460308672808672537e-03
3.000000000000000000e+00 -4.160627335627335027e-03
4.000000000000000000e+00 -3.427330077330076937e-03
5.000000000000000000e+00 -3.694790394790394700e-03
6.000000000000000000e+00 -1.846762496762496646e-03
7.000000000000000000e+00 3.696509509009508754e-03
8.000000000000000000e+00 -4.249492174492173861e-03
9.000000000000000000e+00 -3.945692270692270458e-03
1.000000000000000000e+01 5.602612202612202059e-03
1.100000000000000000e+01 8.835886335886335282e-04
1.200000000000000000e+01 3.232223794723794365e-03
1.300000000000000000e+01 7.043383005883005303e-03
1.000000000000000000e+00 1.536632277978431738e-03
2.000000000000000000e+00 -3.902648348802194474e-03
3.000000000000000000e+00 -4.468244789398634689e-03
4.000000000000000000e+00 -4.369856141009986761e-03
5.000000000000000000e+00 -4.318539402193248035e-03
6.000000000000000000e+00 -2.978766674920520826e-03
7.000000000000000000e+00 5.001420730266883767e-03
8.000000000000000000e+00 -4.403189474343319892e-03
9.000000000000000000e+00 -4.282181778335623738e-03
1.000000000000000000e+01 8.192048620894773481e-03
1.100000000000000000e+01 1.430381121727275495e-03
1.200000000000000000e+01 5.521834575680729419e-03
1.300000000000000000e+01 6.202683356529509542e-03
1.000000000000000000e+00 1.718233262464031628e-03
2.000000000000000000e+00 -4.404596222865452861e-03
3.000000000000000000e+00 -4.295667651436881410e-03
4.000000000000000000e+00 -3.396395164664395370e-03
5.000000000000000000e+00 -3.108366064135294725e-03
6.000000000000000000e+00 -1.048715991985222674e-03
7.000000000000000000e+00 6.634316716047484672e-03
8.000000000000000000e+00 -4.527455770725000855e-03
9.000000000000000000e+00 -3.718046198815429422e-03
1.000000000000000000e+01 9.010507192237960858e-03
1.100000000000000000e+01 7.902857470165161905e-04
1.200000000000000000e+01 5.470518014748783527e-03
1.300000000000000000e+01 3.844429786737478668e-04
1.000000000000000000e+00 2.207971088740319325e-03
2.000000000000000000e+00 -3.928067872298640802e-03
3.000000000000000000e+00 -4.244542138772907681e-03
4.000000000000000000e+00 -3.161918281149049895e-03
5.000000000000000000e+00 -4.318700387931156785e-03
6.000000000000000000e+00 -1.510661667392436402e-03
7.000000000000000000e+00 9.557321738090967383e-03
8.000000000000000000e+00 -4.345335789566558485e-03
9.000000000000000000e+00 -4.047115491346260120e-03
1.000000000000000000e+01 6.648820054589285079e-03
1.100000000000000000e+01 -2.471983216213985163e-03
1.200000000000000000e+01 3.917188260457490911e-03
1.300000000000000000e+01 5.078920047189277448e-03
1.000000000000000000e+00 -7.956899581899580737e-04
2.000000000000000000e+00 -3.992581492581492343e-03
3.000000000000000000e+00 -4.316366966366965915e-03
4.000000000000000000e+00 -3.249147149147149031e-03
5.000000000000000000e+00 -3.306452343952343692e-03
6.000000000000000000e+00 -2.307029544529544222e-03
7.000000000000000000e+00 8.703997391497389838e-03
8.000000000000000000e+00 -4.563288563288562909e-03
9.000000000000000000e+00 -4.319060569060568198e-03
1.000000000000000000e+01 7.107538757538756601e-03
1.100000000000000000e+01 -1.164575239575239363e-03
1.200000000000000000e+01 7.075005087505087040e-03
1.300000000000000000e+01 4.621782384282384186e-03
1.000000000000000000e+00 3.437726091572245336e-03
2.000000000000000000e+00 -4.310596419250264585e-03
3.000000000000000000e+00 -4.705245288899134910e-03
4.000000000000000000e+00 -3.545204403858249510e-03
5.000000000000000000e+00 -4.313728934882780745e-03
6.000000000000000000e+00 -4.289985548639393964e-03
7.000000000000000000e+00 8.432976211822365217e-03
8.000000000000000000e+00 -4.649858083511928912e-03
9.000000000000000000e+00 -4.538229896883742148e-03
1.000000000000000000e+01 5.192103195949349624e-03
1.100000000000000000e+01 4.487575778921931886e-03
1.200000000000000000e+01 3.301712568058721639e-03
1.300000000000000000e+01 4.842920434266587658e-03
1.000000000000000000e+00 4.044063806563805846e-03
2.000000000000000000e+00 -3.265790690790690461e-03
3.000000000000000000e+00 -4.353561253561253307e-03
4.000000000000000000e+00 -4.176865726865726554e-03
5.000000000000000000e+00 -4.380208680208679331e-03
6.000000000000000000e+00 -3.059778184778184484e-03
7.000000000000000000e+00 4.780950530950530894e-03
8.000000000000000000e+00 -4.361918636918636107e-03
9.000000000000000000e+00 -4.164756539756539304e-03
1.000000000000000000e+01 5.548879823879823356e-03
1.100000000000000000e+01 7.325558700558699836e-04
1.200000000000000000e+01 1.922094109594109455e-03
1.300000000000000000e+01 1.006174057424057307e-02
1.000000000000000000e+00 3.437443219173988082e-03
2.000000000000000000e+00 -3.956081311850542098e-03
3.000000000000000000e+00 -4.402984871254101394e-03
4.000000000000000000e+00 -4.315256396025626308e-03
5.000000000000000000e+00 -2.569795838065068450e-03
6.000000000000000000e+00 -2.681965114657422142e-04
7.000000000000000000e+00 4.908527690258459100e-03
8.000000000000000000e+00 -4.032933163702394352e-03
9.000000000000000000e+00 -3.872435328204558609e-03
1.000000000000000000e+01 6.927871309602077858e-03
1.100000000000000000e+01 -6.100615908308215088e-04
1.200000000000000000e+01 1.157043988774757778e-03
1.300000000000000000e+01 7.226067557798326706e-03
1.000000000000000000e+00 7.908493216185522555e-04
2.000000000000000000e+00 -3.886423405654174709e-03
3.000000000000000000e+00 -3.960437354668123675e-03
4.000000000000000000e+00 -3.674891419122187919e-03
5.000000000000000000e+00 -3.967345724076492934e-03
6.000000000000000000e+00 -2.842952987183756334e-03
7.000000000000000000e+00 1.022124855201778267e-02
8.000000000000000000e+00 -4.111904406135174529e-03
9.000000000000000000e+00 -3.545863040093809142e-03
1.000000000000000000e+01 3.152851671120901825e-03
1.100000000000000000e+01 -7.175802118109809698e-04
1.200000000000000000e+01 9.212277893047121982e-03
1.300000000000000000e+01 2.977645858415088696e-03
1.000000000000000000e+00 9.457000264692572893e-04
2.000000000000000000e+00 -3.967918299649068545e-03
3.000000000000000000e+00 -3.988384870115638595e-03
4.000000000000000000e+00 -4.082672989403758439e-03
5.000000000000000000e+00 -3.894084725815494859e-03
6.000000000000000000e+00 -1.702832922063691069e-03
7.000000000000000000e+00 1.081786813613736659e-02
8.000000000000000000e+00 -4.474393768624537401e-03
9.000000000000000000e+00 -3.990922147652915981e-03
1.000000000000000000e+01 1.387384730653961132e-03
1.100000000000000000e+01 5.053072746341976534e-03
1.200000000000000000e+01 4.176514119783350000e-03
1.300000000000000000e+01 3.058001613770844340e-03
1.000000000000000000e+00 2.432674270174269796e-03
2.000000000000000000e+00 -3.801079938579938339e-03
3.000000000000000000e+00 -4.250009712509711726e-03
4.000000000000000000e+00 -3.987118899618898905e-03
5.000000000000000000e+00 -3.812431549931549757e-03
6.000000000000000000e+00 -1.795806970806970672e-03
7.000000000000000000e+00 8.974052336552336070e-03
8.000000000000000000e+00 -3.037491674991674769e-03
9.000000000000000000e+00 -4.213050838050837361e-03
1.000000000000000000e+01 5.525946275946275708e-03
1.100000000000000000e+01 -7.626660376660375582e-04
1.200000000000000000e+01 3.526631701631701213e-03
1.300000000000000000e+01 4.851102601102600352e-03
1.000000000000000000e+00 2.511400173900173779e-03
2.000000000000000000e+00 -3.801159951159950850e-03
3.000000000000000000e+00 -4.120225607725607614e-03
4.000000000000000000e+00 -3.477915602915602686e-03
5.000000000000000000e+00 -3.538984626484626122e-03
6.000000000000000000e+00 -1.963311225811225757e-03
7.000000000000000000e+00 4.287398249898249220e-03
8.000000000000000000e+00 -4.015842490842490287e-03
9.000000000000000000e+00 -3.772600547600547458e-03
1.000000000000000000e+01 7.345857845857845479e-03
1.100000000000000000e+01 5.526098901098901129e-04
1.200000000000000000e+01 4.746074296074295588e-03
1.300000000000000000e+01 4.816751304251304031e-03
1.000000000000000000e+00 1.848877052111317721e-03
2.000000000000000000e+00 -4.149740071505805469e-03
3.000000000000000000e+00 -4.219220590986325070e-03
4.000000000000000000e+00 -3.883061379827113923e-03
5.000000000000000000e+00 -3.607436079201812966e-03
6.000000000000000000e+00 -3.406986781025242179e-03
7.000000000000000000e+00 4.090886431620696824e-03
8.000000000000000000e+00 -3.675685422451156238e-03
9.000000000000000000e+00 -3.123369220134954074e-03
1.000000000000000000e+01 4.496045161779427257e-03
1.100000000000000000e+01 2.466433851049236480e-04
1.200000000000000000e+01 5.029216157450422907e-03
1.300000000000000000e+01 9.953687056921321080e-03
1.000000000000000000e+00 4.461206066013757507e-03
2.000000000000000000e+00 -4.585475030667337908e-03
3.000000000000000000e+00 -4.459693404885712448e-03
4.000000000000000000e+00 -4.333881716574023574e-03
5.000000000000000000e+00 -4.610162380354687964e-03
6.000000000000000000e+00 -1.789112596804904361e-03
7.000000000000000000e+00 6.144713762021454181e-03
8.000000000000000000e+00 -3.160126305318612921e-03
9.000000000000000000e+00 -4.424117406809714367e-03
1.000000000000000000e+01 5.545988413296104765e-03
1.100000000000000000e+01 3.879057552134475176e-04
1.200000000000000000e+01 6.793841948649640729e-03
1.300000000000000000e+01 3.326886681694373512e-03
