1.000000000000000000e+00 7.844678000000000040e+00
2.000000000000000000e+00 2.534612000000000087e+00
3.000000000000000000e+00 7.616066999999999698e-01
4.000000000000000000e+00 1.486622000000000110e+00
5.000000000000000000e+00 2.649434999999999985e+00
6.000000000000000000e+00 3.056963999999999793e+00
7.000000000000000000e+00 1.453513000000000055e+01
8.000000000000000000e+00 9.768938000000000343e-01
9.000000000000000000e+00 6.821532000000000151e-01
1.000000000000000000e+01 1.118304999999999971e+01
1.100000000000000000e+01 4.821120999999999768e+00
1.200000000000000000e+01 1.023659999999999926e+01
1.300000000000000000e+01 1.560633999999999943e+01
1.000000000000000000e+00 8.325979999999999492e+00
2.000000000000000000e+00 2.109707999999999917e+00
3.000000000000000000e+00 1.273843999999999976e+00
4.000000000000000000e+00 9.951759000000000022e-01
5.000000000000000000e+00 2.070275999999999783e+00
6.000000000000000000e+00 2.143336999999999826e+00
7.000000000000000000e+00 1.229046999999999912e+01
8.000000000000000000e+00 8.026934999999999487e-01
9.000000000000000000e+00 1.076970999999999901e+00
1.000000000000000000e+01 1.163760000000000083e+01
1.100000000000000000e+01 5.607103999999999644e+00
1.200000000000000000e+01 9.212472999999999246e+00
1.300000000000000000e+01 1.857726999999999862e+01
1.000000000000000000e+00 7.518559999999999910e+00
2.000000000000000000e+00 1.928169999999999940e+00
3.000000000000000000e+00 1.754401000000000099e+00
4.000000000000000000e+00 1.820834999999999981e+00
5.000000000000000000e+00 2.816184999999999938e+00
6.000000000000000000e+00 3.720295000000000130e+00
7.000000000000000000e+00 1.212373000000000012e+01
8.000000000000000000e+00 5.585647000000000251e-01
9.000000000000000000e+00 6.522166000000000352e-01
1.000000000000000000e+01 1.241741999999999990e+01
1.100000000000000000e+01 6.358143000000000100e+00
1.200000000000000000e+01 1.092493999999999943e+01
1.300000000000000000e+01 1.389047000000000054e+01
1.000000000000000000e+00 9.085295000000000343e+00
2.000000000000000000e+00 1.389801000000000064e+00
3.000000000000000000e+00 8.401971000000000300e-01
4.000000000000000000e+00 1.252801999999999971e+00
5.000000000000000000e+00 2.603962999999999806e+00
6.000000000000000000e+00 3.788324999999999942e+00
7.000000000000000000e+00 1.012950000000000017e+01
8.000000000000000000e+00 7.469989999999999686e-01
9.000000000000000000e+00 1.846240000000000103e+00
1.000000000000000000e+01 1.376099999999999923e+01
1.100000000000000000e+01 7.462768999999999764e+00
1.200000000000000000e+01 9.754381000000000412e+00
1.300000000000000000e+01 1.360796000000000028e+01
1.000000000000000000e+00 1.802184000000000097e+01
2.000000000000000000e+00 1.030092999999999925e+00
3.000000000000000000e+00 9.226189999999999669e-01
4.000000000000000000e+00 6.915126999999999802e-01
5.000000000000000000e+00 1.567936999999999914e+00
6.000000000000000000e+00 2.164120000000000044e+00
7.000000000000000000e+00 1.284320999999999913e+01
8.000000000000000000e+00 1.053700999999999999e+00
9.000000000000000000e+00 1.040764999999999940e+00
1.000000000000000000e+01 5.651341000000000392e+00
1.100000000000000000e+01 8.373474999999999113e+00
1.200000000000000000e+01 1.143052999999999919e+01
1.300000000000000000e+01 1.143979000000000035e+01
1.000000000000000000e+00 6.979498000000000424e+00
2.000000000000000000e+00 1.813635000000000108e+00
3.000000000000000000e+00 6.567001999999999562e-01
4.000000000000000000e+00 1.321415000000000006e+00
5.000000000000000000e+00 2.730126999999999970e+00
6.000000000000000000e+00 3.461117000000000221e+00
7.000000000000000000e+00 9.457544000000000395e+00
8.000000000000000000e+00 6.628676999999999486e-01
9.000000000000000000e+00 9.177591000000000498e-01
1.000000000000000000e+01 1.353532000000000046e+01
1.100000000000000000e+01 6.535201999999999956e+00
1.200000000000000000e+01 9.245252000000000692e+00
1.300000000000000000e+01 1.801261999999999830e+01
1.000000000000000000e+00 1.472549000000000063e+01
2.000000000000000000e+00 1.502172000000000063e+00
3.000000000000000000e+00 6.991943000000000463e-01
4.000000000000000000e+00 1.145353000000000065e+00
5.000000000000000000e+00 1.429127000000000036e+00
6.000000000000000000e+00 4.690902999999999601e+00
7.000000000000000000e+00 1.259389000000000003e+01
8.000000000000000000e+00 3.270661000000000262e-01
9.000000000000000000e+00 2.039698000000000011e+00
1.000000000000000000e+01 9.398491999999999180e+00
1.100000000000000000e+01 4.974756000000000178e+00
1.200000000000000000e+01 1.051537000000000077e+01
1.300000000000000000e+01 1.283849000000000018e+01
1.000000000000000000e+00 1.143471000000000082e+01
2.000000000000000000e+00 2.438060999999999812e+00
3.000000000000000000e+00 6.447903999999999858e-01
4.000000000000000000e+00 1.611885999999999930e+00
5.000000000000000000e+00 1.681645999999999974e+00
6.000000000000000000e+00 3.093713000000000157e+00
7.000000000000000000e+00 1.199559999999999960e+01
8.000000000000000000e+00 8.667913000000000423e-01
9.000000000000000000e+00 1.112462999999999980e+00
1.000000000000000000e+01 1.054934000000000083e+01
1.100000000000000000e+01 5.996834999999999916e+00
1.200000000000000000e+01 1.011086000000000062e+01
1.300000000000000000e+01 1.424895000000000067e+01
1.000000000000000000e+00 9.503619999999999735e+00
2.000000000000000000e+00 2.315141999999999811e+00
3.000000000000000000e+00 1.511060999999999988e+00
4.000000000000000000e+00 1.365534000000000026e+00
5.000000000000000000e+00 1.303453999999999890e+00
6.000000000000000000e+00 4.322821000000000247e+00
7.000000000000000000e+00 1.247540000000000049e+01
8.000000000000000000e+00 6.677899999999999947e-01
9.000000000000000000e+00 7.672033999999999798e-01
1.000000000000000000e+01 1.348088000000000086e+01
1.100000000000000000e+01 3.795007000000000019e+00
1.200000000000000000e+01 1.125944999999999929e+01
1.300000000000000000e+01 1.395725999999999978e+01
1.000000000000000000e+00 1.285426999999999964e+01
2.000000000000000000e+00 2.151874999999999982e+00
3.000000000000000000e+00 9.634454000000000073e-01
4.000000000000000000e+00 2.328130999999999950e+00
5.000000000000000000e+00 1.533943999999999974e+00
6.000000000000000000e+00 2.231590999999999880e+00
7.000000000000000000e+00 1.374975000000000058e+01
8.000000000000000000e+00 3.686931999999999987e-01
9.000000000000000000e+00 9.509090999999999516e-01
1.000000000000000000e+01 1.265966000000000058e+01
1.100000000000000000e+01 6.603964999999999641e+00
1.200000000000000000e+01 9.992692999999999159e+00
1.300000000000000000e+01 9.548173000000000243e+00
1.000000000000000000e+00 9.456535999999999831e+00
2.000000000000000000e+00 1.429438999999999904e+00
3.000000000000000000e+00 5.130689000000000499e-01
4.000000000000000000e+00 1.165359000000000034e+00
5.000000000000000000e+00 1.899421000000000026e+00
6.000000000000000000e+00 4.323323000000000249e+00
7.000000000000000000e+00 1.584360000000000035e+01
8.000000000000000000e+00 6.281134999999999913e-01
9.000000000000000000e+00 1.073647000000000018e+00
1.000000000000000000e+01 1.130458999999999925e+01
1.100000000000000000e+01 4.274258999999999808e+00
1.200000000000000000e+01 8.696267000000000635e+00
1.300000000000000000e+01 1.621698999999999913e+01
1.000000000000000000e+00 7.249395999999999951e+00
2.000000000000000000e+00 2.190183000000000213e+00
3.000000000000000000e+00 9.208526999999999685e-01
4.000000000000000000e+00 1.155203999999999898e+00
5.000000000000000000e+00 2.375723999999999947e+00
6.000000000000000000e+00 3.993526000000000131e+00
7.000000000000000000e+00 1.636544999999999916e+01
8.000000000000000000e+00 8.616608999999999519e-01
9.000000000000000000e+00 5.823391999999999458e-01
1.000000000000000000e+01 7.576581000000000010e+00
1.100000000000000000e+01 4.279829999999999579e+00
1.200000000000000000e+01 9.199505000000000265e+00
1.300000000000000000e+01 1.955333999999999861e+01
1.000000000000000000e+00 5.461971000000000132e+00
2.000000000000000000e+00 8.091517999999999766e-01
3.000000000000000000e+00 7.232193000000000094e-01
4.000000000000000000e+00 1.409947999999999979e+00
5.000000000000000000e+00 1.279029999999999889e+00
6.000000000000000000e+00 6.064758999999999567e+00
7.000000000000000000e+00 1.408212999999999937e+01
8.000000000000000000e+00 8.996467999999999687e-01
9.000000000000000000e+00 8.631377999999999551e-01
1.000000000000000000e+01 1.773768000000000100e+01
1.100000000000000000e+01 8.933534999999999116e+00
1.200000000000000000e+01 8.409739999999999327e+00
1.300000000000000000e+01 1.032862000000000080e+01
1.000000000000000000e+00 9.713426999999999367e+00
2.000000000000000000e+00 2.134828000000000170e+00
3.000000000000000000e+00 4.430725999999999831e-01
4.000000000000000000e+00 2.167098999999999887e+00
5.000000000000000000e+00 1.706388000000000016e+00
6.000000000000000000e+00 3.741525000000000212e+00
7.000000000000000000e+00 1.381047000000000047e+01
8.000000000000000000e+00 4.892576000000000147e-01
9.000000000000000000e+00 1.590940999999999939e+00
1.000000000000000000e+01 1.080954999999999977e+01
1.100000000000000000e+01 7.224844000000000044e+00
1.200000000000000000e+01 1.032773000000000074e+01
1.300000000000000000e+01 1.299915999999999983e+01
1.000000000000000000e+00 1.038866999999999940e+01
2.000000000000000000e+00 1.032588999999999979e+00
3.000000000000000000e+00 9.120270999999999795e-01
4.000000000000000000e+00 1.745705000000000062e+00
5.000000000000000000e+00 2.335550000000000015e+00
6.000000000000000000e+00 3.463753000000000082e+00
7.000000000000000000e+00 1.450286999999999971e+01
8.000000000000000000e+00 1.645129999999999926e-01
9.000000000000000000e+00 8.987393999999999661e-01
1.000000000000000000e+01 9.627000000000000668e+00
1.100000000000000000e+01 3.990447000000000077e+00
1.200000000000000000e+01 1.511486000000000018e+01
1.300000000000000000e+01 1.303524999999999956e+01
1.000000000000000000e+00 9.497664999999999580e+00
2.000000000000000000e+00 1.201513999999999971e+00
3.000000000000000000e+00 8.820265000000000466e-01
4.000000000000000000e+00 1.606247999999999898e+00
5.000000000000000000e+00 2.107121999999999939e+00
6.000000000000000000e+00 2.853931999999999913e+00
7.000000000000000000e+00 1.214245000000000019e+01
8.000000000000000000e+00 5.326383000000000090e-01
9.000000000000000000e+00 1.019268000000000063e+00
1.000000000000000000e+01 1.236974000000000018e+01
1.100000000000000000e+01 6.520597000000000421e+00
1.200000000000000000e+01 1.256123999999999974e+01
1.300000000000000000e+01 1.392965000000000053e+01
1.000000000000000000e+00 6.025100000000000122e+00
2.000000000000000000e+00 1.449022999999999950e+00
3.000000000000000000e+00 8.350412999999999863e-01
4.000000000000000000e+00 2.198176999999999826e+00
5.000000000000000000e+00 2.412018000000000217e+00
6.000000000000000000e+00 2.561646000000000090e+00
7.000000000000000000e+00 1.098896000000000051e+01
8.000000000000000000e+00 4.881421000000000232e-01
9.000000000000000000e+00 1.476413999999999893e+00
1.000000000000000000e+01 1.543828000000000067e+01
1.100000000000000000e+01 5.307190000000000296e+00
1.200000000000000000e+01 1.290576000000000079e+01
1.300000000000000000e+01 1.398484999999999978e+01
1.000000000000000000e+00 9.853516000000000830e+00
2.000000000000000000e+00 1.293963999999999892e+00
3.000000000000000000e+00 9.820347999999999855e-01
4.000000000000000000e+00 1.656325000000000047e+00
5.000000000000000000e+00 1.429184000000000010e+00
6.000000000000000000e+00 3.316984999999999850e+00
7.000000000000000000e+00 9.619519999999999627e+00
8.000000000000000000e+00 1.217336999999999891e+00
9.000000000000000000e+00 2.004272999999999971e+00
1.000000000000000000e+01 1.455175999999999981e+01
1.100000000000000000e+01 3.256031999999999815e+00
1.200000000000000000e+01 1.180883000000000038e+01
1.300000000000000000e+01 1.556203000000000003e+01
1.000000000000000000e+00 1.051617000000000068e+01
2.000000000000000000e+00 1.645032999999999967e+00
3.000000000000000000e+00 8.952499000000000429e-01
4.000000000000000000e+00 1.342149999999999954e+00
5.000000000000000000e+00 2.228232999999999908e+00
6.000000000000000000e+00 4.628131999999999913e+00
7.000000000000000000e+00 1.224606999999999957e+01
8.000000000000000000e+00 5.929552999999999630e-01
9.000000000000000000e+00 1.242540999999999896e+00
1.000000000000000000e+01 8.829800999999999789e+00
1.100000000000000000e+01 5.496368000000000364e+00
1.200000000000000000e+01 1.454175000000000040e+01
1.300000000000000000e+01 1.264973999999999954e+01
1.000000000000000000e+00 8.185750999999999777e+00
2.000000000000000000e+00 1.962339000000000055e+00
3.000000000000000000e+00 4.589904000000000206e-01
4.000000000000000000e+00 1.254030999999999896e+00
5.000000000000000000e+00 1.848632000000000053e+00
6.000000000000000000e+00 3.995938999999999908e+00
7.000000000000000000e+00 1.199990999999999985e+01
8.000000000000000000e+00 8.829257000000000355e-01
9.000000000000000000e+00 1.054840999999999918e+00
1.000000000000000000e+01 1.551333999999999946e+01
1.100000000000000000e+01 3.890922000000000214e+00
1.200000000000000000e+01 1.191058999999999912e+01
1.300000000000000000e+01 1.352093999999999951e+01
1.000000000000000000e+00 9.050451000000000690e+00
2.000000000000000000e+00 1.972259999999999902e+00
3.000000000000000000e+00 9.521977999999999831e-01
4.000000000000000000e+00 1.840672000000000086e+00
5.000000000000000000e+00 2.565602999999999856e+00
6.000000000000000000e+00 4.443939000000000306e+00
7.000000000000000000e+00 1.367667999999999928e+01
8.000000000000000000e+00 5.847856999999999639e-01
9.000000000000000000e+00 8.436959000000000541e-01
1.000000000000000000e+01 9.887619000000000824e+00
1.100000000000000000e+01 5.800929000000000002e+00
1.200000000000000000e+01 8.691115999999999175e+00
1.300000000000000000e+01 1.608440999999999832e+01
1.000000000000000000e+00 6.765356999999999843e+00
2.000000000000000000e+00 2.553891000000000133e+00
3.000000000000000000e+00 7.076561999999999575e-01
4.000000000000000000e+00 1.468167000000000000e+00
5.000000000000000000e+00 1.533719999999999972e+00
6.000000000000000000e+00 3.680938999999999961e+00
7.000000000000000000e+00 1.234679000000000038e+01
8.000000000000000000e+00 4.259906999999999999e-01
9.000000000000000000e+00 1.060516000000000014e+00
1.000000000000000000e+01 1.482713999999999999e+01
1.100000000000000000e+01 4.903249999999999886e+00
1.200000000000000000e+01 9.191520999999999830e+00
1.300000000000000000e+01 1.556189999999999962e+01
1.000000000000000000e+00 1.295517000000000074e+01
2.000000000000000000e+00 1.888540000000000108e+00
3.000000000000000000e+00 9.299667999999999823e-01
4.000000000000000000e+00 5.797738000000000058e-01
5.000000000000000000e+00 1.119070000000000009e+00
6.000000000000000000e+00 4.820638999999999896e+00
7.000000000000000000e+00 1.346719000000000044e+01
8.000000000000000000e+00 4.473751999999999729e-01
9.000000000000000000e+00 1.742215000000000069e+00
1.000000000000000000e+01 9.010016999999999499e+00
1.100000000000000000e+01 7.537189999999999834e+00
1.200000000000000000e+01 1.030385000000000062e+01
1.300000000000000000e+01 1.188174000000000063e+01
1.000000000000000000e+00 1.059862000000000037e+01
2.000000000000000000e+00 2.068896000000000068e+00
3.000000000000000000e+00 1.024926000000000004e+00
4.000000000000000000e+00 1.389671000000000101e+00
5.000000000000000000e+00 1.091377999999999959e+00
6.000000000000000000e+00 3.388093000000000021e+00
7.000000000000000000e+00 1.227549999999999919e+01
8.000000000000000000e+00 6.237768999999999675e-01
9.000000000000000000e+00 1.111580000000000013e+00
1.000000000000000000e+01 1.525957000000000008e+01
1.100000000000000000e+01 6.479746999999999701e+00
1.200000000000000000e+01 8.411068999999999463e+00
1.300000000000000000e+01 1.176793999999999940e+01
1.000000000000000000e+00 8.754265999999999437e+00
2.000000000000000000e+00 2.240559999999999885e+00
3.000000000000000000e+00 5.986394000000000437e-01
4.000000000000000000e+00 1.687446000000000002e+00
5.000000000000000000e+00 1.837407000000000012e+00
6.000000000000000000e+00 3.662080000000000002e+00
7.000000000000000000e+00 1.122470999999999997e+01
8.000000000000000000e+00 3.307434000000000207e-01
9.000000000000000000e+00 1.615917999999999966e+00
1.000000000000000000e+01 1.431394000000000055e+01
1.100000000000000000e+01 4.120174999999999699e+00
1.200000000000000000e+01 1.108888999999999925e+01
1.300000000000000000e+01 1.473479000000000028e+01
1.000000000000000000e+00 9.239931000000000338e+00
2.000000000000000000e+00 2.426909000000000205e+00
3.000000000000000000e+00 5.468756000000000173e-01
4.000000000000000000e+00 6.736744999999999539e-01
5.000000000000000000e+00 2.054044000000000203e+00
6.000000000000000000e+00 4.191225000000000200e+00
7.000000000000000000e+00 1.249337000000000053e+01
8.000000000000000000e+00 7.025000000000000133e-01
9.000000000000000000e+00 1.968906999999999963e+00
1.000000000000000000e+01 1.309993000000000052e+01
1.100000000000000000e+01 4.353943000000000119e+00
1.200000000000000000e+01 1.031409999999999982e+01
1.300000000000000000e+01 1.434040000000000070e+01
1.000000000000000000e+00 7.486195999999999628e+00
2.000000000000000000e+00 1.128119000000000094e+00
3.000000000000000000e+00 7.497521000000000324e-01
4.000000000000000000e+00 1.198498999999999981e+00
5.000000000000000000e+00 1.443802999999999948e+00
6.000000000000000000e+00 4.531602999999999604e+00
7.000000000000000000e+00 1.505959000000000003e+01
8.000000000000000000e+00 6.868368999999999724e-01
9.000000000000000000e+00 9.195887999999999840e-01
1.000000000000000000e+01 1.252821999999999925e+01
1.100000000000000000e+01 7.253179000000000265e+00
1.200000000000000000e+01 1.237002000000000024e+01
1.300000000000000000e+01 1.168101000000000056e+01
1.000000000000000000e+00 7.249373000000000289e+00
2.000000000000000000e+00 1.713727000000000000e+00
3.000000000000000000e+00 9.289960999999999913e-01
4.000000000000000000e+00 7.916775999999999813e-01
5.000000000000000000e+00 1.563708000000000098e+00
6.000000000000000000e+00 2.504264000000000046e+00
7.000000000000000000e+00 1.573568999999999996e+01
8.000000000000000000e+00 4.559447999999999834e-01
9.000000000000000000e+00 1.445950999999999986e+00
1.000000000000000000e+01 1.230879999999999974e+01
1.100000000000000000e+01 6.060254999999999725e+00
1.200000000000000000e+01 9.535353999999999886e+00
1.300000000000000000e+01 1.653275999999999968e+01
1.000000000000000000e+00 8.697931000000000523e+00
2.000000000000000000e+00 2.683336000000000165e+00
3.000000000000000000e+00 6.918792000000000275e-01
4.000000000000000000e+00 1.305247999999999964e+00
5.000000000000000000e+00 1.575337999999999905e+00
6.000000000000000000e+00 3.250172000000000061e+00
7.000000000000000000e+00 1.644094000000000122e+01
8.000000000000000000e+00 9.180338000000000109e-01
9.000000000000000000e+00 1.010742000000000029e+00
1.000000000000000000e+01 1.138333000000000084e+01
1.100000000000000000e+01 4.679331000000000351e+00
1.200000000000000000e+01 5.642814000000000441e+00
1.300000000000000000e+01 1.728945999999999827e+01
1.000000000000000000e+00 7.944967000000000112e+00
2.000000000000000000e+00 3.056280999999999803e+00
3.000000000000000000e+00 1.309644000000000030e+00
4.000000000000000000e+00 7.599291000000000240e-01
5.000000000000000000e+00 1.566661999999999999e+00
6.000000000000000000e+00 2.594011000000000067e+00
7.000000000000000000e+00 1.369561999999999991e+01
8.000000000000000000e+00 5.213341999999999699e-01
9.000000000000000000e+00 4.372331999999999885e-01
1.000000000000000000e+01 9.633196999999999122e+00
1.100000000000000000e+01 9.237555000000000405e+00
1.200000000000000000e+01 9.765648999999999802e+00
1.300000000000000000e+01 1.621398999999999901e+01
1.000000000000000000e+00 9.086282999999999888e+00
2.000000000000000000e+00 1.547900000000000054e+00
3.000000000000000000e+00 1.086406999999999901e+00
4.000000000000000000e+00 1.634457000000000049e+00
5.000000000000000000e+00 2.318518000000000079e+00
6.000000000000000000e+00 3.312857000000000163e+00
7.000000000000000000e+00 1.429325000000000045e+01
8.000000000000000000e+00 1.379339000000000093e+00
9.000000000000000000e+00 1.506337000000000037e+00
1.000000000000000000e+01 8.539706999999999937e+00
1.100000000000000000e+01 4.073609000000000258e+00
1.200000000000000000e+01 1.088111999999999924e+01
1.300000000000000000e+01 1.717576999999999998e+01
1.000000000000000000e+00 7.541436000000000028e+00
2.000000000000000000e+00 1.301824000000000092e+00
3.000000000000000000e+00 8.283095000000000319e-01
4.000000000000000000e+00 1.480488000000000026e+00
5.000000000000000000e+00 2.267342000000000191e+00
6.000000000000000000e+00 3.363058999999999799e+00
7.000000000000000000e+00 1.613263999999999854e+01
8.000000000000000000e+00 2.754146000000000094e-01
9.000000000000000000e+00 1.628265999999999991e+00
1.000000000000000000e+01 1.451185000000000080e+01
1.100000000000000000e+01 6.521999000000000102e+00
1.200000000000000000e+01 8.442723000000000866e+00
1.300000000000000000e+01 1.198431000000000068e+01
1.000000000000000000e+00 1.020144999999999946e+01
2.000000000000000000e+00 1.269713000000000092e+00
3.000000000000000000e+00 6.639059999999999961e-01
4.000000000000000000e+00 5.861226000000000491e-01
5.000000000000000000e+00 3.120973999999999915e+00
6.000000000000000000e+00 3.751091999999999871e+00
7.000000000000000000e+00 9.530720999999999776e+00
8.000000000000000000e+00 1.109669000000000016e+00
9.000000000000000000e+00 7.344211999999999962e-01
1.000000000000000000e+01 1.044712999999999958e+01
1.100000000000000000e+01 4.104506999999999906e+00
1.200000000000000000e+01 1.369461000000000084e+01
1.300000000000000000e+01 1.686449999999999960e+01
1.000000000000000000e+00 1.096011000000000024e+01
2.000000000000000000e+00 1.922484999999999999e+00
3.000000000000000000e+00 9.842465999999999715e-01
4.000000000000000000e+00 1.435494999999999965e+00
5.000000000000000000e+00 2.647085999999999828e+00
6.000000000000000000e+00 1.740315000000000056e+00
7.000000000000000000e+00 1.255733000000000033e+01
8.000000000000000000e+00 8.992305999999999910e-01
9.000000000000000000e+00 1.223004999999999898e+00
1.000000000000000000e+01 9.782735000000000625e+00
1.100000000000000000e+01 9.512422000000000821e+00
1.200000000000000000e+01 8.620758999999999617e+00
1.300000000000000000e+01 1.370452000000000048e+01
1.000000000000000000e+00 1.076825000000000010e+01
2.000000000000000000e+00 1.407883999999999913e+00
3.000000000000000000e+00 4.311270999999999853e-01
4.000000000000000000e+00 1.610014999999999974e+00
5.000000000000000000e+00 1.744420999999999999e+00
6.000000000000000000e+00 3.876764999999999795e+00
7.000000000000000000e+00 1.128175000000000061e+01
8.000000000000000000e+00 2.115759000000000112e-01
9.000000000000000000e+00 7.763908000000000476e-01
1.000000000000000000e+01 9.952182000000000528e+00
1.100000000000000000e+01 8.395930999999999145e+00
1.200000000000000000e+01 1.148526999999999987e+01
1.300000000000000000e+01 1.499417000000000044e+01
1.000000000000000000e+00 8.860599000000000558e+00
2.000000000000000000e+00 9.592773999999999468e-01
3.000000000000000000e+00 9.598470999999999531e-01
4.000000000000000000e+00 4.984559000000000073e-01
5.000000000000000000e+00 1.697854999999999892e+00
6.000000000000000000e+00 2.721951999999999927e+00
7.000000000000000000e+00 1.806913000000000125e+01
8.000000000000000000e+00 4.144377000000000200e-01
9.000000000000000000e+00 8.915741999999999834e-01
1.000000000000000000e+01 8.604599999999999582e+00
1.100000000000000000e+01 4.144541000000000253e+00
1.200000000000000000e+01 9.998647000000000062e+00
1.300000000000000000e+01 1.912847999999999971e+01
1.000000000000000000e+00 1.282379000000000069e+01
2.000000000000000000e+00 1.668538999999999994e+00
3.000000000000000000e+00 5.086815999999999560e-01
4.000000000000000000e+00 1.734002999999999961e+00
5.000000000000000000e+00 1.181839000000000084e+00
6.000000000000000000e+00 2.500195000000000167e+00
7.000000000000000000e+00 1.041657999999999973e+01
8.000000000000000000e+00 2.123189000000000048e-01
9.000000000000000000e+00 1.231765999999999917e+00
1.000000000000000000e+01 1.215296000000000021e+01
1.100000000000000000e+01 7.152453000000000394e+00
1.200000000000000000e+01 1.095589000000000013e+01
1.300000000000000000e+01 1.433722999999999992e+01
1.000000000000000000e+00 8.395065000000000666e+00
2.000000000000000000e+00 1.284977999999999954e+00
3.000000000000000000e+00 6.246578000000000408e-01
4.000000000000000000e+00 1.203287999999999913e+00
5.000000000000000000e+00 1.718232999999999899e+00
6.000000000000000000e+00 3.133580999999999950e+00
7.000000000000000000e+00 1.145248999999999917e+01
8.000000000000000000e+00 7.074274999999999869e-01
9.000000000000000000e+00 1.652897999999999978e+00
1.000000000000000000e+01 1.389114000000000004e+01
1.100000000000000000e+01 5.779948000000000086e+00
1.200000000000000000e+01 1.133403999999999989e+01
1.300000000000000000e+01 1.475728999999999935e+01
1.000000000000000000e+00 1.032342000000000048e+01
2.000000000000000000e+00 1.456893999999999911e+00
3.000000000000000000e+00 1.267203999999999997e+00
4.000000000000000000e+00 1.500855000000000050e+00
5.000000000000000000e+00 2.058472000000000079e+00
6.000000000000000000e+00 6.140850000000000364e+00
7.000000000000000000e+00 1.303514999999999979e+01
8.000000000000000000e+00 6.111535999999999635e-01
9.000000000000000000e+00 1.338494000000000073e+00
1.000000000000000000e+01 1.356194999999999951e+01
1.100000000000000000e+01 4.399517000000000344e+00
1.200000000000000000e+01 1.033629999999999960e+01
1.300000000000000000e+01 1.006290000000000084e+01
1.000000000000000000e+00 8.870136999999999716e+00
2.000000000000000000e+00 1.144319000000000086e+00
3.000000000000000000e+00 9.818668999999999869e-01
4.000000000000000000e+00 2.019724000000000075e+00
5.000000000000000000e+00 9.839400000000000368e-01
6.000000000000000000e+00 3.569803999999999977e+00
7.000000000000000000e+00 1.572996000000000016e+01
8.000000000000000000e+00 5.788678000000000434e-01
9.000000000000000000e+00 1.152136000000000049e+00
1.000000000000000000e+01 1.397761000000000031e+01
1.100000000000000000e+01 3.425991999999999926e+00
1.200000000000000000e+01 9.204299999999999926e+00
1.300000000000000000e+01 1.529518999999999984e+01
1.000000000000000000e+00 7.044408999999999921e+00
2.000000000000000000e+00 1.653108999999999940e+00
3.000000000000000000e+00 1.041716000000000086e+00
4.000000000000000000e+00 1.779520999999999908e+00
5.000000000000000000e+00 2.483973999999999904e+00
6.000000000000000000e+00 4.019689999999999763e+00
7.000000000000000000e+00 1.370729000000000042e+01
8.000000000000000000e+00 3.748966000000000243e-01
9.000000000000000000e+00 6.912323999999999691e-01
1.000000000000000000e+01 1.471664999999999957e+01
1.100000000000000000e+01 3.805445000000000189e+00
1.200000000000000000e+01 1.185975000000000001e+01
1.300000000000000000e+01 1.324539000000000044e+01
1.000000000000000000e+00 9.985519000000000034e+00
2.000000000000000000e+00 2.240113000000000021e+00
3.000000000000000000e+00 5.569990000000000219e-01
4.000000000000000000e+00 1.640071000000000057e+00
5.000000000000000000e+00 2.117185999999999790e+00
6.000000000000000000e+00 2.321093999999999991e+00
7.000000000000000000e+00 1.554740999999999929e+01
8.000000000000000000e+00 6.222020000000000328e-01
9.000000000000000000e+00 1.126312999999999898e+00
1.000000000000000000e+01 1.117196999999999996e+01
1.100000000000000000e+01 7.123433999999999600e+00
1.200000000000000000e+01 7.244857999999999798e+00
1.300000000000000000e+01 1.460711000000000048e+01
1.000000000000000000e+00 1.079074999999999918e+01
2.000000000000000000e+00 3.274818999999999924e+00
3.000000000000000000e+00 5.376098000000000265e-01
4.000000000000000000e+00 1.036035999999999957e+00
5.000000000000000000e+00 6.880406000000000022e-01
6.000000000000000000e+00 4.377664000000000222e+00
7.000000000000000000e+00 1.365776999999999930e+01
8.000000000000000000e+00 3.956305999999999989e-01
9.000000000000000000e+00 1.133971000000000062e+00
1.000000000000000000e+01 1.027590999999999966e+01
1.100000000000000000e+01 7.012023000000000117e+00
1.200000000000000000e+01 6.744362999999999886e+00
1.300000000000000000e+01 1.572038000000000046e+01
1.000000000000000000e+00 8.207340000000000302e+00
2.000000000000000000e+00 2.346891999999999978e+00
3.000000000000000000e+00 1.179843999999999893e+00
4.000000000000000000e+00 1.217046000000000072e+00
5.000000000000000000e+00 2.305193000000000048e+00
6.000000000000000000e+00 3.734319000000000166e+00
7.000000000000000000e+00 9.126896000000000342e+00
8.000000000000000000e+00 4.567047000000000190e-01
9.000000000000000000e+00 1.029784000000000033e+00
1.000000000000000000e+01 1.354742000000000068e+01
1.100000000000000000e+01 6.448017000000000110e+00
1.200000000000000000e+01 9.356588999999999601e+00
1.300000000000000000e+01 1.697832000000000008e+01
1.000000000000000000e+00 9.853752000000000066e+00
2.000000000000000000e+00 1.335660000000000069e+00
3.000000000000000000e+00 9.383812000000000264e-01
4.000000000000000000e+00 1.920261999999999913e+00
5.000000000000000000e+00 1.326467999999999980e+00
6.000000000000000000e+00 2.712343000000000171e+00
7.000000000000000000e+00 1.559149999999999991e+01
8.000000000000000000e+00 5.953962000000000421e-01
9.000000000000000000e+00 1.319347000000000047e+00
1.000000000000000000e+01 9.491839000000000581e+00
1.100000000000000000e+01 3.263107000000000202e+00
1.200000000000000000e+01 1.303622999999999976e+01
1.300000000000000000e+01 1.534477000000000046e+01
1.000000000000000000e+00 8.860096999999999667e+00
2.000000000000000000e+00 1.557628999999999930e+00
3.000000000000000000e+00 1.598449999999999926e+00
4.000000000000000000e+00 8.409933000000000547e-01
5.000000000000000000e+00 2.588951999999999920e+00
6.000000000000000000e+00 3.829524999999999846e+00
7.000000000000000000e+00 1.674064999999999870e+01
8.000000000000000000e+00 4.209203999999999724e-01
9.000000000000000000e+00 1.533563000000000009e+00
1.000000000000000000e+01 7.639173000000000435e+00
1.100000000000000000e+01 7.523166999999999938e+00
1.200000000000000000e+01 9.542251999999999512e+00
1.300000000000000000e+01 1.447043999999999997e+01
1.000000000000000000e+00 9.851765000000000327e+00
2.000000000000000000e+00 1.727425999999999906e+00
3.000000000000000000e+00 7.365384000000000375e-01
4.000000000000000000e+00 8.935433000000000403e-01
5.000000000000000000e+00 1.710760000000000058e+00
6.000000000000000000e+00 2.972447999999999979e+00
7.000000000000000000e+00 1.519205000000000005e+01
8.000000000000000000e+00 9.348049999999999971e-01
9.000000000000000000e+00 7.039611000000000063e-01
1.000000000000000000e+01 1.102401000000000053e+01
1.100000000000000000e+01 5.052074000000000176e+00
1.200000000000000000e+01 8.810168000000000887e+00
1.300000000000000000e+01 1.577078999999999986e+01
1.000000000000000000e+00 1.116301999999999950e+01
2.000000000000000000e+00 1.832206999999999919e+00
3.000000000000000000e+00 9.128258999999999679e-01
4.000000000000000000e+00 1.728482999999999992e+00
5.000000000000000000e+00 1.226188999999999973e+00
6.000000000000000000e+00 3.578218999999999816e+00
7.000000000000000000e+00 1.337260000000000026e+01
8.000000000000000000e+00 1.323574999999999946e+00
9.000000000000000000e+00 1.033487999999999962e+00
1.000000000000000000e+01 1.415023000000000053e+01
1.100000000000000000e+01 4.832416000000000267e+00
1.200000000000000000e+01 9.815507999999999456e+00
1.300000000000000000e+01 1.128439000000000014e+01
1.000000000000000000e+00 7.164081000000000365e+00
2.000000000000000000e+00 9.885665999999999620e-01
3.000000000000000000e+00 6.987767000000000284e-01
4.000000000000000000e+00 1.340184999999999960e+00
5.000000000000000000e+00 2.012382000000000115e+00
6.000000000000000000e+00 2.068932999999999911e+00
7.000000000000000000e+00 1.146345999999999954e+01
8.000000000000000000e+00 6.961910000000000043e-01
9.000000000000000000e+00 1.526391999999999971e+00
1.000000000000000000e+01 1.335003999999999991e+01
1.100000000000000000e+01 5.171530999999999878e+00
1.200000000000000000e+01 1.163166000000000011e+01
1.300000000000000000e+01 1.809071000000000140e+01
1.000000000000000000e+00 1.037288000000000032e+01
2.000000000000000000e+00 1.316724000000000006e+00
3.000000000000000000e+00 8.816302999999999779e-01
4.000000000000000000e+00 1.808956999999999926e+00
5.000000000000000000e+00 1.259638000000000035e+00
6.000000000000000000e+00 3.688610000000000166e+00
7.000000000000000000e+00 1.238602999999999987e+01
8.000000000000000000e+00 1.267817999999999889e+00
9.000000000000000000e+00 1.474064999999999959e+00
1.000000000000000000e+01 1.219683000000000028e+01
1.100000000000000000e+01 5.562089000000000283e+00
1.200000000000000000e+01 1.112865000000000038e+01
1.300000000000000000e+01 1.326087000000000060e+01
