1.000000000000000000e+00 5.359362859362859196e-04
2.000000000000000000e+00 1.824009324009323845e-04
3.000000000000000000e+00 1.871184371184371020e-04
4.000000000000000000e+00 3.047785547785547620e-04
5.000000000000000000e+00 4.712509712509712397e-04
6.000000000000000000e+00 2.684343434343434108e-03
7.000000000000000000e+00 2.041569541569541459e-04
8.000000000000000000e+00 1.725496725496725333e-04
9.000000000000000000e+00 1.335664335664335598e-03
1.000000000000000000e+01 1.920551670551670339e-03
1.100000000000000000e+01 3.742479742479742130e-03
1.200000000000000000e+01 1.889332889332889310e-03
1.300000000000000000e+01 0.000000000000000000e+00
1.000000000000000000e+00 3.726273726273725837e-04
2.000000000000000000e+00 1.889221889221889058e-04
3.000000000000000000e+00 1.874514374514374513e-04
4.000000000000000000e+00 1.752136752136751918e-04
5.000000000000000000e+00 3.630536130536130370e-04
6.000000000000000000e+00 1.771561771561771560e-03
7.000000000000000000e+00 1.283993783993783884e-04
8.000000000000000000e+00 1.338938838938838938e-04
9.000000000000000000e+00 1.736707736707736576e-03
1.000000000000000000e+01 7.977022977022976691e-04
1.100000000000000000e+01 2.988788988788988656e-03
1.200000000000000000e+01 1.219807969807969661e-03
1.300000000000000000e+01 0.000000000000000000e+00
1.000000000000000000e+00 4.733877233877233385e-04
2.000000000000000000e+00 2.004662004662004443e-04
3.000000000000000000e+00 2.132867132867132811e-04
4.000000000000000000e+00 3.133255633255633199e-04
5.000000000000000000e+00 5.229215229215228994e-04
6.000000000000000000e+00 3.430846930846930768e-03
7.000000000000000000e+00 1.993006993006992897e-04
8.000000000000000000e+00 3.125485625485625320e-04
9.000000000000000000e+00 1.597902097902097890e-03
1.000000000000000000e+01 3.584304584304584280e-03
1.100000000000000000e+01 2.574203574203574180e-03
1.200000000000000000e+01 7.626262626262626148e-04
1.300000000000000000e+01 0.000000000000000000e+00
1.000000000000000000e+00 2.918192918192917865e-04
2.000000000000000000e+00 5.264180264180263769e-05
3.000000000000000000e+00 4.351759351759351647e-04
4.000000000000000000e+00 2.347097347097346933e-04
5.000000000000000000e+00 7.097902097902096920e-04
6.000000000000000000e+00 1.068764568764568688e-03
7.000000000000000000e+00 1.383616383616383561e-04
8.000000000000000000e+00 2.889055389055388999e-04
9.000000000000000000e+00 1.220473970473970413e-03
1.000000000000000000e+01 2.330225330225330158e-03
1.100000000000000000e+01 2.789432789432789214e-03
1.200000000000000000e+01 1.568181818181818175e-03
1.300000000000000000e+01 0.000000000000000000e+00
1.000000000000000000e+00 3.156565656565656292e-04
2.000000000000000000e+00 4.794094794094793765e-04
3.000000000000000000e+00 2.039627039627039625e-04
4.000000000000000000e+00 2.152292152292152236e-04
5.000000000000000000e+00 6.157731157731157184e-04
6.000000000000000000e+00 1.855089355089354925e-03
7.000000000000000000e+00 1.431623931623931406e-04
8.000000000000000000e+00 3.160450660450659960e-04
9.000000000000000000e+00 9.788267288267287012e-04
1.000000000000000000e+01 3.445998445998445670e-03
1.100000000000000000e+01 3.614801864801864620e-03
1.200000000000000000e+01 8.447940947940947229e-04
1.300000000000000000e+01 0.000000000000000000e+00
1.000000000000000000e+00 1.965811965811965593e-04
2.000000000000000000e+00 6.862581862581862305e-05
3.000000000000000000e+00 1.546231546231546122e-04
4.000000000000000000e+00 1.296203796203796148e-04
5.000000000000000000e+00 5.980963480963480796e-04
6.000000000000000000e+00 3.896464646464646228e-03
7.000000000000000000e+00 1.469086469086468868e-04
8.000000000000000000e+00 4.292929292929292926e-04
9.000000000000000000e+00 2.202020202020201628e-03
1.000000000000000000e+01 1.827117327117326996e-03
1.100000000000000000e+01 6.957708957708957226e-03
1.200000000000000000e+01 2.126123876123875867e-03
1.300000000000000000e+01 0.000000000000000000e+00
1.000000000000000000e+00 2.362082362082361972e-04
2.000000000000000000e+00 2.459207459207459097e-04
3.000000000000000000e+00 1.592851592851592850e-04
4.000000000000000000e+00 5.594405594405593859e-05
5.000000000000000000e+00 7.218337218337217680e-04
6.000000000000000000e+00 3.086635586635586362e-03
7.000000000000000000e+00 6.216006216006216001e-05
8.000000000000000000e+00 4.312354312354312351e-04
9.000000000000000000e+00 1.686480186480186294e-03
1.000000000000000000e+01 1.447552447552447530e-03
1.100000000000000000e+01 2.796814296814296563e-03
1.200000000000000000e+01 8.601398601398600524e-04
1.300000000000000000e+01 0.000000000000000000e+00
1.000000000000000000e+00 5.890775890775890337e-04
2.000000000000000000e+00 1.166611166611166529e-04
3.000000000000000000e+00 2.738095238095237713e-04
4.000000000000000000e+00 2.820512820512820294e-04
5.000000000000000000e+00 3.780663780663780444e-04
6.000000000000000000e+00 6.130785880785880569e-03
7.000000000000000000e+00 2.447552447552447550e-04
8.000000000000000000e+00 1.982461982461982243e-04
9.000000000000000000e+00 1.586885336885336803e-03
1.000000000000000000e+01 2.811494061494061465e-03
1.100000000000000000e+01 2.977966477966477888e-03
1.200000000000000000e+01 1.599816849816849702e-03
1.300000000000000000e+01 0.000000000000000000e+00
1.000000000000000000e+00 3.881118881118880790e-04
2.000000000000000000e+00 1.588966588966588911e-04
3.000000000000000000e+00 2.564102564102564100e-04
4.000000000000000000e+00 5.172605172605172465e-05
5.000000000000000000e+00 7.198912198912198798e-04
6.000000000000000000e+00 3.234709734709734566e-03
7.000000000000000000e+00 1.495726495726495725e-04
8.000000000000000000e+00 2.354312354312354093e-04
9.000000000000000000e+00 1.362137862137861996e-03
1.000000000000000000e+01 1.826007326007325886e-03
1.100000000000000000e+01 1.595959595959595785e-03
1.200000000000000000e+01 1.593684093684093629e-03
1.300000000000000000e+01 0.000000000000000000e+00
1.000000000000000000e+00 2.921522921522921087e-04
2.000000000000000000e+00 3.416860916860916695e-04
3.000000000000000000e+00 3.581973581973581537e-04
4.000000000000000000e+00 1.122766122766122711e-04
5.000000000000000000e+00 4.342046842046841664e-04
6.000000000000000000e+00 3.533078033078032761e-03
7.000000000000000000e+00 1.688034188034187870e-04
8.000000000000000000e+00 2.589910089910089745e-04
9.000000000000000000e+00 1.459401709401709395e-03
1.000000000000000000e+01 3.109557109557109251e-03
1.100000000000000000e+01 1.185758685758685595e-03
1.200000000000000000e+01 4.561549561549561112e-04
1.300000000000000000e+01 0.000000000000000000e+00
1.000000000000000000e+00 3.205128205128205125e-04
2.000000000000000000e+00 6.487956487956487680e-05
3.000000000000000000e+00 1.635586635586635368e-04
4.000000000000000000e+00 1.540404040404040348e-04
5.000000000000000000e+00 6.136363636363636196e-04
6.000000000000000000e+00 3.941336441336440628e-03
7.000000000000000000e+00 1.153846153846153818e-04
8.000000000000000000e+00 5.407925407925407487e-04
9.000000000000000000e+00 1.868104118104118054e-03
1.000000000000000000e+01 1.404234654234654163e-03
1.100000000000000000e+01 1.350815850815850717e-03
1.200000000000000000e+01 1.179098679098678935e-03
1.300000000000000000e+01 0.000000000000000000e+00
1.000000000000000000e+00 3.527583527583527472e-04
2.000000000000000000e+00 9.673659673659673109e-05
3.000000000000000000e+00 3.992396492396492014e-04
4.000000000000000000e+00 2.305749805749805531e-04
5.000000000000000000e+00 8.925796425796424976e-04
6.000000000000000000e+00 4.936729936729936617e-03
7.000000000000000000e+00 2.470862470862470643e-04
8.000000000000000000e+00 1.315628815628815573e-04
9.000000000000000000e+00 1.283993783993783938e-03
1.000000000000000000e+01 1.113636363636363522e-03
1.100000000000000000e+01 1.940809190809190650e-03
1.200000000000000000e+01 3.039488289488289155e-03
1.300000000000000000e+01 0.000000000000000000e+00
1.000000000000000000e+00 2.257187257187256968e-04
2.000000000000000000e+00 1.530691530691530636e-04
3.000000000000000000e+00 2.451992451992451665e-04
4.000000000000000000e+00 1.033966033966033911e-04
5.000000000000000000e+00 5.544455544455544451e-04
6.000000000000000000e+00 1.702797202797202676e-03
7.000000000000000000e+00 8.469308469308468217e-05
8.000000000000000000e+00 2.894327894327894325e-04
9.000000000000000000e+00 1.072122322122322094e-03
1.000000000000000000e+01 3.809052059052058653e-03
1.100000000000000000e+01 2.513458763458763321e-03
1.200000000000000000e+01 7.314074814074813689e-04
1.300000000000000000e+01 0.000000000000000000e+00
1.000000000000000000e+00 2.705905205905205849e-04
2.000000000000000000e+00 9.401709401709401430e-05
3.000000000000000000e+00 4.199689199689199469e-04
4.000000000000000000e+00 1.149961149961149879e-04
5.000000000000000000e+00 3.690753690753690750e-04
6.000000000000000000e+00 3.223581973581973389e-03
7.000000000000000000e+00 1.501554001554001498e-04
8.000000000000000000e+00 3.952991452991452717e-04
9.000000000000000000e+00 9.963092463092461295e-04
1.000000000000000000e+01 2.954545454545454489e-03
1.100000000000000000e+01 1.568570318570318379e-03
1.200000000000000000e+01 1.057498057498057345e-03
1.300000000000000000e+01 0.000000000000000000e+00
1.000000000000000000e+00 1.425796425796425633e-04
2.000000000000000000e+00 6.064491064491063727e-04
3.000000000000000000e+00 5.885780885780885234e-04
4.000000000000000000e+00 1.921134421134420970e-04
5.000000000000000000e+00 3.527583527583527472e-04
6.000000000000000000e+00 3.613247863247862936e-03
7.000000000000000000e+00 2.680652680652680447e-05
8.000000000000000000e+00 4.522144522144521815e-04
9.000000000000000000e+00 1.647241647241647240e-03
1.000000000000000000e+01 1.510683760683760634e-03
1.100000000000000000e+01 5.451243201243200637e-03
1.200000000000000000e+01 6.858974358974358589e-04
1.300000000000000000e+01 0.000000000000000000e+00
1.000000000000000000e+00 2.420357420357420247e-04
2.000000000000000000e+00 1.029526029526029525e-04
3.000000000000000000e+00 1.919191919191919136e-04
4.000000000000000000e+00 3.102175602175601685e-04
5.000000000000000000e+00 3.370240870240869967e-04
6.000000000000000000e+00 5.605672105672105526e-03
7.000000000000000000e+00 5.128205128205127930e-05
8.000000000000000000e+00 3.993783993783993672e-04
9.000000000000000000e+00 1.828282828282828260e-03
1.000000000000000000e+01 2.428710178710178323e-03
1.100000000000000000e+01 3.355866355866355798e-03
1.200000000000000000e+01 8.179875679875679489e-04
1.300000000000000000e+01 0.000000000000000000e+00
1.000000000000000000e+00 2.218337218337218118e-04
2.000000000000000000e+00 8.197358197358196538e-05
3.000000000000000000e+00 1.507381507381507272e-04
4.000000000000000000e+00 2.051282051282051172e-04
5.000000000000000000e+00 6.021756021756021751e-04
6.000000000000000000e+00 2.415501165501165309e-03
7.000000000000000000e+00 2.733100233100232610e-04
8.000000000000000000e+00 3.772338772338772119e-04
9.000000000000000000e+00 1.816822066822066815e-03
1.000000000000000000e+01 3.693667443667443366e-03
1.100000000000000000e+01 4.398795648795648765e-03
1.200000000000000000e+01 1.754856254856254757e-03
1.300000000000000000e+01 0.000000000000000000e+00
1.000000000000000000e+00 1.449661449661449443e-04
2.000000000000000000e+00 1.087801087801087800e-04
3.000000000000000000e+00 2.100399600399600181e-04
4.000000000000000000e+00 1.573426573426573425e-04
5.000000000000000000e+00 4.586802086802086310e-04
6.000000000000000000e+00 4.445609945609945053e-03
7.000000000000000000e+00 1.461316461316461261e-04
8.000000000000000000e+00 4.796592296592296317e-04
9.000000000000000000e+00 1.277444777444777368e-03
1.000000000000000000e+01 6.605616605616605394e-04
1.100000000000000000e+01 2.032883782883782627e-03
1.200000000000000000e+01 7.277167277167276944e-04
1.300000000000000000e+01 0.000000000000000000e+00
1.000000000000000000e+00 1.946386946386946168e-04
2.000000000000000000e+00 3.018648018648018212e-04
3.000000000000000000e+00 4.094794094794094465e-04
4.000000000000000000e+00 2.263014763014763013e-04
5.000000000000000000e+00 6.064491064491063727e-04
6.000000000000000000e+00 2.403846153846153546e-03
7.000000000000000000e+00 1.037296037296037268e-04
8.000000000000000000e+00 4.854312354312354146e-04
9.000000000000000000e+00 1.088189588189588004e-03
1.000000000000000000e+01 1.652097902097901961e-03
1.100000000000000000e+01 4.822649572649571892e-03
1.200000000000000000e+01 1.274475524475524382e-03
1.300000000000000000e+01 0.000000000000000000e+00
1.000000000000000000e+00 3.655788655788655569e-04
2.000000000000000000e+00 1.140248640248640166e-04
3.000000000000000000e+00 2.294094794094793984e-04
4.000000000000000000e+00 2.795260295260295095e-04
5.000000000000000000e+00 6.484071484071483741e-04
6.000000000000000000e+00 6.242229992229991926e-03
7.000000000000000000e+00 1.519036519036518818e-04
8.000000000000000000e+00 2.398989898989898988e-04
9.000000000000000000e+00 1.864024864024863958e-03
1.000000000000000000e+01 2.547979797979797820e-03
1.100000000000000000e+01 3.324786324786324718e-03
1.200000000000000000e+01 1.460955710955710862e-03
1.300000000000000000e+01 0.000000000000000000e+00
1.000000000000000000e+00 3.071095571095570713e-04
2.000000000000000000e+00 2.031857031857031747e-04
3.000000000000000000e+00 2.999222999222998787e-04
4.000000000000000000e+00 3.997668997668997340e-04
5.000000000000000000e+00 5.501165501165500944e-04
6.000000000000000000e+00 2.191142191142191140e-03
7.000000000000000000e+00 2.505827505827505554e-05
8.000000000000000000e+00 3.677156177156177099e-04
9.000000000000000000e+00 1.357226107226107122e-03
1.000000000000000000e+01 1.751165501165501083e-03
1.100000000000000000e+01 1.479797979797979656e-03
1.200000000000000000e+01 1.322261072261072049e-03
1.300000000000000000e+01 0.000000000000000000e+00
1.000000000000000000e+00 3.786491286491286217e-04
2.000000000000000000e+00 8.391608391608390788e-05
3.000000000000000000e+00 2.239704739704739649e-04
4.000000000000000000e+00 1.265123765123764906e-04
5.000000000000000000e+00 3.123543123543123215e-04
6.000000000000000000e+00 3.270007770007769907e-03
7.000000000000000000e+00 1.445221445221445058e-04
8.000000000000000000e+00 1.837606837606837497e-04
9.000000000000000000e+00 1.205183705183705128e-03
1.000000000000000000e+01 1.027056277056276942e-03
1.100000000000000000e+01 1.820512820512820490e-03
1.200000000000000000e+01 1.083971583971583960e-03
1.300000000000000000e+01 0.000000000000000000e+00
1.000000000000000000e+00 2.384004884004883949e-04
2.000000000000000000e+00 1.627816627816627761e-04
3.000000000000000000e+00 1.404428904428904373e-04
4.000000000000000000e+00 1.126651126651126650e-04
5.000000000000000000e+00 6.494338994338993629e-04
6.000000000000000000e+00 3.227078477078476962e-03
7.000000000000000000e+00 1.588966588966588911e-04
8.000000000000000000e+00 5.579420579420579090e-04
9.000000000000000000e+00 1.031080031080030884e-03
1.000000000000000000e+01 3.220279720279719919e-03
1.100000000000000000e+01 1.788905538905538823e-03
1.200000000000000000e+01 8.293095793095792275e-04
1.300000000000000000e+01 0.000000000000000000e+00
1.000000000000000000e+00 3.436285936285936120e-04
2.000000000000000000e+00 1.398601398601398600e-04
3.000000000000000000e+00 3.292540792540792267e-04
4.000000000000000000e+00 1.204351204351204350e-04
5.000000000000000000e+00 4.885392385392384575e-04
6.000000000000000000e+00 3.022727272727272416e-03
7.000000000000000000e+00 2.094017094017093961e-04
8.000000000000000000e+00 2.612665112665112392e-04
9.000000000000000000e+00 1.991452991452991213e-03
1.000000000000000000e+01 1.506410256410256219e-03
1.100000000000000000e+01 2.350038850038849679e-03
1.200000000000000000e+01 1.221639471639471460e-03
1.300000000000000000e+01 0.000000000000000000e+00
1.000000000000000000e+00 5.967365967365967144e-04
2.000000000000000000e+00 1.441336441336441118e-04
3.000000000000000000e+00 2.214452214452214450e-04
4.000000000000000000e+00 1.499611499611499393e-04
5.000000000000000000e+00 7.373737373737373080e-04
6.000000000000000000e+00 2.600621600621600207e-03
7.000000000000000000e+00 5.400155400155399609e-05
8.000000000000000000e+00 3.935508935508935397e-04
9.000000000000000000e+00 2.054001554001553577e-03
1.000000000000000000e+01 1.277000777000776794e-03
1.100000000000000000e+01 1.765345765345765257e-03
1.200000000000000000e+01 1.096348096348096195e-03
1.300000000000000000e+01 0.000000000000000000e+00
1.000000000000000000e+00 4.842657342657342599e-04
2.000000000000000000e+00 8.236208236208235930e-05
3.000000000000000000e+00 1.462703962703962648e-04
4.000000000000000000e+00 6.701631701631701626e-05
5.000000000000000000e+00 3.733488733488733269e-04
6.000000000000000000e+00 3.988539238539237988e-03
7.000000000000000000e+00 3.366355866355866299e-04
8.000000000000000000e+00 7.094017094017093794e-04
9.000000000000000000e+00 1.869269619269619100e-03
1.000000000000000000e+01 1.675019425019424850e-03
1.100000000000000000e+01 2.285159285159284789e-03
1.200000000000000000e+01 1.597707847707847571e-03
1.300000000000000000e+01 0.000000000000000000e+00
1.000000000000000000e+00 4.512987012987012820e-04
2.000000000000000000e+00 9.693084693084692805e-05
3.000000000000000000e+00 1.441891441891441836e-04
4.000000000000000000e+00 2.923465423465423192e-04
5.000000000000000000e+00 5.922688422688421979e-04
6.000000000000000000e+00 1.624764124764124709e-03
7.000000000000000000e+00 6.759906759906759359e-05
8.000000000000000000e+00 1.932789432789432788e-04
9.000000000000000000e+00 1.775308025308025171e-03
1.000000000000000000e+01 1.555416805416805302e-03
1.100000000000000000e+01 4.781524031524031319e-03
1.200000000000000000e+01 1.268509268509268335e-03
1.300000000000000000e+01 0.000000000000000000e+00
1.000000000000000000e+00 4.167221667221666839e-04
2.000000000000000000e+00 1.019813519813519813e-04
3.000000000000000000e+00 1.668609168609168445e-04
4.000000000000000000e+00 1.091686091686091604e-04
5.000000000000000000e+00 3.269230769230769174e-04
6.000000000000000000e+00 1.777250527250527059e-03
7.000000000000000000e+00 4.653679653679653269e-05
8.000000000000000000e+00 2.564102564102564100e-04
9.000000000000000000e+00 1.175518925518925350e-03
1.000000000000000000e+01 1.202325452325452232e-03
1.100000000000000000e+01 8.256188256188255531e-04
1.200000000000000000e+01 7.786102786102785120e-04
1.300000000000000000e+01 0.000000000000000000e+00
1.000000000000000000e+00 3.045843045843045515e-04
2.000000000000000000e+00 3.535353535353535215e-05
3.000000000000000000e+00 1.369463869463869463e-04
4.000000000000000000e+00 2.383449883449883231e-04
5.000000000000000000e+00 3.766511266511266345e-04
6.000000000000000000e+00 5.848484848484847634e-03
7.000000000000000000e+00 1.989121989121988958e-04
8.000000000000000000e+00 2.090132090132090022e-04
9.000000000000000000e+00 1.086441336441336435e-03
1.000000000000000000e+01 2.858197358197357880e-03
1.100000000000000000e+01 1.530108780108779950e-03
1.200000000000000000e+01 1.303807303807303676e-03
1.300000000000000000e+01 0.000000000000000000e+00
1.000000000000000000e+00 5.034965034965034744e-04
2.000000000000000000e+00 3.111888111888111669e-04
3.000000000000000000e+00 1.600621600621600458e-04
4.000000000000000000e+00 2.960372960372959937e-04
5.000000000000000000e+00 3.620823620823620387e-04
6.000000000000000000e+00 4.982128982128982038e-03
7.000000000000000000e+00 2.463092463092462765e-04
8.000000000000000000e+00 1.946386946386946168e-04
9.000000000000000000e+00 1.324786324786324677e-03
1.000000000000000000e+01 1.452602952602952569e-03
1.100000000000000000e+01 2.127816627816627500e-03
1.200000000000000000e+01 1.488344988344988268e-03
1.300000000000000000e+01 0.000000000000000000e+00
1.000000000000000000e+00 3.685481185481185424e-04
2.000000000000000000e+00 2.029914529914529913e-04
3.000000000000000000e+00 1.913364413364413363e-04
4.000000000000000000e+00 9.090909090909090359e-05
5.000000000000000000e+00 5.635753135753134718e-04
6.000000000000000000e+00 1.961205461205461128e-03
7.000000000000000000e+00 2.783605283605283549e-04
8.000000000000000000e+00 2.995337995337995119e-04
9.000000000000000000e+00 1.108585858585858482e-03
1.000000000000000000e+01 1.058913308913308864e-03
1.100000000000000000e+01 1.323426573426573312e-03
1.200000000000000000e+01 1.417110667110666909e-03
1.300000000000000000e+01 0.000000000000000000e+00
1.000000000000000000e+00 2.119269619269619159e-04
2.000000000000000000e+00 8.624708624708624430e-05
3.000000000000000000e+00 2.725330225330225274e-04
4.000000000000000000e+00 2.169774669774669556e-04
5.000000000000000000e+00 3.702408702408702297e-04
6.000000000000000000e+00 1.907342657342657325e-03
7.000000000000000000e+00 2.874902874902874697e-05
8.000000000000000000e+00 3.179875679875679385e-04
9.000000000000000000e+00 1.906759906759906585e-03
1.000000000000000000e+01 1.255439005439005270e-03
1.100000000000000000e+01 2.161033411033411004e-03
1.200000000000000000e+01 1.198135198135198047e-03
1.300000000000000000e+01 0.000000000000000000e+00
1.000000000000000000e+00 3.496503496503496500e-04
2.000000000000000000e+00 1.093628593628593573e-04
3.000000000000000000e+00 1.291763791763791763e-04
4.000000000000000000e+00 1.938616938616938561e-04
5.000000000000000000e+00 5.891608391608391549e-04
6.000000000000000000e+00 3.470279720279720141e-03
7.000000000000000000e+00 1.231546231546231383e-04
8.000000000000000000e+00 3.100233100233100122e-04
9.000000000000000000e+00 1.653263403263403224e-03
1.000000000000000000e+01 2.780497280497280180e-03
1.100000000000000000e+01 4.437839937839937500e-03
1.200000000000000000e+01 1.833916083916083822e-03
1.300000000000000000e+01 0.000000000000000000e+00
1.000000000000000000e+00 3.690753690753690750e-04
2.000000000000000000e+00 2.637917637917637590e-04
3.000000000000000000e+00 4.011266511266510992e-04
4.000000000000000000e+00 2.010489510489510488e-04
5.000000000000000000e+00 2.822455322455322399e-04
6.000000000000000000e+00 5.683372183372182793e-03
7.000000000000000000e+00 1.169386169386169304e-04
8.000000000000000000e+00 4.065656565656565599e-04
9.000000000000000000e+00 1.117327117327117196e-03
1.000000000000000000e+01 3.520007770007769696e-03
1.100000000000000000e+01 1.192501942501942485e-03
1.200000000000000000e+01 1.123543123543123499e-03
1.300000000000000000e+01 0.000000000000000000e+00
1.000000000000000000e+00 3.164335664335664170e-04
2.000000000000000000e+00 2.527195027195026813e-04
3.000000000000000000e+00 4.885392385392384575e-04
4.000000000000000000e+00 1.054778554778554723e-04
5.000000000000000000e+00 6.285936285936285280e-04
6.000000000000000000e+00 3.372766122766122487e-03
7.000000000000000000e+00 2.272727272727272590e-05
8.000000000000000000e+00 3.970473970473970037e-04
9.000000000000000000e+00 1.123931623931623920e-03
1.000000000000000000e+01 3.173271173271173095e-03
1.100000000000000000e+01 2.879759129759129621e-03
1.200000000000000000e+01 1.441919191919191750e-03
1.300000000000000000e+01 0.000000000000000000e+00
1.000000000000000000e+00 2.213064713064713063e-04
2.000000000000000000e+00 1.685259185259185095e-04
3.000000000000000000e+00 5.011655011655011109e-05
4.000000000000000000e+00 3.799533799533799422e-04
5.000000000000000000e+00 5.912975912975912537e-04
6.000000000000000000e+00 8.073149073149071819e-03
7.000000000000000000e+00 9.634809634809633717e-05
8.000000000000000000e+00 2.325174825174824956e-04
9.000000000000000000e+00 1.143467643467643326e-03
1.000000000000000000e+01 9.123931623931623436e-04
1.100000000000000000e+01 4.934343434343433504e-03
1.200000000000000000e+01 1.678821178821178614e-03
1.300000000000000000e+01 0.000000000000000000e+00
1.000000000000000000e+00 4.669774669774669337e-04
2.000000000000000000e+00 5.477855477855477715e-05
3.000000000000000000e+00 1.891996891996891833e-04
4.000000000000000000e+00 1.499611499611499393e-04
5.000000000000000000e+00 4.226884226884226772e-04
6.000000000000000000e+00 2.512820512820512428e-03
7.000000000000000000e+00 2.525252525252525250e-05
8.000000000000000000e+00 4.646464646464646244e-04
9.000000000000000000e+00 1.216783216783216739e-03
1.000000000000000000e+01 2.031857031857031530e-03
1.100000000000000000e+01 1.655400155400155214e-03
1.200000000000000000e+01 1.175602175602175579e-03
1.300000000000000000e+01 0.000000000000000000e+00
1.000000000000000000e+00 2.002719502719502609e-04
2.000000000000000000e+00 1.332556332556332447e-04
3.000000000000000000e+00 1.736596736596736433e-04
4.000000000000000000e+00 7.770007770007770001e-05
5.000000000000000000e+00 3.500943500943500615e-04
6.000000000000000000e+00 5.126456876456876414e-03
7.000000000000000000e+00 1.123321123321123293e-04
8.000000000000000000e+00 3.298923298923298487e-04
9.000000000000000000e+00 1.374764124764124703e-03
1.000000000000000000e+01 2.739510489510489123e-03
1.100000000000000000e+01 1.541375291375291293e-03
1.200000000000000000e+01 9.244921744921744643e-04
1.300000000000000000e+01 0.000000000000000000e+00
1.000000000000000000e+00 2.102342102342102286e-04
2.000000000000000000e+00 1.944999444999444781e-04
3.000000000000000000e+00 3.158508158508158397e-04
4.000000000000000000e+00 2.766677766677766675e-04
5.000000000000000000e+00 7.022144522144521325e-04
6.000000000000000000e+00 3.313714063714063695e-03
7.000000000000000000e+00 1.534576534576534575e-04
8.000000000000000000e+00 4.127816627816627542e-04
9.000000000000000000e+00 1.243450993450993238e-03
1.000000000000000000e+01 2.599456099456099161e-03
1.100000000000000000e+01 2.704406704406704318e-03
1.200000000000000000e+01 5.922688422688421979e-04
1.300000000000000000e+01 0.000000000000000000e+00
1.000000000000000000e+00 2.979797979797979362e-04
2.000000000000000000e+00 2.282439782439782438e-04
3.000000000000000000e+00 4.277389277389277169e-04
4.000000000000000000e+00 5.477855477855477715e-05
5.000000000000000000e+00 4.003496503496503114e-04
6.000000000000000000e+00 2.869852369852369644e-03
7.000000000000000000e+00 1.402486402486402268e-04
8.000000000000000000e+00 3.242035742035741870e-04
9.000000000000000000e+00 1.494172494172494150e-03
1.000000000000000000e+01 1.583527583527583396e-03
1.100000000000000000e+01 1.101592851592851554e-03
1.200000000000000000e+01 1.084304584304584228e-03
1.300000000000000000e+01 0.000000000000000000e+00
1.000000000000000000e+00 6.301476301476301037e-04
2.000000000000000000e+00 1.789044289044288934e-04
3.000000000000000000e+00 4.222999222999222562e-04
4.000000000000000000e+00 2.288267288267288211e-04
5.000000000000000000e+00 6.451048951048950122e-04
6.000000000000000000e+00 3.742618492618492512e-03
7.000000000000000000e+00 9.731934731934730842e-05
8.000000000000000000e+00 3.995726495726495235e-04
9.000000000000000000e+00 1.918026418026417927e-03
1.000000000000000000e+01 1.440753690753690704e-03
1.100000000000000000e+01 3.142968142968142857e-03
1.200000000000000000e+01 1.254856254856254747e-03
1.300000000000000000e+01 0.000000000000000000e+00
1.000000000000000000e+00 2.309634809634809470e-04
2.000000000000000000e+00 4.700854700854700715e-05
3.000000000000000000e+00 4.889277389277388785e-04
4.000000000000000000e+00 5.458430458430458019e-05
5.000000000000000000e+00 4.168609168609168497e-04
6.000000000000000000e+00 6.580419580419580132e-03
7.000000000000000000e+00 1.293706293706293597e-04
8.000000000000000000e+00 2.202797202797202633e-04
9.000000000000000000e+00 1.338189588189588010e-03
1.000000000000000000e+01 3.819347319347319268e-03
1.100000000000000000e+01 1.185897435897435761e-03
1.200000000000000000e+01 1.449106449106448997e-03
1.300000000000000000e+01 0.000000000000000000e+00
1.000000000000000000e+00 4.355089355089354869e-04
2.000000000000000000e+00 1.482128982128982073e-04
3.000000000000000000e+00 2.544677544677544675e-04
4.000000000000000000e+00 5.613830613830613555e-05
5.000000000000000000e+00 7.606837606837606180e-04
6.000000000000000000e+00 6.009324009324008495e-03
7.000000000000000000e+00 6.157731157731156913e-05
8.000000000000000000e+00 3.226495726495726113e-04
9.000000000000000000e+00 1.092851592851592840e-03
1.000000000000000000e+01 2.894327894327894217e-03
1.100000000000000000e+01 1.054972804972804934e-03
1.200000000000000000e+01 2.306915306915306631e-03
1.300000000000000000e+01 0.000000000000000000e+00
1.000000000000000000e+00 2.311577311577311575e-04
2.000000000000000000e+00 1.484071484071483908e-04
3.000000000000000000e+00 1.522921522921522758e-04
4.000000000000000000e+00 2.616550116550116060e-04
5.000000000000000000e+00 5.013597513597512672e-04
6.000000000000000000e+00 2.231740481740481560e-03
7.000000000000000000e+00 1.179098679098679016e-04
8.000000000000000000e+00 2.989510489510489345e-04
9.000000000000000000e+00 1.437645687645687552e-03
1.000000000000000000e+01 1.028749028749028575e-03
1.100000000000000000e+01 1.064685314685314592e-03
1.200000000000000000e+01 1.179487179487179356e-03
1.300000000000000000e+01 0.000000000000000000e+00
1.000000000000000000e+00 2.977855477855477799e-04
2.000000000000000000e+00 3.273115773115772842e-04
3.000000000000000000e+00 5.868298368298367372e-04
4.000000000000000000e+00 5.866355866355866215e-05
5.000000000000000000e+00 4.448884448884448772e-04
6.000000000000000000e+00 1.102000777000776942e-02
7.000000000000000000e+00 4.123654123654123108e-05
8.000000000000000000e+00 3.354700854700854210e-04
9.000000000000000000e+00 8.934121434121433843e-04
1.000000000000000000e+01 8.203740703740703029e-04
1.100000000000000000e+01 8.912642912642911031e-03
1.200000000000000000e+01 9.465811965811965750e-04
1.300000000000000000e+01 0.000000000000000000e+00
1.000000000000000000e+00 3.741258741258741147e-04
2.000000000000000000e+00 2.519425019425018935e-04
3.000000000000000000e+00 4.252136752136751970e-04
4.000000000000000000e+00 3.028360528360528195e-04
5.000000000000000000e+00 5.705683205683205082e-04
6.000000000000000000e+00 5.137778887778887693e-03
7.000000000000000000e+00 3.987678987678987269e-05
8.000000000000000000e+00 5.345765345765345544e-04
9.000000000000000000e+00 1.350094350094350028e-03
1.000000000000000000e+01 3.630924630924630900e-03
1.100000000000000000e+01 2.392968142968142625e-03
1.200000000000000000e+01 1.295898545898545740e-03
1.300000000000000000e+01 0.000000000000000000e+00
1.000000000000000000e+00 3.970473970473970037e-04
2.000000000000000000e+00 3.943278943278942733e-05
3.000000000000000000e+00 1.932789432789432788e-04
4.000000000000000000e+00 2.231934731934731770e-04
5.000000000000000000e+00 3.729603729603729600e-04
6.000000000000000000e+00 5.064491064491064357e-03
7.000000000000000000e+00 1.050893550893550784e-04
8.000000000000000000e+00 2.299922299922299758e-04
9.000000000000000000e+00 1.260101010101009888e-03
1.000000000000000000e+01 1.878982128982128975e-03
1.100000000000000000e+01 4.302641802641802259e-03
1.200000000000000000e+01 1.191336441336441222e-03
1.300000000000000000e+01 0.000000000000000000e+00
1.000000000000000000e+00 5.293317793317793042e-04
2.000000000000000000e+00 2.063492063492063436e-04
3.000000000000000000e+00 2.474747474747474312e-04
4.000000000000000000e+00 1.768231768231768122e-04
5.000000000000000000e+00 4.555722055722055339e-04
6.000000000000000000e+00 2.461344211344211087e-03
7.000000000000000000e+00 1.746309246309246145e-04
8.000000000000000000e+00 2.727272727272726837e-04
9.000000000000000000e+00 2.113497613497613160e-03
1.000000000000000000e+01 1.793179043179043020e-03
1.100000000000000000e+01 1.514430014430014244e-03
1.200000000000000000e+01 1.186341436341436335e-03
1.300000000000000000e+01 0.000000000000000000e+00
1.000000000000000000e+00 3.181818181818181490e-04
2.000000000000000000e+00 7.012432012432011342e-05
3.000000000000000000e+00 1.536519036519036409e-04
4.000000000000000000e+00 1.851204351204351149e-04
5.000000000000000000e+00 6.548174048174047789e-04
6.000000000000000000e+00 2.629370629370629195e-03
7.000000000000000000e+00 9.479409479409478859e-05
8.000000000000000000e+00 3.801476301476300985e-04
9.000000000000000000e+00 2.011849261849261473e-03
1.000000000000000000e+01 1.543317793317793181e-03
1.100000000000000000e+01 2.619269619269619116e-03
1.200000000000000000e+01 1.800116550116550012e-03
1.300000000000000000e+01 0.000000000000000000e+00
1.000000000000000000e+00 1.239871239871239708e-04
2.000000000000000000e+00 1.789044289044288934e-04
3.000000000000000000e+00 3.127428127428127425e-04
4.000000000000000000e+00 1.220446220446220418e-04
5.000000000000000000e+00 4.741647241647241264e-04
6.000000000000000000e+00 3.362665112665112407e-03
7.000000000000000000e+00 3.271173271173270737e-04
8.000000000000000000e+00 2.034354534354534299e-04
9.000000000000000000e+00 1.542790542790542594e-03
1.000000000000000000e+01 1.205710955710955498e-03
1.100000000000000000e+01 2.266178266178265829e-03
1.200000000000000000e+01 9.297369297369297144e-04
1.300000000000000000e+01 0.000000000000000000e+00
