1.000000000000000000e+00 -1.379870129870129679e-03
2.000000000000000000e+00 -1.579392829392829364e-03
3.000000000000000000e+00 -1.476828726828726670e-03
4.000000000000000000e+00 -1.399628149628149481e-03
5.000000000000000000e+00 -1.453268953268953105e-03
6.000000000000000000e+00 -2.813575313575313085e-04
7.000000000000000000e+00 -1.628038628038627885e-03
8.000000000000000000e+00 -1.665501165501165294e-03
9.000000000000000000e+00 1.056998556998556916e-04
1.000000000000000000e+01 -1.114357864357864211e-03
1.100000000000000000e+01 -5.564158064158064099e-04
1.200000000000000000e+01 1.771478521478521331e-03
1.300000000000000000e+01 -1.811188811188811035e-03
1.000000000000000000e+00 -1.987012987012986773e-03
2.000000000000000000e+00 -2.069402819402819168e-03
3.000000000000000000e+00 -1.847929847929847755e-03
4.000000000000000000e+00 -1.824869574869574700e-03
5.000000000000000000e+00 -2.032828282828282474e-03
6.000000000000000000e+00 -1.104007104007103876e-03
7.000000000000000000e+00 -2.100621600621600197e-03
8.000000000000000000e+00 -2.092241092241091827e-03
9.000000000000000000e+00 -2.129259629259629095e-04
1.000000000000000000e+01 -1.475274725274725203e-03
1.100000000000000000e+01 -1.390276390276390167e-03
1.200000000000000000e+01 1.095024420024419930e-02
1.300000000000000000e+01 -2.269924519924519657e-03
1.000000000000000000e+00 -1.871212121212121205e-03
2.000000000000000000e+00 -1.947829947829947655e-03
3.000000000000000000e+00 -1.799589299589299425e-03
4.000000000000000000e+00 -1.757797757797757666e-03
5.000000000000000000e+00 -1.742895992895992802e-03
6.000000000000000000e+00 -1.032106782106781981e-03
7.000000000000000000e+00 -2.152625152625152558e-03
8.000000000000000000e+00 -2.077117327117327002e-03
9.000000000000000000e+00 -9.873459873459873180e-05
1.000000000000000000e+01 -1.595737595737595606e-03
1.100000000000000000e+01 -1.026501276501276495e-03
1.200000000000000000e+01 4.148407148407148338e-03
1.300000000000000000e+01 -2.208152958152958135e-03
1.000000000000000000e+00 -2.007908757908757544e-03
2.000000000000000000e+00 -1.887806637806637702e-03
3.000000000000000000e+00 -1.952353202353202324e-03
4.000000000000000000e+00 -1.782661782661782660e-03
5.000000000000000000e+00 -1.797674547674547613e-03
6.000000000000000000e+00 -1.306304806304806228e-03
7.000000000000000000e+00 -2.145576645576645260e-03
8.000000000000000000e+00 -1.923937173937173822e-03
9.000000000000000000e+00 -3.801753801753801751e-05
1.000000000000000000e+01 -1.375901875901875890e-03
1.100000000000000000e+01 -1.269480519480519279e-03
1.200000000000000000e+01 6.120712620712620566e-03
1.300000000000000000e+01 -2.229076479076478982e-03
1.000000000000000000e+00 -1.454018204018203871e-03
2.000000000000000000e+00 -1.475163725163725114e-03
3.000000000000000000e+00 -1.413114663114663043e-03
4.000000000000000000e+00 -1.345293595293595244e-03
5.000000000000000000e+00 -1.392995892995892897e-03
6.000000000000000000e+00 -2.151459651459651295e-04
7.000000000000000000e+00 -1.455877455877455746e-03
8.000000000000000000e+00 -1.505411255411255199e-03
9.000000000000000000e+00 -6.816516816516816294e-04
1.000000000000000000e+01 -7.162004662004660968e-04
1.100000000000000000e+01 -5.411255411255411251e-04
1.200000000000000000e+01 3.792707292707292628e-03
1.300000000000000000e+01 -1.672299922299922120e-03
1.000000000000000000e+00 -1.747141747141747140e-03
2.000000000000000000e+00 -1.838467088467088352e-03
3.000000000000000000e+00 -1.639554889554889483e-03
4.000000000000000000e+00 -1.528665778665778572e-03
5.000000000000000000e+00 -1.511460761460761259e-03
6.000000000000000000e+00 -1.146242646242646209e-03
7.000000000000000000e+00 -1.921772671772671755e-03
8.000000000000000000e+00 -1.760905760905760817e-03
9.000000000000000000e+00 3.618603618603618465e-05
1.000000000000000000e+01 -1.462287712287712151e-03
1.100000000000000000e+01 -1.060689310689310509e-03
1.200000000000000000e+01 3.041458541458541120e-03
1.300000000000000000e+01 -2.032328782328781964e-03
1.000000000000000000e+00 -1.613109113109112945e-03
2.000000000000000000e+00 -1.644549894549894370e-03
3.000000000000000000e+00 -1.474081474081474080e-03
4.000000000000000000e+00 -1.483405483405483317e-03
5.000000000000000000e+00 -1.012210012210012014e-03
6.000000000000000000e+00 -3.860306360306360249e-04
7.000000000000000000e+00 -1.722444222444222389e-03
8.000000000000000000e+00 -1.582972582972582950e-03
9.000000000000000000e+00 -4.009046509046508664e-04
1.000000000000000000e+01 -1.308830058830058639e-03
1.100000000000000000e+01 -7.153402153402152420e-04
1.200000000000000000e+01 5.248251748251747673e-03
1.300000000000000000e+01 -1.832195582195582113e-03
1.000000000000000000e+00 -1.622183372183372144e-03
2.000000000000000000e+00 -1.849761349761349554e-03
3.000000000000000000e+00 -1.553946053946053847e-03
4.000000000000000000e+00 -1.759629259629259465e-03
5.000000000000000000e+00 -1.566988566988566835e-03
6.000000000000000000e+00 -9.059551559551558622e-04
7.000000000000000000e+00 -1.866189366189366025e-03
8.000000000000000000e+00 -1.844905094905094833e-03
9.000000000000000000e+00 -2.516927516927516925e-04
1.000000000000000000e+01 -1.382090132090131899e-03
1.100000000000000000e+01 -1.013736263736263622e-03
1.200000000000000000e+01 3.536435786435786384e-03
1.300000000000000000e+01 -2.011877011877011550e-03
1.000000000000000000e+00 -1.822316572316572212e-03
2.000000000000000000e+00 -1.842823842823842779e-03
3.000000000000000000e+00 -1.728743478743478704e-03
4.000000000000000000e+00 -1.966561216561216359e-03
5.000000000000000000e+00 -1.694361194361194154e-03
6.000000000000000000e+00 -8.147408147408147401e-04
7.000000000000000000e+00 -2.060911310911310492e-03
8.000000000000000000e+00 -2.047508047508047376e-03
9.000000000000000000e+00 -8.991008991008989646e-06
1.000000000000000000e+01 -1.670024420024419963e-03
1.100000000000000000e+01 -1.101648351648351490e-03
1.200000000000000000e+01 1.578671328671328459e-03
1.300000000000000000e+01 -2.174020424020423840e-03
1.000000000000000000e+00 -1.735320235320235134e-03
2.000000000000000000e+00 -1.753385503385503303e-03
3.000000000000000000e+00 -1.673909423909423740e-03
4.000000000000000000e+00 -1.920024420024419969e-03
5.000000000000000000e+00 -1.794733044733044704e-03
6.000000000000000000e+00 -8.602231102231101736e-04
7.000000000000000000e+00 -2.020562770562770328e-03
8.000000000000000000e+00 -1.979215229215229143e-03
9.000000000000000000e+00 1.535131535131535022e-04
1.000000000000000000e+01 -1.423215673215673122e-03
1.100000000000000000e+01 -9.355921855921855643e-04
1.200000000000000000e+01 -8.847263847263847148e-04
1.300000000000000000e+01 -2.114579864579864410e-03
1.000000000000000000e+00 -1.656926406926406822e-03
2.000000000000000000e+00 -1.782467532467532341e-03
3.000000000000000000e+00 -1.535575535575535487e-03
4.000000000000000000e+00 -1.550088800088799930e-03
5.000000000000000000e+00 -1.316211566211566205e-03
6.000000000000000000e+00 -1.612831612831612722e-04
7.000000000000000000e+00 -1.699134199134199079e-03
8.000000000000000000e+00 -1.702103452103452064e-03
9.000000000000000000e+00 -2.424242424242424186e-04
1.000000000000000000e+01 -1.413142413142413120e-03
1.100000000000000000e+01 -7.019924519924519539e-04
1.200000000000000000e+01 1.016733266733266684e-03
1.300000000000000000e+01 -1.888000888000887804e-03
1.000000000000000000e+00 -1.176573426573426524e-03
2.000000000000000000e+00 -1.370324120324120263e-03
3.000000000000000000e+00 -1.333444333444333378e-03
4.000000000000000000e+00 -1.012903762903762843e-03
5.000000000000000000e+00 -8.849483849483848934e-04
6.000000000000000000e+00 2.824675324675324185e-04
7.000000000000000000e+00 -1.395243645243645194e-03
8.000000000000000000e+00 -1.383727383727383596e-03
9.000000000000000000e+00 -1.088078588078588023e-04
1.000000000000000000e+01 -9.229104229104228120e-04
1.100000000000000000e+01 -1.337551337551337550e-04
1.200000000000000000e+01 1.029581529581529570e-02
1.300000000000000000e+01 -1.535936285936285832e-03
1.000000000000000000e+00 -2.321095571095571023e-03
2.000000000000000000e+00 -2.279803529803529558e-03
3.000000000000000000e+00 -2.129509379509379133e-03
4.000000000000000000e+00 -2.107697857697857571e-03
5.000000000000000000e+00 -1.713092463092463075e-03
6.000000000000000000e+00 -6.174936174936174280e-04
7.000000000000000000e+00 -2.220945720945720868e-03
8.000000000000000000e+00 -2.262376512376512282e-03
9.000000000000000000e+00 1.136502386502386474e-03
1.000000000000000000e+01 -1.613220113220113034e-03
1.100000000000000000e+01 -1.441780441780441584e-03
1.200000000000000000e+01 2.555000555000554608e-03
1.300000000000000000e+01 -2.454795204795204733e-03
1.000000000000000000e+00 -1.876595626595626513e-03
2.000000000000000000e+00 -2.129287379287378955e-03
3.000000000000000000e+00 -1.749639249639249475e-03
4.000000000000000000e+00 -1.730186480186480082e-03
5.000000000000000000e+00 -1.749417249417249296e-03
6.000000000000000000e+00 -3.060273060273059837e-04
7.000000000000000000e+00 -2.102758352758352621e-03
8.000000000000000000e+00 -1.983377733377733251e-03
9.000000000000000000e+00 -6.505161505161505047e-04
1.000000000000000000e+01 -1.301420801420801214e-03
1.100000000000000000e+01 -9.769119769119768894e-04
1.200000000000000000e+01 4.427794427794427465e-04
1.300000000000000000e+01 -2.191447441447441115e-03
1.000000000000000000e+00 -1.973304473304473249e-03
2.000000000000000000e+00 -1.759629259629259465e-03
3.000000000000000000e+00 -1.883116883116883007e-03
4.000000000000000000e+00 -1.916916416916416817e-03
5.000000000000000000e+00 -1.830530580530580339e-03
6.000000000000000000e+00 -7.149794649794648975e-04
7.000000000000000000e+00 -2.135364635364635309e-03
8.000000000000000000e+00 -1.983655233655233583e-03
9.000000000000000000e+00 -4.728049728049727612e-04
1.000000000000000000e+01 -1.548035298035297953e-03
1.100000000000000000e+01 -8.339160839160839099e-04
1.200000000000000000e+01 2.620268620268620136e-03
1.300000000000000000e+01 -2.211371961371960942e-03
1.000000000000000000e+00 -2.095515595515595221e-03
2.000000000000000000e+00 -2.241536241536241231e-03
3.000000000000000000e+00 -2.104395604395604101e-03
4.000000000000000000e+00 -2.087301587301586877e-03
5.000000000000000000e+00 -1.920052170052170045e-03
6.000000000000000000e+00 -1.236180486180485979e-03
7.000000000000000000e+00 -2.308746808746808647e-03
8.000000000000000000e+00 -2.208319458319458160e-03
9.000000000000000000e+00 -5.074092574092573275e-04
1.000000000000000000e+01 -1.709040959040958839e-03
1.100000000000000000e+01 -1.336413586413586364e-03
1.200000000000000000e+01 4.936174936174935954e-03
1.300000000000000000e+01 -2.396853146853146835e-03
1.000000000000000000e+00 -1.799034299034298979e-03
2.000000000000000000e+00 -1.742757242757242636e-03
3.000000000000000000e+00 -1.650571650571650570e-03
4.000000000000000000e+00 -1.674159174159173995e-03
5.000000000000000000e+00 -1.761127761127760996e-03
6.000000000000000000e+00 -8.123265623265623096e-04
7.000000000000000000e+00 -1.996642246642246418e-03
8.000000000000000000e+00 -1.885198135198135061e-03
9.000000000000000000e+00 1.578976578976578975e-04
1.000000000000000000e+01 -1.430930180930180739e-03
1.100000000000000000e+01 -9.693917193917193746e-04
1.200000000000000000e+01 4.804639804639804419e-04
1.300000000000000000e+01 -2.121323121323121300e-03
1.000000000000000000e+00 -2.557581307581307389e-03
2.000000000000000000e+00 -2.542263292263292028e-03
3.000000000000000000e+00 -2.361416361416361111e-03
4.000000000000000000e+00 -2.369935619935619863e-03
5.000000000000000000e+00 -2.365218115218115091e-03
6.000000000000000000e+00 -1.725996225996225897e-03
7.000000000000000000e+00 -2.543734043734043482e-03
8.000000000000000000e+00 -2.454878454878454529e-03
9.000000000000000000e+00 -2.383727383727383725e-04
1.000000000000000000e+01 -2.229104229104229059e-03
1.100000000000000000e+01 -1.428848928848928685e-03
1.200000000000000000e+01 6.114940614940614187e-03
1.300000000000000000e+01 -2.751415251415251142e-03
1.000000000000000000e+00 -1.756798756798756645e-03
2.000000000000000000e+00 -1.783799533799533630e-03
3.000000000000000000e+00 -1.733738483738483591e-03
4.000000000000000000e+00 -1.668303918303918254e-03
5.000000000000000000e+00 -1.410783660783660734e-03
6.000000000000000000e+00 -7.178654678654677618e-04
7.000000000000000000e+00 -1.864607614607614481e-03
8.000000000000000000e+00 -1.691808191808191666e-03
9.000000000000000000e+00 -6.993006993006993001e-04
1.000000000000000000e+01 -1.373293373293373249e-03
1.100000000000000000e+01 -4.932289932289931527e-04
1.200000000000000000e+01 3.594738594738594410e-03
1.300000000000000000e+01 -2.003219003219002849e-03
1.000000000000000000e+00 -2.074064824064823787e-03
2.000000000000000000e+00 -2.158591408591408172e-03
3.000000000000000000e+00 -2.154040404040403860e-03
4.000000000000000000e+00 -1.980325230325230036e-03
5.000000000000000000e+00 -2.000444000444000399e-03
6.000000000000000000e+00 -1.233682983682983644e-03
7.000000000000000000e+00 -2.205322455322455098e-03
8.000000000000000000e+00 -2.179181929181928969e-03
9.000000000000000000e+00 4.415029415029414483e-05
1.000000000000000000e+01 -1.944666444666444567e-03
1.100000000000000000e+01 -1.093711843711843695e-03
1.200000000000000000e+01 4.584582084582084524e-04
1.300000000000000000e+01 -2.380258630258630121e-03
1.000000000000000000e+00 -1.404983904983904928e-03
2.000000000000000000e+00 -1.514596514596514487e-03
3.000000000000000000e+00 -1.315406815406815286e-03
4.000000000000000000e+00 -1.388056388056387947e-03
5.000000000000000000e+00 -1.197108447108446950e-03
6.000000000000000000e+00 -2.579365079365079092e-04
7.000000000000000000e+00 -1.702935952935952842e-03
8.000000000000000000e+00 -1.653402153402153390e-03
9.000000000000000000e+00 -4.193029193029193026e-04
1.000000000000000000e+01 -1.078449328449328269e-03
1.100000000000000000e+01 -6.453823953823953439e-04
1.200000000000000000e+01 5.002053502053501431e-03
1.300000000000000000e+01 -1.787296037296037202e-03
1.000000000000000000e+00 -2.031357531357531020e-03
2.000000000000000000e+00 -2.231324231324231279e-03
3.000000000000000000e+00 -2.083444333444333177e-03
4.000000000000000000e+00 -2.015123765123764867e-03
5.000000000000000000e+00 -2.063603063603063580e-03
6.000000000000000000e+00 -1.034243534243534188e-03
7.000000000000000000e+00 -2.255466755466755367e-03
8.000000000000000000e+00 -2.178044178044177999e-03
9.000000000000000000e+00 3.429625929625929135e-04
1.000000000000000000e+01 -1.963397713397713271e-03
1.100000000000000000e+01 -1.171300921300921088e-03
1.200000000000000000e+01 3.807414807414807173e-03
1.300000000000000000e+01 -2.411505161505161227e-03
1.000000000000000000e+00 -1.826701076701076499e-03
2.000000000000000000e+00 -1.993589743589743203e-03
3.000000000000000000e+00 -2.019619269619269460e-03
4.000000000000000000e+00 -1.936591186591186389e-03
5.000000000000000000e+00 -1.517565767565767472e-03
6.000000000000000000e+00 -4.765234765234765122e-04
7.000000000000000000e+00 -2.047952047952047733e-03
8.000000000000000000e+00 -1.748806748806748697e-03
9.000000000000000000e+00 -4.137529137529137526e-04
1.000000000000000000e+01 -1.475413475413475369e-03
1.100000000000000000e+01 -9.678932178932178436e-04
1.200000000000000000e+01 2.299700299700299308e-03
1.300000000000000000e+01 -2.142274392274392224e-03
1.000000000000000000e+00 -1.938172938172938150e-03
2.000000000000000000e+00 -2.061216561216560900e-03
3.000000000000000000e+00 -2.014790764790764382e-03
4.000000000000000000e+00 -1.967976467976467660e-03
5.000000000000000000e+00 -1.751831501831501619e-03
6.000000000000000000e+00 -8.473748473748472874e-04
7.000000000000000000e+00 -2.130092130092129873e-03
8.000000000000000000e+00 -2.094683094683094660e-03
9.000000000000000000e+00 2.591020091020090638e-04
1.000000000000000000e+01 -1.534104784104784033e-03
1.100000000000000000e+01 -1.201409701409701224e-03
1.200000000000000000e+01 1.794511044511044309e-03
1.300000000000000000e+01 -2.272477522477522362e-03
1.000000000000000000e+00 -1.857586857586857477e-03
2.000000000000000000e+00 -1.945304695304695243e-03
3.000000000000000000e+00 -1.809274059274059224e-03
4.000000000000000000e+00 -1.881923631923631884e-03
5.000000000000000000e+00 -1.528721278721278509e-03
6.000000000000000000e+00 -1.248640248640248444e-03
7.000000000000000000e+00 -1.969141969141969140e-03
8.000000000000000000e+00 -1.906399156399156240e-03
9.000000000000000000e+00 6.328671328671328341e-04
1.000000000000000000e+01 -1.365856365856365747e-03
1.100000000000000000e+01 -9.464979464979464538e-04
1.200000000000000000e+01 2.074952824952824935e-03
1.300000000000000000e+01 -2.142274392274392224e-03
1.000000000000000000e+00 -1.669635919635919542e-03
2.000000000000000000e+00 -1.882589632589632420e-03
3.000000000000000000e+00 -1.981074481074480802e-03
4.000000000000000000e+00 -1.810134310134310079e-03
5.000000000000000000e+00 -1.438977688977688841e-03
6.000000000000000000e+00 -5.640193140193139375e-04
7.000000000000000000e+00 -1.867826617826617722e-03
8.000000000000000000e+00 -1.823981573981573769e-03
9.000000000000000000e+00 3.281163281163280944e-04
1.000000000000000000e+01 -1.562465312465312383e-03
1.100000000000000000e+01 -5.160395160395159523e-04
1.200000000000000000e+01 2.888306138306138016e-03
1.300000000000000000e+01 -2.074370074370074195e-03
1.000000000000000000e+00 -2.072927072927072817e-03
2.000000000000000000e+00 -1.958097458097457760e-03
3.000000000000000000e+00 -1.852092352092352080e-03
4.000000000000000000e+00 -1.835220335220335034e-03
5.000000000000000000e+00 -1.576978576978576825e-03
6.000000000000000000e+00 -3.227328227328227325e-04
7.000000000000000000e+00 -2.053529803529803143e-03
8.000000000000000000e+00 -2.099816849816849712e-03
9.000000000000000000e+00 -3.939116439116438842e-04
1.000000000000000000e+01 -1.464535464535464447e-03
1.100000000000000000e+01 -1.139887889887889741e-03
1.200000000000000000e+01 1.114385614385614287e-03
1.300000000000000000e+01 -2.217143967143966887e-03
1.000000000000000000e+00 -1.616022866022865994e-03
2.000000000000000000e+00 -1.749306249306249207e-03
3.000000000000000000e+00 -1.722444222444222389e-03
4.000000000000000000e+00 -1.558275058275058198e-03
5.000000000000000000e+00 -1.612137862137862001e-03
6.000000000000000000e+00 -1.346431346431346322e-04
7.000000000000000000e+00 -1.807220557220557029e-03
8.000000000000000000e+00 -1.654317904317904181e-03
9.000000000000000000e+00 2.343489843489843488e-04
1.000000000000000000e+01 -1.238705738705738607e-03
1.100000000000000000e+01 -8.609168609168608944e-04
1.200000000000000000e+01 1.515165390165390015e-02
1.300000000000000000e+01 -1.882672882672882650e-03
1.000000000000000000e+00 -1.651875901875901782e-03
2.000000000000000000e+00 -1.846847596847596721e-03
3.000000000000000000e+00 -1.664724164724164669e-03
4.000000000000000000e+00 -1.799450549450549259e-03
5.000000000000000000e+00 -1.683760683760683564e-03
6.000000000000000000e+00 -1.171328671328671273e-04
7.000000000000000000e+00 -1.910034410034409979e-03
8.000000000000000000e+00 -1.926240426240426054e-03
9.000000000000000000e+00 4.228826728826728335e-04
1.000000000000000000e+01 -1.628760128760128574e-03
1.100000000000000000e+01 -1.498889998889998704e-03
1.200000000000000000e+01 5.926850926850926737e-03
1.300000000000000000e+01 -2.082528582528582386e-03
1.000000000000000000e+00 -1.674547674547674416e-03
2.000000000000000000e+00 -1.590631590631590630e-03
3.000000000000000000e+00 -1.876873126873126844e-03
4.000000000000000000e+00 -1.647019647019646845e-03
5.000000000000000000e+00 -1.732822732822732800e-03
6.000000000000000000e+00 -6.231546231546230673e-04
7.000000000000000000e+00 -1.878815628815628733e-03
8.000000000000000000e+00 -1.913003663003662964e-03
9.000000000000000000e+00 -3.831723831723831287e-04
1.000000000000000000e+01 -9.999444999444998677e-04
1.100000000000000000e+01 -8.139638139638138981e-04
1.200000000000000000e+01 3.646353646353646215e-05
1.300000000000000000e+01 -2.021645021645021578e-03
1.000000000000000000e+00 -1.660589410589410420e-03
2.000000000000000000e+00 -1.964396714396714292e-03
3.000000000000000000e+00 -1.596930846930846729e-03
4.000000000000000000e+00 -1.676129426129425960e-03
5.000000000000000000e+00 -1.567210567210567014e-03
6.000000000000000000e+00 -6.221556221556221551e-04
7.000000000000000000e+00 -1.904040404040403854e-03
8.000000000000000000e+00 -1.849012099012099005e-03
9.000000000000000000e+00 -6.726606726606726601e-04
1.000000000000000000e+01 -1.708180708180707984e-03
1.100000000000000000e+01 -1.095987345987345851e-03
1.200000000000000000e+01 3.815018315018314701e-03
1.300000000000000000e+01 -2.100677100677100350e-03
1.000000000000000000e+00 -2.160839160839160469e-03
2.000000000000000000e+00 -2.145604395604395337e-03
3.000000000000000000e+00 -1.987234987234986951e-03
4.000000000000000000e+00 -1.863303363303363269e-03
5.000000000000000000e+00 -1.934149184149183990e-03
6.000000000000000000e+00 -7.210844710844710025e-04
7.000000000000000000e+00 -2.271090021090020703e-03
8.000000000000000000e+00 -2.074314574314574042e-03
9.000000000000000000e+00 4.983904983904983359e-05
1.000000000000000000e+01 -1.343462093462093445e-03
1.100000000000000000e+01 -1.228160728160727954e-03
1.200000000000000000e+01 1.972055722055721973e-03
1.300000000000000000e+01 -2.334276834276833960e-03
1.000000000000000000e+00 -1.762515262515262438e-03
2.000000000000000000e+00 -1.803640803640803444e-03
3.000000000000000000e+00 -1.822011322011321804e-03
4.000000000000000000e+00 -1.465007215007214881e-03
5.000000000000000000e+00 -1.465784215784215723e-03
6.000000000000000000e+00 -8.965756465756464719e-04
7.000000000000000000e+00 -1.856809856809856635e-03
8.000000000000000000e+00 -1.884948384948384806e-03
9.000000000000000000e+00 -2.678987678987678769e-04
1.000000000000000000e+01 -1.471528471528471375e-03
1.100000000000000000e+01 -6.963591963591962827e-04
1.200000000000000000e+01 2.288628038628038285e-03
1.300000000000000000e+01 -2.005827505827505707e-03
1.000000000000000000e+00 -1.715867465867465741e-03
2.000000000000000000e+00 -1.580697080697080576e-03
3.000000000000000000e+00 -1.631784881784881713e-03
4.000000000000000000e+00 -1.561105561105561017e-03
5.000000000000000000e+00 -1.659951159951159744e-03
6.000000000000000000e+00 -7.251914751914751746e-04
7.000000000000000000e+00 -1.866133866133866089e-03
8.000000000000000000e+00 -1.783938283938283796e-03
9.000000000000000000e+00 -4.129204129204129201e-04
1.000000000000000000e+01 -1.184787434787434651e-03
1.100000000000000000e+01 -9.885392385392383595e-04
1.200000000000000000e+01 9.097291597291596579e-04
1.300000000000000000e+01 -2.009185259185258896e-03
1.000000000000000000e+00 -1.826423576423576384e-03
2.000000000000000000e+00 -1.969974469974469702e-03
3.000000000000000000e+00 -1.761433011433011404e-03
4.000000000000000000e+00 -1.703879453879453710e-03
5.000000000000000000e+00 -1.398712398712398690e-03
6.000000000000000000e+00 -7.773615273615273446e-04
7.000000000000000000e+00 -2.021645021645021578e-03
8.000000000000000000e+00 -1.870768120768120631e-03
9.000000000000000000e+00 -2.716727716727716590e-05
1.000000000000000000e+01 -1.206515706515706417e-03
1.100000000000000000e+01 -8.517871017871017593e-04
1.200000000000000000e+01 1.366883116883116844e-03
1.300000000000000000e+01 -2.065795315795315723e-03
1.000000000000000000e+00 -1.763958263958263816e-03
2.000000000000000000e+00 -1.587246087246087147e-03
3.000000000000000000e+00 -1.751387501387501261e-03
4.000000000000000000e+00 -1.653346653346653237e-03
5.000000000000000000e+00 -1.297424797424797348e-03
6.000000000000000000e+00 -7.348207348207347930e-05
7.000000000000000000e+00 -1.695110445110444919e-03
8.000000000000000000e+00 -1.720751470751470539e-03
9.000000000000000000e+00 -4.189976689976689485e-04
1.000000000000000000e+01 -1.360833610833610784e-03
1.100000000000000000e+01 -1.119380619380619174e-03
1.200000000000000000e+01 4.874708624708624406e-03
1.300000000000000000e+01 -1.955072705072705055e-03
1.000000000000000000e+00 -1.892635142635142563e-03
2.000000000000000000e+00 -2.035769785769785383e-03
3.000000000000000000e+00 -1.781440781440781244e-03
4.000000000000000000e+00 -1.945887445887445766e-03
5.000000000000000000e+00 -1.720695970695970602e-03
6.000000000000000000e+00 -9.323731823731823236e-04
7.000000000000000000e+00 -2.117216117216116911e-03
8.000000000000000000e+00 -1.998612498612498383e-03
9.000000000000000000e+00 4.675879675879675876e-05
1.000000000000000000e+01 -1.446747696747696611e-03
1.100000000000000000e+01 -7.909035409035408432e-04
1.200000000000000000e+01 3.305500055500055351e-03
1.300000000000000000e+01 -2.183455433455433383e-03
1.000000000000000000e+00 -1.727827727827727696e-03
2.000000000000000000e+00 -1.779692529692529675e-03
3.000000000000000000e+00 -1.805222555222555205e-03
4.000000000000000000e+00 -1.761488511488511341e-03
5.000000000000000000e+00 -1.596792096792096780e-03
6.000000000000000000e+00 -8.840881340881340386e-04
7.000000000000000000e+00 -1.852786102786102692e-03
8.000000000000000000e+00 -1.818487068487068372e-03
9.000000000000000000e+00 7.609057609057607967e-05
1.000000000000000000e+01 -1.364385614385614292e-03
1.100000000000000000e+01 -6.228771228771228441e-04
1.200000000000000000e+01 9.704184704184702984e-03
1.300000000000000000e+01 -2.014235764235764153e-03
1.000000000000000000e+00 -2.394216894216893900e-03
2.000000000000000000e+00 -2.120102120102120100e-03
3.000000000000000000e+00 -2.079614829614829553e-03
4.000000000000000000e+00 -2.272366522366522056e-03
5.000000000000000000e+00 -2.151653901653901614e-03
6.000000000000000000e+00 -1.492313242313242274e-03
7.000000000000000000e+00 -2.508907758907758575e-03
8.000000000000000000e+00 -2.409840159840159670e-03
9.000000000000000000e+00 -3.790653790653790108e-05
1.000000000000000000e+01 -2.109307359307358975e-03
1.100000000000000000e+01 -1.756521256521256314e-03
1.200000000000000000e+01 -7.382062382062381948e-04
1.300000000000000000e+01 -2.624847374847374525e-03
1.000000000000000000e+00 -1.927960927960927764e-03
2.000000000000000000e+00 -2.107059607059606678e-03
3.000000000000000000e+00 -1.885614385614385559e-03
4.000000000000000000e+00 -2.097791097791097594e-03
5.000000000000000000e+00 -1.892357642357642231e-03
6.000000000000000000e+00 -1.786824286824286606e-04
7.000000000000000000e+00 -2.136335886335886253e-03
8.000000000000000000e+00 -2.038045288045287756e-03
9.000000000000000000e+00 3.239815739815739542e-04
1.000000000000000000e+01 -1.887695637695637613e-03
1.100000000000000000e+01 -7.117882117882117334e-04
1.200000000000000000e+01 5.675629925629924882e-03
1.300000000000000000e+01 -2.242313242313242073e-03
1.000000000000000000e+00 -2.058663558663558629e-03
2.000000000000000000e+00 -1.864885114885114813e-03
3.000000000000000000e+00 -1.912282162282162275e-03
4.000000000000000000e+00 -1.898629148629148470e-03
5.000000000000000000e+00 -1.864746364746364647e-03
6.000000000000000000e+00 -8.234820734820734543e-04
7.000000000000000000e+00 -2.176212676212675983e-03
8.000000000000000000e+00 -2.171495171495171211e-03
9.000000000000000000e+00 -4.983904983904983359e-05
1.000000000000000000e+01 -1.829698079698079561e-03
1.100000000000000000e+01 -1.272394272394272328e-03
1.200000000000000000e+01 3.663586413586413307e-03
1.300000000000000000e+01 -2.298951048951048542e-03
1.000000000000000000e+00 -1.709706959706959592e-03
2.000000000000000000e+00 -1.921300921300921104e-03
3.000000000000000000e+00 -1.575036075036074937e-03
4.000000000000000000e+00 -1.572399822399822220e-03
5.000000000000000000e+00 -1.760517260517260396e-03
6.000000000000000000e+00 -8.164058164058164051e-04
7.000000000000000000e+00 -1.867299367299367135e-03
8.000000000000000000e+00 -1.863802863802863780e-03
9.000000000000000000e+00 -2.302419802419802309e-04
1.000000000000000000e+01 -1.254523254523254479e-03
1.100000000000000000e+01 -1.144133644133644078e-03
1.200000000000000000e+01 6.911144411144410325e-04
1.300000000000000000e+01 -2.037434787434787373e-03
1.000000000000000000e+00 -1.501887001887001766e-03
2.000000000000000000e+00 -1.724553224553224519e-03
3.000000000000000000e+00 -1.550338550338550185e-03
4.000000000000000000e+00 -1.606532356532356515e-03
5.000000000000000000e+00 -1.137501387501387495e-03
6.000000000000000000e+00 -2.408702408702408700e-04
7.000000000000000000e+00 -1.747224997224997153e-03
8.000000000000000000e+00 -1.664946164946164847e-03
9.000000000000000000e+00 -1.580364080364080363e-04
1.000000000000000000e+01 -1.091963591963591908e-03
1.100000000000000000e+01 -4.866244866244865915e-04
1.200000000000000000e+01 1.132894882894882813e-03
1.300000000000000000e+01 -1.830280830280830084e-03
1.000000000000000000e+00 -2.065295815295815213e-03
2.000000000000000000e+00 -2.108807858807858465e-03
3.000000000000000000e+00 -2.106088356088355734e-03
4.000000000000000000e+00 -1.983127983127982996e-03
5.000000000000000000e+00 -1.740592740592740570e-03
6.000000000000000000e+00 -1.375568875568875405e-03
7.000000000000000000e+00 -2.274087024087023765e-03
8.000000000000000000e+00 -2.188172938172938155e-03
9.000000000000000000e+00 4.817682317682317624e-04
1.000000000000000000e+01 -1.755244755244755178e-03
1.100000000000000000e+01 -1.110112110112110089e-03
1.200000000000000000e+01 5.374653124653123830e-03
1.300000000000000000e+01 -2.401182151182150969e-03
1.000000000000000000e+00 -1.577505827505827412e-03
2.000000000000000000e+00 -1.618048618048617895e-03
3.000000000000000000e+00 -1.374264624264624193e-03
4.000000000000000000e+00 -1.460400710400710199e-03
5.000000000000000000e+00 -1.385364635364635293e-03
6.000000000000000000e+00 -3.189033189033188922e-04
7.000000000000000000e+00 -1.632367632367632236e-03
8.000000000000000000e+00 -1.597069597069596895e-03
9.000000000000000000e+00 -1.150793650793650684e-04
1.000000000000000000e+01 -1.303862803862803829e-03
1.100000000000000000e+01 -5.494505494505494501e-04
1.200000000000000000e+01 4.080391830391830003e-03
1.300000000000000000e+01 -1.788572538572538555e-03
1.000000000000000000e+00 -1.712426462426462322e-03
2.000000000000000000e+00 -1.739676989676989562e-03
3.000000000000000000e+00 -1.756105006105006033e-03
4.000000000000000000e+00 -1.558691308691308479e-03
5.000000000000000000e+00 -1.532467532467532336e-03
6.000000000000000000e+00 -3.956043956043955715e-04
7.000000000000000000e+00 -1.974136974136973810e-03
8.000000000000000000e+00 -1.715312465312465295e-03
9.000000000000000000e+00 -6.658064158064157896e-04
1.000000000000000000e+01 -1.168109668109667924e-03
1.100000000000000000e+01 -1.026640026640026444e-03
1.200000000000000000e+01 7.951215451215451046e-04
1.300000000000000000e+01 -2.019758019758019409e-03
1.000000000000000000e+00 -1.644993894993894944e-03
2.000000000000000000e+00 -1.732905982905982812e-03
3.000000000000000000e+00 -1.623959373959373790e-03
4.000000000000000000e+00 -1.612248862248862090e-03
5.000000000000000000e+00 -1.194777444777444641e-03
6.000000000000000000e+00 -2.023254523254523199e-04
7.000000000000000000e+00 -1.649572649572649550e-03
8.000000000000000000e+00 -1.711371961371961365e-03
9.000000000000000000e+00 5.192030192030191484e-05
1.000000000000000000e+01 -1.439948939948939785e-03
1.100000000000000000e+01 -6.769341769341768577e-04
1.200000000000000000e+01 9.985514485514485408e-03
1.300000000000000000e+01 -1.891469641469641300e-03
1.000000000000000000e+00 -1.726412476412476395e-03
2.000000000000000000e+00 -1.896187146187146072e-03
3.000000000000000000e+00 -1.570457320457320331e-03
4.000000000000000000e+00 -1.737484737484737418e-03
5.000000000000000000e+00 -1.520285270285270203e-03
6.000000000000000000e+00 -2.991452991452991450e-04
7.000000000000000000e+00 -1.908008658008657861e-03
8.000000000000000000e+00 -1.835026085026084932e-03
9.000000000000000000e+00 3.099123099123098687e-04
1.000000000000000000e+01 -1.626900876900876699e-03
1.100000000000000000e+01 -8.779831279831279336e-04
1.200000000000000000e+01 2.067044067044066999e-03
1.300000000000000000e+01 -2.087162837162836928e-03
1.000000000000000000e+00 -1.658646908646908532e-03
2.000000000000000000e+00 -1.562992562992562970e-03
3.000000000000000000e+00 -1.538628038628038486e-03
4.000000000000000000e+00 -1.460039960039959854e-03
5.000000000000000000e+00 -1.378482628482628454e-03
6.000000000000000000e+00 -3.119658119658119547e-04
7.000000000000000000e+00 -1.644660894660894459e-03
8.000000000000000000e+00 -1.545121545121545120e-03
9.000000000000000000e+00 2.014097014097013933e-04
1.000000000000000000e+01 -1.213036963036962911e-03
1.100000000000000000e+01 -6.005106005106005101e-04
1.200000000000000000e+01 1.176606726606726529e-02
1.300000000000000000e+01 -1.781440781440781244e-03
1.000000000000000000e+00 -1.841991341991341784e-03
2.000000000000000000e+00 -1.832695082695082623e-03
3.000000000000000000e+00 -1.720224220224220169e-03
4.000000000000000000e+00 -1.887778887778887625e-03
5.000000000000000000e+00 -1.625152625152625130e-03
6.000000000000000000e+00 -9.720557220557219519e-04
7.000000000000000000e+00 -1.885253635253635214e-03
8.000000000000000000e+00 -1.898934398934398879e-03
9.000000000000000000e+00 -1.006493506493506384e-04
1.000000000000000000e+01 -1.432678432678432525e-03
1.100000000000000000e+01 -7.545232545232544684e-04
1.200000000000000000e+01 1.807886557886557782e-03
1.300000000000000000e+01 -2.070873570873570622e-03
