1.000000000000000000e+00 4.896640999999999799e+00
2.000000000000000000e+00 3.220385999999999971e+00
3.000000000000000000e+00 1.598506999999999900e+00
4.000000000000000000e+00 -1.018799999999999928e+00
5.000000000000000000e+00 2.886483000000000132e+00
6.000000000000000000e+00 -1.553584999999999994e+00
7.000000000000000000e+00 3.441441999999999890e+00
8.000000000000000000e+00 2.624633000000000105e-01
9.000000000000000000e+00 1.688299999999999912e+00
1.000000000000000000e+01 6.959109999999999907e+00
1.100000000000000000e+01 4.410745999999999611e+00
1.200000000000000000e+01 3.331396999999999942e+00
1.300000000000000000e+01 8.540946999999999178e+00
1.000000000000000000e+00 6.709762999999999700e+00
2.000000000000000000e+00 2.940707999999999878e+00
3.000000000000000000e+00 2.126041999999999987e+00
4.000000000000000000e+00 1.993542000000000092e-01
5.000000000000000000e+00 3.631501999999999786e+00
6.000000000000000000e+00 -2.312929000000000013e+00
7.000000000000000000e+00 1.233278000000000096e+00
8.000000000000000000e+00 8.537185000000000468e-01
9.000000000000000000e+00 3.649097000000000035e-01
1.000000000000000000e+01 9.223286999999999125e+00
1.100000000000000000e+01 4.599973999999999563e+00
1.200000000000000000e+01 1.766321999999999948e+00
1.300000000000000000e+01 8.749309000000000225e+00
1.000000000000000000e+00 5.345342999999999734e+00
2.000000000000000000e+00 -1.161844999999999961e-01
3.000000000000000000e+00 2.503006000000000064e+00
4.000000000000000000e+00 1.920986000000000082e+00
5.000000000000000000e+00 3.316142000000000145e+00
6.000000000000000000e+00 -3.694714000000000054e-01
7.000000000000000000e+00 4.872182999999999709e+00
8.000000000000000000e+00 -9.220542000000000460e-01
9.000000000000000000e+00 2.220959999999999823e+00
1.000000000000000000e+01 8.186391000000000417e+00
1.100000000000000000e+01 3.300701999999999803e+00
1.200000000000000000e+01 3.843738000000000099e+00
1.300000000000000000e+01 6.871599999999999930e+00
1.000000000000000000e+00 7.358099000000000167e+00
2.000000000000000000e+00 1.046051000000000064e+00
3.000000000000000000e+00 1.437831000000000081e+00
4.000000000000000000e+00 2.819583999999999979e-03
5.000000000000000000e+00 3.898001999999999967e+00
6.000000000000000000e+00 -2.376711999999999936e+00
7.000000000000000000e+00 2.953183000000000114e+00
8.000000000000000000e+00 -1.428091999999999917e+00
9.000000000000000000e+00 9.616980000000000528e-01
1.000000000000000000e+01 7.629597999999999658e+00
1.100000000000000000e+01 3.279853000000000129e+00
1.200000000000000000e+01 2.622933000000000181e+00
1.300000000000000000e+01 6.385460000000000136e+00
1.000000000000000000e+00 1.121840000000000082e+01
2.000000000000000000e+00 2.081282999999999994e+00
3.000000000000000000e+00 2.232629999999999892e+00
4.000000000000000000e+00 1.326754999999999907e+00
5.000000000000000000e+00 1.055762000000000089e+00
6.000000000000000000e+00 3.209877999999999898e-01
7.000000000000000000e+00 3.349445999999999923e+00
8.000000000000000000e+00 -1.416849000000000025e-01
9.000000000000000000e+00 -1.916664999999999897e-01
1.000000000000000000e+01 6.024551999999999907e+00
1.100000000000000000e+01 4.733855000000000146e+00
1.200000000000000000e+01 4.453456000000000081e+00
1.300000000000000000e+01 4.351593000000000266e+00
1.000000000000000000e+00 4.737492999999999732e+00
2.000000000000000000e+00 2.918009000000000075e+00
3.000000000000000000e+00 -1.345221000000000056e-01
4.000000000000000000e+00 2.749843999999999955e+00
5.000000000000000000e+00 3.010578000000000198e+00
6.000000000000000000e+00 -2.179695000000000105e-01
7.000000000000000000e+00 4.982387000000000121e+00
8.000000000000000000e+00 -2.320393000000000150e+00
9.000000000000000000e+00 8.109762999999999833e-01
1.000000000000000000e+01 8.518755999999999773e+00
1.100000000000000000e+01 1.993201000000000001e+00
1.200000000000000000e+01 3.207786000000000026e+00
1.300000000000000000e+01 8.587381000000000597e+00
1.000000000000000000e+00 9.221467000000000525e+00
2.000000000000000000e+00 1.202398000000000078e+00
3.000000000000000000e+00 -1.390527999999999986e+00
4.000000000000000000e+00 1.977371999999999908e+00
5.000000000000000000e+00 2.209598000000000173e+00
6.000000000000000000e+00 -1.039044999999999996e+00
7.000000000000000000e+00 4.587025999999999826e+00
8.000000000000000000e+00 -1.264709000000000083e+00
9.000000000000000000e+00 -8.880966000000000138e-01
1.000000000000000000e+01 6.024297999999999931e+00
1.100000000000000000e+01 3.577790999999999944e+00
1.200000000000000000e+01 3.580610000000000070e+00
1.300000000000000000e+01 6.303717999999999932e+00
1.000000000000000000e+00 7.255818999999999797e+00
2.000000000000000000e+00 2.857775999999999872e+00
3.000000000000000000e+00 1.033986999999999989e+00
4.000000000000000000e+00 -2.928499999999999992e-01
5.000000000000000000e+00 1.474415999999999949e+00
6.000000000000000000e+00 -1.220147000000000093e+00
7.000000000000000000e+00 4.259919000000000011e+00
8.000000000000000000e+00 6.261079999999999979e-01
9.000000000000000000e+00 -2.080331000000000152e+00
1.000000000000000000e+01 7.047515999999999892e+00
1.100000000000000000e+01 3.243841999999999892e+00
1.200000000000000000e+01 3.190196999999999949e+00
1.300000000000000000e+01 7.190627000000000102e+00
1.000000000000000000e+00 5.358047000000000004e+00
2.000000000000000000e+00 3.746418999999999944e+00
3.000000000000000000e+00 2.294140000000000068e+00
4.000000000000000000e+00 2.745117000000000029e+00
5.000000000000000000e+00 9.077789000000000552e-01
6.000000000000000000e+00 7.250166000000000111e-01
7.000000000000000000e+00 3.569498999999999977e+00
8.000000000000000000e+00 1.005038000000000098e+00
9.000000000000000000e+00 1.671175000000000077e+00
1.000000000000000000e+01 8.720636000000000720e+00
1.100000000000000000e+01 3.126377000000000184e+00
1.200000000000000000e+01 3.890690000000000204e+00
1.300000000000000000e+01 4.602600999999999942e+00
1.000000000000000000e+00 8.340968999999999411e+00
2.000000000000000000e+00 3.570571000000000161e+00
3.000000000000000000e+00 -1.185194999999999999e-01
4.000000000000000000e+00 8.199889999999999679e-01
5.000000000000000000e+00 2.123530000000000140e+00
6.000000000000000000e+00 -4.671081999999999734e-01
7.000000000000000000e+00 4.007272000000000389e+00
8.000000000000000000e+00 1.353880999999999890e+00
9.000000000000000000e+00 2.231682999999999861e+00
1.000000000000000000e+01 7.473230000000000040e+00
1.100000000000000000e+01 4.361023000000000316e+00
1.200000000000000000e+01 3.828272000000000119e+00
1.300000000000000000e+01 3.559515999999999902e+00
1.000000000000000000e+00 7.606381999999999977e+00
2.000000000000000000e+00 9.605966000000000227e-01
3.000000000000000000e+00 2.725290000000000004e-02
4.000000000000000000e+00 -7.398363999999999496e-01
5.000000000000000000e+00 1.899391000000000052e+00
6.000000000000000000e+00 1.328502000000000072e+00
7.000000000000000000e+00 4.491779000000000188e+00
8.000000000000000000e+00 -1.224514000000000102e+00
9.000000000000000000e+00 1.094842000000000093e+00
1.000000000000000000e+01 7.618960999999999650e+00
1.100000000000000000e+01 3.480840999999999852e+00
1.200000000000000000e+01 1.586645000000000083e+00
1.300000000000000000e+01 6.707634999999999792e+00
1.000000000000000000e+00 4.892720999999999876e+00
2.000000000000000000e+00 2.026002000000000081e+00
3.000000000000000000e+00 -4.457319000000000142e-01
4.000000000000000000e+00 -3.482464000000000115e-01
5.000000000000000000e+00 3.863249999999999851e+00
6.000000000000000000e+00 5.950423999999999713e-01
7.000000000000000000e+00 6.556547000000000125e+00
8.000000000000000000e+00 2.376682000000000183e+00
9.000000000000000000e+00 1.149088000000000109e+00
1.000000000000000000e+01 6.107540000000000191e+00
1.100000000000000000e+01 3.405196999999999807e+00
1.200000000000000000e+01 3.852257999999999960e+00
1.300000000000000000e+01 9.444167999999999452e+00
1.000000000000000000e+00 4.934561000000000419e+00
2.000000000000000000e+00 1.098916000000000004e+00
3.000000000000000000e+00 2.103610999999999898e+00
4.000000000000000000e+00 5.633523000000000280e-01
5.000000000000000000e+00 2.639963999999999977e+00
6.000000000000000000e+00 1.758296000000000081e+00
7.000000000000000000e+00 2.380637000000000114e+00
8.000000000000000000e+00 9.031909000000000187e-01
9.000000000000000000e+00 6.381565999999999628e-01
1.000000000000000000e+01 1.017556000000000083e+01
1.100000000000000000e+01 3.955661999999999789e+00
1.200000000000000000e+01 1.065458000000000016e+00
1.300000000000000000e+01 4.940878999999999799e+00
1.000000000000000000e+00 7.331731000000000442e+00
2.000000000000000000e+00 1.117264000000000035e+00
3.000000000000000000e+00 1.616165999999999991e+00
4.000000000000000000e+00 2.232464999999999922e+00
5.000000000000000000e+00 9.455905999999999478e-01
6.000000000000000000e+00 -1.101609000000000060e+00
7.000000000000000000e+00 2.766693000000000069e+00
8.000000000000000000e+00 -1.411626999999999965e+00
9.000000000000000000e+00 9.634468999999999950e-01
1.000000000000000000e+01 7.049484999999999779e+00
1.100000000000000000e+01 3.474667999999999868e+00
1.200000000000000000e+01 2.752352999999999827e+00
1.300000000000000000e+01 6.808113999999999777e+00
1.000000000000000000e+00 6.297181000000000139e+00
2.000000000000000000e+00 2.551874000000000198e+00
3.000000000000000000e+00 2.283457999999999988e+00
4.000000000000000000e+00 1.231842000000000104e+00
5.000000000000000000e+00 2.162377999999999911e+00
6.000000000000000000e+00 4.912294999999999856e-01
7.000000000000000000e+00 4.281775999999999804e+00
8.000000000000000000e+00 3.359988999999999892e-01
9.000000000000000000e+00 9.334582999999999631e-01
1.000000000000000000e+01 6.360521000000000313e+00
1.100000000000000000e+01 2.162787999999999933e+00
1.200000000000000000e+01 4.453979999999999606e+00
1.300000000000000000e+01 6.890501000000000431e+00
1.000000000000000000e+00 6.916530999999999985e+00
2.000000000000000000e+00 9.247465999999999742e-01
3.000000000000000000e+00 1.796869999999999967e+00
4.000000000000000000e+00 1.402719999999999967e+00
5.000000000000000000e+00 2.605786999999999853e+00
6.000000000000000000e+00 -1.511845000000000105e+00
7.000000000000000000e+00 5.189782000000000117e+00
8.000000000000000000e+00 -9.601747000000000476e-01
9.000000000000000000e+00 5.222407000000000021e-01
1.000000000000000000e+01 8.210482000000000724e+00
1.100000000000000000e+01 2.670386000000000148e+00
1.200000000000000000e+01 4.603296000000000276e+00
1.300000000000000000e+01 6.846697999999999951e+00
1.000000000000000000e+00 4.236589999999999634e+00
2.000000000000000000e+00 2.678844999999999921e+00
3.000000000000000000e+00 -1.061420000000000002e-01
4.000000000000000000e+00 -8.117177000000000420e-02
5.000000000000000000e+00 3.646060999999999996e+00
6.000000000000000000e+00 1.451871000000000134e-01
7.000000000000000000e+00 2.785086999999999868e+00
8.000000000000000000e+00 1.712133000000000127e-01
9.000000000000000000e+00 -8.894694000000000211e-02
1.000000000000000000e+01 8.906387000000000498e+00
1.100000000000000000e+01 1.979471999999999898e+00
1.200000000000000000e+01 3.438292999999999822e+00
1.300000000000000000e+01 7.567332000000000392e+00
1.000000000000000000e+00 6.674491999999999869e+00
2.000000000000000000e+00 1.117772999999999906e+00
3.000000000000000000e+00 1.069825999999999944e+00
4.000000000000000000e+00 -1.273590000000000000e+00
5.000000000000000000e+00 2.945065000000000044e+00
6.000000000000000000e+00 -3.438469000000000109e-01
7.000000000000000000e+00 2.240012000000000114e+00
8.000000000000000000e+00 -1.344089000000000089e+00
9.000000000000000000e+00 -2.025457999999999981e-01
1.000000000000000000e+01 7.985152000000000250e+00
1.100000000000000000e+01 1.303380999999999901e+00
1.200000000000000000e+01 7.369632000000000405e-01
1.300000000000000000e+01 6.586767000000000039e+00
1.000000000000000000e+00 7.761390999999999707e+00
2.000000000000000000e+00 2.013454999999999995e+00
3.000000000000000000e+00 1.853072000000000052e+00
4.000000000000000000e+00 1.306607999999999992e+00
5.000000000000000000e+00 2.208520000000000039e+00
6.000000000000000000e+00 4.659914000000000001e-01
7.000000000000000000e+00 3.715354000000000045e+00
8.000000000000000000e+00 -9.238003000000000187e-01
9.000000000000000000e+00 8.522235999999999700e-01
1.000000000000000000e+01 5.479543999999999748e+00
1.100000000000000000e+01 1.700919999999999987e+00
1.200000000000000000e+01 5.197850999999999999e+00
1.300000000000000000e+01 5.625081999999999915e+00
1.000000000000000000e+00 5.146160000000000068e+00
2.000000000000000000e+00 1.339229999999999920e+00
3.000000000000000000e+00 3.143934999999999924e-01
4.000000000000000000e+00 -3.365709000000000062e-01
5.000000000000000000e+00 3.431953000000000031e+00
6.000000000000000000e+00 -2.638477000000000183e-01
7.000000000000000000e+00 3.280082999999999860e+00
8.000000000000000000e+00 -5.285119000000000344e-01
9.000000000000000000e+00 4.295224999999999738e-01
1.000000000000000000e+01 7.803319000000000116e+00
1.100000000000000000e+01 2.523556000000000132e+00
1.200000000000000000e+01 2.699142999999999848e+00
1.300000000000000000e+01 5.754252000000000145e+00
1.000000000000000000e+00 6.764075000000000060e+00
2.000000000000000000e+00 1.644354000000000093e+00
3.000000000000000000e+00 1.219980000000000064e+00
4.000000000000000000e+00 -7.816003000000000256e-01
5.000000000000000000e+00 2.942236999999999991e+00
6.000000000000000000e+00 -1.143118999999999996e+00
7.000000000000000000e+00 2.508087999999999873e+00
8.000000000000000000e+00 1.080744000000000010e-01
9.000000000000000000e+00 1.345080000000000053e+00
1.000000000000000000e+01 6.503701999999999650e+00
1.100000000000000000e+01 2.459690999999999850e+00
1.200000000000000000e+01 1.658527000000000085e+00
1.300000000000000000e+01 7.602413999999999561e+00
1.000000000000000000e+00 4.616526999999999603e+00
2.000000000000000000e+00 1.659264000000000072e+00
3.000000000000000000e+00 2.054912999999999990e+00
4.000000000000000000e+00 1.949101999999999890e+00
5.000000000000000000e+00 2.891967999999999872e+00
6.000000000000000000e+00 -3.626345000000000263e-01
7.000000000000000000e+00 3.953834000000000071e+00
8.000000000000000000e+00 -1.416740000000000110e+00
9.000000000000000000e+00 1.324880000000000058e+00
1.000000000000000000e+01 8.740534000000000248e+00
1.100000000000000000e+01 3.164890999999999899e+00
1.200000000000000000e+01 4.262598999999999805e+00
1.300000000000000000e+01 5.669461000000000084e+00
1.000000000000000000e+00 9.269723000000000823e+00
2.000000000000000000e+00 2.931233000000000199e+00
3.000000000000000000e+00 1.697766000000000108e+00
4.000000000000000000e+00 7.874252000000000473e-01
5.000000000000000000e+00 1.155677000000000065e+00
6.000000000000000000e+00 -1.795374000000000025e+00
7.000000000000000000e+00 3.686192000000000135e+00
8.000000000000000000e+00 -3.700397000000000269e-01
9.000000000000000000e+00 1.317817000000000016e+00
1.000000000000000000e+01 6.599317000000000100e+00
1.100000000000000000e+01 4.245369000000000170e+00
1.200000000000000000e+01 2.223092999999999986e+00
1.300000000000000000e+01 6.202835999999999572e+00
1.000000000000000000e+00 6.409152999999999878e+00
2.000000000000000000e+00 7.841774999999999718e-01
3.000000000000000000e+00 1.982823999999999920e+00
4.000000000000000000e+00 3.682609000000000021e-01
5.000000000000000000e+00 2.253858999999999835e+00
6.000000000000000000e+00 7.341174000000000310e-01
7.000000000000000000e+00 3.726385000000000058e+00
8.000000000000000000e+00 -1.750032999999999950e+00
9.000000000000000000e+00 2.011200999999999794e+00
1.000000000000000000e+01 9.863457000000000363e+00
1.100000000000000000e+01 2.513453000000000159e+00
1.200000000000000000e+01 2.512551000000000201e+00
1.300000000000000000e+01 5.850240000000000329e+00
1.000000000000000000e+00 5.565945000000000142e+00
2.000000000000000000e+00 4.453795000000000393e+00
3.000000000000000000e+00 1.154700999999999977e+00
4.000000000000000000e+00 2.439003000000000032e+00
5.000000000000000000e+00 1.747271000000000019e+00
6.000000000000000000e+00 2.334665999999999964e-01
7.000000000000000000e+00 3.670148000000000188e+00
8.000000000000000000e+00 -1.741632999999999987e+00
9.000000000000000000e+00 1.224374999999999991e+00
1.000000000000000000e+01 8.038308999999999926e+00
1.100000000000000000e+01 2.581096000000000057e+00
1.200000000000000000e+01 3.847011999999999876e+00
1.300000000000000000e+01 7.237350000000000172e+00
1.000000000000000000e+00 6.073635999999999591e+00
2.000000000000000000e+00 3.241255999999999915e+00
3.000000000000000000e+00 4.018668000000000240e-01
4.000000000000000000e+00 -1.277034000000000002e+00
5.000000000000000000e+00 3.002998999999999974e+00
6.000000000000000000e+00 9.627763999999999767e-01
7.000000000000000000e+00 3.914562000000000097e+00
8.000000000000000000e+00 -7.837243000000000404e-01
9.000000000000000000e+00 2.306497999999999937e+00
1.000000000000000000e+01 7.541685000000000194e+00
1.100000000000000000e+01 2.013469000000000175e+00
1.200000000000000000e+01 3.890429000000000137e+00
1.300000000000000000e+01 8.146323000000000647e+00
1.000000000000000000e+00 6.837603999999999793e+00
2.000000000000000000e+00 2.509196999999999900e+00
3.000000000000000000e+00 5.167190999999999867e-01
4.000000000000000000e+00 1.616697999999999968e+00
5.000000000000000000e+00 3.209566000000000141e+00
6.000000000000000000e+00 9.752760999999999791e-01
7.000000000000000000e+00 4.898703000000000252e+00
8.000000000000000000e+00 3.302672999999999859e-01
9.000000000000000000e+00 1.227055000000000007e+00
1.000000000000000000e+01 7.666078999999999866e+00
1.100000000000000000e+01 2.752492999999999856e+00
1.200000000000000000e+01 3.999744000000000188e+00
1.300000000000000000e+01 4.616391000000000133e+00
1.000000000000000000e+00 5.605814999999999770e+00
2.000000000000000000e+00 2.658574000000000215e+00
3.000000000000000000e+00 1.715456000000000092e+00
4.000000000000000000e+00 1.872305000000000108e+00
5.000000000000000000e+00 3.184905000000000097e+00
6.000000000000000000e+00 -6.188257999999999814e-01
7.000000000000000000e+00 3.815059000000000200e+00
8.000000000000000000e+00 -2.000121000000000038e+00
9.000000000000000000e+00 1.321274000000000060e+00
1.000000000000000000e+01 7.767675999999999803e+00
1.100000000000000000e+01 3.411470000000000002e+00
1.200000000000000000e+01 1.906506000000000034e+00
1.300000000000000000e+01 7.859912999999999705e+00
1.000000000000000000e+00 6.276169000000000331e+00
2.000000000000000000e+00 2.901327999999999907e+00
3.000000000000000000e+00 -2.493801999999999963e-01
4.000000000000000000e+00 8.398004000000000024e-01
5.000000000000000000e+00 3.009249000000000063e+00
6.000000000000000000e+00 7.169499000000000011e-02
7.000000000000000000e+00 5.345264000000000237e+00
8.000000000000000000e+00 4.560709000000000291e-02
9.000000000000000000e+00 1.740671999999999997e+00
1.000000000000000000e+01 6.651137000000000299e+00
1.100000000000000000e+01 3.439103999999999939e+00
1.200000000000000000e+01 8.413053999999999810e-01
1.300000000000000000e+01 7.506941000000000308e+00
1.000000000000000000e+00 5.368055000000000021e+00
2.000000000000000000e+00 3.129237999999999964e+00
3.000000000000000000e+00 7.347964999999999636e-01
4.000000000000000000e+00 1.815882999999999914e+00
5.000000000000000000e+00 2.597948000000000146e+00
6.000000000000000000e+00 6.940659000000000134e-01
7.000000000000000000e+00 2.372130999999999990e+00
8.000000000000000000e+00 -9.779659999999999742e-02
9.000000000000000000e+00 1.753630000000000022e+00
1.000000000000000000e+01 6.491249999999999964e+00
1.100000000000000000e+01 6.170302999999999649e+00
1.200000000000000000e+01 1.866805999999999965e+00
1.300000000000000000e+01 7.276683000000000234e+00
1.000000000000000000e+00 5.541174999999999962e+00
2.000000000000000000e+00 1.596268999999999938e+00
3.000000000000000000e+00 1.026505999999999919e+00
4.000000000000000000e+00 2.715958999999999790e+00
5.000000000000000000e+00 3.060674000000000117e+00
6.000000000000000000e+00 -8.365245000000000042e-01
7.000000000000000000e+00 3.964789000000000119e+00
8.000000000000000000e+00 -2.641976999999999798e-01
9.000000000000000000e+00 1.810807999999999973e+00
1.000000000000000000e+01 7.737276999999999738e+00
1.100000000000000000e+01 9.615479000000000109e-01
1.200000000000000000e+01 1.918508000000000102e+00
1.300000000000000000e+01 7.420294000000000167e+00
1.000000000000000000e+00 6.615531999999999968e+00
2.000000000000000000e+00 2.605993999999999811e-01
3.000000000000000000e+00 6.689788000000000678e-02
4.000000000000000000e+00 -4.877796999999999827e-01
5.000000000000000000e+00 1.605061000000000071e+00
6.000000000000000000e+00 -1.262504999999999988e+00
7.000000000000000000e+00 4.355275999999999925e+00
8.000000000000000000e+00 -1.506151000000000018e+00
9.000000000000000000e+00 -9.483964999999999756e-01
1.000000000000000000e+01 8.001360999999999279e+00
1.100000000000000000e+01 2.189696999999999782e+00
1.200000000000000000e+01 1.489641999999999911e+00
1.300000000000000000e+01 7.360632999999999981e+00
1.000000000000000000e+00 5.754633000000000109e+00
2.000000000000000000e+00 1.179057999999999939e+00
3.000000000000000000e+00 1.902606000000000019e+00
4.000000000000000000e+00 6.800382999999999845e-01
5.000000000000000000e+00 2.925498999999999850e+00
6.000000000000000000e+00 -2.412008999999999959e-01
7.000000000000000000e+00 3.587994999999999823e+00
8.000000000000000000e+00 3.520002999999999882e-01
9.000000000000000000e+00 -1.778275999999999968e+00
1.000000000000000000e+01 6.617615999999999943e+00
1.100000000000000000e+01 2.902483000000000146e+00
1.200000000000000000e+01 3.732825000000000060e+00
1.300000000000000000e+01 7.996760000000000090e+00
1.000000000000000000e+00 5.231752000000000180e+00
2.000000000000000000e+00 1.051704999999999890e+00
3.000000000000000000e+00 1.966217000000000104e+00
4.000000000000000000e+00 3.911954999999999738e-01
5.000000000000000000e+00 3.117626000000000008e+00
6.000000000000000000e+00 -1.029301000000000021e+00
7.000000000000000000e+00 4.481412999999999869e+00
8.000000000000000000e+00 7.822466000000000141e-01
9.000000000000000000e+00 -1.250197000000000003e+00
1.000000000000000000e+01 5.849676999999999794e+00
1.100000000000000000e+01 2.988706000000000085e+00
1.200000000000000000e+01 2.291320999999999941e+00
1.300000000000000000e+01 6.407975999999999672e+00
1.000000000000000000e+00 7.958039999999999559e+00
2.000000000000000000e+00 2.321194999999999897e+00
3.000000000000000000e+00 1.543973000000000040e+00
4.000000000000000000e+00 2.489072000000000173e+00
5.000000000000000000e+00 3.558362999999999943e+00
6.000000000000000000e+00 -8.053362999999999494e-02
7.000000000000000000e+00 4.934211999999999598e+00
8.000000000000000000e+00 9.134402000000000355e-01
9.000000000000000000e+00 -7.306055999999999662e-01
1.000000000000000000e+01 6.319641999999999982e+00
1.100000000000000000e+01 3.533348999999999851e+00
1.200000000000000000e+01 3.897470000000000212e+00
1.300000000000000000e+01 6.317559000000000147e+00
1.000000000000000000e+00 5.828549999999999898e+00
2.000000000000000000e+00 7.331201999999999996e-01
3.000000000000000000e+00 1.451557999999999904e+00
4.000000000000000000e+00 1.553847999999999896e+00
5.000000000000000000e+00 3.025691000000000130e+00
6.000000000000000000e+00 -5.604219999999999757e-01
7.000000000000000000e+00 6.284944000000000308e+00
8.000000000000000000e+00 1.005038000000000098e+00
9.000000000000000000e+00 -8.317164999999999697e-01
1.000000000000000000e+01 6.011512999999999884e+00
1.100000000000000000e+01 2.118390999999999913e+00
1.200000000000000000e+01 3.583696000000000215e+00
1.300000000000000000e+01 8.968263000000000318e+00
1.000000000000000000e+00 9.238996000000000208e+00
2.000000000000000000e+00 2.466632000000000158e+00
3.000000000000000000e+00 1.530083000000000082e+00
4.000000000000000000e+00 1.583137999999999934e+00
5.000000000000000000e+00 2.032430000000000181e+00
6.000000000000000000e+00 -9.433643000000000445e-01
7.000000000000000000e+00 3.057135999999999854e+00
8.000000000000000000e+00 -3.650432000000000121e-01
9.000000000000000000e+00 1.650532000000000110e+00
1.000000000000000000e+01 6.232649000000000328e+00
1.100000000000000000e+01 4.178492999999999569e+00
1.200000000000000000e+01 2.902794000000000096e+00
1.300000000000000000e+01 5.453714999999999868e+00
1.000000000000000000e+00 6.999648999999999788e+00
2.000000000000000000e+00 2.611626999999999921e+00
3.000000000000000000e+00 7.746435999999999877e-01
4.000000000000000000e+00 1.436207999999999929e+00
5.000000000000000000e+00 1.875863000000000058e+00
6.000000000000000000e+00 -9.872068000000000509e-01
7.000000000000000000e+00 3.959513999999999978e+00
8.000000000000000000e+00 4.863967000000000152e-01
9.000000000000000000e+00 1.610287000000000024e+00
1.000000000000000000e+01 7.670778999999999570e+00
1.100000000000000000e+01 2.860043000000000113e+00
1.200000000000000000e+01 1.640074999999999950e+00
1.300000000000000000e+01 6.831116999999999884e+00
1.000000000000000000e+00 4.871648999999999674e+00
2.000000000000000000e+00 2.572338999999999931e+00
3.000000000000000000e+00 -2.736295999999999728e-01
4.000000000000000000e+00 1.235692000000000013e+00
5.000000000000000000e+00 2.017761000000000138e+00
6.000000000000000000e+00 -1.044985999999999970e+00
7.000000000000000000e+00 4.731518000000000335e+00
8.000000000000000000e+00 1.113391999999999937e+00
9.000000000000000000e+00 4.070315999999999934e-01
1.000000000000000000e+01 6.791604999999999670e+00
1.100000000000000000e+01 1.662733999999999934e+00
1.200000000000000000e+01 2.316701999999999817e+00
1.300000000000000000e+01 4.607408000000000392e+00
1.000000000000000000e+00 7.432088000000000250e+00
2.000000000000000000e+00 2.231195000000000039e+00
3.000000000000000000e+00 1.591291000000000011e+00
4.000000000000000000e+00 1.815722000000000058e+00
5.000000000000000000e+00 1.299684999999999979e+00
6.000000000000000000e+00 1.280146000000000006e+00
7.000000000000000000e+00 5.115969999999999906e+00
8.000000000000000000e+00 -1.005038000000000098e+00
9.000000000000000000e+00 7.158369999999999456e-01
1.000000000000000000e+01 7.613986999999999838e+00
1.100000000000000000e+01 6.592656999999999545e-01
1.200000000000000000e+01 3.486707000000000001e+00
1.300000000000000000e+01 7.418275000000000396e+00
1.000000000000000000e+00 4.433873000000000175e+00
2.000000000000000000e+00 3.708258999999999972e+00
3.000000000000000000e+00 1.050848999999999922e+00
4.000000000000000000e+00 8.579957000000000278e-01
5.000000000000000000e+00 1.857885999999999926e+00
6.000000000000000000e+00 -1.108673999999999937e+00
7.000000000000000000e+00 5.692539000000000016e+00
8.000000000000000000e+00 4.408520000000000216e-01
9.000000000000000000e+00 -9.549452999999999969e-01
1.000000000000000000e+01 7.797811000000000270e+00
1.100000000000000000e+01 2.365917000000000048e+00
1.200000000000000000e+01 3.454187000000000118e+00
1.300000000000000000e+01 6.729390999999999678e+00
1.000000000000000000e+00 5.496991000000000405e+00
2.000000000000000000e+00 2.618452000000000002e+00
3.000000000000000000e+00 1.965522999999999909e+00
4.000000000000000000e+00 2.787821000000000105e+00
5.000000000000000000e+00 1.683087999999999917e+00
6.000000000000000000e+00 -8.924881999999999538e-01
7.000000000000000000e+00 5.284437999999999747e+00
8.000000000000000000e+00 8.756295000000000051e-02
9.000000000000000000e+00 -1.653620000000000090e-01
1.000000000000000000e+01 7.089561999999999919e+00
1.100000000000000000e+01 3.206817000000000029e+00
1.200000000000000000e+01 1.244261999999999979e+00
1.300000000000000000e+01 7.296816999999999886e+00
1.000000000000000000e+00 6.446804000000000201e+00
2.000000000000000000e+00 1.845636000000000054e+00
3.000000000000000000e+00 1.774802999999999908e+00
4.000000000000000000e+00 1.601689000000000029e-01
5.000000000000000000e+00 1.603218000000000032e+00
6.000000000000000000e+00 3.559253000000000000e-01
7.000000000000000000e+00 4.655835999999999864e+00
8.000000000000000000e+00 -1.115194999999999936e+00
9.000000000000000000e+00 -1.157688999999999968e+00
1.000000000000000000e+01 6.419373000000000218e+00
1.100000000000000000e+01 4.143626000000000253e+00
1.200000000000000000e+01 1.891888999999999932e+00
1.300000000000000000e+01 7.485158000000000200e+00
1.000000000000000000e+00 6.092782999999999838e+00
2.000000000000000000e+00 2.633950000000000014e+00
3.000000000000000000e+00 1.026380999999999988e+00
4.000000000000000000e+00 -3.454251999999999878e-01
5.000000000000000000e+00 2.326859999999999928e+00
6.000000000000000000e+00 2.143934000000000117e-01
7.000000000000000000e+00 1.530561999999999978e+00
8.000000000000000000e+00 -5.903452999999999617e-01
9.000000000000000000e+00 1.321396000000000015e+00
1.000000000000000000e+01 7.797935999999999979e+00
1.100000000000000000e+01 2.356249000000000038e+00
1.200000000000000000e+01 3.144976999999999911e+00
1.300000000000000000e+01 8.162406999999999968e+00
1.000000000000000000e+00 6.265789999999999971e+00
2.000000000000000000e+00 1.669831000000000065e+00
3.000000000000000000e+00 1.578451000000000048e+00
4.000000000000000000e+00 -7.811652999999999514e-01
5.000000000000000000e+00 1.557638000000000078e+00
6.000000000000000000e+00 -4.317595000000000183e-01
7.000000000000000000e+00 5.884538000000000046e+00
8.000000000000000000e+00 -1.772899000000000003e+00
9.000000000000000000e+00 1.742178999999999922e+00
1.000000000000000000e+01 6.300874000000000308e+00
1.100000000000000000e+01 1.365151000000000003e+00
1.200000000000000000e+01 5.667514999999999858e+00
1.300000000000000000e+01 6.419222000000000428e+00
1.000000000000000000e+00 6.250390000000000335e+00
2.000000000000000000e+00 2.002329000000000025e+00
3.000000000000000000e+00 2.737328000000000205e+00
4.000000000000000000e+00 1.238737999999999895e+00
5.000000000000000000e+00 3.330420999999999854e+00
6.000000000000000000e+00 -1.736005000000000020e+00
7.000000000000000000e+00 5.586636000000000379e+00
8.000000000000000000e+00 -1.428571000000000035e+00
9.000000000000000000e+00 7.715767000000000042e-01
1.000000000000000000e+01 6.309719000000000300e+00
1.100000000000000000e+01 1.869242999999999988e+00
1.200000000000000000e+01 5.310412999999999606e+00
1.300000000000000000e+01 6.800951999999999664e+00
1.000000000000000000e+00 7.216839000000000226e+00
2.000000000000000000e+00 2.110952999999999857e+00
3.000000000000000000e+00 7.458234999999999726e-01
4.000000000000000000e+00 -8.923655000000000337e-01
5.000000000000000000e+00 1.999049999999999994e+00
6.000000000000000000e+00 -1.312672000000000061e+00
7.000000000000000000e+00 3.691584999999999894e+00
8.000000000000000000e+00 4.614808000000000243e-01
9.000000000000000000e+00 4.678394000000000164e-01
1.000000000000000000e+01 6.846676000000000428e+00
1.100000000000000000e+01 3.237820000000000142e+00
1.200000000000000000e+01 3.718354000000000159e+00
1.300000000000000000e+01 9.366873000000000005e+00
1.000000000000000000e+00 7.743485999999999869e+00
2.000000000000000000e+00 2.876809999999999867e+00
3.000000000000000000e+00 1.738663000000000070e+00
4.000000000000000000e+00 7.195709000000000133e-01
5.000000000000000000e+00 1.674938000000000038e+00
6.000000000000000000e+00 -3.579400999999999833e-01
7.000000000000000000e+00 4.589824000000000126e+00
8.000000000000000000e+00 -9.690421000000000173e-01
9.000000000000000000e+00 4.327364000000000210e-02
1.000000000000000000e+01 8.870011999999999119e+00
1.100000000000000000e+01 3.064306000000000196e+00
1.200000000000000000e+01 3.968888000000000194e+00
1.300000000000000000e+01 6.557602000000000153e+00
1.000000000000000000e+00 5.433665999999999663e+00
2.000000000000000000e+00 1.895443999999999907e+00
3.000000000000000000e+00 1.924320999999999948e+00
4.000000000000000000e+00 -5.844907000000000297e-01
5.000000000000000000e+00 3.293714000000000031e+00
6.000000000000000000e+00 -7.159277000000000002e-02
7.000000000000000000e+00 4.138824999999999754e+00
8.000000000000000000e+00 5.338950999999999558e-01
9.000000000000000000e+00 6.902025000000000521e-01
1.000000000000000000e+01 8.762760000000000105e+00
1.100000000000000000e+01 2.755665000000000031e+00
1.200000000000000000e+01 4.614627999999999730e+00
1.300000000000000000e+01 7.788408999999999693e+00
1.000000000000000000e+00 5.611667999999999878e+00
2.000000000000000000e+00 2.574202000000000101e+00
3.000000000000000000e+00 7.328926999999999525e-01
4.000000000000000000e+00 2.839862000000000219e-01
5.000000000000000000e+00 1.951977999999999991e+00
6.000000000000000000e+00 6.329795000000000282e-01
7.000000000000000000e+00 3.595150999999999986e+00
8.000000000000000000e+00 -7.555785999999999891e-01
9.000000000000000000e+00 -2.244591999999999921e+00
1.000000000000000000e+01 7.531854000000000049e+00
1.100000000000000000e+01 1.808721000000000023e+00
1.200000000000000000e+01 3.609554999999999847e+00
1.300000000000000000e+01 6.032778000000000418e+00
