1.000000000000000000e+00 2.004615754615754388e-03
2.000000000000000000e+00 -3.477641340141340073e-03
3.000000000000000000e+00 -4.455202667702667582e-03
4.000000000000000000e+00 -3.988391700891700566e-03
5.000000000000000000e+00 -3.861852499352499274e-03
6.000000000000000000e+00 -3.940832778332777585e-03
7.000000000000000000e+00 6.286319698819698570e-03
8.000000000000000000e+00 -4.491337828837827992e-03
9.000000000000000000e+00 -4.488211325711324862e-03
1.000000000000000000e+01 3.748206423206423051e-03
1.100000000000000000e+01 -1.459675972175972008e-03
1.200000000000000000e+01 2.307555870055869995e-03
1.300000000000000000e+01 3.927799977799977318e-03
1.000000000000000000e+00 1.065703633972864750e-03
2.000000000000000000e+00 -4.012018391476432876e-03
3.000000000000000000e+00 -4.276215557946327038e-03
4.000000000000000000e+00 -3.896032777763546937e-03
5.000000000000000000e+00 -3.801005120235889049e-03
6.000000000000000000e+00 -3.851684533415302564e-03
7.000000000000000000e+00 3.004225759994990242e-03
8.000000000000000000e+00 -3.852646534377303193e-03
9.000000000000000000e+00 -4.038192469923238687e-03
1.000000000000000000e+01 3.139246967743470913e-03
1.100000000000000000e+01 -1.010077991808760837e-03
1.200000000000000000e+01 8.589141271833579307e-04
1.300000000000000000e+01 9.590159270928500998e-03
1.000000000000000000e+00 7.476074171878369155e-05
2.000000000000000000e+00 -3.500870571412529383e-03
3.000000000000000000e+00 -4.111320306862264670e-03
4.000000000000000000e+00 -3.867092312634270394e-03
5.000000000000000000e+00 -2.776730359772317663e-03
6.000000000000000000e+00 -1.859740405282363359e-03
7.000000000000000000e+00 3.058569063027104934e-03
8.000000000000000000e+00 -4.451868647410604611e-03
9.000000000000000000e+00 -4.273778219320177249e-03
1.000000000000000000e+01 4.448726590684632352e-03
1.100000000000000000e+01 3.905555950136369980e-04
1.200000000000000000e+01 3.195265026995795874e-03
1.300000000000000000e+01 2.665747995206036933e-03
1.000000000000000000e+00 8.158343081420003961e-04
2.000000000000000000e+00 -4.309003354195661134e-03
3.000000000000000000e+00 -4.384412204604512010e-03
4.000000000000000000e+00 -3.724437457129764310e-03
5.000000000000000000e+00 -3.831219563911871483e-03
6.000000000000000000e+00 -1.191777524469831914e-03
7.000000000000000000e+00 -1.220962228654536193e-03
8.000000000000000000e+00 -4.503820574012881023e-03
9.000000000000000000e+00 -3.583824829017136400e-03
1.000000000000000000e+01 5.084364851672543324e-03
1.100000000000000000e+01 1.987365092172784214e-03
1.200000000000000000e+01 2.479765284572976822e-03
1.300000000000000000e+01 5.359629401937094154e-03
1.000000000000000000e+00 4.033533702764471353e-03
2.000000000000000000e+00 -3.922881641150871568e-03
3.000000000000000000e+00 -3.981455474724704922e-03
4.000000000000000000e+00 -3.896186114455344775e-03
5.000000000000000000e+00 -3.227926133695364127e-03
6.000000000000000000e+00 -3.682255138024368574e-03
7.000000000000000000e+00 5.013445920176689240e-03
8.000000000000000000e+00 -3.916015359284589180e-03
9.000000000000000000e+00 -3.578365046634277187e-03
1.000000000000000000e+01 -1.272178177947408655e-03
1.100000000000000000e+01 7.598083540391231596e-04
1.200000000000000000e+01 3.713498645229414141e-03
1.300000000000000000e+01 3.580761937492706309e-03
1.000000000000000000e+00 1.158138158138157913e-03
2.000000000000000000e+00 -4.057362082362081686e-03
3.000000000000000000e+00 -4.310175935175934378e-03
4.000000000000000000e+00 -3.863055925555925092e-03
5.000000000000000000e+00 -3.609165834165833746e-03
6.000000000000000000e+00 -2.748625911125911030e-03
7.000000000000000000e+00 1.978484478484478139e-03
8.000000000000000000e+00 -4.289432789432789245e-03
9.000000000000000000e+00 -3.715238465238464988e-03
1.000000000000000000e+01 4.182512857512856938e-03
1.100000000000000000e+01 -4.302396677396677161e-04
1.200000000000000000e+01 3.263958263958263630e-03
1.300000000000000000e+01 5.664060476560476252e-03
1.000000000000000000e+00 3.302707833477064054e-03
2.000000000000000000e+00 -3.989932859163628116e-03
3.000000000000000000e+00 -4.284894379125147972e-03
4.000000000000000000e+00 -3.888513907744676860e-03
5.000000000000000000e+00 -3.837251281482050632e-03
6.000000000000000000e+00 -1.561349405580174767e-03
7.000000000000000000e+00 4.959213364982595004e-03
8.000000000000000000e+00 -4.418311887542655976e-03
9.000000000000000000e+00 -3.792871587102356057e-03
1.000000000000000000e+01 1.951156606925837610e-03
1.100000000000000000e+01 -1.443744787975557043e-03
1.200000000000000000e+01 2.990141695910926520e-03
1.300000000000000000e+01 3.073793692062922606e-03
1.000000000000000000e+00 2.610043660043659744e-03
2.000000000000000000e+00 -3.853071003071002667e-03
3.000000000000000000e+00 -4.420747770747770339e-03
4.000000000000000000e+00 -2.870188607688607414e-03
5.000000000000000000e+00 -3.754008954008953517e-03
6.000000000000000000e+00 -2.296914196914196481e-03
7.000000000000000000e+00 2.742022792022791745e-03
8.000000000000000000e+00 -4.406353831353831269e-03
9.000000000000000000e+00 -4.338779276279275572e-03
1.000000000000000000e+01 2.822632460132460178e-03
1.100000000000000000e+01 -4.934570059570058190e-04
1.200000000000000000e+01 4.009236596736596124e-03
1.300000000000000000e+01 3.138726551226551052e-03
1.000000000000000000e+00 2.841793854293853984e-03
2.000000000000000000e+00 -4.246535871535871316e-03
3.000000000000000000e+00 -3.982947607947607757e-03
4.000000000000000000e+00 -3.978450253450252667e-03
5.000000000000000000e+00 -4.435893735893735486e-03
6.000000000000000000e+00 -2.809017834017833552e-03
7.000000000000000000e+00 3.808093758093758149e-03
8.000000000000000000e+00 -4.588370888370887739e-03
9.000000000000000000e+00 -4.486326636326636030e-03
1.000000000000000000e+01 4.760691160691160086e-03
1.100000000000000000e+01 -2.309306434306434251e-03
1.200000000000000000e+01 2.616709679209679000e-03
1.300000000000000000e+01 5.330141617641616716e-03
1.000000000000000000e+00 4.189743838782299806e-03
2.000000000000000000e+00 -4.028786704748242749e-03
3.000000000000000000e+00 -4.457911283872822115e-03
4.000000000000000000e+00 -3.295910321871859880e-03
5.000000000000000000e+00 -4.547287185748723377e-03
6.000000000000000000e+00 -2.065042116003654171e-03
7.000000000000000000e+00 3.864461250999712359e-03
8.000000000000000000e+00 -4.701057027018565142e-03
9.000000000000000000e+00 -4.222432873394411403e-03
1.000000000000000000e+01 4.712964137002597677e-03
1.100000000000000000e+01 1.036868010906472374e-03
1.200000000000000000e+01 2.253668802707263843e-03
1.300000000000000000e+01 -8.381602016217400402e-04
1.000000000000000000e+00 1.194500869500869341e-03
2.000000000000000000e+00 -4.464740352240351498e-03
3.000000000000000000e+00 -4.715852665852665083e-03
4.000000000000000000e+00 -4.063351463351462869e-03
5.000000000000000000e+00 -4.328496965996965831e-03
6.000000000000000000e+00 -1.065107115107115062e-03
7.000000000000000000e+00 8.895029970029968286e-03
8.000000000000000000e+00 -4.456130443630443132e-03
9.000000000000000000e+00 -4.303310578310577672e-03
1.000000000000000000e+01 1.324803899803899624e-03
1.100000000000000000e+01 -2.089277389277389031e-03
1.200000000000000000e+01 1.773469123469123120e-03
1.300000000000000000e+01 4.395811595811595709e-03
1.000000000000000000e+00 4.530538905538905332e-04
2.000000000000000000e+00 -2.610203685203684766e-03
3.000000000000000000e+00 -3.827381414881414739e-03
4.000000000000000000e+00 -3.687476412476412262e-03
5.000000000000000000e+00 -3.314153901653901519e-03
6.000000000000000000e+00 -2.413468475968475781e-03
7.000000000000000000e+00 3.413750138750138666e-03
8.000000000000000000e+00 -3.200589688089687870e-03
9.000000000000000000e+00 -3.923232785732784847e-03
1.000000000000000000e+01 1.746217671217671066e-03
1.100000000000000000e+01 -2.234289784289784139e-03
1.200000000000000000e+01 2.106108243608243585e-03
1.300000000000000000e+01 8.001520701520700718e-03
1.000000000000000000e+00 -3.647486772486771946e-04
2.000000000000000000e+00 -4.508435545935545775e-03
3.000000000000000000e+00 -4.481752044252043307e-03
4.000000000000000000e+00 -4.379587542087541412e-03
5.000000000000000000e+00 -4.045881433381432607e-03
6.000000000000000000e+00 -1.117959355459355276e-03
7.000000000000000000e+00 4.518302068302068077e-03
8.000000000000000000e+00 -4.073190235690235528e-03
9.000000000000000000e+00 -4.135058922558922101e-03
1.000000000000000000e+01 6.418662818662818417e-03
1.100000000000000000e+01 1.314424001924001774e-03
1.200000000000000000e+01 1.693885281385281187e-03
1.300000000000000000e+01 2.040115440115439650e-03
1.000000000000000000e+00 -4.342786842786842440e-04
2.000000000000000000e+00 -4.056356606356606095e-03
3.000000000000000000e+00 -4.637898212898212622e-03
4.000000000000000000e+00 -3.773690661190660933e-03
5.000000000000000000e+00 -4.174015336515336100e-03
6.000000000000000000e+00 -1.631470843970843831e-03
7.000000000000000000e+00 8.381660469160468266e-03
8.000000000000000000e+00 -4.632198357198356528e-03
9.000000000000000000e+00 -3.939726014726013976e-03
1.000000000000000000e+01 3.435712435712436129e-04
1.100000000000000000e+01 1.959835072335072009e-03
1.200000000000000000e+01 3.968559218559218442e-03
1.300000000000000000e+01 1.070008232508232399e-03
1.000000000000000000e+00 -1.258446645946645868e-03
2.000000000000000000e+00 -4.517681855181854972e-03
3.000000000000000000e+00 -4.185911773411772618e-03
4.000000000000000000e+00 -4.269966607466606570e-03
5.000000000000000000e+00 -3.818541643541643101e-03
6.000000000000000000e+00 -3.012685462685462615e-03
7.000000000000000000e+00 8.617172642172640784e-03
8.000000000000000000e+00 -4.642681855181855083e-03
9.000000000000000000e+00 -3.933338420838420300e-03
1.000000000000000000e+01 1.896369371369371198e-03
1.100000000000000000e+01 -1.817687867687867425e-03
1.200000000000000000e+01 9.340561290561289268e-03
1.300000000000000000e+01 9.675273800273799345e-04
1.000000000000000000e+00 1.655693380693380647e-03
2.000000000000000000e+00 -3.773148610648610277e-03
3.000000000000000000e+00 -4.139208014208013361e-03
4.000000000000000000e+00 -4.025782088282087688e-03
5.000000000000000000e+00 -3.736670736670736227e-03
6.000000000000000000e+00 -2.803409553409553188e-03
7.000000000000000000e+00 3.511916324416324009e-03
8.000000000000000000e+00 -4.348803973803973266e-03
9.000000000000000000e+00 -3.640867465867465586e-03
1.000000000000000000e+01 4.022696747696747482e-03
1.100000000000000000e+01 7.247650497650496562e-04
1.200000000000000000e+01 3.715529840529840141e-03
1.300000000000000000e+01 2.801015651015650691e-03
1.000000000000000000e+00 2.524469832162142831e-06
2.000000000000000000e+00 -4.083394241086548034e-03
3.000000000000000000e+00 -4.372223004915311816e-03
4.000000000000000000e+00 -4.141553211745518763e-03
5.000000000000000000e+00 -3.757251864944172355e-03
6.000000000000000000e+00 -3.683779041471348797e-03
7.000000000000000000e+00 3.484565114372806163e-03
8.000000000000000000e+00 -4.500698233390540426e-03
9.000000000000000000e+00 -4.212783370475677372e-03
1.000000000000000000e+01 5.665812108119799677e-03
1.100000000000000000e+01 -1.399201119393426876e-03
1.200000000000000000e+01 4.260923940731632144e-03
1.300000000000000000e+01 5.530901648209339896e-03
1.000000000000000000e+00 3.642089392089392251e-04
2.000000000000000000e+00 -4.508043345543345445e-03
3.000000000000000000e+00 -4.461662874162873951e-03
4.000000000000000000e+00 -3.928437765937765370e-03
5.000000000000000000e+00 -4.385063547563547263e-03
6.000000000000000000e+00 -2.969123006623006558e-03
7.000000000000000000e+00 2.384326784326784056e-03
8.000000000000000000e+00 -4.551964701964701134e-03
9.000000000000000000e+00 -3.724866337366336978e-03
1.000000000000000000e+01 8.226022126022124528e-03
1.100000000000000000e+01 -3.029033004033003951e-03
1.200000000000000000e+01 4.240146890146889551e-03
1.300000000000000000e+01 5.118111055611055532e-03
1.000000000000000000e+00 -1.010144947644947468e-03
2.000000000000000000e+00 -3.195378232878232777e-03
3.000000000000000000e+00 -4.388367650867650363e-03
4.000000000000000000e+00 -4.200116087616087394e-03
5.000000000000000000e+00 -3.785132922632922399e-03
6.000000000000000000e+00 -2.857884245384245247e-03
7.000000000000000000e+00 3.978317053317052474e-03
8.000000000000000000e+00 -4.589125226625225852e-03
9.000000000000000000e+00 -3.795955433455433167e-03
1.000000000000000000e+01 7.305837680837680643e-04
1.100000000000000000e+01 4.946303696303694429e-05
1.200000000000000000e+01 8.269220131720130332e-03
1.300000000000000000e+01 3.255006567506567305e-03
1.000000000000000000e+00 -2.213421905729597526e-04
2.000000000000000000e+00 -3.965846760077528996e-03
3.000000000000000000e+00 -4.514878746609515478e-03
4.000000000000000000e+00 -4.372201978932747403e-03
5.000000000000000000e+00 -4.120259939490708567e-03
6.000000000000000000e+00 -2.469759513990282818e-03
7.000000000000000000e+00 4.996893740162970492e-03
8.000000000000000000e+00 -4.512792407023175426e-03
9.000000000000000000e+00 -4.364776534007302686e-03
1.000000000000000000e+01 6.946923802693033383e-03
1.100000000000000000e+01 -1.536980718711487750e-03
1.200000000000000000e+01 4.513079406348636732e-03
1.300000000000000000e+01 2.598553191822422070e-03
1.000000000000000000e+00 8.268368027983413228e-04
2.000000000000000000e+00 -4.079728853767315006e-03
3.000000000000000000e+00 -4.418353192391653687e-03
4.000000000000000000e+00 -4.206845255883716848e-03
5.000000000000000000e+00 -3.496287295325756737e-03
6.000000000000000000e+00 -1.794982581521042996e-03
7.000000000000000000e+00 5.489411938100748588e-03
8.000000000000000000e+00 -4.577576376614837274e-03
9.000000000000000000e+00 -4.361246410284871228e-03
1.000000000000000000e+01 2.956117707079245274e-03
1.100000000000000000e+01 -1.366460640499102003e-03
1.200000000000000000e+01 7.125286782629439977e-04
1.300000000000000000e+01 6.500195388656926365e-03
1.000000000000000000e+00 2.433860331587604092e-04
2.000000000000000000e+00 -3.672306607533880156e-03
3.000000000000000000e+00 -4.410954996182268537e-03
4.000000000000000000e+00 -4.410209445436717897e-03
5.000000000000000000e+00 -4.140187800415072797e-03
6.000000000000000000e+00 -3.761563899063898736e-03
7.000000000000000000e+00 4.985148899921626811e-03
8.000000000000000000e+00 -4.630651965879238087e-03
9.000000000000000000e+00 -4.477248887476159914e-03
1.000000000000000000e+01 6.933405273178000310e-03
1.100000000000000000e+01 -2.341799152026424313e-03
1.200000000000000000e+01 1.648250150522877775e-03
1.300000000000000000e+01 6.367977182749909315e-03
1.000000000000000000e+00 5.525795248522521151e-03
2.000000000000000000e+00 -4.138021490294217092e-03
3.000000000000000000e+00 -4.283848811121537814e-03
4.000000000000000000e+00 -4.286758864031590954e-03
5.000000000000000000e+00 -4.254007104007103898e-03
6.000000000000000000e+00 -3.125224522951794729e-04
7.000000000000000000e+00 3.709874132601404841e-03
8.000000000000000000e+00 -4.332526059798786321e-03
9.000000000000000000e+00 -3.041851456624183707e-03
1.000000000000000000e+01 1.777424637651910328e-03
1.100000000000000000e+01 3.437966915239642845e-04
1.200000000000000000e+01 1.421947244674517203e-03
1.300000000000000000e+01 9.008493610766337692e-04
1.000000000000000000e+00 2.504452065028987730e-03
2.000000000000000000e+00 -3.448211475134551566e-03
3.000000000000000000e+00 -4.237707627130703550e-03
4.000000000000000000e+00 -4.144910609333685853e-03
5.000000000000000000e+00 -3.869994784417860826e-03
6.000000000000000000e+00 -2.816760056183132983e-03
7.000000000000000000e+00 4.061096809173731642e-03
8.000000000000000000e+00 -4.443960633383709467e-03
9.000000000000000000e+00 -4.283691273114349773e-03
1.000000000000000000e+01 5.647916470993393813e-03
1.100000000000000000e+01 -4.777569296800066143e-04
1.200000000000000000e+01 3.536990360067282686e-03
1.300000000000000000e+01 1.065899876476799268e-03
1.000000000000000000e+00 4.866012548704856363e-04
2.000000000000000000e+00 -3.819375176105945218e-03
3.000000000000000000e+00 -4.337773444504213448e-03
4.000000000000000000e+00 -4.228135397366166066e-03
5.000000000000000000e+00 -3.827504084234853270e-03
6.000000000000000000e+00 -2.349768393999163065e-03
7.000000000000000000e+00 4.387624768393998294e-03
8.000000000000000000e+00 -4.499389606120374717e-03
9.000000000000000000e+00 -3.962953819684588395e-03
1.000000000000000000e+01 6.617331173100403537e-03
1.100000000000000000e+01 -1.887466806697575680e-03
1.200000000000000000e+01 3.047748441017671464e-03
1.300000000000000000e+01 3.627263833033063465e-03
1.000000000000000000e+00 3.054581067081066619e-03
2.000000000000000000e+00 -3.339616864616864328e-03
3.000000000000000000e+00 -4.172120472120471706e-03
4.000000000000000000e+00 -4.227507677507676837e-03
5.000000000000000000e+00 -4.020244570244569521e-03
6.000000000000000000e+00 -3.378710178710178213e-03
7.000000000000000000e+00 1.900420412920412810e-03
8.000000000000000000e+00 -4.134061309061308302e-03
9.000000000000000000e+00 -3.305946830946830586e-03
1.000000000000000000e+01 6.700703000702999852e-03
1.100000000000000000e+01 -1.062662800162799976e-03
1.200000000000000000e+01 2.748851148851148493e-03
1.300000000000000000e+01 3.079172216672216439e-03
1.000000000000000000e+00 -1.647559491790260905e-03
2.000000000000000000e+00 -4.465019809250577766e-03
3.000000000000000000e+00 -4.544817789048557870e-03
4.000000000000000000e+00 -3.601311295542064615e-03
5.000000000000000000e+00 -3.929329573560342084e-03
6.000000000000000000e+00 -1.784704753935523192e-03
7.000000000000000000e+00 7.391533822303052517e-03
8.000000000000000000e+00 -4.599639818870587642e-03
9.000000000000000000e+00 -4.552477721708490799e-03
1.000000000000000000e+01 4.398364029133259266e-03
1.100000000000000000e+01 -3.557656730733647633e-05
1.200000000000000000e+01 2.493355611624842403e-03
1.300000000000000000e+01 3.357756951026181352e-03
1.000000000000000000e+00 1.039220113608225462e-03
2.000000000000000000e+00 -4.344594220206107922e-03
3.000000000000000000e+00 -4.518493931605819559e-03
4.000000000000000000e+00 -4.546289746901634524e-03
5.000000000000000000e+00 -3.949338087449975367e-03
6.000000000000000000e+00 -3.518343618955506805e-03
7.000000000000000000e+00 7.037139786527897914e-03
8.000000000000000000e+00 -4.744894845506732704e-03
9.000000000000000000e+00 -4.314760165372052807e-03
1.000000000000000000e+01 4.538366337754448816e-03
1.100000000000000000e+01 -8.254282010400889940e-04
1.200000000000000000e+01 3.500710471864317669e-04
1.300000000000000000e+01 6.078467902856014501e-03
1.000000000000000000e+00 1.739244871937179610e-03
2.000000000000000000e+00 -3.896319101126793222e-03
3.000000000000000000e+00 -4.301477831285522788e-03
4.000000000000000000e+00 -3.813081967889659762e-03
5.000000000000000000e+00 -4.110304190111881487e-03
6.000000000000000000e+00 -2.912450654758346955e-03
7.000000000000000000e+00 8.254632724825031187e-03
8.000000000000000000e+00 -4.302055031862723339e-03
9.000000000000000000e+00 -4.195561525369217309e-03
1.000000000000000000e+01 4.539268921961229532e-03
1.100000000000000000e+01 -1.506931174238866373e-03
1.200000000000000000e+01 -6.977260275337197372e-04
1.300000000000000000e+01 4.765411298103604948e-03
1.000000000000000000e+00 -7.289707346525527761e-04
2.000000000000000000e+00 -4.379469772651590695e-03
3.000000000000000000e+00 -4.399311042492860292e-03
4.000000000000000000e+00 -4.726583769765587556e-03
5.000000000000000000e+00 -3.815863471545289428e-03
6.000000000000000000e+00 -3.652688977688977375e-03
7.000000000000000000e+00 6.281106225424406414e-03
8.000000000000000000e+00 -4.739125857307674786e-03
9.000000000000000000e+00 -4.669933938115755460e-03
1.000000000000000000e+01 2.908060289878471559e-03
1.100000000000000000e+01 1.510820030138211763e-03
1.200000000000000000e+01 3.022249804067985660e-03
1.300000000000000000e+01 5.335868130186311072e-03
1.000000000000000000e+00 2.374101219293526903e-03
2.000000000000000000e+00 -3.930913210720902821e-03
3.000000000000000000e+00 -4.662394692202384214e-03
4.000000000000000000e+00 -3.501391806199498184e-03
5.000000000000000000e+00 -3.819068573876266068e-03
6.000000000000000000e+00 -1.020541637849330021e-03
7.000000000000000000e+00 3.817795950488258108e-03
8.000000000000000000e+00 -4.143936298743990457e-03
9.000000000000000000e+00 -3.694393249200941375e-03
1.000000000000000000e+01 5.124068950992026299e-04
1.100000000000000000e+01 -1.606766986574678646e-03
1.200000000000000000e+01 2.045794340986648290e-03
1.300000000000000000e+01 5.447688280380587680e-03
1.000000000000000000e+00 -1.195323088592319333e-03
2.000000000000000000e+00 -4.566673497442727894e-03
3.000000000000000000e+00 -4.561021741790971702e-03
4.000000000000000000e+00 -4.316613372382602579e-03
5.000000000000000000e+00 -3.914539057808288404e-03
6.000000000000000000e+00 -3.916366859636089860e-03
7.000000000000000000e+00 8.047978979709748126e-03
8.000000000000000000e+00 -4.742900048669279091e-03
9.000000000000000000e+00 -4.332859163628393490e-03
1.000000000000000000e+01 6.460809667540436639e-03
1.100000000000000000e+01 1.098159354890124043e-03
1.200000000000000000e+01 1.887726269457038440e-03
1.300000000000000000e+01 2.415048484279253352e-03
1.000000000000000000e+00 3.319565619565619310e-03
2.000000000000000000e+00 -3.942501480001479701e-03
3.000000000000000000e+00 -4.322010859510858581e-03
4.000000000000000000e+00 -4.264639527139526230e-03
5.000000000000000000e+00 -3.502181614681614246e-03
6.000000000000000000e+00 -2.278756891256891043e-03
7.000000000000000000e+00 1.873806748806748754e-04
8.000000000000000000e+00 -4.258109945609944887e-03
9.000000000000000000e+00 -4.231330243830243483e-03
1.000000000000000000e+01 2.471922521922521789e-03
1.100000000000000000e+01 -7.476541976541976366e-04
1.200000000000000000e+01 5.473894623894623446e-03
1.300000000000000000e+01 5.380261867761867468e-03
1.000000000000000000e+00 1.764677843523997265e-03
2.000000000000000000e+00 -4.084761143414989207e-03
3.000000000000000000e+00 -4.286757295411141276e-03
4.000000000000000000e+00 -4.178929012582857996e-03
5.000000000000000000e+00 -3.886588945242791006e-03
6.000000000000000000e+00 -3.657085578239424248e-03
7.000000000000000000e+00 5.774468053314206831e-03
8.000000000000000000e+00 -4.037917709071554319e-03
9.000000000000000000e+00 -4.303279661933507270e-03
1.000000000000000000e+01 2.149308490654644466e-03
1.100000000000000000e+01 3.369411535757689188e-03
1.200000000000000000e+01 2.155815694277231896e-04
1.300000000000000000e+01 3.427853094199248031e-03
1.000000000000000000e+00 7.357110482110482217e-04
2.000000000000000000e+00 -4.058372645872645491e-03
3.000000000000000000e+00 -4.185332722832722438e-03
4.000000000000000000e+00 -3.892848355348354876e-03
5.000000000000000000e+00 -4.029085729085728380e-03
6.000000000000000000e+00 -2.434641284641284476e-03
7.000000000000000000e+00 1.619020331520331464e-03
8.000000000000000000e+00 -4.343161005661005415e-03
9.000000000000000000e+00 -4.067487604987604123e-03
1.000000000000000000e+01 3.350604025604025493e-03
1.100000000000000000e+01 8.814662189662188750e-04
1.200000000000000000e+01 5.308378195878195489e-03
1.300000000000000000e+01 4.616116291116290765e-03
1.000000000000000000e+00 -2.859686609686603486e-05
2.000000000000000000e+00 -4.186978299478298984e-03
3.000000000000000000e+00 -4.097452084952084121e-03
4.000000000000000000e+00 -4.136220723720723455e-03
5.000000000000000000e+00 -3.846790709290709171e-03
6.000000000000000000e+00 -2.547698597698597363e-03
7.000000000000000000e+00 9.084997409997408457e-03
8.000000000000000000e+00 -4.221490083990083603e-03
9.000000000000000000e+00 -3.869656269656269500e-03
1.000000000000000000e+01 1.913147963147963102e-03
1.100000000000000000e+01 -1.810354922854922818e-03
1.200000000000000000e+01 1.840829540829540647e-03
1.300000000000000000e+01 5.869028194028193778e-03
1.000000000000000000e+00 2.662965737965737774e-03
2.000000000000000000e+00 -3.638832001332001180e-03
3.000000000000000000e+00 -4.186781736781735978e-03
4.000000000000000000e+00 -3.625514300514300330e-03
5.000000000000000000e+00 -3.817012617012616616e-03
6.000000000000000000e+00 -2.323253598253598087e-03
7.000000000000000000e+00 2.203772616272615947e-03
8.000000000000000000e+00 -4.284003959003958480e-03
9.000000000000000000e+00 -4.014523439523439222e-03
1.000000000000000000e+01 4.146900321900321741e-03
1.100000000000000000e+01 -5.657490657490657314e-05
1.200000000000000000e+01 1.851668239168238923e-03
1.300000000000000000e+01 5.026740389240389080e-03
1.000000000000000000e+00 4.483747022208559811e-04
2.000000000000000000e+00 -4.084947531101376650e-03
3.000000000000000000e+00 -4.492715688869534756e-03
4.000000000000000000e+00 -4.437556958710803939e-03
5.000000000000000000e+00 -4.408726992380838060e-03
6.000000000000000000e+00 -3.383432379586225319e-03
7.000000000000000000e+00 3.292600383946537451e-03
8.000000000000000000e+00 -4.471491542645388007e-03
9.000000000000000000e+00 -4.367980239134084536e-03
1.000000000000000000e+01 6.034803551149704910e-03
1.100000000000000000e+01 2.481120019581558992e-04
1.200000000000000000e+01 3.518058721904875411e-03
1.300000000000000000e+01 4.361864453210606216e-03
1.000000000000000000e+00 4.868960811268503632e-04
2.000000000000000000e+00 -4.480654423923654574e-03
3.000000000000000000e+00 -4.396515414784645144e-03
4.000000000000000000e+00 -3.646359089628320015e-03
5.000000000000000000e+00 -3.524064717333947813e-03
6.000000000000000000e+00 -1.936630854900085567e-03
7.000000000000000000e+00 4.685543267274035716e-03
8.000000000000000000e+00 -4.612196030465260353e-03
9.000000000000000000e+00 -3.942300648069878288e-03
1.000000000000000000e+01 6.990461497192265554e-03
1.100000000000000000e+01 -2.583313766006073518e-04
1.200000000000000000e+01 3.512304931535700520e-03
1.300000000000000000e+01 -6.086546644238951653e-04
1.000000000000000000e+00 9.067685875378181642e-04
2.000000000000000000e+00 -4.024929344160112742e-03
3.000000000000000000e+00 -4.281891826122595154e-03
4.000000000000000000e+00 -3.400891345122114117e-03
5.000000000000000000e+00 -4.362050556281324952e-03
6.000000000000000000e+00 -2.141175135405904307e-03
7.000000000000000000e+00 7.155914811684042226e-03
8.000000000000000000e+00 -4.402695096925865643e-03
9.000000000000000000e+00 -4.124135693366462463e-03
1.000000000000000000e+01 5.223146653915883807e-03
1.100000000000000000e+01 -2.826648920879689959e-03
1.200000000000000000e+01 2.367356610625841271e-03
1.300000000000000000e+01 3.454713697982928280e-03
1.000000000000000000e+00 -1.626864801864801556e-03
2.000000000000000000e+00 -4.084332334332333933e-03
3.000000000000000000e+00 -4.364154364154363211e-03
4.000000000000000000e+00 -3.513877788877788500e-03
5.000000000000000000e+00 -3.594138731638731564e-03
6.000000000000000000e+00 -2.856410256410256074e-03
7.000000000000000000e+00 6.377410089910088946e-03
8.000000000000000000e+00 -4.584392459392458603e-03
9.000000000000000000e+00 -4.394096644096643321e-03
1.000000000000000000e+01 5.496866559366558706e-03
1.100000000000000000e+01 -1.808256095756095600e-03
1.200000000000000000e+01 4.916106578606578396e-03
1.300000000000000000e+01 3.006546694046693946e-03
1.000000000000000000e+00 1.845554374400528060e-03
2.000000000000000000e+00 -4.432830666484512128e-03
3.000000000000000000e+00 -4.733985067638913150e-03
4.000000000000000000e+00 -3.805064913718759437e-03
5.000000000000000000e+00 -4.421527155181000611e-03
6.000000000000000000e+00 -4.461738795392641323e-03
7.000000000000000000e+00 6.105986072332226025e-03
8.000000000000000000e+00 -4.699701758355603713e-03
9.000000000000000000e+00 -4.591127924781770661e-03
1.000000000000000000e+01 3.611409352755506116e-03
1.100000000000000000e+01 2.864139030485184177e-03
1.200000000000000000e+01 1.712499003845157622e-03
1.300000000000000000e+01 3.065088543934697297e-03
1.000000000000000000e+00 2.397286509786509656e-03
2.000000000000000000e+00 -3.565574240574240390e-03
3.000000000000000000e+00 -4.376709401709401315e-03
4.000000000000000000e+00 -4.224965774965774509e-03
5.000000000000000000e+00 -4.406904206904206124e-03
6.000000000000000000e+00 -3.429835904835904555e-03
7.000000000000000000e+00 3.257165057165056776e-03
8.000000000000000000e+00 -4.420540570540570230e-03
9.000000000000000000e+00 -4.254775779775779240e-03
1.000000000000000000e+01 3.998771598771598199e-03
1.100000000000000000e+01 -2.796675546675546613e-04
1.200000000000000000e+01 6.317562067562066926e-04
1.300000000000000000e+01 7.299895937395936736e-03
1.000000000000000000e+00 1.844165200895970039e-03
2.000000000000000000e+00 -4.156261687030917036e-03
3.000000000000000000e+00 -4.448012528781759151e-03
4.000000000000000000e+00 -4.376451682220912527e-03
5.000000000000000000e+00 -2.961300167069397422e-03
6.000000000000000000e+00 -1.172489440758671397e-03
7.000000000000000000e+00 3.214323746054515308e-03
8.000000000000000000e+00 -4.157680638449868897e-03
9.000000000000000000e+00 -4.023529604298834578e-03
1.000000000000000000e+01 5.398674580405348790e-03
1.100000000000000000e+01 -1.376830470099700814e-03
1.200000000000000000e+01 -4.063518390441465250e-05
1.300000000000000000e+01 5.097093291324059951e-03
1.000000000000000000e+00 -1.865677057984750349e-04
2.000000000000000000e+00 -4.000348369579138051e-03
3.000000000000000000e+00 -4.004328648559417683e-03
4.000000000000000000e+00 -3.775853420084188811e-03
5.000000000000000000e+00 -4.054142260873029938e-03
6.000000000000000000e+00 -3.177669196899965669e-03
7.000000000000000000e+00 7.957936863706093281e-03
8.000000000000000000e+00 -4.186194930425699012e-03
9.000000000000000000e+00 -3.705555199785968718e-03
1.000000000000000000e+01 1.950645081414312124e-03
1.100000000000000000e+01 -1.380350774581543677e-03
1.200000000000000000e+01 6.958333689102919398e-03
1.300000000000000000e+01 1.627597758366988940e-03
1.000000000000000000e+00 -9.838366761443676585e-05
2.000000000000000000e+00 -4.060859617590385946e-03
3.000000000000000000e+00 -4.138228544959313658e-03
4.000000000000000000e+00 -4.123077029807798756e-03
5.000000000000000000e+00 -4.013481070211839113e-03
6.000000000000000000e+00 -2.298822580553349596e-03
7.000000000000000000e+00 8.244497525266755375e-03
8.000000000000000000e+00 -4.500602282333051284e-03
9.000000000000000000e+00 -4.076419983150752178e-03
1.000000000000000000e+01 5.586810269502575635e-04
1.100000000000000000e+01 3.341204059473289970e-03
1.200000000000000000e+01 2.557797188566419098e-03
1.300000000000000000e+01 1.701730569999800437e-03
1.000000000000000000e+00 1.115153827653827439e-03
2.000000000000000000e+00 -3.963297350797350543e-03
3.000000000000000000e+00 -4.274841362341361486e-03
4.000000000000000000e+00 -4.072424334924334630e-03
5.000000000000000000e+00 -3.957874070374069533e-03
6.000000000000000000e+00 -2.349919524919524740e-03
7.000000000000000000e+00 6.699497261997261130e-03
8.000000000000000000e+00 -3.338393550893550658e-03
9.000000000000000000e+00 -4.239018851518850869e-03
1.000000000000000000e+01 4.075807988307987399e-03
1.100000000000000000e+01 -1.484545547045546757e-03
1.200000000000000000e+01 2.080305342805342447e-03
1.300000000000000000e+01 3.449611499611499304e-03
1.000000000000000000e+00 1.158670496170496065e-03
2.000000000000000000e+00 -3.927903577903577373e-03
3.000000000000000000e+00 -4.204310504310504112e-03
4.000000000000000000e+00 -3.711669811669811563e-03
5.000000000000000000e+00 -3.719967069967069703e-03
6.000000000000000000e+00 -2.483032245532245177e-03
7.000000000000000000e+00 2.772847985347985222e-03
8.000000000000000000e+00 -4.164892514892514809e-03
9.000000000000000000e+00 -3.903805453805453494e-03
1.000000000000000000e+01 5.601515614015613147e-03
1.100000000000000000e+01 -4.095714470714470414e-04
1.200000000000000000e+01 2.992917730417730092e-03
1.300000000000000000e+01 2.987187812187811885e-03
1.000000000000000000e+00 6.320360227702883586e-04
2.000000000000000000e+00 -4.225004621770355774e-03
3.000000000000000000e+00 -4.275738147503880919e-03
4.000000000000000000e+00 -4.011596733362467193e-03
5.000000000000000000e+00 -3.787420446686180775e-03
6.000000000000000000e+00 -3.643194092232553399e-03
7.000000000000000000e+00 2.501919380153645560e-03
8.000000000000000000e+00 -3.853896100661834655e-03
9.000000000000000000e+00 -3.390071961837696005e-03
1.000000000000000000e+01 3.069241409975675267e-03
1.100000000000000000e+01 -6.689213531870872708e-04
1.200000000000000000e+01 3.196556224790490178e-03
1.300000000000000000e+01 7.857078110312375532e-03
1.000000000000000000e+00 2.555800823108515373e-03
2.000000000000000000e+00 -4.653115723308030860e-03
3.000000000000000000e+00 -4.529474549666856649e-03
4.000000000000000000e+00 -4.431560889253196439e-03
5.000000000000000000e+00 -4.660366805559112459e-03
6.000000000000000000e+00 -2.487164544856852386e-03
7.000000000000000000e+00 4.196613713921405579e-03
8.000000000000000000e+00 -3.534314617006924491e-03
9.000000000000000000e+00 -4.533653241345548916e-03
1.000000000000000000e+01 3.923044690352381694e-03
1.100000000000000000e+01 -6.159362361285437805e-04
1.200000000000000000e+01 4.558205825513516989e-03
1.300000000000000000e+01 1.837733242540934633e-03
