1.000000000000000000e+00 1.707870832870832635e-03
2.000000000000000000e+00 -1.891269378769378602e-03
3.000000000000000000e+00 -2.544443981943981820e-03
4.000000000000000000e+00 -2.324013486513486389e-03
5.000000000000000000e+00 -2.231691456691456410e-03
6.000000000000000000e+00 -2.049879287379287145e-03
7.000000000000000000e+00 2.133754671254671064e-03
8.000000000000000000e+00 -2.510948310948310763e-03
9.000000000000000000e+00 -2.555368705368704987e-03
1.000000000000000000e+01 1.165969678469678432e-03
1.100000000000000000e+01 -9.076233951233950289e-04
1.200000000000000000e+01 2.084951159951159774e-03
1.300000000000000000e+01 3.165939615939615710e-03
1.000000000000000000e+00 1.306604830031403257e-03
2.000000000000000000e+00 -2.206509538764783382e-03
3.000000000000000000e+00 -2.411456738030164516e-03
4.000000000000000000e+00 -2.164547166120592281e-03
5.000000000000000000e+00 -2.324209263282689744e-03
6.000000000000000000e+00 -2.066008205081631185e-03
7.000000000000000000e+00 5.283460517726250999e-04
8.000000000000000000e+00 -2.173493775067201258e-03
9.000000000000000000e+00 -2.357596709170135373e-03
1.000000000000000000e+01 1.530984995320659649e-03
1.100000000000000000e+01 -7.312318703052968433e-04
1.200000000000000000e+01 6.744416228681962729e-04
1.300000000000000000e+01 5.968029978956551802e-03
1.000000000000000000e+00 4.898170108834444579e-04
2.000000000000000000e+00 -1.931575485509051844e-03
3.000000000000000000e+00 -2.577306606240172340e-03
4.000000000000000000e+00 -2.293323922257488583e-03
5.000000000000000000e+00 -1.933457399890966232e-03
6.000000000000000000e+00 -1.386069140002706233e-03
7.000000000000000000e+00 1.122038030604463957e-03
8.000000000000000000e+00 -2.680463171896737846e-03
9.000000000000000000e+00 -2.564872743806310106e-03
1.000000000000000000e+01 1.966783100349533530e-03
1.100000000000000000e+01 2.210519796184132115e-04
1.200000000000000000e+01 2.484398649783265030e-03
1.300000000000000000e+01 2.193123889190322449e-03
1.000000000000000000e+00 9.343230131691669616e-04
2.000000000000000000e+00 -2.402533648687494444e-03
3.000000000000000000e+00 -2.621485067638913355e-03
4.000000000000000000e+00 -2.196755630409476245e-03
5.000000000000000000e+00 -2.246990118143964155e-03
6.000000000000000000e+00 -2.989441825980287005e-04
7.000000000000000000e+00 -1.293550964704810692e-03
8.000000000000000000e+00 -2.543009839163684876e-03
9.000000000000000000e+00 -2.039365335519181463e-03
1.000000000000000000e+01 1.995554374400528019e-03
1.100000000000000000e+01 9.367340280801818905e-04
1.200000000000000000e+01 1.253238357084510883e-03
1.300000000000000000e+01 3.940239319085472348e-03
1.000000000000000000e+00 5.295866597789674300e-03
2.000000000000000000e+00 -2.613494874071796772e-03
3.000000000000000000e+00 -2.539228399805322674e-03
4.000000000000000000e+00 -2.685356345933268864e-03
5.000000000000000000e+00 -2.186829409906332778e-03
6.000000000000000000e+00 -2.169573517650440469e-03
7.000000000000000000e+00 1.695475784898861724e-03
8.000000000000000000e+00 -2.646575682152604771e-03
9.000000000000000000e+00 -2.463494874071796813e-03
1.000000000000000000e+01 -9.169039649808880020e-04
1.100000000000000000e+01 6.422277864585555220e-05
1.200000000000000000e+01 2.165509917432994081e-03
1.300000000000000000e+01 2.132819459742536349e-03
1.000000000000000000e+00 1.117151367151367073e-03
2.000000000000000000e+00 -2.519759407259407075e-03
3.000000000000000000e+00 -2.677491489991489816e-03
4.000000000000000000e+00 -2.348998223998223760e-03
5.000000000000000000e+00 -2.389949402449402082e-03
6.000000000000000000e+00 -1.849389036889036858e-03
7.000000000000000000e+00 2.541162541162541124e-04
8.000000000000000000e+00 -2.614420301920301806e-03
9.000000000000000000e+00 -2.185969123469123226e-03
1.000000000000000000e+01 1.867632367632367403e-03
1.100000000000000000e+01 -7.550949050949050476e-04
1.200000000000000000e+01 1.955294705294705233e-03
1.300000000000000000e+01 5.746871184371183869e-03
1.000000000000000000e+00 3.701997930844084378e-03
2.000000000000000000e+00 -2.306461665115510946e-03
3.000000000000000000e+00 -2.493077826731672497e-03
4.000000000000000000e+00 -2.375485234139080182e-03
5.000000000000000000e+00 -2.437858971512817455e-03
6.000000000000000000e+00 -1.146817605471451467e-03
7.000000000000000000e+00 1.619374073220227004e-03
8.000000000000000000e+00 -2.597454931108776795e-03
9.000000000000000000e+00 -2.067391476045322106e-03
1.000000000000000000e+01 5.599224137685675012e-04
1.100000000000000000e+01 -6.018139979678440842e-04
1.200000000000000000e+01 1.320672774518928108e-03
1.300000000000000000e+01 2.434345213191366555e-03
1.000000000000000000e+00 2.770944226713457480e-03
2.000000000000000000e+00 -2.321066077796846757e-03
3.000000000000000000e+00 -2.758103114833883752e-03
4.000000000000000000e+00 -2.315985510216279387e-03
5.000000000000000000e+00 -2.437438131668900713e-03
6.000000000000000000e+00 -1.310195466926236067e-03
7.000000000000000000e+00 8.022023204715511124e-04
8.000000000000000000e+00 -2.618961700692469703e-03
9.000000000000000000e+00 -2.672394841625610595e-03
1.000000000000000000e+01 1.046700877470108093e-03
1.100000000000000000e+01 -1.435468377776069832e-04
1.200000000000000000e+01 1.909549602818833448e-03
1.300000000000000000e+01 3.258558001827232316e-03
1.000000000000000000e+00 2.937720612720612530e-03
2.000000000000000000e+00 -2.537964812964812848e-03
3.000000000000000000e+00 -2.598967698967698595e-03
4.000000000000000000e+00 -2.502815702815702585e-03
5.000000000000000000e+00 -2.863794538794538734e-03
6.000000000000000000e+00 -1.761593961593961458e-03
7.000000000000000000e+00 1.261662411662411607e-03
8.000000000000000000e+00 -2.815532153032152853e-03
9.000000000000000000e+00 -2.737964812964812505e-03
1.000000000000000000e+01 1.330223017723017667e-03
1.100000000000000000e+01 -1.306850094350094169e-03
1.200000000000000000e+01 1.036548174048173860e-03
1.300000000000000000e+01 5.368234080734080385e-03
1.000000000000000000e+00 3.155683525875833170e-03
2.000000000000000000e+00 -2.154501659309351544e-03
3.000000000000000000e+00 -2.447827777635469548e-03
4.000000000000000000e+00 -2.072923977731669885e-03
5.000000000000000000e+00 -2.534383814191506178e-03
6.000000000000000000e+00 -8.154624577701499993e-04
7.000000000000000000e+00 1.429162361854669373e-03
8.000000000000000000e+00 -2.552854232661924683e-03
9.000000000000000000e+00 -2.252215982023673870e-03
1.000000000000000000e+01 1.255701563393870962e-03
1.100000000000000000e+01 8.234934936858013437e-04
1.200000000000000000e+01 1.832571452763760364e-03
1.300000000000000000e+01 -5.469860267937190013e-04
1.000000000000000000e+00 1.785116272616272442e-03
2.000000000000000000e+00 -2.408486420986420684e-03
3.000000000000000000e+00 -2.638681226181226018e-03
4.000000000000000000e+00 -2.447267084767084343e-03
5.000000000000000000e+00 -2.574383486883486619e-03
6.000000000000000000e+00 -4.469063344063343361e-04
7.000000000000000000e+00 3.073536186036185565e-03
8.000000000000000000e+00 -2.370878195878195482e-03
9.000000000000000000e+00 -2.260945535945535663e-03
1.000000000000000000e+01 2.004421504421504394e-04
1.100000000000000000e+01 -6.056485181485180957e-04
1.200000000000000000e+01 6.788392163392162728e-04
1.300000000000000000e+01 3.272129259629259421e-03
1.000000000000000000e+00 1.730158730158730222e-04
2.000000000000000000e+00 -1.960533910533910403e-03
3.000000000000000000e+00 -2.957768157768157422e-03
4.000000000000000000e+00 -2.799861712361711996e-03
5.000000000000000000e+00 -2.553884078884078711e-03
6.000000000000000000e+00 -1.816907166907166674e-03
7.000000000000000000e+00 2.061622174122174078e-03
8.000000000000000000e+00 -2.592412217412217237e-03
9.000000000000000000e+00 -2.938131313131313056e-03
1.000000000000000000e+01 -1.276875901875902046e-04
1.100000000000000000e+01 -1.599025974025973821e-03
1.200000000000000000e+01 1.873196248196248317e-04
1.300000000000000000e+01 9.824254449254448893e-03
1.000000000000000000e+00 -1.133787508787509118e-04
2.000000000000000000e+00 -2.315212565212564771e-03
3.000000000000000000e+00 -2.412266437266437184e-03
4.000000000000000000e+00 -2.228872978872978566e-03
5.000000000000000000e+00 -2.260378510378510241e-03
6.000000000000000000e+00 -3.906875531875531331e-04
7.000000000000000000e+00 1.268944481444481435e-03
8.000000000000000000e+00 -2.287434787434787162e-03
9.000000000000000000e+00 -1.983670958670958467e-03
1.000000000000000000e+01 3.348562086062085649e-03
1.100000000000000000e+01 1.155073630073629939e-03
1.200000000000000000e+01 6.088013838013837551e-04
1.300000000000000000e+01 1.357045732045731841e-03
1.000000000000000000e+00 5.645965145965145971e-04
2.000000000000000000e+00 -2.127905890405890326e-03
3.000000000000000000e+00 -2.741331816331816010e-03
4.000000000000000000e+00 -2.139389776889776690e-03
5.000000000000000000e+00 -2.643851056351056213e-03
6.000000000000000000e+00 -1.217967217967217764e-03
7.000000000000000000e+00 2.931185018685018590e-03
8.000000000000000000e+00 -2.716668516668516338e-03
9.000000000000000000e+00 -2.209237059237059014e-03
1.000000000000000000e+01 5.372590372590372053e-05
1.100000000000000000e+01 1.230710030710030533e-03
1.200000000000000000e+01 1.761463998963998766e-03
1.300000000000000000e+01 2.000587375587375288e-03
1.000000000000000000e+00 9.997409997409958799e-06
2.000000000000000000e+00 -2.317335442335441940e-03
3.000000000000000000e+00 -2.064810189810189524e-03
4.000000000000000000e+00 -2.039377289377289262e-03
5.000000000000000000e+00 -2.098666611166610709e-03
6.000000000000000000e+00 -1.458821733821733749e-03
7.000000000000000000e+00 2.811272061272060852e-03
8.000000000000000000e+00 -2.406981906981906557e-03
9.000000000000000000e+00 -1.558917933917933814e-03
1.000000000000000000e+01 8.987239612239611387e-04
1.100000000000000000e+01 -4.690670440670440542e-04
1.200000000000000000e+01 4.241130166130165254e-03
1.300000000000000000e+01 7.403846153846152999e-04
1.000000000000000000e+00 1.416928441928441782e-03
2.000000000000000000e+00 -2.253502053502053157e-03
3.000000000000000000e+00 -2.597675935175934765e-03
4.000000000000000000e+00 -2.480311817811817632e-03
5.000000000000000000e+00 -2.055889018389018153e-03
6.000000000000000000e+00 -1.753760591260591093e-03
7.000000000000000000e+00 1.847393809893809694e-03
8.000000000000000000e+00 -2.694056406556406390e-03
9.000000000000000000e+00 -2.129554242054241750e-03
1.000000000000000000e+01 1.796455858955858884e-03
1.100000000000000000e+01 3.933413808413807979e-04
1.200000000000000000e+01 2.076271876271876000e-03
1.300000000000000000e+01 2.133342583342582883e-03
1.000000000000000000e+00 3.563629746322053327e-04
2.000000000000000000e+00 -2.402415284146053234e-03
3.000000000000000000e+00 -2.611878968609737759e-03
4.000000000000000000e+00 -2.454441498672267456e-03
5.000000000000000000e+00 -2.319466751197520049e-03
6.000000000000000000e+00 -2.069532888763657517e-03
7.000000000000000000e+00 8.152494585186891496e-04
8.000000000000000000e+00 -2.523495130225899240e-03
9.000000000000000000e+00 -2.343023749754518520e-03
1.000000000000000000e+01 2.902989958759189144e-03
1.100000000000000000e+01 -1.663763231070923044e-04
1.200000000000000000e+01 1.937694143463373998e-03
1.300000000000000000e+01 4.474906930676160986e-03
1.000000000000000000e+00 1.021246488554180794e-03
2.000000000000000000e+00 -2.267419937612244907e-03
3.000000000000000000e+00 -2.333040428232735497e-03
4.000000000000000000e+00 -2.117780687972995509e-03
5.000000000000000000e+00 -2.363211183403490789e-03
6.000000000000000000e+00 -1.428118498310805952e-03
7.000000000000000000e+00 1.453088720396412611e-03
8.000000000000000000e+00 -2.327905748098055630e-03
9.000000000000000000e+00 -1.768405988598296128e-03
1.000000000000000000e+01 3.311494666302358236e-03
1.100000000000000000e+01 -1.497867268059575570e-03
1.200000000000000000e+01 1.163544468352160520e-03
1.300000000000000000e+01 3.128196945504637446e-03
1.000000000000000000e+00 -8.730806230806223173e-05
2.000000000000000000e+00 -1.578066840566840455e-03
3.000000000000000000e+00 -2.483874921374921302e-03
4.000000000000000000e+00 -2.346182521182520794e-03
5.000000000000000000e+00 -2.238967513967513642e-03
6.000000000000000000e+00 -1.456343656343656208e-03
7.000000000000000000e+00 1.087072649572649484e-03
8.000000000000000000e+00 -2.627387427387427223e-03
9.000000000000000000e+00 -1.999681799681799627e-03
1.000000000000000000e+01 3.375837125837126548e-04
1.100000000000000000e+01 4.897061272061271594e-04
1.200000000000000000e+01 4.241882654382653738e-03
1.300000000000000000e+01 1.915036815036814900e-03
1.000000000000000000e+00 2.683780606857530241e-04
2.000000000000000000e+00 -2.071815542007849481e-03
3.000000000000000000e+00 -2.450543295735603012e-03
4.000000000000000000e+00 -2.259736417428724869e-03
5.000000000000000000e+00 -2.274208519400826821e-03
6.000000000000000000e+00 -1.182549715242022697e-03
7.000000000000000000e+00 1.326230393538085656e-03
8.000000000000000000e+00 -2.380738100930408427e-03
9.000000000000000000e+00 -2.233852579044886405e-03
1.000000000000000000e+01 3.316207546015238067e-03
1.100000000000000000e+01 -6.208294910217986755e-04
1.200000000000000000e+01 1.751537031344723534e-03
1.300000000000000000e+01 2.897226064533756518e-03
1.000000000000000000e+00 9.973643133608168284e-04
2.000000000000000000e+00 -2.478315099818596129e-03
3.000000000000000000e+00 -2.660620294623790901e-03
4.000000000000000000e+00 -2.596298505302001552e-03
5.000000000000000000e+00 -2.011918995922492171e-03
6.000000000000000000e+00 -9.258018723053687473e-04
7.000000000000000000e+00 1.570209481660530615e-03
8.000000000000000000e+00 -2.801661660665156692e-03
9.000000000000000000e+00 -2.560740544744040826e-03
1.000000000000000000e+01 1.126867680364183758e-03
1.100000000000000000e+01 -7.516431606466570823e-04
1.200000000000000000e+01 3.485296463443316090e-04
1.300000000000000000e+01 5.477727468723971906e-03
1.000000000000000000e+00 5.129865925320469715e-04
2.000000000000000000e+00 -1.930117063071608340e-03
3.000000000000000000e+00 -2.488919371873917104e-03
4.000000000000000000e+00 -2.443368626323171294e-03
5.000000000000000000e+00 -2.308027115981661163e-03
6.000000000000000000e+00 -2.038441650941650619e-03
7.000000000000000000e+00 2.423532528077982327e-03
8.000000000000000000e+00 -2.548178631133176438e-03
9.000000000000000000e+00 -2.424008356962902011e-03
1.000000000000000000e+01 3.612824254869709262e-03
1.100000000000000000e+01 -1.328415523870069177e-03
1.200000000000000000e+01 6.081607786153238858e-05
1.300000000000000000e+01 4.190553932599386244e-03
1.000000000000000000e+00 4.324851537351536747e-03
2.000000000000000000e+00 -2.728166740666740364e-03
3.000000000000000000e+00 -2.823464960964960739e-03
4.000000000000000000e+00 -2.834359621859621359e-03
5.000000000000000000e+00 -2.849270636770636321e-03
6.000000000000000000e+00 -3.504250379250379134e-04
7.000000000000000000e+00 1.775067987567987421e-03
8.000000000000000000e+00 -2.849691512191511976e-03
9.000000000000000000e+00 -1.975220612720612282e-03
1.000000000000000000e+01 2.734446109446108937e-04
1.100000000000000000e+01 5.409590409590408827e-04
1.200000000000000000e+01 3.373515373515372385e-04
1.300000000000000000e+01 1.856519406519406296e-03
1.000000000000000000e+00 2.484985456139301996e-03
2.000000000000000000e+00 -1.983707425053578624e-03
3.000000000000000000e+00 -2.485276689122842796e-03
4.000000000000000000e+00 -2.406368560214713903e-03
5.000000000000000000e+00 -2.432102085948239633e-03
6.000000000000000000e+00 -1.601654755500909110e-03
7.000000000000000000e+00 1.695812129465975367e-03
8.000000000000000000e+00 -2.496916900763054489e-03
9.000000000000000000e+00 -2.439762018608172128e-03
1.000000000000000000e+01 2.416737500391346379e-03
1.100000000000000000e+01 -4.625915039376577603e-04
1.200000000000000000e+01 1.588996722650568580e-03
1.300000000000000000e+01 1.597329130982977049e-03
1.000000000000000000e+00 8.254071782917936622e-04
2.000000000000000000e+00 -1.963403548018932167e-03
3.000000000000000000e+00 -2.431597391212775468e-03
4.000000000000000000e+00 -2.388457660573044695e-03
5.000000000000000000e+00 -2.149442509057893167e-03
6.000000000000000000e+00 -1.334375168990553379e-03
7.000000000000000000e+00 1.693598708983324241e-03
8.000000000000000000e+00 -2.527977862593247093e-03
9.000000000000000000e+00 -2.041987001602386075e-03
1.000000000000000000e+01 3.662402127786742925e-03
1.100000000000000000e+01 -8.724162945316790924e-04
1.200000000000000000e+01 4.722025125871279249e-04
1.300000000000000000e+01 2.885550275934891003e-03
1.000000000000000000e+00 2.780974118474117962e-03
2.000000000000000000e+00 -2.303068690568690468e-03
3.000000000000000000e+00 -2.847465034965034753e-03
4.000000000000000000e+00 -2.842558830058829634e-03
5.000000000000000000e+00 -2.839396251896251794e-03
6.000000000000000000e+00 -2.310476097976097831e-03
7.000000000000000000e+00 1.160874310874310776e-03
8.000000000000000000e+00 -2.733455895955895498e-03
9.000000000000000000e+00 -2.231856569356569214e-03
1.000000000000000000e+01 2.943269693269693048e-03
1.100000000000000000e+01 -8.697594072594071928e-04
1.200000000000000000e+01 1.292397879897879851e-03
1.300000000000000000e+01 3.830871905871905715e-03
1.000000000000000000e+00 -8.092665169588245978e-04
2.000000000000000000e+00 -2.349520244712552212e-03
3.000000000000000000e+00 -2.578981524173831665e-03
4.000000000000000000e+00 -2.202718897911205235e-03
5.000000000000000000e+00 -2.212459157651465187e-03
6.000000000000000000e+00 -8.253800330723406716e-04
7.000000000000000000e+00 2.949253204060895989e-03
8.000000000000000000e+00 -2.594553914746222222e-03
9.000000000000000000e+00 -2.475446170638478244e-03
1.000000000000000000e+01 1.457718812526504837e-03
1.100000000000000000e+01 5.538587836664759590e-04
1.200000000000000000e+01 1.663178167985860214e-03
1.300000000000000000e+01 3.035633027940719871e-03
1.000000000000000000e+00 1.197972168339301105e-03
2.000000000000000000e+00 -2.192912872545739206e-03
3.000000000000000000e+00 -2.363175017807884852e-03
4.000000000000000000e+00 -2.390844570477437467e-03
5.000000000000000000e+00 -2.151871506504373244e-03
6.000000000000000000e+00 -1.681717586350453325e-03
7.000000000000000000e+00 2.752223010090142519e-03
8.000000000000000000e+00 -2.469836874469741404e-03
9.000000000000000000e+00 -2.064954719587586487e-03
1.000000000000000000e+01 1.554567887435020189e-03
1.100000000000000000e+01 -2.597381768710439330e-04
1.200000000000000000e+01 5.063497755805447878e-04
1.300000000000000000e+01 3.228564723931856475e-03
1.000000000000000000e+00 2.067994932418009205e-03
2.000000000000000000e+00 -2.096260719337641933e-03
3.000000000000000000e+00 -2.417388665465588365e-03
4.000000000000000000e+00 -2.097920170997093735e-03
5.000000000000000000e+00 -2.234367982444905067e-03
6.000000000000000000e+00 -1.381650329727252772e-03
7.000000000000000000e+00 2.574242388665465286e-03
8.000000000000000000e+00 -2.288576736653659578e-03
9.000000000000000000e+00 -2.220827818904741631e-03
1.000000000000000000e+01 2.333338847761924368e-03
1.100000000000000000e+01 -5.346686077455307376e-04
1.200000000000000000e+01 -7.487979968749198991e-04
1.300000000000000000e+01 3.437397289320365864e-03
1.000000000000000000e+00 -2.781782611328065323e-04
2.000000000000000000e+00 -2.205048150502695627e-03
3.000000000000000000e+00 -2.365822561277106453e-03
4.000000000000000000e+00 -2.486108756563301918e-03
5.000000000000000000e+00 -1.804567150021695347e-03
6.000000000000000000e+00 -1.890200540200539982e-03
7.000000000000000000e+00 2.826150743196197655e-03
8.000000000000000000e+00 -2.495368015822561122e-03
9.000000000000000000e+00 -2.431900002354547407e-03
1.000000000000000000e+01 5.759703680158225446e-04
1.100000000000000000e+01 8.665908586363130738e-04
1.200000000000000000e+01 1.159778689324143753e-03
1.300000000000000000e+01 3.965033619579073562e-03
1.000000000000000000e+00 1.939993517878133055e-03
2.000000000000000000e+00 -2.421015380630765074e-03
3.000000000000000000e+00 -2.863084885200269537e-03
4.000000000000000000e+00 -2.148270070385454710e-03
5.000000000000000000e+00 -2.724713071828456078e-03
6.000000000000000000e+00 -8.134696855850700927e-04
7.000000000000000000e+00 1.306459459344074545e-03
8.000000000000000000e+00 -2.498516583131967297e-03
9.000000000000000000e+00 -2.231194553309937510e-03
1.000000000000000000e+01 -1.575834421988267758e-04
1.100000000000000000e+01 -1.165111099726484157e-03
1.200000000000000000e+01 1.204158982043597361e-03
1.300000000000000000e+01 4.818691209075824308e-03
1.000000000000000000e+00 -2.058164769703231241e-04
2.000000000000000000e+00 -2.312255870909716779e-03
3.000000000000000000e+00 -2.406808540462386514e-03
4.000000000000000000e+00 -2.267859526513372505e-03
5.000000000000000000e+00 -2.158660392314238133e-03
6.000000000000000000e+00 -1.977407386061232064e-03
7.000000000000000000e+00 2.212437491283644666e-03
8.000000000000000000e+00 -2.482926866580712454e-03
9.000000000000000000e+00 -2.169206327860173818e-03
1.000000000000000000e+01 2.698753027599181103e-03
1.100000000000000000e+01 8.068458606920144490e-04
1.200000000000000000e+01 1.002908594254747895e-03
1.300000000000000000e+01 3.015816519662673292e-03
1.000000000000000000e+00 1.744634994634994491e-03
2.000000000000000000e+00 -2.410193047693047572e-03
3.000000000000000000e+00 -2.867444129944129484e-03
4.000000000000000000e+00 -2.866385928885928618e-03
5.000000000000000000e+00 -2.607757982757982675e-03
6.000000000000000000e+00 -1.606381118881118749e-03
7.000000000000000000e+00 2.433723683723683351e-04
8.000000000000000000e+00 -2.775488862988862663e-03
9.000000000000000000e+00 -2.763572076072075886e-03
1.000000000000000000e+01 7.043512043512043398e-04
1.100000000000000000e+01 -4.292166167166166905e-04
1.200000000000000000e+01 2.740931290931290613e-03
1.300000000000000000e+01 5.788947163947163153e-03
1.000000000000000000e+00 9.864256470025699851e-04
2.000000000000000000e+00 -2.325107264530341077e-03
3.000000000000000000e+00 -2.622245311668388191e-03
4.000000000000000000e+00 -2.529087543510620366e-03
5.000000000000000000e+00 -2.374872776795853430e-03
6.000000000000000000e+00 -2.076285715708792341e-03
7.000000000000000000e+00 3.417810003386926015e-03
8.000000000000000000e+00 -2.547521886944963728e-03
9.000000000000000000e+00 -2.513022127445204302e-03
1.000000000000000000e+01 6.865375721144951864e-04
1.100000000000000000e+01 1.902766713343636293e-03
1.200000000000000000e+01 3.422147652916882835e-04
1.300000000000000000e+01 2.339160412237335264e-03
1.000000000000000000e+00 1.240700503200503147e-03
2.000000000000000000e+00 -2.696763421763421521e-03
3.000000000000000000e+00 -2.785141247641247444e-03
4.000000000000000000e+00 -2.559455821955821525e-03
5.000000000000000000e+00 -2.797514985014984586e-03
6.000000000000000000e+00 -1.829874292374292308e-03
7.000000000000000000e+00 6.672397047397046624e-04
8.000000000000000000e+00 -2.932026769526769466e-03
9.000000000000000000e+00 -2.675292762792762669e-03
1.000000000000000000e+01 1.230136530136530107e-03
1.100000000000000000e+01 7.417045917045916132e-04
1.200000000000000000e+01 3.563950863950863732e-03
1.300000000000000000e+01 3.673775298775298556e-03
1.000000000000000000e+00 5.226639101639099852e-04
2.000000000000000000e+00 -2.533787508787508670e-03
3.000000000000000000e+00 -2.532909682909682651e-03
4.000000000000000000e+00 -2.599047249047248698e-03
5.000000000000000000e+00 -2.049804824804824389e-03
6.000000000000000000e+00 -1.731893569393569161e-03
7.000000000000000000e+00 3.640190365190365106e-03
8.000000000000000000e+00 -2.634581159581159474e-03
9.000000000000000000e+00 -2.292926517926517464e-03
1.000000000000000000e+01 -2.803964553964553852e-04
1.100000000000000000e+01 -6.059616309616309461e-04
1.200000000000000000e+01 1.457139619639619436e-03
1.300000000000000000e+01 5.483023458023457766e-03
1.000000000000000000e+00 3.442611555111554748e-03
2.000000000000000000e+00 -2.186537074037073897e-03
3.000000000000000000e+00 -2.828281903281903032e-03
4.000000000000000000e+00 -2.353690753690753333e-03
5.000000000000000000e+00 -2.439573389573389175e-03
6.000000000000000000e+00 -1.667603692603692421e-03
7.000000000000000000e+00 1.151654364154364001e-03
8.000000000000000000e+00 -2.841329041329040961e-03
9.000000000000000000e+00 -2.529400229400229072e-03
1.000000000000000000e+01 1.702015114515114270e-03
1.100000000000000000e+01 -2.060957560957560710e-04
1.200000000000000000e+01 4.374708624708624938e-04
1.300000000000000000e+01 3.562007899507899436e-03
1.000000000000000000e+00 8.128729176806099611e-04
2.000000000000000000e+00 -2.307198214890522365e-03
3.000000000000000000e+00 -2.536094318786626025e-03
4.000000000000000000e+00 -2.459747517439824904e-03
5.000000000000000000e+00 -2.529396387088694593e-03
6.000000000000000000e+00 -1.793754251446558938e-03
7.000000000000000000e+00 1.531453873761566033e-03
8.000000000000000000e+00 -2.533388691080998550e-03
9.000000000000000000e+00 -2.360721543413850897e-03
1.000000000000000000e+01 1.933963401271093308e-03
1.100000000000000000e+01 4.132184055260978094e-04
1.200000000000000000e+01 2.004935022242714405e-03
1.300000000000000000e+01 3.150360430168122096e-03
1.000000000000000000e+00 7.765336871106102035e-04
2.000000000000000000e+00 -2.364184853607930077e-03
3.000000000000000000e+00 -2.398636513059589602e-03
4.000000000000000000e+00 -2.155875570298647088e-03
5.000000000000000000e+00 -1.953025642448719167e-03
6.000000000000000000e+00 -6.599460368691137868e-04
7.000000000000000000e+00 1.728371663948586896e-03
8.000000000000000000e+00 -2.443754358177434999e-03
9.000000000000000000e+00 -1.921484035907112782e-03
1.000000000000000000e+01 2.681413991990914871e-03
1.100000000000000000e+01 6.958236564005794347e-04
1.200000000000000000e+01 1.610971471548394403e-03
1.300000000000000000e+01 -9.125315567623255419e-05
1.000000000000000000e+00 1.979528484336176564e-03
2.000000000000000000e+00 -2.085677143369450617e-03
3.000000000000000000e+00 -2.463899846592153883e-03
4.000000000000000000e+00 -1.775491958184265790e-03
5.000000000000000000e+00 -2.591148523840831105e-03
6.000000000000000000e+00 -1.128606436298743758e-03
7.000000000000000000e+00 1.673161240468932576e-03
8.000000000000000000e+00 -2.523327456019763305e-03
9.000000000000000000e+00 -2.374758432450739965e-03
1.000000000000000000e+01 2.027147531955224204e-03
1.100000000000000000e+01 -1.367555450247757813e-03
1.200000000000000000e+01 8.613286286363208049e-04
1.300000000000000000e+01 3.393397485705177720e-03
1.000000000000000000e+00 -1.113978613978613887e-03
2.000000000000000000e+00 -2.181703481703481471e-03
3.000000000000000000e+00 -2.524506512006511553e-03
4.000000000000000000e+00 -2.005693380693380264e-03
5.000000000000000000e+00 -1.860785973285973083e-03
6.000000000000000000e+00 -1.253595016095015871e-03
7.000000000000000000e+00 2.515037740037739770e-03
8.000000000000000000e+00 -2.595424020424019936e-03
9.000000000000000000e+00 -2.383302808302807836e-03
1.000000000000000000e+01 2.373942261442261049e-03
1.100000000000000000e+01 -7.336334961334960766e-04
1.200000000000000000e+01 2.682431919931919581e-03
1.300000000000000000e+01 2.796831871831871510e-03
1.000000000000000000e+00 1.900182225182225123e-03
2.000000000000000000e+00 -2.312840862840862596e-03
3.000000000000000000e+00 -2.513947163947163888e-03
4.000000000000000000e+00 -2.043023643023642727e-03
5.000000000000000000e+00 -2.465167702667702548e-03
6.000000000000000000e+00 -2.269839419839419364e-03
7.000000000000000000e+00 2.125849613349613254e-03
8.000000000000000000e+00 -2.490293965293965180e-03
9.000000000000000000e+00 -2.358403633403633164e-03
1.000000000000000000e+01 1.042167554667554601e-03
1.100000000000000000e+01 1.421358271358271093e-03
1.200000000000000000e+01 8.533244533244533107e-04
1.300000000000000000e+01 2.780301180301180015e-03
1.000000000000000000e+00 2.176190013690013688e-03
2.000000000000000000e+00 -2.281379731379731129e-03
3.000000000000000000e+00 -2.779864579864579476e-03
4.000000000000000000e+00 -2.707870832870832439e-03
5.000000000000000000e+00 -2.853493728493728364e-03
6.000000000000000000e+00 -2.148930236430236351e-03
7.000000000000000000e+00 1.771073371073370994e-03
8.000000000000000000e+00 -2.820328745328744887e-03
9.000000000000000000e+00 -2.645172420172419749e-03
1.000000000000000000e+01 9.884134384134382004e-04
1.100000000000000000e+01 -4.386248011248011346e-04
1.200000000000000000e+01 1.967846967846966373e-05
1.300000000000000000e+01 6.770965145965145669e-03
1.000000000000000000e+00 1.595112259535336240e-03
2.000000000000000000e+00 -2.173887259464182126e-03
3.000000000000000000e+00 -2.382070280147202766e-03
4.000000000000000000e+00 -2.297594570671493593e-03
5.000000000000000000e+00 -1.693217466294389285e-03
6.000000000000000000e+00 -6.201174181943412429e-04
7.000000000000000000e+00 1.020220947144023869e-03
8.000000000000000000e+00 -2.203655176732099551e-03
9.000000000000000000e+00 -2.119925018001941018e-03
1.000000000000000000e+01 2.567442706865783429e-03
1.100000000000000000e+01 -9.182294913064142873e-04
1.200000000000000000e+01 -6.991638347407577855e-04
1.300000000000000000e+01 3.825234914657991113e-03
1.000000000000000000e+00 3.887188666034819282e-04
2.000000000000000000e+00 -2.531765741381125819e-03
3.000000000000000000e+00 -2.545486280101664535e-03
4.000000000000000000e+00 -2.357475217090601507e-03
5.000000000000000000e+00 -2.740922788038172280e-03
6.000000000000000000e+00 -1.967864827480211680e-03
7.000000000000000000e+00 4.163646716531331678e-03
8.000000000000000000e+00 -2.795053379668763910e-03
9.000000000000000000e+00 -2.449141883757268053e-03
1.000000000000000000e+01 7.687610466456620177e-04
1.100000000000000000e+01 -1.075488685104069708e-03
1.200000000000000000e+01 4.858542098926713591e-03
1.300000000000000000e+01 1.955620021004636326e-03
1.000000000000000000e+00 -3.915948012101858077e-04
2.000000000000000000e+00 -2.711790808906193277e-03
3.000000000000000000e+00 -2.843007740123124506e-03
4.000000000000000000e+00 -2.775487297602681740e-03
5.000000000000000000e+00 -2.796957956573341026e-03
6.000000000000000000e+00 -1.196982006597391117e-03
7.000000000000000000e+00 4.236676002060617285e-03
8.000000000000000000e+00 -3.036069308184692356e-03
9.000000000000000000e+00 -2.626978399093783494e-03
1.000000000000000000e+01 4.336276615122768279e-04
1.100000000000000000e+01 2.151278066662681843e-03
1.200000000000000000e+01 1.633116598501213644e-03
1.300000000000000000e+01 2.446668787053401985e-03
1.000000000000000000e+00 1.355545843045842871e-03
2.000000000000000000e+00 -2.206996244496244129e-03
3.000000000000000000e+00 -2.575526788026787778e-03
4.000000000000000000e+00 -2.475250212750212432e-03
5.000000000000000000e+00 -2.364066951566951274e-03
6.000000000000000000e+00 -1.630841843341843253e-03
7.000000000000000000e+00 3.446022033522033214e-03
8.000000000000000000e+00 -1.999023661523661316e-03
9.000000000000000000e+00 -2.456358918858918706e-03
1.000000000000000000e+01 1.047386872386872354e-03
1.100000000000000000e+01 -7.939130314130312879e-04
1.200000000000000000e+01 1.277196877196876959e-03
1.300000000000000000e+01 3.427792115292115083e-03
1.000000000000000000e+00 1.899537037037036819e-03
2.000000000000000000e+00 -2.420773208273207903e-03
3.000000000000000000e+00 -2.673202260702260517e-03
4.000000000000000000e+00 -2.430952380952380865e-03
5.000000000000000000e+00 -2.505284992784992653e-03
6.000000000000000000e+00 -1.392255892255892229e-03
7.000000000000000000e+00 6.897366522366522043e-04
8.000000000000000000e+00 -2.632720057720057318e-03
9.000000000000000000e+00 -2.433988696488696354e-03
1.000000000000000000e+01 2.411790524290524217e-03
1.100000000000000000e+01 -1.748677248677248358e-04
1.200000000000000000e+01 1.594721019721019421e-03
1.300000000000000000e+01 2.923418710918710729e-03
1.000000000000000000e+00 7.888788982320449686e-04
2.000000000000000000e+00 -2.385994839141692119e-03
3.000000000000000000e+00 -2.522526825673678495e-03
4.000000000000000000e+00 -2.434016724663577626e-03
5.000000000000000000e+00 -2.328839956986809758e-03
6.000000000000000000e+00 -1.982955790648097995e-03
7.000000000000000000e+00 8.493406586938055235e-04
8.000000000000000000e+00 -2.370286473433326491e-03
9.000000000000000000e+00 -1.978755781902634663e-03
1.000000000000000000e+01 1.658154992508139268e-03
1.100000000000000000e+01 -6.357598889067420057e-04
1.200000000000000000e+01 1.739654511507658262e-03
1.300000000000000000e+01 5.353495300348446416e-03
1.000000000000000000e+00 2.277762693147308230e-03
2.000000000000000000e+00 -2.691531438646822903e-03
3.000000000000000000e+00 -2.633853468468852922e-03
4.000000000000000000e+00 -2.510807532922917050e-03
5.000000000000000000e+00 -2.697706282321666715e-03
6.000000000000000000e+00 -1.473403733019117492e-03
7.000000000000000000e+00 1.463723491608106761e-03
8.000000000000000000e+00 -1.755396277511661867e-03
9.000000000000000000e+00 -2.504229851345235805e-03
1.000000000000000000e+01 1.498409638794254064e-03
1.100000000000000000e+01 -4.411311622850084586e-05
1.200000000000000000e+01 2.108107810992426116e-03
1.300000000000000000e+01 1.779662645047260178e-03
