1.000000000000000000e+00 -4.108626354893977150e-04
2.000000000000000000e+00 -5.961471924112074060e-04
3.000000000000000000e+00 -4.297382757455144053e-04
4.000000000000000000e+00 -4.983149259703880665e-04
5.000000000000000000e+00 -6.501041055920799830e-04
6.000000000000000000e+00 -4.763958287574140494e-04
7.000000000000000000e+00 3.359484306601658163e-04
8.000000000000000000e+00 1.537670019387801790e-03
9.000000000000000000e+00 -6.378184755133465373e-04
1.000000000000000000e+01 -6.490731429906169709e-04
1.100000000000000000e+01 -5.696142769186288406e-04
1.200000000000000000e+01 -6.566379718062489252e-04
1.300000000000000000e+01 -6.376367099192871120e-04
1.400000000000000000e+01 -2.783235692515856189e-04
1.500000000000000000e+01 -6.471185136289053785e-04
1.600000000000000000e+01 -6.473947435453866403e-04
1.700000000000000000e+01 -6.186016325264600104e-04
1.800000000000000000e+01 -6.561477629730687756e-04
1.900000000000000000e+01 -6.547771064949659990e-04
2.000000000000000000e+01 -6.316200109179375072e-04
2.100000000000000000e+01 1.181854657338815735e-03
2.200000000000000000e+01 -5.642908150940843023e-04
2.300000000000000000e+01 4.706830004617701575e-03
2.400000000000000000e+01 1.838935747340516820e-03
2.500000000000000000e+01 -6.192301836209923452e-04
2.600000000000000000e+01 -5.898770835376145874e-04
2.700000000000000000e+01 -4.911372965166109581e-04
2.800000000000000000e+01 4.251324660436961098e-03
2.900000000000000000e+01 -6.357620807087067559e-04
3.000000000000000000e+01 -6.368765973333017239e-04
1.000000000000000000e+00 -1.364347597390277403e-04
2.000000000000000000e+00 -5.817775700637756002e-04
3.000000000000000000e+00 -5.067069976701743354e-04
4.000000000000000000e+00 3.894915835325041655e-05
5.000000000000000000e+00 -6.704784691794673721e-04
6.000000000000000000e+00 -6.563459756720423088e-04
7.000000000000000000e+00 -2.470995303442091143e-04
8.000000000000000000e+00 3.420588903867486947e-03
9.000000000000000000e+00 -6.737694975548821213e-04
1.000000000000000000e+01 -6.866456623141053029e-04
1.100000000000000000e+01 -6.466437723492920748e-04
1.200000000000000000e+01 -6.825352260343252190e-04
1.300000000000000000e+01 -6.427635350052152315e-04
1.400000000000000000e+01 -2.265021139628934036e-05
1.500000000000000000e+01 -6.873862217818726061e-04
1.600000000000000000e+01 -6.832568233146430565e-04
1.700000000000000000e+01 -6.467513284763147128e-04
1.800000000000000000e+01 -6.827837227945660189e-04
1.900000000000000000e+01 -6.798425824606459588e-04
2.000000000000000000e+01 -6.809998445567719055e-04
2.100000000000000000e+01 2.975973448376295540e-03
2.200000000000000000e+01 -5.718195926306072346e-04
2.300000000000000000e+01 3.199424745575012077e-03
2.400000000000000000e+01 2.416071851596835254e-03
2.500000000000000000e+01 -6.657940576653992998e-04
2.600000000000000000e+01 -6.196556944170195352e-04
2.700000000000000000e+01 -4.915096900494831571e-04
2.800000000000000000e+01 1.817692183842093334e-03
2.900000000000000000e+01 -6.606477554528920751e-04
3.000000000000000000e+01 -6.615785968814132329e-04
1.000000000000000000e+00 -4.031237162990081949e-04
2.000000000000000000e+00 -5.916515974734470234e-04
3.000000000000000000e+00 -3.366953770361813840e-04
4.000000000000000000e+00 -3.085884466157886707e-04
5.000000000000000000e+00 -6.359681106776591967e-04
6.000000000000000000e+00 -6.582413356850171657e-04
7.000000000000000000e+00 -3.072076466058508274e-04
8.000000000000000000e+00 1.509243169899735079e-03
9.000000000000000000e+00 -6.672155593571061803e-04
1.000000000000000000e+01 -6.752083180612949162e-04
1.100000000000000000e+01 -5.728300421325798440e-04
1.200000000000000000e+01 -6.477629414864115873e-04
1.300000000000000000e+01 -6.386643418188107197e-04
1.400000000000000000e+01 -3.154152637544498550e-04
1.500000000000000000e+01 -6.625054392970182232e-04
1.600000000000000000e+01 -6.737508224540884275e-04
1.700000000000000000e+01 -6.595333212273775045e-04
1.800000000000000000e+01 -6.717509870166860856e-04
1.900000000000000000e+01 -6.689504687182024588e-04
2.000000000000000000e+01 -6.631912069296696209e-04
2.100000000000000000e+01 2.522675502508599666e-03
2.200000000000000000e+01 -5.758336107144307282e-04
2.300000000000000000e+01 5.314291175299678920e-03
2.400000000000000000e+01 2.544637347170944103e-03
2.500000000000000000e+01 -6.294522362155436160e-04
2.600000000000000000e+01 -5.444491141418377096e-04
2.700000000000000000e+01 -5.662381139715790771e-04
2.800000000000000000e+01 2.423680233697861949e-03
2.900000000000000000e+01 -6.173356646003879582e-04
3.000000000000000000e+01 -6.556254773553967050e-04
1.000000000000000000e+00 -3.077390737781732569e-04
2.000000000000000000e+00 -6.211713332574806453e-04
3.000000000000000000e+00 -1.884789761234871954e-04
4.000000000000000000e+00 -6.448791167512756971e-05
5.000000000000000000e+00 -6.678372823210166178e-04
6.000000000000000000e+00 -6.751713240041694319e-04
7.000000000000000000e+00 -2.404811677564586711e-04
8.000000000000000000e+00 2.992681563847837418e-03
9.000000000000000000e+00 -6.798003359125416416e-04
1.000000000000000000e+01 -6.822166306432506490e-04
1.100000000000000000e+01 -6.444089221785848651e-04
1.200000000000000000e+01 -6.624809282868586360e-04
1.300000000000000000e+01 -5.983915586558312145e-04
1.400000000000000000e+01 -2.053424809292351432e-04
1.500000000000000000e+01 -6.755045143166558356e-04
1.600000000000000000e+01 -6.842442250790695081e-04
1.700000000000000000e+01 -6.698190656022930123e-04
1.800000000000000000e+01 -6.875997173850865573e-04
1.900000000000000000e+01 -6.843390152908012400e-04
2.000000000000000000e+01 -6.806994017425705215e-04
2.100000000000000000e+01 3.838225468100458799e-03
2.200000000000000000e+01 -6.496736321849241186e-04
2.300000000000000000e+01 3.405205478315589517e-03
2.400000000000000000e+01 2.486165364889383715e-03
2.500000000000000000e+01 -6.358080761431228077e-04
2.600000000000000000e+01 -6.205562244178887583e-04
2.700000000000000000e+01 -4.841501489704292858e-04
2.800000000000000000e+01 1.253481109149512862e-03
2.900000000000000000e+01 -6.094681381407303540e-04
3.000000000000000000e+01 -6.751500134040053485e-04
1.000000000000000000e+00 -2.004290830569442042e-04
2.000000000000000000e+00 -6.214623382327326548e-04
3.000000000000000000e+00 -1.742979507427223039e-04
4.000000000000000000e+00 4.191832311710647139e-04
5.000000000000000000e+00 -6.637718782802370151e-04
6.000000000000000000e+00 -6.605017337511505209e-04
7.000000000000000000e+00 -3.194548152472924656e-04
8.000000000000000000e+00 7.827869735818300057e-04
9.000000000000000000e+00 -6.678392994093653974e-04
1.000000000000000000e+01 -6.755981810320055942e-04
1.100000000000000000e+01 -5.788754142948174903e-04
1.200000000000000000e+01 -6.523123445275641908e-04
1.300000000000000000e+01 -5.882366281127077981e-04
1.400000000000000000e+01 -4.502353209893902885e-04
1.500000000000000000e+01 -6.584324763790683818e-04
1.600000000000000000e+01 -6.738255902779770714e-04
1.700000000000000000e+01 -6.698344165104057118e-04
1.800000000000000000e+01 -6.790818286626511919e-04
1.900000000000000000e+01 -6.699917646212057501e-04
2.000000000000000000e+01 -6.613280695115906918e-04
2.100000000000000000e+01 4.067612330844984185e-03
2.200000000000000000e+01 -5.948756194745995728e-04
2.300000000000000000e+01 3.999485450696134599e-03
2.400000000000000000e+01 2.300986740286432939e-03
2.500000000000000000e+01 -6.438620444312537433e-04
2.600000000000000000e+01 -5.955255245803481963e-04
2.700000000000000000e+01 -5.303744251177021233e-04
2.800000000000000000e+01 2.337509020534369111e-03
2.900000000000000000e+01 -6.582986909794397677e-04
3.000000000000000000e+01 -6.568520247854988271e-04
1.000000000000000000e+00 -3.936092883935035820e-04
2.000000000000000000e+00 -5.577924830099815004e-04
3.000000000000000000e+00 -1.841882204000313205e-04
4.000000000000000000e+00 -3.177104029779479052e-04
5.000000000000000000e+00 -6.351883263856207508e-04
6.000000000000000000e+00 -6.040603123648387611e-04
7.000000000000000000e+00 -2.001729409731957724e-04
8.000000000000000000e+00 3.096302341815751914e-03
9.000000000000000000e+00 -6.470105599310641345e-04
1.000000000000000000e+01 -6.478211230197738688e-04
1.100000000000000000e+01 -6.190298592757483183e-04
1.200000000000000000e+01 -6.382034573060133172e-04
1.300000000000000000e+01 -5.624451400932972732e-04
1.400000000000000000e+01 -2.447673399725589579e-04
1.500000000000000000e+01 -6.428270824268897529e-04
1.600000000000000000e+01 -6.483662529781971393e-04
1.700000000000000000e+01 -6.444944436069945755e-04
1.800000000000000000e+01 -6.500392750794336660e-04
1.900000000000000000e+01 -6.386501832371399177e-04
2.000000000000000000e+01 -6.391270174114824882e-04
2.100000000000000000e+01 1.933252665143388171e-03
2.200000000000000000e+01 -5.744292577164832438e-04
2.300000000000000000e+01 4.518288252419024563e-03
2.400000000000000000e+01 1.425565054080569832e-03
2.500000000000000000e+01 -5.939729337066740550e-04
2.600000000000000000e+01 -5.995217624448843496e-04
2.700000000000000000e+01 -3.354960662577451277e-04
2.800000000000000000e+01 2.468102533523004218e-03
2.900000000000000000e+01 -6.147064931286274703e-04
3.000000000000000000e+01 -6.265395295058679304e-04
1.000000000000000000e+00 -2.225942489505094892e-04
2.000000000000000000e+00 -6.138033843342241731e-04
3.000000000000000000e+00 -2.988535579550242712e-04
4.000000000000000000e+00 9.170413230548818135e-05
5.000000000000000000e+00 -6.384904023816334595e-04
6.000000000000000000e+00 -6.504693183726862693e-04
7.000000000000000000e+00 -4.616784830264143648e-04
8.000000000000000000e+00 1.574795370087499419e-03
9.000000000000000000e+00 -6.604928764893406787e-04
1.000000000000000000e+01 -6.515130095151851295e-04
1.100000000000000000e+01 -6.091247426915645568e-04
1.200000000000000000e+01 -6.138601052984914239e-04
1.300000000000000000e+01 -6.158318009517034595e-04
1.400000000000000000e+01 -7.296719003749540683e-06
1.500000000000000000e+01 -6.360956371025960898e-04
1.600000000000000000e+01 -6.602880789362172405e-04
1.700000000000000000e+01 -6.500992592971227384e-04
1.800000000000000000e+01 -6.612483173947066766e-04
1.900000000000000000e+01 -6.559744863390521786e-04
2.000000000000000000e+01 -6.452654790510487307e-04
2.100000000000000000e+01 2.339642865977925937e-03
2.200000000000000000e+01 -5.819878749883610185e-04
2.300000000000000000e+01 3.772946589297835468e-03
2.400000000000000000e+01 3.962656181840490746e-03
2.500000000000000000e+01 -5.897191343553738821e-04
2.600000000000000000e+01 -5.919487511601554709e-04
2.700000000000000000e+01 -6.140844838028490038e-04
2.800000000000000000e+01 1.841892709825311732e-03
2.900000000000000000e+01 -6.266987224948344362e-04
3.000000000000000000e+01 -6.476067302575815162e-04
1.000000000000000000e+00 -5.582099963753774357e-04
2.000000000000000000e+00 -6.087591112855974401e-04
3.000000000000000000e+00 -1.684315268925577422e-04
4.000000000000000000e+00 -1.279439524367412284e-04
5.000000000000000000e+00 -6.622818802226592165e-04
6.000000000000000000e+00 -6.620683636598173518e-04
7.000000000000000000e+00 -4.074874739312395731e-04
8.000000000000000000e+00 1.844549495504670296e-03
9.000000000000000000e+00 -6.497486845631696194e-04
1.000000000000000000e+01 -6.631019583990592579e-04
1.100000000000000000e+01 -6.202615032348374711e-04
1.200000000000000000e+01 -6.264842854571675210e-04
1.300000000000000000e+01 -6.272078156880630606e-04
1.400000000000000000e+01 -3.924200449369287850e-04
1.500000000000000000e+01 -6.646240350257265122e-04
1.600000000000000000e+01 -6.626839842201084733e-04
1.700000000000000000e+01 -6.501921702980097010e-04
1.800000000000000000e+01 -6.609081690160073345e-04
1.900000000000000000e+01 -6.640850935222672100e-04
2.000000000000000000e+01 -6.615853993926737887e-04
2.100000000000000000e+01 2.197204850297674629e-03
2.200000000000000000e+01 -6.092136648919323607e-04
2.300000000000000000e+01 4.990730175998268556e-03
2.400000000000000000e+01 2.126222632053407537e-03
2.500000000000000000e+01 -6.410580830228619284e-04
2.600000000000000000e+01 -5.915763008805291663e-04
2.700000000000000000e+01 -4.686038800108307525e-04
2.800000000000000000e+01 3.140239523082290554e-03
2.900000000000000000e+01 -6.337080605006159897e-04
3.000000000000000000e+01 -6.492677617381331038e-04
1.000000000000000000e+00 -3.349870187620019582e-04
2.000000000000000000e+00 -5.927031097700898076e-04
3.000000000000000000e+00 -3.608177492236075098e-04
4.000000000000000000e+00 4.604499818505634542e-04
5.000000000000000000e+00 -6.662088352931400505e-04
6.000000000000000000e+00 -6.562898558276481203e-04
7.000000000000000000e+00 -4.702736614210060746e-04
8.000000000000000000e+00 7.978973610358943173e-04
9.000000000000000000e+00 -6.636362540069155446e-04
1.000000000000000000e+01 -6.699766305989996373e-04
1.100000000000000000e+01 -6.574971513776770460e-04
1.200000000000000000e+01 -6.661795666181941295e-04
1.300000000000000000e+01 -6.570185129133171691e-04
1.400000000000000000e+01 -1.733387762001993972e-04
1.500000000000000000e+01 -6.718700895828419884e-04
1.600000000000000000e+01 -6.733003311702430785e-04
1.700000000000000000e+01 -6.426638752464308019e-04
1.800000000000000000e+01 -6.714048015235890478e-04
1.900000000000000000e+01 -6.589658233162093339e-04
2.000000000000000000e+01 -6.633017353894907686e-04
2.100000000000000000e+01 1.809580951094948761e-03
2.200000000000000000e+01 -5.982142145416833711e-04
2.300000000000000000e+01 3.925835005733227176e-03
2.400000000000000000e+01 3.154171709000178764e-03
2.500000000000000000e+01 -6.291465270005777493e-04
2.600000000000000000e+01 -6.182306194508085679e-04
2.700000000000000000e+01 -5.624214170699158360e-04
2.800000000000000000e+01 4.074847810290667394e-03
2.900000000000000000e+01 -6.448615390707337349e-04
3.000000000000000000e+01 -6.421237447721721888e-04
1.000000000000000000e+00 -3.166736593645055496e-04
2.000000000000000000e+00 -5.736199604211123610e-04
3.000000000000000000e+00 -6.343155609221196121e-04
4.000000000000000000e+00 -5.883830148080928428e-04
5.000000000000000000e+00 -6.339631318107842670e-04
6.000000000000000000e+00 -6.278154140116064567e-04
7.000000000000000000e+00 -1.441859919199540410e-04
8.000000000000000000e+00 2.033992477110872169e-03
9.000000000000000000e+00 -6.297568687186070116e-04
1.000000000000000000e+01 -6.523890597966704001e-04
1.100000000000000000e+01 -5.305230529106377607e-04
1.200000000000000000e+01 -6.303732510591271996e-04
1.300000000000000000e+01 -6.309873192256811080e-04
1.400000000000000000e+01 -3.564752625570122421e-04
1.500000000000000000e+01 -6.346870401718264672e-04
1.600000000000000000e+01 -6.534005947072319721e-04
1.700000000000000000e+01 -6.351112165329390923e-04
1.800000000000000000e+01 -6.525703044466567900e-04
1.900000000000000000e+01 -6.408116700315649814e-04
2.000000000000000000e+01 -6.347156161471908826e-04
2.100000000000000000e+01 2.284159534709101231e-03
2.200000000000000000e+01 -5.986004826880152304e-04
2.300000000000000000e+01 3.793319272336050704e-03
2.400000000000000000e+01 2.274407558579723265e-03
2.500000000000000000e+01 -6.284573297892044261e-04
2.600000000000000000e+01 -5.926631569363109524e-04
2.700000000000000000e+01 -3.219581703049065801e-04
2.800000000000000000e+01 3.792106579683542436e-03
2.900000000000000000e+01 -6.208851716233787597e-04
3.000000000000000000e+01 -6.218493081904282035e-04
1.000000000000000000e+00 -4.885668682509368161e-04
2.000000000000000000e+00 -5.689367156838917366e-04
3.000000000000000000e+00 -3.510235830552170663e-04
4.000000000000000000e+00 -2.130690723639984223e-04
5.000000000000000000e+00 -6.139704061683569011e-04
6.000000000000000000e+00 -6.265758400798520202e-04
7.000000000000000000e+00 -1.614382540362694458e-04
8.000000000000000000e+00 1.309881081277394690e-03
9.000000000000000000e+00 -6.241002022567688871e-04
1.000000000000000000e+01 -6.412721267840157087e-04
1.100000000000000000e+01 -5.436294552268847342e-04
1.200000000000000000e+01 -6.220743409575918252e-04
1.300000000000000000e+01 -6.420534629834048291e-04
1.400000000000000000e+01 -2.407220616723295325e-04
1.500000000000000000e+01 -6.444332109889827154e-04
1.600000000000000000e+01 -6.400407506191538873e-04
1.700000000000000000e+01 -6.290987161788686235e-04
1.800000000000000000e+01 -6.407742419994647259e-04
1.900000000000000000e+01 -6.405367981675324281e-04
2.000000000000000000e+01 -6.352104552604085665e-04
2.100000000000000000e+01 2.756264437347164149e-03
2.200000000000000000e+01 -5.460557156015875780e-04
2.300000000000000000e+01 4.383320418334490758e-03
2.400000000000000000e+01 3.035386881004950577e-03
2.500000000000000000e+01 -5.680192892945346277e-04
2.600000000000000000e+01 -6.198671094001663006e-04
2.700000000000000000e+01 -3.794795342276174421e-04
2.800000000000000000e+01 1.972104031678991159e-03
2.900000000000000000e+01 -5.910633084571849947e-04
3.000000000000000000e+01 -6.216681444752549185e-04
1.000000000000000000e+00 -2.225818604591719746e-04
2.000000000000000000e+00 -5.867394214936586276e-04
3.000000000000000000e+00 7.847603165985342149e-05
4.000000000000000000e+00 -1.148563222417270488e-04
5.000000000000000000e+00 -6.433062596047484615e-04
6.000000000000000000e+00 -6.317856777668966932e-04
7.000000000000000000e+00 -2.332516255771415685e-04
8.000000000000000000e+00 2.516661226707926202e-03
9.000000000000000000e+00 -6.568500179678114304e-04
1.000000000000000000e+01 -6.581611328779839957e-04
1.100000000000000000e+01 -6.236776039827561686e-04
1.200000000000000000e+01 -6.487342536879862941e-04
1.300000000000000000e+01 -6.399322643965512682e-04
1.400000000000000000e+01 -5.265733798419788489e-04
1.500000000000000000e+01 -6.512034425193511788e-04
1.600000000000000000e+01 -6.569808498397727067e-04
1.700000000000000000e+01 -6.463933989870260244e-04
1.800000000000000000e+01 -6.571851585549688679e-04
1.900000000000000000e+01 -6.515470032982895263e-04
2.000000000000000000e+01 -6.567149440060793351e-04
2.100000000000000000e+01 2.554751955953931536e-03
2.200000000000000000e+01 -5.768299815034256834e-04
2.300000000000000000e+01 3.738692911418014901e-03
2.400000000000000000e+01 2.782546886764530186e-03
2.500000000000000000e+01 -5.965950594475331620e-04
2.600000000000000000e+01 -5.884404897057094385e-04
2.700000000000000000e+01 -2.723922212427674233e-04
2.800000000000000000e+01 1.666344288171179135e-03
2.900000000000000000e+01 -5.750877652544628300e-04
3.000000000000000000e+01 -6.461185370531601860e-04
1.000000000000000000e+00 -3.418193978266132740e-04
2.000000000000000000e+00 -6.134295716320703170e-04
3.000000000000000000e+00 -1.218412724802327412e-04
4.000000000000000000e+00 -3.729460988757102758e-04
5.000000000000000000e+00 -6.398529466990521579e-04
6.000000000000000000e+00 -6.384354895282812149e-04
7.000000000000000000e+00 4.363962771097894613e-04
8.000000000000000000e+00 1.948956692274321370e-03
9.000000000000000000e+00 -6.550391899394826002e-04
1.000000000000000000e+01 -6.559603893499611543e-04
1.100000000000000000e+01 -5.662391965341727904e-04
1.200000000000000000e+01 -6.252354167445478604e-04
1.300000000000000000e+01 -6.250561646866874916e-04
1.400000000000000000e+01 -5.132478435267326085e-04
1.500000000000000000e+01 -6.509773469042691571e-04
1.600000000000000000e+01 -6.587938612958531802e-04
1.700000000000000000e+01 -6.278155834451543777e-04
1.800000000000000000e+01 -6.531871033182091914e-04
1.900000000000000000e+01 -6.534499909769703619e-04
2.000000000000000000e+01 -6.380272594602143764e-04
2.100000000000000000e+01 2.558277200790187288e-03
2.200000000000000000e+01 -6.224204498695395634e-04
2.300000000000000000e+01 1.982073233352664443e-03
2.400000000000000000e+01 3.261141342897160272e-03
2.500000000000000000e+01 -6.306121792651194716e-04
2.600000000000000000e+01 -6.188025967711648220e-04
2.700000000000000000e+01 -1.766959709081007311e-04
2.800000000000000000e+01 3.350925954739287886e-03
2.900000000000000000e+01 -6.090608924647904644e-04
3.000000000000000000e+01 -6.524683642156857291e-04
1.000000000000000000e+00 -4.722166974542875949e-04
2.000000000000000000e+00 -5.084167173508877084e-04
3.000000000000000000e+00 8.535199001328790526e-05
4.000000000000000000e+00 -4.795173311417993077e-04
5.000000000000000000e+00 -6.329531627232485138e-04
6.000000000000000000e+00 -6.276102489452665446e-04
7.000000000000000000e+00 7.085776158825134478e-04
8.000000000000000000e+00 3.771431960933355459e-03
9.000000000000000000e+00 -6.312893163617509708e-04
1.000000000000000000e+01 -6.389267078350340228e-04
1.100000000000000000e+01 -6.247394381576998161e-04
1.200000000000000000e+01 -6.305536672270870089e-04
1.300000000000000000e+01 -5.675980210762528264e-04
1.400000000000000000e+01 -2.759941602831294887e-04
1.500000000000000000e+01 -6.327478525874036903e-04
1.600000000000000000e+01 -6.287099531776901796e-04
1.700000000000000000e+01 -6.334538792684428531e-04
1.800000000000000000e+01 -6.364480207258526364e-04
1.900000000000000000e+01 -6.369255290632167303e-04
2.000000000000000000e+01 -6.328172365587652346e-04
2.100000000000000000e+01 1.864321923703364178e-03
2.200000000000000000e+01 -4.853743091748321712e-04
2.300000000000000000e+01 3.246136003909752456e-03
2.400000000000000000e+01 1.454602607949558686e-03
2.500000000000000000e+01 -6.117774259321765535e-04
2.600000000000000000e+01 -5.967655313170835063e-04
2.700000000000000000e+01 -4.989183443650204363e-04
2.800000000000000000e+01 2.200435306537132200e-03
2.900000000000000000e+01 -6.361735466746954977e-04
3.000000000000000000e+01 -6.331949051738864839e-04
1.000000000000000000e+00 -4.393595948434369375e-04
2.000000000000000000e+00 -5.888107311039542276e-04
3.000000000000000000e+00 -2.514772320756835451e-04
4.000000000000000000e+00 -5.833099956673533154e-04
5.000000000000000000e+00 -6.555154849726261461e-04
6.000000000000000000e+00 -5.963976643101492371e-04
7.000000000000000000e+00 3.304345921236914832e-05
8.000000000000000000e+00 3.515439998714753236e-03
9.000000000000000000e+00 -6.519017547187873352e-04
1.000000000000000000e+01 -6.640262482125961624e-04
1.100000000000000000e+01 -6.322390366651456806e-04
1.200000000000000000e+01 -6.447639221529544943e-04
1.300000000000000000e+01 -6.535895120510794819e-04
1.400000000000000000e+01 -1.304773735978973469e-04
1.500000000000000000e+01 -6.592191083629775046e-04
1.600000000000000000e+01 -6.579003986609594954e-04
1.700000000000000000e+01 -6.374393484958328386e-04
1.800000000000000000e+01 -6.618831397246600565e-04
1.900000000000000000e+01 -6.571299182271679151e-04
2.000000000000000000e+01 -6.427261678456206882e-04
2.100000000000000000e+01 1.025987680252820776e-03
2.200000000000000000e+01 -5.626627408854992327e-04
2.300000000000000000e+01 3.303267002223418854e-03
2.400000000000000000e+01 3.010431421609650014e-03
2.500000000000000000e+01 -6.473297121480298729e-04
2.600000000000000000e+01 -6.259248487152756094e-04
2.700000000000000000e+01 -4.272087681245371137e-04
2.800000000000000000e+01 3.020440261039415014e-03
2.900000000000000000e+01 -6.058850504405233033e-04
3.000000000000000000e+01 -6.509156020722267752e-04
1.000000000000000000e+00 -2.700613811478578923e-04
2.000000000000000000e+00 -6.225691127304805580e-04
3.000000000000000000e+00 -7.342997467248056035e-05
4.000000000000000000e+00 4.663795716553954733e-06
5.000000000000000000e+00 -6.130203316861377932e-04
6.000000000000000000e+00 -6.547435720072458795e-04
7.000000000000000000e+00 -5.596110236482630413e-04
8.000000000000000000e+00 1.805069553812183253e-03
9.000000000000000000e+00 -6.513487323239789632e-04
1.000000000000000000e+01 -6.684047321216793000e-04
1.100000000000000000e+01 -6.650877487737114069e-04
1.200000000000000000e+01 -6.507464108560188096e-04
1.300000000000000000e+01 -6.532046083456767875e-04
1.400000000000000000e+01 -5.763101343134859143e-04
1.500000000000000000e+01 -6.613595360468551600e-04
1.600000000000000000e+01 -6.715953697709447492e-04
1.700000000000000000e+01 -6.660690971810611944e-04
1.800000000000000000e+01 -6.715110610909339221e-04
1.900000000000000000e+01 -6.521162978450010519e-04
2.000000000000000000e+01 -6.601542018730053273e-04
2.100000000000000000e+01 2.918768651133231504e-03
2.200000000000000000e+01 -5.961187609383710980e-04
2.300000000000000000e+01 4.970374700320841742e-03
2.400000000000000000e+01 2.893762156972257919e-03
2.500000000000000000e+01 -5.795283955149341162e-04
2.600000000000000000e+01 -6.181417215899698541e-04
2.700000000000000000e+01 -4.886629689195510964e-04
2.800000000000000000e+01 1.563695153127048080e-03
2.900000000000000000e+01 -6.266081862347262776e-04
3.000000000000000000e+01 -6.421964295755932389e-04
1.000000000000000000e+00 -4.313881320434021427e-04
2.000000000000000000e+00 -5.795798228225302598e-04
3.000000000000000000e+00 -1.192108744815441627e-04
4.000000000000000000e+00 -2.976050156767371920e-04
5.000000000000000000e+00 -6.694064812971504573e-04
6.000000000000000000e+00 -6.664987157062977896e-04
7.000000000000000000e+00 -1.980205183747010180e-05
8.000000000000000000e+00 2.416895325947158654e-03
9.000000000000000000e+00 -6.639768907258450110e-04
1.000000000000000000e+01 -6.794108626092351015e-04
1.100000000000000000e+01 -6.523742148003305701e-04
1.200000000000000000e+01 -6.536648426682411563e-04
1.300000000000000000e+01 -6.562770046799890674e-04
1.400000000000000000e+01 2.079845121823994990e-04
1.500000000000000000e+01 -6.712923297931224810e-04
1.600000000000000000e+01 -6.784264513558868961e-04
1.700000000000000000e+01 -6.677233949956590687e-04
1.800000000000000000e+01 -6.753130485353376180e-04
1.900000000000000000e+01 -6.693761439013053236e-04
2.000000000000000000e+01 -6.621520184220455177e-04
2.100000000000000000e+01 2.107275391565706976e-03
2.200000000000000000e+01 -6.023993968726557144e-04
2.300000000000000000e+01 3.475667444523239391e-03
2.400000000000000000e+01 3.143117252124385998e-03
2.500000000000000000e+01 -6.337637283159000719e-04
2.600000000000000000e+01 -6.432317024874985864e-04
2.700000000000000000e+01 -5.531978509554437602e-04
2.800000000000000000e+01 2.507557897968806186e-03
2.900000000000000000e+01 -6.677374766166277367e-04
3.000000000000000000e+01 -6.650046070766140946e-04
1.000000000000000000e+00 -4.522491676679881085e-04
2.000000000000000000e+00 -6.043634308457195752e-04
3.000000000000000000e+00 1.185970556268679696e-04
4.000000000000000000e+00 -4.952942705498254543e-04
5.000000000000000000e+00 -6.683426962824466763e-04
6.000000000000000000e+00 -6.595272990434993031e-04
7.000000000000000000e+00 2.247981867280840430e-04
8.000000000000000000e+00 1.940320848235160649e-03
9.000000000000000000e+00 -6.791823418718226976e-04
1.000000000000000000e+01 -6.749604266809634042e-04
1.100000000000000000e+01 -4.972257227039281798e-04
1.200000000000000000e+01 -6.684729035677907175e-04
1.300000000000000000e+01 -6.421909234567250990e-04
1.400000000000000000e+01 -3.845957034230101067e-04
1.500000000000000000e+01 -6.708660263695663583e-04
1.600000000000000000e+01 -6.838364027113997667e-04
1.700000000000000000e+01 -6.736348016687906991e-04
1.800000000000000000e+01 -6.816799863400909050e-04
1.900000000000000000e+01 -6.832606945614787394e-04
2.000000000000000000e+01 -6.730430454931122207e-04
2.100000000000000000e+01 2.320024282791202739e-03
2.200000000000000000e+01 -6.111185627029770001e-04
2.300000000000000000e+01 4.067961357363009990e-03
2.400000000000000000e+01 3.084960629513194049e-03
2.500000000000000000e+01 -6.367862086638810667e-04
2.600000000000000000e+01 -6.523281504902421002e-04
2.700000000000000000e+01 -5.394066315415938472e-04
2.800000000000000000e+01 2.480115680064220399e-03
2.900000000000000000e+01 -6.473325619942372003e-04
3.000000000000000000e+01 -6.764454756968560573e-04
1.000000000000000000e+00 -3.506497244639475690e-04
2.000000000000000000e+00 -5.844685392292176896e-04
3.000000000000000000e+00 5.807555155633385138e-04
4.000000000000000000e+00 -3.511245009651687296e-05
5.000000000000000000e+00 -6.486658463911615683e-04
6.000000000000000000e+00 -6.459237141519444652e-04
7.000000000000000000e+00 -3.363881241354520994e-04
8.000000000000000000e+00 1.615520484221693621e-03
9.000000000000000000e+00 -6.551742386658373227e-04
1.000000000000000000e+01 -6.583395762989410500e-04
1.100000000000000000e+01 -6.125197246626881004e-04
1.200000000000000000e+01 -6.334365231450133369e-04
1.300000000000000000e+01 -5.546154821699065965e-04
1.400000000000000000e+01 -4.679468155573798035e-05
1.500000000000000000e+01 -6.525299519260269361e-04
1.600000000000000000e+01 -6.605002074200919072e-04
1.700000000000000000e+01 -6.418740526056027768e-04
1.800000000000000000e+01 -6.574498265536191143e-04
1.900000000000000000e+01 -6.569038732538998778e-04
2.000000000000000000e+01 -6.576298166345872793e-04
2.100000000000000000e+01 3.350530293531043657e-03
2.200000000000000000e+01 -6.200410253804144534e-04
2.300000000000000000e+01 3.850402712285925719e-03
2.400000000000000000e+01 2.926345953835578564e-03
2.500000000000000000e+01 -5.981149396158432071e-04
2.600000000000000000e+01 -6.087293278550380592e-04
2.700000000000000000e+01 -3.291435805686649231e-04
2.800000000000000000e+01 7.456872858115695928e-04
2.900000000000000000e+01 -6.109062748002912820e-04
3.000000000000000000e+01 -6.523210469699241296e-04
1.000000000000000000e+00 -4.567364241577677865e-04
2.000000000000000000e+00 -6.050911354346607575e-04
3.000000000000000000e+00 -2.661246019120076106e-04
4.000000000000000000e+00 2.033341028779670791e-04
5.000000000000000000e+00 -6.435979041446136546e-04
6.000000000000000000e+00 -6.278354010776437347e-04
7.000000000000000000e+00 -4.279180713016956725e-04
8.000000000000000000e+00 6.003841077203413579e-04
9.000000000000000000e+00 -6.504950045956513997e-04
1.000000000000000000e+01 -6.601380634019619583e-04
1.100000000000000000e+01 -6.195375593084424164e-04
1.200000000000000000e+01 -6.584421202290666880e-04
1.300000000000000000e+01 -6.270892481131475939e-04
1.400000000000000000e+01 -5.387738579927075751e-04
1.500000000000000000e+01 -6.543484441286797054e-04
1.600000000000000000e+01 -6.611752231076682565e-04
1.700000000000000000e+01 -6.439926124403714440e-04
1.800000000000000000e+01 -6.609748883660327996e-04
1.900000000000000000e+01 -6.551797315649504194e-04
2.000000000000000000e+01 -6.527905065045609386e-04
2.100000000000000000e+01 3.002096794908518020e-03
2.200000000000000000e+01 -6.163352292820720342e-04
2.300000000000000000e+01 4.011049999113677246e-03
2.400000000000000000e+01 2.464173779805171449e-03
2.500000000000000000e+01 -5.887523883754168996e-04
2.600000000000000000e+01 -6.120808590774388328e-04
2.700000000000000000e+01 -4.876510725497251492e-04
2.800000000000000000e+01 3.973006949424799476e-03
2.900000000000000000e+01 -6.317673937681143447e-04
3.000000000000000000e+01 -6.334688428381410634e-04
1.000000000000000000e+00 -4.115872916260688219e-04
2.000000000000000000e+00 -6.417650791574652834e-04
3.000000000000000000e+00 2.852636792725210535e-04
4.000000000000000000e+00 -3.841831394770034241e-04
5.000000000000000000e+00 -6.309695283734800559e-04
6.000000000000000000e+00 -5.470031985999824955e-04
7.000000000000000000e+00 -4.028704311737665552e-04
8.000000000000000000e+00 7.992435640310710260e-04
9.000000000000000000e+00 -6.687496645014423188e-04
1.000000000000000000e+01 -6.619018616208462895e-04
1.100000000000000000e+01 -6.366589403103396988e-04
1.200000000000000000e+01 -6.379337979684343097e-04
1.300000000000000000e+01 -6.370803736585954309e-04
1.400000000000000000e+01 -5.988763939558888836e-04
1.500000000000000000e+01 -6.679582765716236391e-04
1.600000000000000000e+01 -6.645161892384818508e-04
1.700000000000000000e+01 -6.563440821571150984e-04
1.800000000000000000e+01 -6.682996399484692363e-04
1.900000000000000000e+01 -6.587890726552219104e-04
2.000000000000000000e+01 -6.387817141622490272e-04
2.100000000000000000e+01 3.421661231386527880e-03
2.200000000000000000e+01 -6.242962605835802002e-04
2.300000000000000000e+01 4.248214886582953043e-03
2.400000000000000000e+01 3.744283823004522765e-03
2.500000000000000000e+01 -6.348736739015279967e-04
2.600000000000000000e+01 -6.090033890364547403e-04
2.700000000000000000e+01 -2.457704132048735019e-04
2.800000000000000000e+01 1.627171755021231039e-03
2.900000000000000000e+01 -5.810285676791818003e-04
3.000000000000000000e+01 -6.564738514594409052e-04
1.000000000000000000e+00 -8.723468820400635457e-05
2.000000000000000000e+00 -5.218516300497861487e-04
3.000000000000000000e+00 -4.029213856654355005e-04
4.000000000000000000e+00 -1.472715205103229468e-04
5.000000000000000000e+00 -5.900203976226849056e-04
6.000000000000000000e+00 -5.899287016657311401e-04
7.000000000000000000e+00 -4.051327844580198605e-04
8.000000000000000000e+00 1.297195882441670852e-03
9.000000000000000000e+00 -6.196615400725658538e-04
1.000000000000000000e+01 -6.199159451102935914e-04
1.100000000000000000e+01 -6.010743294660316578e-04
1.200000000000000000e+01 -5.977935080827852634e-04
1.300000000000000000e+01 -6.105923140441051446e-04
1.400000000000000000e+01 -3.121863867711352969e-04
1.500000000000000000e+01 -6.078477013090591210e-04
1.600000000000000000e+01 -6.199363538256405211e-04
1.700000000000000000e+01 -6.186249214183275067e-04
1.800000000000000000e+01 -6.233981780620773952e-04
1.900000000000000000e+01 -6.141938108816982333e-04
2.000000000000000000e+01 -6.123658979058592801e-04
2.100000000000000000e+01 3.871258240530532375e-03
2.200000000000000000e+01 -5.069034674054001457e-04
2.300000000000000000e+01 2.628036369547521317e-03
2.400000000000000000e+01 3.134323645283790868e-03
2.500000000000000000e+01 -5.585247916304463293e-04
2.600000000000000000e+01 -5.754820577403027635e-04
2.700000000000000000e+01 -2.195138168238931753e-04
2.800000000000000000e+01 1.899453571808758061e-03
2.900000000000000000e+01 -6.079215636364851232e-04
3.000000000000000000e+01 -5.847031864393354350e-04
1.000000000000000000e+00 -3.932988654157334204e-04
2.000000000000000000e+00 -5.570961857746301428e-04
3.000000000000000000e+00 5.899139564822220537e-04
4.000000000000000000e+00 -1.983940280149059179e-04
5.000000000000000000e+00 -6.585238198715723766e-04
6.000000000000000000e+00 -6.092318769433999583e-04
7.000000000000000000e+00 6.406929414567193030e-05
8.000000000000000000e+00 2.448419401003634668e-03
9.000000000000000000e+00 -6.616876873825520240e-04
1.000000000000000000e+01 -6.622797698147144625e-04
1.100000000000000000e+01 -6.326032740579730666e-04
1.200000000000000000e+01 -6.117836165387368057e-04
1.300000000000000000e+01 -5.577455467286245114e-04
1.400000000000000000e+01 -1.121352371181245022e-04
1.500000000000000000e+01 -6.565632673922078581e-04
1.600000000000000000e+01 -6.621227371829192148e-04
1.700000000000000000e+01 -6.556894549525354868e-04
1.800000000000000000e+01 -6.618435984380134033e-04
1.900000000000000000e+01 -6.518517821900394679e-04
2.000000000000000000e+01 -6.588870316712088773e-04
2.100000000000000000e+01 2.201740639980400045e-03
2.200000000000000000e+01 -5.749414140255126957e-04
2.300000000000000000e+01 5.113466152185703814e-03
2.400000000000000000e+01 1.610017511550223450e-03
2.500000000000000000e+01 -6.361086410246808483e-04
2.600000000000000000e+01 -6.327116045547998783e-04
2.700000000000000000e+01 -5.398206524363900619e-04
2.800000000000000000e+01 1.193864445368264179e-03
2.900000000000000000e+01 -6.184800768122656689e-04
3.000000000000000000e+01 -6.553209525086184546e-04
1.000000000000000000e+00 -3.782013381700201913e-04
2.000000000000000000e+00 -5.604644795767801902e-04
3.000000000000000000e+00 -3.324240958031440644e-04
4.000000000000000000e+00 -2.970465271500227181e-04
5.000000000000000000e+00 -6.466325946261451555e-04
6.000000000000000000e+00 -6.315221649255581575e-04
7.000000000000000000e+00 -1.865358414612355853e-04
8.000000000000000000e+00 3.491178249229830079e-03
9.000000000000000000e+00 -6.357492528247861863e-04
1.000000000000000000e+01 -6.547698801512605001e-04
1.100000000000000000e+01 -6.236064217433528794e-04
1.200000000000000000e+01 -6.365410353609108306e-04
1.300000000000000000e+01 -6.102007798534531688e-04
1.400000000000000000e+01 -3.292991507584921897e-04
1.500000000000000000e+01 -6.485176088536548150e-04
1.600000000000000000e+01 -6.461860345660584400e-04
1.700000000000000000e+01 -6.345941115903988572e-04
1.800000000000000000e+01 -6.548976123779432640e-04
1.900000000000000000e+01 -6.485823959527818247e-04
2.000000000000000000e+01 -6.438893600330735864e-04
2.100000000000000000e+01 2.278424680268714437e-03
2.200000000000000000e+01 -5.789126841278618941e-04
2.300000000000000000e+01 3.414654968985391965e-03
2.400000000000000000e+01 1.826969456194129683e-03
2.500000000000000000e+01 -6.234062207164224210e-04
2.600000000000000000e+01 -6.066570898701496546e-04
2.700000000000000000e+01 -4.817003029865404786e-04
2.800000000000000000e+01 2.900103960358078447e-03
2.900000000000000000e+01 -6.258671189006018241e-04
3.000000000000000000e+01 -6.395276951345342216e-04
1.000000000000000000e+00 -5.985267713843970541e-04
2.000000000000000000e+00 -5.969418609789682714e-04
3.000000000000000000e+00 -9.273936432281477634e-05
4.000000000000000000e+00 -1.597930899788135232e-04
5.000000000000000000e+00 -6.594551334194913642e-04
6.000000000000000000e+00 -5.814644781568330993e-04
7.000000000000000000e+00 4.425892049211986763e-04
8.000000000000000000e+00 2.917408906836780821e-03
9.000000000000000000e+00 -6.703385828327473742e-04
1.000000000000000000e+01 -6.755575167826729935e-04
1.100000000000000000e+01 -5.846647764242368997e-04
1.200000000000000000e+01 -6.720921214954266769e-04
1.300000000000000000e+01 -6.545805484406014025e-04
1.400000000000000000e+01 -4.267089000447865654e-04
1.500000000000000000e+01 -6.717189456327575048e-04
1.600000000000000000e+01 -6.732930599810561930e-04
1.700000000000000000e+01 -6.714279473708875158e-04
1.800000000000000000e+01 -6.750757217637179354e-04
1.900000000000000000e+01 -6.612228063190744897e-04
2.000000000000000000e+01 -6.622801494828883155e-04
2.100000000000000000e+01 1.699612309040944829e-03
2.200000000000000000e+01 -6.039550069597733476e-04
2.300000000000000000e+01 4.226524678657484109e-03
2.400000000000000000e+01 2.212527991832216774e-03
2.500000000000000000e+01 -6.078013606608068196e-04
2.600000000000000000e+01 -6.344003448334684450e-04
2.700000000000000000e+01 -2.277572295792302008e-04
2.800000000000000000e+01 2.214888447056383592e-03
2.900000000000000000e+01 -6.316511105612575240e-04
3.000000000000000000e+01 -6.382426307990736935e-04
1.000000000000000000e+00 -3.195059047913435574e-04
2.000000000000000000e+00 -6.487424120973161274e-04
3.000000000000000000e+00 -1.332124992427589070e-04
4.000000000000000000e+00 2.151517581530136363e-05
5.000000000000000000e+00 -6.577125697276436098e-04
6.000000000000000000e+00 -6.528070926041803319e-04
7.000000000000000000e+00 -3.192116689313219727e-04
8.000000000000000000e+00 1.048233602560860126e-03
9.000000000000000000e+00 -6.225393215780265473e-04
1.000000000000000000e+01 -6.641117820481809864e-04
1.100000000000000000e+01 -6.237591796096215438e-04
1.200000000000000000e+01 -6.450319900036570811e-04
1.300000000000000000e+01 -6.033650458204234315e-04
1.400000000000000000e+01 -4.767532976894111067e-04
1.500000000000000000e+01 -6.499503186106651365e-04
1.600000000000000000e+01 -6.560136401196685297e-04
1.700000000000000000e+01 -6.520488875694944791e-04
1.800000000000000000e+01 -6.633497366084744468e-04
1.900000000000000000e+01 -6.369740566663158491e-04
2.000000000000000000e+01 -6.600243639122157320e-04
2.100000000000000000e+01 3.348204224475387954e-03
2.200000000000000000e+01 -6.115731137212401282e-04
2.300000000000000000e+01 3.394304453185522426e-03
2.400000000000000000e+01 3.209628962537500619e-03
2.500000000000000000e+01 -6.131727293419166579e-04
2.600000000000000000e+01 -6.090888614784147883e-04
2.700000000000000000e+01 -4.875285589557363901e-04
2.800000000000000000e+01 2.845126040229380062e-03
2.900000000000000000e+01 -6.414559725929141684e-04
3.000000000000000000e+01 -6.509388094744802782e-04
1.000000000000000000e+00 -7.033910208073288297e-05
2.000000000000000000e+00 -6.108983591104450665e-04
3.000000000000000000e+00 2.917250400681525749e-04
4.000000000000000000e+00 -4.327025782147761132e-04
5.000000000000000000e+00 -6.608689173838757898e-04
6.000000000000000000e+00 -5.866340215584656733e-04
7.000000000000000000e+00 -3.648406394357482305e-04
8.000000000000000000e+00 1.482173167076856297e-03
9.000000000000000000e+00 -6.790672363265843822e-04
1.000000000000000000e+01 -6.807485291023299915e-04
1.100000000000000000e+01 -6.324152161220547097e-04
1.200000000000000000e+01 -6.715763534598180639e-04
1.300000000000000000e+01 -6.480611173625872197e-04
1.400000000000000000e+01 -3.757124178684987655e-05
1.500000000000000000e+01 -6.725985171899135631e-04
1.600000000000000000e+01 -6.777726109622082221e-04
1.700000000000000000e+01 -6.553895084873658568e-04
1.800000000000000000e+01 -6.733212807255563532e-04
1.900000000000000000e+01 -6.711872032791350168e-04
2.000000000000000000e+01 -6.778294510387526976e-04
2.100000000000000000e+01 2.167788174538790458e-03
2.200000000000000000e+01 -6.204189761626534988e-04
2.300000000000000000e+01 6.128519336269099178e-03
2.400000000000000000e+01 2.936608859683879046e-03
2.500000000000000000e+01 -6.136009534285174040e-04
2.600000000000000000e+01 -5.985975895941166676e-04
2.700000000000000000e+01 -4.819516606341543090e-04
2.800000000000000000e+01 6.776928167719422106e-04
2.900000000000000000e+01 -6.136813678275581611e-04
3.000000000000000000e+01 -6.793000338921441686e-04
1.000000000000000000e+00 -4.287996279723161274e-04
2.000000000000000000e+00 -6.233716145655987745e-04
3.000000000000000000e+00 9.179451744608662527e-05
4.000000000000000000e+00 -1.051412578740777384e-04
5.000000000000000000e+00 -6.325454133889299490e-04
6.000000000000000000e+00 -6.540589362790502799e-04
7.000000000000000000e+00 -2.554869753265653063e-04
8.000000000000000000e+00 2.573444420309168364e-03
9.000000000000000000e+00 -6.448955404941080589e-04
1.000000000000000000e+01 -6.656935811188067998e-04
1.100000000000000000e+01 -5.581791716929721328e-04
1.200000000000000000e+01 -6.617982160664488125e-04
1.300000000000000000e+01 -6.487524958891516258e-04
1.400000000000000000e+01 -6.211497809921315196e-04
1.500000000000000000e+01 -6.631454537954956140e-04
1.600000000000000000e+01 -6.599693465180105165e-04
1.700000000000000000e+01 -6.427687648796477334e-04
1.800000000000000000e+01 -6.574344493904096852e-04
1.900000000000000000e+01 -6.531097047491090301e-04
2.000000000000000000e+01 -6.457369010484692888e-04
2.100000000000000000e+01 2.510731606418157864e-03
2.200000000000000000e+01 -5.323807359583140886e-04
2.300000000000000000e+01 3.320956886367956370e-03
2.400000000000000000e+01 3.103636512695147082e-03
2.500000000000000000e+01 -5.913838490094031584e-04
2.600000000000000000e+01 -5.073496049030073876e-04
2.700000000000000000e+01 -4.730218554822779092e-04
2.800000000000000000e+01 2.184431626217668565e-03
2.900000000000000000e+01 -6.522421530413107784e-04
3.000000000000000000e+01 -6.321495070891899014e-04
1.000000000000000000e+00 -3.619737053377175117e-04
2.000000000000000000e+00 -5.928032918874558653e-04
3.000000000000000000e+00 2.094200420390474114e-04
4.000000000000000000e+00 -2.946438015961953772e-04
5.000000000000000000e+00 -6.378667329560372889e-04
6.000000000000000000e+00 -6.231236431245868465e-04
7.000000000000000000e+00 6.436487924440061677e-05
8.000000000000000000e+00 2.395290761975472742e-03
9.000000000000000000e+00 -6.301448420079023291e-04
1.000000000000000000e+01 -6.504978857049882905e-04
1.100000000000000000e+01 -6.192872303902896862e-04
1.200000000000000000e+01 -6.221819831946591222e-04
1.300000000000000000e+01 -6.267030230894645240e-04
1.400000000000000000e+01 -3.615659097946870683e-04
1.500000000000000000e+01 -6.531876285117796822e-04
1.600000000000000000e+01 -6.481589149073895646e-04
1.700000000000000000e+01 -6.245349735044805270e-04
1.800000000000000000e+01 -6.509460812827618913e-04
1.900000000000000000e+01 -6.423230699049849949e-04
2.000000000000000000e+01 -6.487526595121287723e-04
2.100000000000000000e+01 1.613588622967118214e-03
2.200000000000000000e+01 -5.764434773561794836e-04
2.300000000000000000e+01 2.283167832506580175e-03
2.400000000000000000e+01 3.657534485066124899e-03
2.500000000000000000e+01 -5.743143799530761942e-04
2.600000000000000000e+01 -5.164100916885870857e-04
2.700000000000000000e+01 -3.459486886794461004e-04
2.800000000000000000e+01 2.923397069117712310e-03
2.900000000000000000e+01 -6.233266890379680686e-04
3.000000000000000000e+01 -6.388735767829948264e-04
1.000000000000000000e+00 -5.838651758092049029e-04
2.000000000000000000e+00 -6.071128206529539419e-04
3.000000000000000000e+00 -1.052696062967267433e-04
4.000000000000000000e+00 -2.868330032411017463e-05
5.000000000000000000e+00 -6.428960057371001452e-04
6.000000000000000000e+00 -6.603474401234717779e-04
7.000000000000000000e+00 -1.912830828194724356e-04
8.000000000000000000e+00 2.868433252814060579e-03
9.000000000000000000e+00 -6.574424300258675065e-04
1.000000000000000000e+01 -6.756153957711899787e-04
1.100000000000000000e+01 -6.573773320189884792e-04
1.200000000000000000e+01 -6.367075482477216634e-04
1.300000000000000000e+01 -5.849245532553964781e-04
1.400000000000000000e+01 -5.363269227142163954e-04
1.500000000000000000e+01 -6.667639920859988684e-04
1.600000000000000000e+01 -6.716542113062573668e-04
1.700000000000000000e+01 -6.692341292716254102e-04
1.800000000000000000e+01 -6.746323546418647992e-04
1.900000000000000000e+01 -6.599173966063126692e-04
2.000000000000000000e+01 -6.676013645433708388e-04
2.100000000000000000e+01 3.864677672147825635e-03
2.200000000000000000e+01 -5.872149496337964771e-04
2.300000000000000000e+01 2.842675293754929906e-03
2.400000000000000000e+01 3.503903592369724939e-03
2.500000000000000000e+01 -6.160297253655585593e-04
2.600000000000000000e+01 -5.994298127815637965e-04
2.700000000000000000e+01 -4.277012875381193489e-04
2.800000000000000000e+01 9.840304247673841310e-04
2.900000000000000000e+01 -6.245123530231463330e-04
3.000000000000000000e+01 -6.613074693467679149e-04
1.000000000000000000e+00 -5.849415356122128484e-04
2.000000000000000000e+00 -6.050705826939978488e-04
3.000000000000000000e+00 -1.738627627289136889e-04
4.000000000000000000e+00 2.326062542812151114e-05
5.000000000000000000e+00 -6.888470097181581629e-04
6.000000000000000000e+00 -6.672758339279251383e-04
7.000000000000000000e+00 8.540087572391587062e-05
8.000000000000000000e+00 2.733693672220773984e-03
9.000000000000000000e+00 -6.790578037920206277e-04
1.000000000000000000e+01 -6.831895824972269472e-04
1.100000000000000000e+01 -6.025664402699343510e-04
1.200000000000000000e+01 -6.902658536687361970e-04
1.300000000000000000e+01 -6.600768499249384802e-04
1.400000000000000000e+01 -4.084085008330154377e-04
1.500000000000000000e+01 -6.899200209610844388e-04
1.600000000000000000e+01 -6.864232094083008370e-04
1.700000000000000000e+01 -6.332974986404825337e-04
1.800000000000000000e+01 -6.874010504910894187e-04
1.900000000000000000e+01 -6.858930855910110860e-04
2.000000000000000000e+01 -6.870317311098474156e-04
2.100000000000000000e+01 2.163628589641009101e-03
2.200000000000000000e+01 -6.406867695289324496e-04
2.300000000000000000e+01 3.484742702191814985e-03
2.400000000000000000e+01 2.474983439099034954e-03
2.500000000000000000e+01 -6.700948728286613282e-04
2.600000000000000000e+01 -6.339557105385031002e-04
2.700000000000000000e+01 -4.504467048412344400e-04
2.800000000000000000e+01 3.241184824936341278e-03
2.900000000000000000e+01 -6.527034823349648577e-04
3.000000000000000000e+01 -6.723565752640864052e-04
1.000000000000000000e+00 -2.781413805495812461e-04
2.000000000000000000e+00 -6.195456614666064151e-04
3.000000000000000000e+00 -3.688981663990557121e-04
4.000000000000000000e+00 -1.872420088383234182e-04
5.000000000000000000e+00 -6.254059606511719934e-04
6.000000000000000000e+00 -6.288815766322495161e-04
7.000000000000000000e+00 1.278576316814739662e-04
8.000000000000000000e+00 1.995001166507773000e-03
9.000000000000000000e+00 -6.467152223526661907e-04
1.000000000000000000e+01 -6.503311283048325564e-04
1.100000000000000000e+01 -5.149661111066128989e-04
1.200000000000000000e+01 -6.345390589821000649e-04
1.300000000000000000e+01 -6.117914664281486926e-04
1.400000000000000000e+01 -3.301093901626624117e-04
1.500000000000000000e+01 -6.346624093895226375e-04
1.600000000000000000e+01 -6.483430152938024753e-04
1.700000000000000000e+01 -6.472771126806734160e-04
1.800000000000000000e+01 -6.492520606204960467e-04
1.900000000000000000e+01 -6.430599095393133013e-04
2.000000000000000000e+01 -6.273371057959247019e-04
2.100000000000000000e+01 2.105407198128500263e-03
2.200000000000000000e+01 -5.963721213908269305e-04
2.300000000000000000e+01 3.983523589449900447e-03
2.400000000000000000e+01 1.895167001911064741e-03
2.500000000000000000e+01 -5.939845780019747164e-04
2.600000000000000000e+01 -5.847746417168379071e-04
2.700000000000000000e+01 -2.846120377957323151e-04
2.800000000000000000e+01 3.104465631244868271e-03
2.900000000000000000e+01 -6.044562366256525177e-04
3.000000000000000000e+01 -6.297505925574516670e-04
1.000000000000000000e+00 -1.791503772605126694e-05
2.000000000000000000e+00 -5.270299687235885811e-04
3.000000000000000000e+00 -4.970981347385430935e-04
4.000000000000000000e+00 1.070171008513360938e-04
5.000000000000000000e+00 -6.546281824583768385e-04
6.000000000000000000e+00 -6.398299322284377441e-04
7.000000000000000000e+00 -1.330620614000971454e-04
8.000000000000000000e+00 1.586736511311032192e-03
9.000000000000000000e+00 -6.511699989653536337e-04
1.000000000000000000e+01 -6.641940975065507976e-04
1.100000000000000000e+01 -6.244677581908632518e-04
1.200000000000000000e+01 -6.515777232861213976e-04
1.300000000000000000e+01 -6.106183291506724845e-04
1.400000000000000000e+01 -5.398157647812249155e-04
1.500000000000000000e+01 -6.563847564501427414e-04
1.600000000000000000e+01 -6.526803663627774553e-04
1.700000000000000000e+01 -6.499460205449733704e-04
1.800000000000000000e+01 -6.631593670666657706e-04
1.900000000000000000e+01 -6.606245982095580163e-04
2.000000000000000000e+01 -6.514467395151004930e-04
2.100000000000000000e+01 3.998423862520235003e-03
2.200000000000000000e+01 -4.889821332080107044e-04
2.300000000000000000e+01 4.353614450717508029e-03
2.400000000000000000e+01 3.383308635795568339e-03
2.500000000000000000e+01 -6.172814745991633692e-04
2.600000000000000000e+01 -6.209498485409243543e-04
2.700000000000000000e+01 -5.476893328794187662e-04
2.800000000000000000e+01 1.942902137280043276e-04
2.900000000000000000e+01 -5.934482006665581320e-04
3.000000000000000000e+01 -6.486460655031750511e-04
1.000000000000000000e+00 -2.343941769301400191e-04
2.000000000000000000e+00 -6.429124662808534873e-04
3.000000000000000000e+00 -2.900785614835732149e-04
4.000000000000000000e+00 -5.770880850294714346e-04
5.000000000000000000e+00 -6.741651184910268935e-04
6.000000000000000000e+00 -5.928664762078292988e-04
7.000000000000000000e+00 4.602458045829215503e-05
8.000000000000000000e+00 1.505351222857619336e-03
9.000000000000000000e+00 -6.578593624076596591e-04
1.000000000000000000e+01 -6.768352688941917236e-04
1.100000000000000000e+01 -6.223693383272402508e-04
1.200000000000000000e+01 -6.542159663182008957e-04
1.300000000000000000e+01 -6.572870389647000617e-04
1.400000000000000000e+01 -3.706739509711356800e-04
1.500000000000000000e+01 -6.810133254170282376e-04
1.600000000000000000e+01 -6.807278155001435455e-04
1.700000000000000000e+01 -6.683659192714664320e-04
1.800000000000000000e+01 -6.802618776557520404e-04
1.900000000000000000e+01 -6.787801163349102681e-04
2.000000000000000000e+01 -6.780597641492907808e-04
2.100000000000000000e+01 2.216625243930362733e-03
2.200000000000000000e+01 -6.454921899398945477e-04
2.300000000000000000e+01 5.205191573074635127e-03
2.400000000000000000e+01 3.219577328426134755e-03
2.500000000000000000e+01 -6.475156737333267066e-04
2.600000000000000000e+01 -5.921442581517543822e-04
2.700000000000000000e+01 -4.489651195849763158e-04
2.800000000000000000e+01 2.154128994648737451e-03
2.900000000000000000e+01 -6.643871069643421216e-04
3.000000000000000000e+01 -6.615317546136659666e-04
1.000000000000000000e+00 -5.903335982871441793e-04
2.000000000000000000e+00 -5.911560635290187592e-04
3.000000000000000000e+00 3.878101311576162368e-06
4.000000000000000000e+00 -4.831819968286247516e-04
5.000000000000000000e+00 -6.526862777934849163e-04
6.000000000000000000e+00 -5.843318452156878035e-04
7.000000000000000000e+00 -8.417235441145083641e-05
8.000000000000000000e+00 2.070140869516886705e-03
9.000000000000000000e+00 -6.510718684052481300e-04
1.000000000000000000e+01 -6.672842703257960122e-04
1.100000000000000000e+01 -6.386324901860931935e-04
1.200000000000000000e+01 -6.513925444019909219e-04
1.300000000000000000e+01 -5.550288356848398497e-04
1.400000000000000000e+01 -3.476714263884238894e-04
1.500000000000000000e+01 -6.660448214116606626e-04
1.600000000000000000e+01 -6.687822485583117720e-04
1.700000000000000000e+01 -6.611679737776202190e-04
1.800000000000000000e+01 -6.660570615532647194e-04
1.900000000000000000e+01 -6.559009935507627721e-04
2.000000000000000000e+01 -6.584505994702551058e-04
2.100000000000000000e+01 3.042206354319567166e-03
2.200000000000000000e+01 -6.103865827539693006e-04
2.300000000000000000e+01 4.127023261165349392e-03
2.400000000000000000e+01 3.265962604649633606e-03
2.500000000000000000e+01 -6.434087959195870093e-04
2.600000000000000000e+01 -6.156946664444094960e-04
2.700000000000000000e+01 -5.693056616443482355e-04
2.800000000000000000e+01 1.650185816035834585e-03
2.900000000000000000e+01 -6.343895526221970949e-04
3.000000000000000000e+01 -6.491394438381171582e-04
1.000000000000000000e+00 -2.025800224934440937e-05
2.000000000000000000e+00 -5.384446463131758401e-04
3.000000000000000000e+00 -3.677704443075288356e-05
4.000000000000000000e+00 -3.843537664030947666e-05
5.000000000000000000e+00 -6.248940391412127022e-04
6.000000000000000000e+00 -6.009405112141001344e-04
7.000000000000000000e+00 -1.577741962311389066e-04
8.000000000000000000e+00 2.214794728058489329e-03
9.000000000000000000e+00 -6.195064052990203931e-04
1.000000000000000000e+01 -6.300522191360457668e-04
1.100000000000000000e+01 -6.231733398652910530e-04
1.200000000000000000e+01 -6.162464162168709543e-04
1.300000000000000000e+01 -6.222970776596935174e-04
1.400000000000000000e+01 -4.741468730602135849e-04
1.500000000000000000e+01 -6.296001430881486595e-04
1.600000000000000000e+01 -6.333438846506712645e-04
1.700000000000000000e+01 -6.095496512418165785e-04
1.800000000000000000e+01 -6.351026948258446658e-04
1.900000000000000000e+01 -6.275770845886616354e-04
2.000000000000000000e+01 -6.123098062782144496e-04
2.100000000000000000e+01 2.054171505720155458e-03
2.200000000000000000e+01 -5.627717383105755415e-04
2.300000000000000000e+01 3.428549132939097150e-03
2.400000000000000000e+01 2.708476782079319301e-03
2.500000000000000000e+01 -6.076089969713272584e-04
2.600000000000000000e+01 -5.825963547945290462e-04
2.700000000000000000e+01 -5.125411664908221436e-04
2.800000000000000000e+01 2.429728814208651378e-03
2.900000000000000000e+01 -6.068709240960610879e-04
3.000000000000000000e+01 -6.316798859974053328e-04
1.000000000000000000e+00 -3.762303517309179587e-04
2.000000000000000000e+00 -5.635494128949851238e-04
3.000000000000000000e+00 -3.490460988742870047e-04
4.000000000000000000e+00 -4.983136245270009803e-04
5.000000000000000000e+00 -6.715733098392076376e-04
6.000000000000000000e+00 -6.600704043069834147e-04
7.000000000000000000e+00 -3.908184710788240859e-04
8.000000000000000000e+00 1.328244331592552370e-03
9.000000000000000000e+00 -6.666524179628649472e-04
1.000000000000000000e+01 -6.787600385548862121e-04
1.100000000000000000e+01 -6.638789893734157836e-04
1.200000000000000000e+01 -6.651161026880617142e-04
1.300000000000000000e+01 -6.541968224921579410e-04
1.400000000000000000e+01 -5.469594219347983718e-04
1.500000000000000000e+01 -6.784173334769773214e-04
1.600000000000000000e+01 -6.779870773831244432e-04
1.700000000000000000e+01 -6.656637816101248616e-04
1.800000000000000000e+01 -6.767622060433105833e-04
1.900000000000000000e+01 -6.614517273795084791e-04
2.000000000000000000e+01 -6.715649189218426268e-04
2.100000000000000000e+01 3.186137635302484141e-03
2.200000000000000000e+01 -5.816475846147745824e-04
2.300000000000000000e+01 5.169654329664591721e-03
2.400000000000000000e+01 3.252855646863111929e-03
2.500000000000000000e+01 -6.413506131868924875e-04
2.600000000000000000e+01 -5.242484123514154363e-04
2.700000000000000000e+01 -5.210265993793108952e-04
2.800000000000000000e+01 1.978035679935127682e-03
2.900000000000000000e+01 -6.216309914026601309e-04
3.000000000000000000e+01 -6.426124015093170926e-04
1.000000000000000000e+00 -5.122581290036567429e-04
2.000000000000000000e+00 -6.385467763239786616e-04
3.000000000000000000e+00 1.531339680825623956e-04
4.000000000000000000e+00 -2.603431685781420709e-04
5.000000000000000000e+00 -6.639886832505718017e-04
6.000000000000000000e+00 -6.676592124680418841e-04
7.000000000000000000e+00 2.400905204915146753e-04
8.000000000000000000e+00 2.704690679993627857e-03
9.000000000000000000e+00 -6.536096411883713687e-04
1.000000000000000000e+01 -6.669160942153926856e-04
1.100000000000000000e+01 -6.415328194118279917e-04
1.200000000000000000e+01 -6.616114926509924750e-04
1.300000000000000000e+01 -6.537864414357554129e-04
1.400000000000000000e+01 -4.504173995226522058e-04
1.500000000000000000e+01 -6.618844608532103643e-04
1.600000000000000000e+01 -6.663656517469091888e-04
1.700000000000000000e+01 -6.537576245097679369e-04
1.800000000000000000e+01 -6.699780500997945401e-04
1.900000000000000000e+01 -6.703606749236272391e-04
2.000000000000000000e+01 -6.731352987170274036e-04
2.100000000000000000e+01 9.730498589703580857e-04
2.200000000000000000e+01 -6.315372625517748579e-04
2.300000000000000000e+01 3.290910746134471671e-03
2.400000000000000000e+01 2.210052093594894965e-03
2.500000000000000000e+01 -6.360344653834056972e-04
2.600000000000000000e+01 -6.293172765006329423e-04
2.700000000000000000e+01 -3.184461204498286661e-04
2.800000000000000000e+01 4.418067021025830730e-03
2.900000000000000000e+01 -6.679541308741903998e-04
3.000000000000000000e+01 -6.630496136208475751e-04
1.000000000000000000e+00 -2.614705763909752341e-04
2.000000000000000000e+00 -5.978340846432841308e-04
3.000000000000000000e+00 -2.144474324603872861e-04
4.000000000000000000e+00 -2.734312644211733573e-04
5.000000000000000000e+00 -6.562651839251960970e-04
6.000000000000000000e+00 -6.682521674458414109e-04
7.000000000000000000e+00 2.487929281996892144e-04
8.000000000000000000e+00 1.419151410617834229e-03
9.000000000000000000e+00 -6.524590559355884995e-04
1.000000000000000000e+01 -6.757030036671495292e-04
1.100000000000000000e+01 -5.671064597339615671e-04
1.200000000000000000e+01 -6.726927124635977921e-04
1.300000000000000000e+01 -5.899705481583003173e-04
1.400000000000000000e+01 -1.624930830596627354e-04
1.500000000000000000e+01 -6.733517560369699922e-04
1.600000000000000000e+01 -6.753735433979448591e-04
1.700000000000000000e+01 -6.516097391317489038e-04
1.800000000000000000e+01 -6.750267384146248131e-04
1.900000000000000000e+01 -6.676346511005460489e-04
2.000000000000000000e+01 -6.635282885982744360e-04
2.100000000000000000e+01 2.268876713438138827e-03
2.200000000000000000e+01 -5.990674920204530282e-04
2.300000000000000000e+01 3.945792965104033198e-03
2.400000000000000000e+01 3.105387401243378184e-03
2.500000000000000000e+01 -6.282608637088271750e-04
2.600000000000000000e+01 -6.113158368605019818e-04
2.700000000000000000e+01 -2.944599286217138207e-04
2.800000000000000000e+01 2.383835387427199210e-03
2.900000000000000000e+01 -6.050783101753776745e-04
3.000000000000000000e+01 -6.588024009615445643e-04
1.000000000000000000e+00 -3.154078128132571006e-04
2.000000000000000000e+00 -5.972482258475731581e-04
3.000000000000000000e+00 3.086273164039238519e-04
4.000000000000000000e+00 1.192097882166713079e-05
5.000000000000000000e+00 -6.172279914077627742e-04
6.000000000000000000e+00 -6.233395775292249535e-04
7.000000000000000000e+00 -2.807720118247039099e-04
8.000000000000000000e+00 1.752352956306791557e-03
9.000000000000000000e+00 -6.201859704232131265e-04
1.000000000000000000e+01 -6.380183865697340844e-04
1.100000000000000000e+01 -5.393423101423428520e-04
1.200000000000000000e+01 -6.257548290413328298e-04
1.300000000000000000e+01 -6.251042041822406923e-04
1.400000000000000000e+01 -5.080265649576750069e-04
1.500000000000000000e+01 -6.394476563560634857e-04
1.600000000000000000e+01 -6.383498968774943333e-04
1.700000000000000000e+01 -6.318446052897440032e-04
1.800000000000000000e+01 -6.402826382805006577e-04
1.900000000000000000e+01 -6.384404775220837167e-04
2.000000000000000000e+01 -6.332205676951916220e-04
2.100000000000000000e+01 1.893497686666431243e-03
2.200000000000000000e+01 -5.887479711834004434e-04
2.300000000000000000e+01 3.724668480750578225e-03
2.400000000000000000e+01 2.278368454912011939e-03
2.500000000000000000e+01 -5.692446707155585052e-04
2.600000000000000000e+01 -5.862518549858255004e-04
2.700000000000000000e+01 -4.589033321779847517e-04
2.800000000000000000e+01 3.250666435093455334e-03
2.900000000000000000e+01 -6.054109012742594532e-04
3.000000000000000000e+01 -6.251857178762339337e-04
1.000000000000000000e+00 -6.459034624033979871e-04
2.000000000000000000e+00 -5.449436033931831730e-04
3.000000000000000000e+00 1.461755016095431398e-05
4.000000000000000000e+00 -1.438629710612171670e-04
5.000000000000000000e+00 -6.619176115465063995e-04
6.000000000000000000e+00 -6.529817345935427482e-04
7.000000000000000000e+00 6.313397279428590615e-04
8.000000000000000000e+00 1.685288817747835222e-03
9.000000000000000000e+00 -6.602570987544165680e-04
1.000000000000000000e+01 -6.629590160645297721e-04
1.100000000000000000e+01 -6.378730690562344277e-04
1.200000000000000000e+01 -6.394786393063633468e-04
1.300000000000000000e+01 -6.226364481887384887e-04
1.400000000000000000e+01 -3.612000620496323027e-04
1.500000000000000000e+01 -6.637265459230141593e-04
1.600000000000000000e+01 -6.598823800410100367e-04
1.700000000000000000e+01 -6.590614157180824193e-04
1.800000000000000000e+01 -6.626829435626415896e-04
1.900000000000000000e+01 -6.538533954609438608e-04
2.000000000000000000e+01 -6.621068518137077650e-04
2.100000000000000000e+01 2.549824126944904689e-03
2.200000000000000000e+01 -5.731347354232052896e-04
2.300000000000000000e+01 4.307596237156405966e-03
2.400000000000000000e+01 2.678053991374021187e-03
2.500000000000000000e+01 -6.261011985829765614e-04
2.600000000000000000e+01 -6.411184887519527382e-04
2.700000000000000000e+01 -3.727272056544276213e-04
2.800000000000000000e+01 1.791963743949226591e-03
2.900000000000000000e+01 -6.376748945854581949e-04
3.000000000000000000e+01 -6.541553819457437101e-04
1.000000000000000000e+00 -4.461764291744455533e-04
2.000000000000000000e+00 -6.269855538130839762e-04
3.000000000000000000e+00 4.395650074754491270e-06
4.000000000000000000e+00 -5.130169241079177199e-04
5.000000000000000000e+00 -6.601375851979275362e-04
6.000000000000000000e+00 -5.162952223432851163e-04
7.000000000000000000e+00 8.833794190352372818e-06
8.000000000000000000e+00 1.796044039931370389e-03
9.000000000000000000e+00 -6.690916457702503380e-04
1.000000000000000000e+01 -6.663884653739165576e-04
1.100000000000000000e+01 -4.892602508840971764e-04
1.200000000000000000e+01 -6.426974061248981593e-04
1.300000000000000000e+01 -6.403729364246639943e-04
1.400000000000000000e+01 -4.617302379996287252e-04
1.500000000000000000e+01 -6.624765655584071312e-04
1.600000000000000000e+01 -6.714192789344652912e-04
1.700000000000000000e+01 -6.443901230241785199e-04
1.800000000000000000e+01 -6.633007937109611273e-04
1.900000000000000000e+01 -6.615205621896101543e-04
2.000000000000000000e+01 -6.570894198109891639e-04
2.100000000000000000e+01 1.879186984695447931e-03
2.200000000000000000e+01 -5.683893241211502570e-04
2.300000000000000000e+01 4.290874683101590127e-03
2.400000000000000000e+01 3.060520264641121251e-03
2.500000000000000000e+01 -6.183412262183505918e-04
2.600000000000000000e+01 -6.312063218765121388e-04
2.700000000000000000e+01 -4.910946283416392152e-04
2.800000000000000000e+01 2.771421009330639600e-03
2.900000000000000000e+01 -5.952019038562110769e-04
3.000000000000000000e+01 -6.538485886687891210e-04
1.000000000000000000e+00 -2.325053601936517443e-04
2.000000000000000000e+00 -5.982955878685663163e-04
3.000000000000000000e+00 -1.187551850011406382e-05
4.000000000000000000e+00 -1.712057484435541876e-04
5.000000000000000000e+00 -6.603733256727266484e-04
6.000000000000000000e+00 -6.289467426230265683e-04
7.000000000000000000e+00 -3.190942336029347032e-04
8.000000000000000000e+00 1.453238142529786293e-03
9.000000000000000000e+00 -6.317605402577709025e-04
1.000000000000000000e+01 -6.676594962816644442e-04
1.100000000000000000e+01 -5.704812929376868727e-04
1.200000000000000000e+01 -6.392312989029423067e-04
1.300000000000000000e+01 -6.508839837952930555e-04
1.400000000000000000e+01 -4.357072421618988448e-04
1.500000000000000000e+01 -6.676860507858372500e-04
1.600000000000000000e+01 -6.607008731031511518e-04
1.700000000000000000e+01 -6.530359607485837145e-04
1.800000000000000000e+01 -6.663916737419777999e-04
1.900000000000000000e+01 -6.609821418662504720e-04
2.000000000000000000e+01 -6.485186153005606654e-04
2.100000000000000000e+01 4.242728843297864996e-03
2.200000000000000000e+01 -5.200641509940938422e-04
2.300000000000000000e+01 3.243972273655626286e-03
2.400000000000000000e+01 2.351728830789297144e-03
2.500000000000000000e+01 -6.368495716590985177e-04
2.600000000000000000e+01 -5.214083716840702465e-04
2.700000000000000000e+01 -3.864316944977121745e-04
2.800000000000000000e+01 2.156856376122277819e-03
2.900000000000000000e+01 -5.736269030220655842e-04
3.000000000000000000e+01 -6.544977706731622009e-04
1.000000000000000000e+00 -4.501669710097266170e-04
2.000000000000000000e+00 -6.033725878670197348e-04
3.000000000000000000e+00 5.106543921088488558e-05
4.000000000000000000e+00 -6.757184901147494146e-05
5.000000000000000000e+00 -6.699445945357398752e-04
6.000000000000000000e+00 -6.726977130052858760e-04
7.000000000000000000e+00 -5.426893550406798605e-04
8.000000000000000000e+00 8.247936169803388781e-04
9.000000000000000000e+00 -6.719627344499556204e-04
1.000000000000000000e+01 -6.778270274539644358e-04
1.100000000000000000e+01 -4.904263665970792687e-04
1.200000000000000000e+01 -6.400435910003630935e-04
1.300000000000000000e+01 -6.115270240314984182e-04
1.400000000000000000e+01 5.442265483130017496e-04
1.500000000000000000e+01 -6.797986481878469421e-04
1.600000000000000000e+01 -6.810096339264973394e-04
1.700000000000000000e+01 -6.609318549460268611e-04
1.800000000000000000e+01 -6.716213143539842079e-04
1.900000000000000000e+01 -6.765163698787249238e-04
2.000000000000000000e+01 -6.788808591715357610e-04
2.100000000000000000e+01 1.997331713523162623e-03
2.200000000000000000e+01 -6.073916908352909767e-04
2.300000000000000000e+01 5.752248708254986513e-03
2.400000000000000000e+01 2.634197176569314305e-03
2.500000000000000000e+01 -6.074511539816510606e-04
2.600000000000000000e+01 -6.002107767175595202e-04
2.700000000000000000e+01 -4.900945863680572457e-04
2.800000000000000000e+01 1.877566802652228537e-03
2.900000000000000000e+01 -6.425080713254131002e-04
3.000000000000000000e+01 -6.188965343317338798e-04
1.000000000000000000e+00 -5.026934669434582033e-04
2.000000000000000000e+00 -6.140760695255325415e-04
3.000000000000000000e+00 4.097456185117494005e-04
4.000000000000000000e+00 -1.757277565219281441e-04
5.000000000000000000e+00 -6.634193451265601961e-04
6.000000000000000000e+00 -6.662312272682179015e-04
7.000000000000000000e+00 -1.183982652786844228e-04
8.000000000000000000e+00 1.715829777556968343e-03
9.000000000000000000e+00 -6.709986481407648152e-04
1.000000000000000000e+01 -6.812437832784537040e-04
1.100000000000000000e+01 -5.935471384088952806e-04
1.200000000000000000e+01 -6.515624463573080555e-04
1.300000000000000000e+01 -6.523680630242084232e-04
1.400000000000000000e+01 -5.271682556508686980e-04
1.500000000000000000e+01 -6.779595422433262004e-04
1.600000000000000000e+01 -6.770730915865225867e-04
1.700000000000000000e+01 -6.787611181471129174e-04
1.800000000000000000e+01 -6.808889562783778174e-04
1.900000000000000000e+01 -6.691013015343917104e-04
2.000000000000000000e+01 -6.690761296258281943e-04
2.100000000000000000e+01 2.611115584577794382e-03
2.200000000000000000e+01 -6.005605582433331613e-04
2.300000000000000000e+01 4.965427377188268154e-03
2.400000000000000000e+01 2.065080600366275745e-03
2.500000000000000000e+01 -6.358239604518818588e-04
2.600000000000000000e+01 -6.411137522709328424e-04
2.700000000000000000e+01 -2.639077892978842327e-04
2.800000000000000000e+01 2.189887143289599106e-03
2.900000000000000000e+01 -6.233797174186238256e-04
3.000000000000000000e+01 -6.649697931008914480e-04
1.000000000000000000e+00 -3.346700590927012922e-04
2.000000000000000000e+00 -6.161004610266224363e-04
3.000000000000000000e+00 4.048617192888335310e-04
4.000000000000000000e+00 -8.961641997622499416e-06
5.000000000000000000e+00 -6.477851261997576810e-04
6.000000000000000000e+00 -6.410807149096392271e-04
7.000000000000000000e+00 5.338813474283285584e-05
8.000000000000000000e+00 3.620878358486742579e-03
9.000000000000000000e+00 -6.589725378642164550e-04
1.000000000000000000e+01 -6.524517645068614270e-04
1.100000000000000000e+01 -5.574356225466558330e-04
1.200000000000000000e+01 -6.303064697253847474e-04
1.300000000000000000e+01 -6.418506379276287064e-04
1.400000000000000000e+01 -5.310972578858451799e-04
1.500000000000000000e+01 -6.401532187393358568e-04
1.600000000000000000e+01 -6.533508498737128790e-04
1.700000000000000000e+01 -6.367330987774867364e-04
1.800000000000000000e+01 -6.573699906344828521e-04
1.900000000000000000e+01 -6.544717334006791652e-04
2.000000000000000000e+01 -6.457108884136615080e-04
2.100000000000000000e+01 1.570646003827466967e-03
2.200000000000000000e+01 -6.210354806434440237e-04
2.300000000000000000e+01 4.356508645396961824e-03
2.400000000000000000e+01 1.255416823795231116e-03
2.500000000000000000e+01 -5.759317940356047496e-04
2.600000000000000000e+01 -5.958543127222413766e-04
2.700000000000000000e+01 -5.511604549409391705e-04
2.800000000000000000e+01 2.141924716688069479e-03
2.900000000000000000e+01 -6.316683073523993337e-04
3.000000000000000000e+01 -6.414752939945159811e-04
1.000000000000000000e+00 -4.140106317960085512e-04
2.000000000000000000e+00 -5.795128892873904888e-04
3.000000000000000000e+00 4.680002602907502624e-04
4.000000000000000000e+00 -4.367983416584868359e-04
5.000000000000000000e+00 -6.554908838752944618e-04
6.000000000000000000e+00 -6.487628991502367897e-04
7.000000000000000000e+00 1.087636327826842854e-04
8.000000000000000000e+00 1.973286870907264151e-03
9.000000000000000000e+00 -6.660576517866043534e-04
1.000000000000000000e+01 -6.657260038027111321e-04
1.100000000000000000e+01 -6.354935437879755816e-04
1.200000000000000000e+01 -6.476718398464505764e-04
1.300000000000000000e+01 -6.450483147016622528e-04
1.400000000000000000e+01 7.433386750123139382e-05
1.500000000000000000e+01 -6.544910426714124025e-04
1.600000000000000000e+01 -6.652874750848933837e-04
1.700000000000000000e+01 -6.628446679244451344e-04
1.800000000000000000e+01 -6.620068606072345959e-04
1.900000000000000000e+01 -6.607333274801996869e-04
2.000000000000000000e+01 -6.467375101142102973e-04
2.100000000000000000e+01 2.422213322648209249e-03
2.200000000000000000e+01 -5.745244065577545609e-04
2.300000000000000000e+01 4.711790696251828316e-03
2.400000000000000000e+01 2.062080987920518818e-03
2.500000000000000000e+01 -6.236509812849337425e-04
2.600000000000000000e+01 -5.918331381296641162e-04
2.700000000000000000e+01 -3.850882078085456637e-04
2.800000000000000000e+01 1.526933177916987849e-03
2.900000000000000000e+01 -6.095201590677975676e-04
3.000000000000000000e+01 -6.477099967243304598e-04
1.000000000000000000e+00 -8.458871528104912308e-05
2.000000000000000000e+00 -5.676503744538394106e-04
3.000000000000000000e+00 -3.752297286859534640e-05
4.000000000000000000e+00 -2.167805992772414865e-04
5.000000000000000000e+00 -6.294978992666672287e-04
6.000000000000000000e+00 -6.512789548113410293e-04
7.000000000000000000e+00 1.048389580003438907e-04
8.000000000000000000e+00 2.006290849586324452e-03
9.000000000000000000e+00 -6.534796026995022804e-04
1.000000000000000000e+01 -6.594875370101186069e-04
1.100000000000000000e+01 -5.704709527950859978e-04
1.200000000000000000e+01 -6.418049311552654658e-04
1.300000000000000000e+01 -6.436806837437094274e-04
1.400000000000000000e+01 -2.946993853303562242e-05
1.500000000000000000e+01 -6.561465651586638210e-04
1.600000000000000000e+01 -6.583590009243705686e-04
1.700000000000000000e+01 -6.431707407236166496e-04
1.800000000000000000e+01 -6.556876293174668030e-04
1.900000000000000000e+01 -6.546450243520375622e-04
2.000000000000000000e+01 -6.510690676782012560e-04
2.100000000000000000e+01 3.158150697377920795e-03
2.200000000000000000e+01 -5.946969222931099662e-04
2.300000000000000000e+01 1.463672775633880537e-03
2.400000000000000000e+01 3.337831302529239378e-03
2.500000000000000000e+01 -6.060120975120236947e-04
2.600000000000000000e+01 -6.219085063958199261e-04
2.700000000000000000e+01 -4.794757196276699940e-04
2.800000000000000000e+01 2.796209320767969499e-03
2.900000000000000000e+01 -6.403756860849362529e-04
3.000000000000000000e+01 -6.400518079151000430e-04
1.000000000000000000e+00 -2.485622470643511516e-04
2.000000000000000000e+00 -5.707661256392066156e-04
3.000000000000000000e+00 -1.074897385687642934e-04
4.000000000000000000e+00 -3.444013660935949851e-04
5.000000000000000000e+00 -6.174097160570052182e-04
6.000000000000000000e+00 -6.500828986238123665e-04
7.000000000000000000e+00 1.314248953561572108e-04
8.000000000000000000e+00 1.788919145245817036e-03
9.000000000000000000e+00 -6.620938561819963855e-04
1.000000000000000000e+01 -6.614902622468300840e-04
1.100000000000000000e+01 -6.370932978548632039e-04
1.200000000000000000e+01 -6.580365667109851864e-04
1.300000000000000000e+01 -5.704979030014545316e-04
1.400000000000000000e+01 -5.860997743194677843e-04
1.500000000000000000e+01 -6.611357955826135469e-04
1.600000000000000000e+01 -6.625221024873041492e-04
1.700000000000000000e+01 -6.484335272093235238e-04
1.800000000000000000e+01 -6.588306099052568384e-04
1.900000000000000000e+01 -6.497061592334369860e-04
2.000000000000000000e+01 -6.509795741568840267e-04
2.100000000000000000e+01 1.581609582564777764e-03
2.200000000000000000e+01 -5.628152888363197005e-04
2.300000000000000000e+01 4.560711722486138035e-03
2.400000000000000000e+01 2.418790216563093936e-03
2.500000000000000000e+01 -5.872225735504033343e-04
2.600000000000000000e+01 -6.191660174560329171e-04
2.700000000000000000e+01 -3.517740928915755725e-04
2.800000000000000000e+01 3.125047126498462901e-03
2.900000000000000000e+01 -6.341220250301600036e-04
3.000000000000000000e+01 -6.279215819308329831e-04
1.000000000000000000e+00 1.670984113674643895e-04
2.000000000000000000e+00 -5.839785298631342426e-04
3.000000000000000000e+00 3.142478318109305480e-04
4.000000000000000000e+00 -3.331941123544766696e-04
5.000000000000000000e+00 -6.331232557108181641e-04
6.000000000000000000e+00 -6.797004805769700248e-04
7.000000000000000000e+00 -4.142662953998705743e-04
8.000000000000000000e+00 1.481763409931690246e-03
9.000000000000000000e+00 -6.888032900177532870e-04
1.000000000000000000e+01 -6.855482653938416854e-04
1.100000000000000000e+01 -5.727855840925487677e-04
1.200000000000000000e+01 -6.577371965402227169e-04
1.300000000000000000e+01 -5.718802919098358011e-04
1.400000000000000000e+01 -5.523259992525112426e-04
1.500000000000000000e+01 -6.804277116313232551e-04
1.600000000000000000e+01 -6.887994865687438765e-04
1.700000000000000000e+01 -6.809312055170545089e-04
1.800000000000000000e+01 -6.887805135562676635e-04
1.900000000000000000e+01 -6.732017344376155493e-04
2.000000000000000000e+01 -6.722617921490619012e-04
2.100000000000000000e+01 3.235072307516001673e-03
2.200000000000000000e+01 -6.156192068667964545e-04
2.300000000000000000e+01 3.296119970404233664e-03
2.400000000000000000e+01 3.063976978429394735e-03
2.500000000000000000e+01 -6.379856127396872070e-04
2.600000000000000000e+01 -6.278753769544793105e-04
2.700000000000000000e+01 -5.503005998079404980e-04
2.800000000000000000e+01 2.643642323299618714e-03
2.900000000000000000e+01 -6.482394969803875057e-04
3.000000000000000000e+01 -6.792422815723894681e-04
