1.000000000000000000e+00 -4.408143077017882957e-04
2.000000000000000000e+00 -6.257922130664288814e-04
3.000000000000000000e+00 -4.287460729337367726e-04
4.000000000000000000e+00 -4.804792633485387415e-04
5.000000000000000000e+00 -6.733240271613898835e-04
6.000000000000000000e+00 -5.309825566419607620e-04
7.000000000000000000e+00 3.270027499821692068e-04
8.000000000000000000e+00 1.458819706667141341e-03
9.000000000000000000e+00 -6.637346484685629436e-04
1.000000000000000000e+01 -6.707915811019930308e-04
1.100000000000000000e+01 -5.771240566562862561e-04
1.200000000000000000e+01 -6.798412644331070691e-04
1.300000000000000000e+01 -6.632699784836531198e-04
1.400000000000000000e+01 -3.189191924289571278e-04
1.500000000000000000e+01 -6.695429835723217546e-04
1.600000000000000000e+01 -6.719753937857700539e-04
1.700000000000000000e+01 -6.504950268250718525e-04
1.800000000000000000e+01 -6.794105739645784226e-04
1.900000000000000000e+01 -6.779797562768891984e-04
2.000000000000000000e+01 -6.517604467053985089e-04
2.100000000000000000e+01 1.151596035452206665e-03
2.200000000000000000e+01 -6.074078954352108090e-04
2.300000000000000000e+01 4.727850491741954903e-03
2.400000000000000000e+01 2.139253646141230179e-03
2.500000000000000000e+01 -6.371129967701639205e-04
2.600000000000000000e+01 -6.036788879493912774e-04
2.700000000000000000e+01 -5.198245352548158411e-04
2.800000000000000000e+01 4.605103716561130024e-03
2.900000000000000000e+01 -6.611413323866102785e-04
3.000000000000000000e+01 -6.548143393051610982e-04
1.000000000000000000e+00 -9.986221553845724044e-05
2.000000000000000000e+00 -5.605512710656650925e-04
3.000000000000000000e+00 -5.056967460679021508e-04
4.000000000000000000e+00 4.066449358423959731e-05
5.000000000000000000e+00 -6.355854097479797212e-04
6.000000000000000000e+00 -6.273550287486022534e-04
7.000000000000000000e+00 -1.732149455624706739e-04
8.000000000000000000e+00 3.102368031473255738e-03
9.000000000000000000e+00 -6.404786830501199265e-04
1.000000000000000000e+01 -6.542658377578144122e-04
1.100000000000000000e+01 -6.183182255062589280e-04
1.200000000000000000e+01 -6.480521864421426304e-04
1.300000000000000000e+01 -6.124528627898931160e-04
1.400000000000000000e+01 4.972459406287589112e-05
1.500000000000000000e+01 -6.546729883732893768e-04
1.600000000000000000e+01 -6.503380963972179869e-04
1.700000000000000000e+01 -6.139920993435747610e-04
1.800000000000000000e+01 -6.510544385998171413e-04
1.900000000000000000e+01 -6.503681896091965259e-04
2.000000000000000000e+01 -6.504429366611215934e-04
2.100000000000000000e+01 2.826161236307114279e-03
2.200000000000000000e+01 -5.704503890396741888e-04
2.300000000000000000e+01 2.945349719229437609e-03
2.400000000000000000e+01 2.229937137470623838e-03
2.500000000000000000e+01 -6.370404302965249326e-04
2.600000000000000000e+01 -5.742575942488926076e-04
2.700000000000000000e+01 -4.690694298699665723e-04
2.800000000000000000e+01 1.951993102274976639e-03
2.900000000000000000e+01 -6.314130317803089013e-04
3.000000000000000000e+01 -6.308515117405993130e-04
1.000000000000000000e+00 -4.220952271208347159e-04
2.000000000000000000e+00 -5.970899780147550942e-04
3.000000000000000000e+00 -3.864496682677843976e-04
4.000000000000000000e+00 -2.305591124718003729e-04
5.000000000000000000e+00 -6.337419438299964200e-04
6.000000000000000000e+00 -6.522447166601055661e-04
7.000000000000000000e+00 -2.862955329842852286e-04
8.000000000000000000e+00 1.528412872763803545e-03
9.000000000000000000e+00 -6.596299001420263559e-04
1.000000000000000000e+01 -6.684030020417792116e-04
1.100000000000000000e+01 -5.445169331754147512e-04
1.200000000000000000e+01 -6.432032548471009565e-04
1.300000000000000000e+01 -6.364277746826010104e-04
1.400000000000000000e+01 -3.093352347891520338e-04
1.500000000000000000e+01 -6.571930908362943590e-04
1.600000000000000000e+01 -6.662023467044779143e-04
1.700000000000000000e+01 -6.526547561181210389e-04
1.800000000000000000e+01 -6.646605153018626724e-04
1.900000000000000000e+01 -6.623856503240634075e-04
2.000000000000000000e+01 -6.590235198727632283e-04
2.100000000000000000e+01 2.400850271511926603e-03
2.200000000000000000e+01 -5.862358074569363293e-04
2.300000000000000000e+01 5.157809192542816938e-03
2.400000000000000000e+01 2.457204766515246833e-03
2.500000000000000000e+01 -6.276083155376617397e-04
2.600000000000000000e+01 -5.503389408261271168e-04
2.700000000000000000e+01 -5.565703619103599085e-04
2.800000000000000000e+01 2.637147433276731175e-03
2.900000000000000000e+01 -6.119061391841444132e-04
3.000000000000000000e+01 -6.489914382960016185e-04
1.000000000000000000e+00 -2.689989497064768737e-04
2.000000000000000000e+00 -5.872198224800019009e-04
3.000000000000000000e+00 -6.692103172029875615e-05
4.000000000000000000e+00 -1.808488229196922558e-05
5.000000000000000000e+00 -6.351489390759993466e-04
6.000000000000000000e+00 -6.416423304406692870e-04
7.000000000000000000e+00 -1.826983635789947017e-04
8.000000000000000000e+00 2.671802505583757616e-03
9.000000000000000000e+00 -6.440012143058000509e-04
1.000000000000000000e+01 -6.475548794281093829e-04
1.100000000000000000e+01 -6.096374889592804042e-04
1.200000000000000000e+01 -6.136111577602498682e-04
1.300000000000000000e+01 -5.326135637136089184e-04
1.400000000000000000e+01 -2.500990390700059572e-04
1.500000000000000000e+01 -6.437025088783732618e-04
1.600000000000000000e+01 -6.495681827363366948e-04
1.700000000000000000e+01 -6.329515004966088706e-04
1.800000000000000000e+01 -6.519564175233720808e-04
1.900000000000000000e+01 -6.499575316294336699e-04
2.000000000000000000e+01 -6.436917759619503483e-04
2.100000000000000000e+01 3.544636352182650111e-03
2.200000000000000000e+01 -6.137323305013982471e-04
2.300000000000000000e+01 3.225603308655115853e-03
2.400000000000000000e+01 2.230587650544291201e-03
2.500000000000000000e+01 -6.039725064260652917e-04
2.600000000000000000e+01 -5.763957591307963639e-04
2.700000000000000000e+01 -4.585490608652122743e-04
2.800000000000000000e+01 1.352324882293659807e-03
2.900000000000000000e+01 -5.815902243419198174e-04
3.000000000000000000e+01 -6.404989908207108298e-04
1.000000000000000000e+00 -1.809970581293169137e-04
2.000000000000000000e+00 -5.997684760415597765e-04
3.000000000000000000e+00 -8.469938042852189234e-05
4.000000000000000000e+00 4.248037519163681093e-04
5.000000000000000000e+00 -6.442135462569114832e-04
6.000000000000000000e+00 -6.401285582734441912e-04
7.000000000000000000e+00 -2.541999291420845436e-04
8.000000000000000000e+00 9.159625682861524936e-04
9.000000000000000000e+00 -6.510663681919541968e-04
1.000000000000000000e+01 -6.534439800941133688e-04
1.100000000000000000e+01 -5.600821421140130983e-04
1.200000000000000000e+01 -6.338742069963186144e-04
1.300000000000000000e+01 -5.559510327466171079e-04
1.400000000000000000e+01 -4.396377844159489630e-04
1.500000000000000000e+01 -6.429663391426855296e-04
1.600000000000000000e+01 -6.548133347927320236e-04
1.700000000000000000e+01 -6.514342076967491197e-04
1.800000000000000000e+01 -6.581385787826437260e-04
1.900000000000000000e+01 -6.495731393514942885e-04
2.000000000000000000e+01 -6.385240235339055244e-04
2.100000000000000000e+01 3.679895454833715697e-03
2.200000000000000000e+01 -5.807965988063141724e-04
2.300000000000000000e+01 3.701047115743477580e-03
2.400000000000000000e+01 2.193937019944673054e-03
2.500000000000000000e+01 -6.199554241238459029e-04
2.600000000000000000e+01 -5.846218010242486794e-04
2.700000000000000000e+01 -5.073459177300769117e-04
2.800000000000000000e+01 2.413196297247409677e-03
2.900000000000000000e+01 -6.378139486714306779e-04
3.000000000000000000e+01 -6.358366425358520820e-04
1.000000000000000000e+00 -4.492116787453045686e-04
2.000000000000000000e+00 -5.886618966378013131e-04
3.000000000000000000e+00 -2.301906918199603312e-04
4.000000000000000000e+00 -3.284731064439422267e-04
5.000000000000000000e+00 -6.763361500264117960e-04
6.000000000000000000e+00 -6.408166264551284387e-04
7.000000000000000000e+00 -1.607874002570104958e-04
8.000000000000000000e+00 3.351794697465694528e-03
9.000000000000000000e+00 -6.809819983463516512e-04
1.000000000000000000e+01 -6.840325205879926353e-04
1.100000000000000000e+01 -6.503644456807753348e-04
1.200000000000000000e+01 -6.651873059648098297e-04
1.300000000000000000e+01 -5.913116888959154280e-04
1.400000000000000000e+01 -2.531842813973532208e-04
1.500000000000000000e+01 -6.777937970545592833e-04
1.600000000000000000e+01 -6.850012124732262654e-04
1.700000000000000000e+01 -6.770795534992362719e-04
1.800000000000000000e+01 -6.864787951117997744e-04
1.900000000000000000e+01 -6.764039524766659065e-04
2.000000000000000000e+01 -6.738587485577916510e-04
2.100000000000000000e+01 2.165105918912346890e-03
2.200000000000000000e+01 -6.028981170021956246e-04
2.300000000000000000e+01 4.494540937381678349e-03
2.400000000000000000e+01 1.487881587012247981e-03
2.500000000000000000e+01 -6.326831477320159517e-04
2.600000000000000000e+01 -6.321457193875149169e-04
2.700000000000000000e+01 -3.338125794526996442e-04
2.800000000000000000e+01 2.665716907073047582e-03
2.900000000000000000e+01 -6.498171913051018758e-04
3.000000000000000000e+01 -6.607427922592124143e-04
1.000000000000000000e+00 -1.775374867134600263e-04
2.000000000000000000e+00 -6.364712918474983152e-04
3.000000000000000000e+00 -2.712069806512413823e-04
4.000000000000000000e+00 1.017042828120723455e-04
5.000000000000000000e+00 -6.535313534182332108e-04
6.000000000000000000e+00 -6.656903851033589559e-04
7.000000000000000000e+00 -4.505036188408448805e-04
8.000000000000000000e+00 1.324495082366371071e-03
9.000000000000000000e+00 -6.776279776135223434e-04
1.000000000000000000e+01 -6.699859956719758603e-04
1.100000000000000000e+01 -6.232454591538994990e-04
1.200000000000000000e+01 -6.307146247634949458e-04
1.300000000000000000e+01 -6.391422626880272420e-04
1.400000000000000000e+01 -7.812812546157469056e-05
1.500000000000000000e+01 -6.635317852834469662e-04
1.600000000000000000e+01 -6.775329084499873318e-04
1.700000000000000000e+01 -6.617588165489589032e-04
1.800000000000000000e+01 -6.780108841733403866e-04
1.900000000000000000e+01 -6.717592758174984694e-04
2.000000000000000000e+01 -6.659454489514834465e-04
2.100000000000000000e+01 2.440520345789483261e-03
2.200000000000000000e+01 -6.065370688889066067e-04
2.300000000000000000e+01 3.660210002569400534e-03
2.400000000000000000e+01 3.977989586961198747e-03
2.500000000000000000e+01 -6.059730417565922095e-04
2.600000000000000000e+01 -6.028825899680371027e-04
2.700000000000000000e+01 -6.287860733705566939e-04
2.800000000000000000e+01 2.420420026580377606e-03
2.900000000000000000e+01 -6.445885010262719867e-04
3.000000000000000000e+01 -6.645239709585768666e-04
1.000000000000000000e+00 -5.742189783924278763e-04
2.000000000000000000e+00 -6.211010601937643491e-04
3.000000000000000000e+00 -2.152187381070325644e-04
4.000000000000000000e+00 -1.278313334135071063e-04
5.000000000000000000e+00 -6.638004377037365171e-04
6.000000000000000000e+00 -6.635726242600310061e-04
7.000000000000000000e+00 -4.404763186202590580e-04
8.000000000000000000e+00 2.019364133206559119e-03
9.000000000000000000e+00 -6.565588776064613637e-04
1.000000000000000000e+01 -6.650729285164572483e-04
1.100000000000000000e+01 -6.261873191959939095e-04
1.200000000000000000e+01 -6.316453410382759761e-04
1.300000000000000000e+01 -6.338002539257036076e-04
1.400000000000000000e+01 -3.629900255855854547e-04
1.500000000000000000e+01 -6.673190477119588264e-04
1.600000000000000000e+01 -6.651991682207650074e-04
1.700000000000000000e+01 -6.556984985311897687e-04
1.800000000000000000e+01 -6.634556974468094762e-04
1.900000000000000000e+01 -6.667146769776530809e-04
2.000000000000000000e+01 -6.636393697301461777e-04
2.100000000000000000e+01 2.142739745059214253e-03
2.200000000000000000e+01 -6.159373426878607220e-04
2.300000000000000000e+01 4.748625815891456201e-03
2.400000000000000000e+01 1.969929665868005303e-03
2.500000000000000000e+01 -6.442804398568901733e-04
2.600000000000000000e+01 -5.930112543816886241e-04
2.700000000000000000e+01 -4.427190421666640958e-04
2.800000000000000000e+01 3.539009403902768081e-03
2.900000000000000000e+01 -6.336629637219823221e-04
3.000000000000000000e+01 -6.503416865069972181e-04
1.000000000000000000e+00 -3.704072549081336698e-04
2.000000000000000000e+00 -5.955609899482826059e-04
3.000000000000000000e+00 -3.255341619558898788e-04
4.000000000000000000e+00 3.591787885128395314e-04
5.000000000000000000e+00 -6.575746054318298492e-04
6.000000000000000000e+00 -6.470468629813344759e-04
7.000000000000000000e+00 -5.068612243495617667e-04
8.000000000000000000e+00 9.217715191427308056e-04
9.000000000000000000e+00 -6.572073801200767297e-04
1.000000000000000000e+01 -6.618413443074309087e-04
1.100000000000000000e+01 -6.472564935558778329e-04
1.200000000000000000e+01 -6.572149121885784021e-04
1.300000000000000000e+01 -6.498806182736700321e-04
1.400000000000000000e+01 -7.617839217753866860e-05
1.500000000000000000e+01 -6.629731991734901702e-04
1.600000000000000000e+01 -6.646924517700659486e-04
1.700000000000000000e+01 -6.373359638838429087e-04
1.800000000000000000e+01 -6.604233636479043667e-04
1.900000000000000000e+01 -6.516110372156736505e-04
2.000000000000000000e+01 -6.528919548671679269e-04
2.100000000000000000e+01 1.644237528720532198e-03
2.200000000000000000e+01 -6.037372284292497147e-04
2.300000000000000000e+01 3.540768703179326092e-03
2.400000000000000000e+01 2.946043903029525908e-03
2.500000000000000000e+01 -6.184198319001138347e-04
2.600000000000000000e+01 -6.142848178022597113e-04
2.700000000000000000e+01 -5.712002314242961825e-04
2.800000000000000000e+01 4.638795641043937795e-03
2.900000000000000000e+01 -6.387612527079799271e-04
3.000000000000000000e+01 -6.390782527416692367e-04
1.000000000000000000e+00 -3.781425844172554601e-04
2.000000000000000000e+00 -6.284719717457822779e-04
3.000000000000000000e+00 -6.669362041377412424e-04
4.000000000000000000e+00 -6.129442980034777210e-04
5.000000000000000000e+00 -6.716908643679494638e-04
6.000000000000000000e+00 -6.651036864337307166e-04
7.000000000000000000e+00 -1.245864927445845718e-04
8.000000000000000000e+00 2.200250519051163978e-03
9.000000000000000000e+00 -6.625405135038125873e-04
1.000000000000000000e+01 -6.902055736225506596e-04
1.100000000000000000e+01 -5.902435412592545996e-04
1.200000000000000000e+01 -6.595228087919550184e-04
1.300000000000000000e+01 -6.639628802222693506e-04
1.400000000000000000e+01 -3.773206000844275148e-04
1.500000000000000000e+01 -6.741417034095407469e-04
1.600000000000000000e+01 -6.914711286052708898e-04
1.700000000000000000e+01 -6.733766418799566828e-04
1.800000000000000000e+01 -6.907801825919860153e-04
1.900000000000000000e+01 -6.790390018131097633e-04
2.000000000000000000e+01 -6.800102954003096715e-04
2.100000000000000000e+01 2.377218916924222266e-03
2.200000000000000000e+01 -6.377128680181389430e-04
2.300000000000000000e+01 3.565369327641904149e-03
2.400000000000000000e+01 2.266388505814541550e-03
2.500000000000000000e+01 -6.674522645311844115e-04
2.600000000000000000e+01 -6.244300779980033840e-04
2.700000000000000000e+01 -2.822237902188829621e-04
2.800000000000000000e+01 4.598271536841500202e-03
2.900000000000000000e+01 -6.595736621188131145e-04
3.000000000000000000e+01 -6.628876750772895584e-04
1.000000000000000000e+00 -5.326237774074748469e-04
2.000000000000000000e+00 -6.261525606347697736e-04
3.000000000000000000e+00 -3.526139088881218757e-04
4.000000000000000000e+00 -1.788370691373454481e-04
5.000000000000000000e+00 -6.671754577960976830e-04
6.000000000000000000e+00 -6.836487346124887031e-04
7.000000000000000000e+00 -1.179612569974244852e-04
8.000000000000000000e+00 1.426286595789832317e-03
9.000000000000000000e+00 -6.766684532645101877e-04
1.000000000000000000e+01 -6.928247952289481003e-04
1.100000000000000000e+01 -5.957716678324090961e-04
1.200000000000000000e+01 -6.769127988391430550e-04
1.300000000000000000e+01 -6.951212430368783161e-04
1.400000000000000000e+01 -2.744339234386780429e-04
1.500000000000000000e+01 -6.972067549088540889e-04
1.600000000000000000e+01 -6.934376028891844120e-04
1.700000000000000000e+01 -6.764475239101000329e-04
1.800000000000000000e+01 -6.942294860177564055e-04
1.900000000000000000e+01 -6.942741846194622288e-04
2.000000000000000000e+01 -6.885603721685897363e-04
2.100000000000000000e+01 2.916171133079410293e-03
2.200000000000000000e+01 -5.992797496439225460e-04
2.300000000000000000e+01 4.406607034411551618e-03
2.400000000000000000e+01 3.398943565049633141e-03
2.500000000000000000e+01 -6.155994840693660656e-04
2.600000000000000000e+01 -6.666656371025950602e-04
2.700000000000000000e+01 -3.806804945381084293e-04
2.800000000000000000e+01 2.304947256196883919e-03
2.900000000000000000e+01 -6.344458894358208671e-04
3.000000000000000000e+01 -6.769384940414285108e-04
1.000000000000000000e+00 -1.998724745888661987e-04
2.000000000000000000e+00 -6.079869282851648035e-04
3.000000000000000000e+00 2.498466745639022608e-04
4.000000000000000000e+00 -9.335994480512469190e-05
5.000000000000000000e+00 -6.665929299945909164e-04
6.000000000000000000e+00 -6.605162054795142524e-04
7.000000000000000000e+00 -2.601651503283899003e-04
8.000000000000000000e+00 2.776644851965468213e-03
9.000000000000000000e+00 -6.767779111023963703e-04
1.000000000000000000e+01 -6.789333967802637553e-04
1.100000000000000000e+01 -6.407748085056381862e-04
1.200000000000000000e+01 -6.670371956966563527e-04
1.300000000000000000e+01 -6.598851140715017308e-04
1.400000000000000000e+01 -5.451671623633308353e-04
1.500000000000000000e+01 -6.721651440276459966e-04
1.600000000000000000e+01 -6.785073933846023052e-04
1.700000000000000000e+01 -6.649019589949885321e-04
1.800000000000000000e+01 -6.782909772809869427e-04
1.900000000000000000e+01 -6.731052548772069192e-04
2.000000000000000000e+01 -6.759467082957527472e-04
2.100000000000000000e+01 2.563549930953652311e-03
2.200000000000000000e+01 -6.026446501451188922e-04
2.300000000000000000e+01 3.641629987405632912e-03
2.400000000000000000e+01 2.653157268040073815e-03
2.500000000000000000e+01 -6.224774999548612258e-04
2.600000000000000000e+01 -6.153699482876369420e-04
2.700000000000000000e+01 -2.699475124312990357e-04
2.800000000000000000e+01 1.861810268139299160e-03
2.900000000000000000e+01 -5.950371023816490319e-04
3.000000000000000000e+01 -6.696540572801537063e-04
1.000000000000000000e+00 -3.414901273419822941e-04
2.000000000000000000e+00 -6.363692629943503831e-04
3.000000000000000000e+00 -9.639846989744066798e-05
4.000000000000000000e+00 -4.255154018646509933e-04
5.000000000000000000e+00 -6.580480151299455266e-04
6.000000000000000000e+00 -6.614951889331317347e-04
7.000000000000000000e+00 4.528433155480939758e-04
8.000000000000000000e+00 2.159383833877298771e-03
9.000000000000000000e+00 -6.767636188348402897e-04
1.000000000000000000e+01 -6.750131725981133425e-04
1.100000000000000000e+01 -5.753150912569963884e-04
1.200000000000000000e+01 -6.504270295325909708e-04
1.300000000000000000e+01 -6.475839432757592292e-04
1.400000000000000000e+01 -5.413990965175086373e-04
1.500000000000000000e+01 -6.704230495785859891e-04
1.600000000000000000e+01 -6.788244735038908998e-04
1.700000000000000000e+01 -6.506250175441721144e-04
1.800000000000000000e+01 -6.736460901416707874e-04
1.900000000000000000e+01 -6.737281637574061384e-04
2.000000000000000000e+01 -6.534181289566881124e-04
2.100000000000000000e+01 2.579778920444344460e-03
2.200000000000000000e+01 -6.432493181990290090e-04
2.300000000000000000e+01 2.088395017925182007e-03
2.400000000000000000e+01 3.147957753908082936e-03
2.500000000000000000e+01 -6.497522294950913019e-04
2.600000000000000000e+01 -6.367413029406507764e-04
2.700000000000000000e+01 -1.695397213245929829e-04
2.800000000000000000e+01 3.529833005330016392e-03
2.900000000000000000e+01 -6.231755811509933317e-04
3.000000000000000000e+01 -6.741956031679216879e-04
1.000000000000000000e+00 -5.163215642174072027e-04
2.000000000000000000e+00 -5.830357437867306420e-04
3.000000000000000000e+00 9.647342650478226615e-05
4.000000000000000000e+00 -5.085918954082067510e-04
5.000000000000000000e+00 -6.894149173060008622e-04
6.000000000000000000e+00 -6.871879596760303941e-04
7.000000000000000000e+00 7.977845454721514467e-04
8.000000000000000000e+00 4.319254284355587489e-03
9.000000000000000000e+00 -6.884214520746545539e-04
1.000000000000000000e+01 -6.956965521855272170e-04
1.100000000000000000e+01 -6.872530548842683282e-04
1.200000000000000000e+01 -6.847942720788731744e-04
1.300000000000000000e+01 -5.888343133171009902e-04
1.400000000000000000e+01 -3.215239105182995829e-04
1.500000000000000000e+01 -6.896800787460747890e-04
1.600000000000000000e+01 -6.872386148848208575e-04
1.700000000000000000e+01 -6.895088673524745913e-04
1.800000000000000000e+01 -6.921393749979747653e-04
1.900000000000000000e+01 -6.935704761254420396e-04
2.000000000000000000e+01 -6.903490890363459366e-04
2.100000000000000000e+01 2.132077309247592395e-03
2.200000000000000000e+01 -5.648172350796805581e-04
2.300000000000000000e+01 3.320446379224354511e-03
2.400000000000000000e+01 1.481485800282777380e-03
2.500000000000000000e+01 -6.619390824470003506e-04
2.600000000000000000e+01 -6.456588275990293637e-04
2.700000000000000000e+01 -5.472245149412570788e-04
2.800000000000000000e+01 2.427739610333436073e-03
2.900000000000000000e+01 -6.930332363251908790e-04
3.000000000000000000e+01 -6.886029782132021366e-04
1.000000000000000000e+00 -4.214343394137656383e-04
2.000000000000000000e+00 -6.077352250222116739e-04
3.000000000000000000e+00 -3.343145506876134005e-04
4.000000000000000000e+00 -5.850203712837031157e-04
5.000000000000000000e+00 -6.705281620905111399e-04
6.000000000000000000e+00 -5.803777996617164861e-04
7.000000000000000000e+00 -1.097949175110034451e-05
8.000000000000000000e+00 3.768580167914108506e-03
9.000000000000000000e+00 -6.649888298479590502e-04
1.000000000000000000e+01 -6.794631270908719481e-04
1.100000000000000000e+01 -6.447404689200569557e-04
1.200000000000000000e+01 -6.628326968979372791e-04
1.300000000000000000e+01 -6.651124434424800398e-04
1.400000000000000000e+01 -2.016173449435977648e-04
1.500000000000000000e+01 -6.764478833160080624e-04
1.600000000000000000e+01 -6.735984983551788173e-04
1.700000000000000000e+01 -6.547926695832616273e-04
1.800000000000000000e+01 -6.760168779654624708e-04
1.900000000000000000e+01 -6.702966581949107048e-04
2.000000000000000000e+01 -6.573687075715935191e-04
2.100000000000000000e+01 1.171245828644855869e-03
2.200000000000000000e+01 -5.956861887677782118e-04
2.300000000000000000e+01 3.322317271906581864e-03
2.400000000000000000e+01 2.765636449660619639e-03
2.500000000000000000e+01 -6.636439252423990834e-04
2.600000000000000000e+01 -6.357414632059088478e-04
2.700000000000000000e+01 -4.306789857452257195e-04
2.800000000000000000e+01 3.308186676463084185e-03
2.900000000000000000e+01 -6.262090445921023301e-04
3.000000000000000000e+01 -6.678991230993198101e-04
1.000000000000000000e+00 -2.532471366434184868e-04
2.000000000000000000e+00 -6.249721327417992207e-04
3.000000000000000000e+00 -2.305883941753292469e-05
4.000000000000000000e+00 7.310791782727353713e-05
5.000000000000000000e+00 -6.181155600194689764e-04
6.000000000000000000e+00 -6.522594821322399245e-04
7.000000000000000000e+00 -5.004465266641596431e-04
8.000000000000000000e+00 1.748098700555471069e-03
9.000000000000000000e+00 -6.476641510667153958e-04
1.000000000000000000e+01 -6.643015576460795492e-04
1.100000000000000000e+01 -6.648366230397156603e-04
1.200000000000000000e+01 -6.481521995568343113e-04
1.300000000000000000e+01 -6.557502615387281490e-04
1.400000000000000000e+01 -5.706821726188508357e-04
1.500000000000000000e+01 -6.574785485183656797e-04
1.600000000000000000e+01 -6.678497683548529230e-04
1.700000000000000000e+01 -6.634061086059886338e-04
1.800000000000000000e+01 -6.685427836705568842e-04
1.900000000000000000e+01 -6.488937210660672026e-04
2.000000000000000000e+01 -6.584533330763586278e-04
2.100000000000000000e+01 2.954399009680605624e-03
2.200000000000000000e+01 -5.900702557753831259e-04
2.300000000000000000e+01 4.743595112419584682e-03
2.400000000000000000e+01 2.906536139877762513e-03
2.500000000000000000e+01 -5.788226676037450677e-04
2.600000000000000000e+01 -6.074743104428537068e-04
2.700000000000000000e+01 -5.051331322528618229e-04
2.800000000000000000e+01 1.576965051791027680e-03
2.900000000000000000e+01 -6.241559399716786619e-04
3.000000000000000000e+01 -6.381990814046252210e-04
1.000000000000000000e+00 -4.224187451817658823e-04
2.000000000000000000e+00 -5.668057467414500117e-04
3.000000000000000000e+00 -1.389213436806589850e-04
4.000000000000000000e+00 -2.424429445811180695e-04
5.000000000000000000e+00 -6.534063724602308821e-04
6.000000000000000000e+00 -6.533847691247131545e-04
7.000000000000000000e+00 -3.336783230692676942e-05
8.000000000000000000e+00 2.527557783273566387e-03
9.000000000000000000e+00 -6.491928747077883389e-04
1.000000000000000000e+01 -6.624681512637817064e-04
1.100000000000000000e+01 -6.360202881369008939e-04
1.200000000000000000e+01 -6.406899246700342851e-04
1.300000000000000000e+01 -6.410793643105626395e-04
1.400000000000000000e+01 1.074556986701051759e-04
1.500000000000000000e+01 -6.549436287067039470e-04
1.600000000000000000e+01 -6.614293305988455532e-04
1.700000000000000000e+01 -6.524939943671574909e-04
1.800000000000000000e+01 -6.571662673622690864e-04
1.900000000000000000e+01 -6.552068504268162901e-04
2.000000000000000000e+01 -6.452048348418540922e-04
2.100000000000000000e+01 2.002809969794016719e-03
2.200000000000000000e+01 -5.932021407978473699e-04
2.300000000000000000e+01 3.155468835488602162e-03
2.400000000000000000e+01 3.069118908627516563e-03
2.500000000000000000e+01 -6.162027647390486097e-04
2.600000000000000000e+01 -6.283918175318234422e-04
2.700000000000000000e+01 -5.419960816597781074e-04
2.800000000000000000e+01 2.658952748361929734e-03
2.900000000000000000e+01 -6.504289202604137581e-04
3.000000000000000000e+01 -6.479158346894047177e-04
1.000000000000000000e+00 -4.270995068388967102e-04
2.000000000000000000e+00 -5.971759742476979516e-04
3.000000000000000000e+00 1.919786982614401615e-04
4.000000000000000000e+00 -4.904434322493464709e-04
5.000000000000000000e+00 -6.423643594179016683e-04
6.000000000000000000e+00 -6.318827418276003844e-04
7.000000000000000000e+00 3.990678251281431859e-04
8.000000000000000000e+00 1.836507947933965290e-03
9.000000000000000000e+00 -6.518972931358481921e-04
1.000000000000000000e+01 -6.441059797317697389e-04
1.100000000000000000e+01 -4.718277714170320534e-04
1.200000000000000000e+01 -6.404965449676641503e-04
1.300000000000000000e+01 -6.176384941395983777e-04
1.400000000000000000e+01 -3.694655171307536113e-04
1.500000000000000000e+01 -6.473205651761350073e-04
1.600000000000000000e+01 -6.573956224944278205e-04
1.700000000000000000e+01 -6.458442904797560445e-04
1.800000000000000000e+01 -6.542839336576016136e-04
1.900000000000000000e+01 -6.566542413812326067e-04
2.000000000000000000e+01 -6.490159100149081204e-04
2.100000000000000000e+01 2.243226404581633894e-03
2.200000000000000000e+01 -5.905326196978304349e-04
2.300000000000000000e+01 3.623269956716879472e-03
2.400000000000000000e+01 2.823612669584842083e-03
2.500000000000000000e+01 -6.137263283853874440e-04
2.600000000000000000e+01 -6.273912610590438865e-04
2.700000000000000000e+01 -5.150212676996879929e-04
2.800000000000000000e+01 2.576211746188242831e-03
2.900000000000000000e+01 -6.234968312497381725e-04
3.000000000000000000e+01 -6.478642048205100019e-04
1.000000000000000000e+00 -3.552196685118920992e-04
2.000000000000000000e+00 -6.159954922692964388e-04
3.000000000000000000e+00 5.060269739777716134e-04
4.000000000000000000e+00 -8.796997028725281732e-05
5.000000000000000000e+00 -6.611862660696464803e-04
6.000000000000000000e+00 -6.626221805108915798e-04
7.000000000000000000e+00 -3.634150733888847750e-04
8.000000000000000000e+00 1.824327882193389023e-03
9.000000000000000000e+00 -6.720393573333657312e-04
1.000000000000000000e+01 -6.766503701752631583e-04
1.100000000000000000e+01 -6.422660537212910399e-04
1.200000000000000000e+01 -6.511590844790798773e-04
1.300000000000000000e+01 -5.661753977813930357e-04
1.400000000000000000e+01 -9.553367086163713805e-06
1.500000000000000000e+01 -6.653478435529678724e-04
1.600000000000000000e+01 -6.773638187197961137e-04
1.700000000000000000e+01 -6.660016909522996570e-04
1.800000000000000000e+01 -6.739569719896110547e-04
1.900000000000000000e+01 -6.729965522687144080e-04
2.000000000000000000e+01 -6.720099200516260274e-04
2.100000000000000000e+01 3.414463750683389975e-03
2.200000000000000000e+01 -6.404552100183695095e-04
2.300000000000000000e+01 3.827483827849489494e-03
2.400000000000000000e+01 2.933975229783955443e-03
2.500000000000000000e+01 -5.971052258591947465e-04
2.600000000000000000e+01 -6.153445537300878060e-04
2.700000000000000000e+01 -3.957913445761551989e-04
2.800000000000000000e+01 9.740789283174630143e-04
2.900000000000000000e+01 -6.112384181989743157e-04
3.000000000000000000e+01 -6.696207404891046065e-04
1.000000000000000000e+00 -3.975111495800607631e-04
2.000000000000000000e+00 -6.215015477997014315e-04
3.000000000000000000e+00 -2.654456591335157298e-04
4.000000000000000000e+00 1.565120035948260242e-04
5.000000000000000000e+00 -6.593096863491836089e-04
6.000000000000000000e+00 -6.337662800442771726e-04
7.000000000000000000e+00 -4.649356993931544270e-04
8.000000000000000000e+00 6.263827929895877120e-04
9.000000000000000000e+00 -6.606027587659798854e-04
1.000000000000000000e+01 -6.722573162198043541e-04
1.100000000000000000e+01 -6.354414247260137347e-04
1.200000000000000000e+01 -6.708955707877845703e-04
1.300000000000000000e+01 -6.322389166423034298e-04
1.400000000000000000e+01 -5.561423480179510754e-04
1.500000000000000000e+01 -6.660844851498266177e-04
1.600000000000000000e+01 -6.730097567744628860e-04
1.700000000000000000e+01 -6.554721517920089092e-04
1.800000000000000000e+01 -6.732789459777564420e-04
1.900000000000000000e+01 -6.697053982976906589e-04
2.000000000000000000e+01 -6.645657393374419537e-04
2.100000000000000000e+01 3.171592971374950949e-03
2.200000000000000000e+01 -6.351755565615472589e-04
2.300000000000000000e+01 3.903505217450534397e-03
2.400000000000000000e+01 2.547149073586647047e-03
2.500000000000000000e+01 -5.857295315038042955e-04
2.600000000000000000e+01 -6.244385025093888639e-04
2.700000000000000000e+01 -5.017467582274159291e-04
2.800000000000000000e+01 4.085014636962602981e-03
2.900000000000000000e+01 -6.478338035242372757e-04
3.000000000000000000e+01 -6.490407470777456202e-04
1.000000000000000000e+00 -3.132980257330115819e-04
2.000000000000000000e+00 -6.410125552243669655e-04
3.000000000000000000e+00 3.662814949713037835e-04
4.000000000000000000e+00 -3.294799579342198295e-04
5.000000000000000000e+00 -6.282684406096161441e-04
6.000000000000000000e+00 -5.644111896659798761e-04
7.000000000000000000e+00 -3.725570354680927954e-04
8.000000000000000000e+00 6.953223775513620898e-04
9.000000000000000000e+00 -6.637324161365602089e-04
1.000000000000000000e+01 -6.577609121648658481e-04
1.100000000000000000e+01 -6.291058485129196777e-04
1.200000000000000000e+01 -6.346898912969339574e-04
1.300000000000000000e+01 -6.345994030586624146e-04
1.400000000000000000e+01 -5.921112202401210452e-04
1.500000000000000000e+01 -6.634064495457261219e-04
1.600000000000000000e+01 -6.604989089400345979e-04
1.700000000000000000e+01 -6.543096663377128168e-04
1.800000000000000000e+01 -6.634166264604506860e-04
1.900000000000000000e+01 -6.532461063364786982e-04
2.000000000000000000e+01 -6.343790680839903962e-04
2.100000000000000000e+01 3.311214011533691794e-03
2.200000000000000000e+01 -6.271518970115038663e-04
2.300000000000000000e+01 4.209430053850592504e-03
2.400000000000000000e+01 3.542502029268585276e-03
2.500000000000000000e+01 -6.252590846720101512e-04
2.600000000000000000e+01 -5.927602912279750138e-04
2.700000000000000000e+01 -2.661620266136232151e-04
2.800000000000000000e+01 1.776893793512083390e-03
2.900000000000000000e+01 -5.844122616896834602e-04
3.000000000000000000e+01 -6.553054093153219944e-04
1.000000000000000000e+00 -1.742542421005161370e-04
2.000000000000000000e+00 -6.096685761031035407e-04
3.000000000000000000e+00 -4.917153907404562575e-04
4.000000000000000000e+00 -2.752643288920931380e-04
5.000000000000000000e+00 -6.792007804440701848e-04
6.000000000000000000e+00 -6.891492596311205423e-04
7.000000000000000000e+00 -4.953265429878142513e-04
8.000000000000000000e+00 1.565763228523436900e-03
9.000000000000000000e+00 -7.162750958940550076e-04
1.000000000000000000e+01 -7.170460755998530299e-04
1.100000000000000000e+01 -6.925898685160073419e-04
1.200000000000000000e+01 -6.846345563842595652e-04
1.300000000000000000e+01 -7.071113682472831034e-04
1.400000000000000000e+01 -3.561995002054562883e-04
1.500000000000000000e+01 -7.007554197078549050e-04
1.600000000000000000e+01 -7.163670584597806165e-04
1.700000000000000000e+01 -7.118110727058225016e-04
1.800000000000000000e+01 -7.196985774784560655e-04
1.900000000000000000e+01 -7.054794039039601495e-04
2.000000000000000000e+01 -7.070854497913653782e-04
2.100000000000000000e+01 4.550779286604445494e-03
2.200000000000000000e+01 -5.897559906333681634e-04
2.300000000000000000e+01 2.791619493496647151e-03
2.400000000000000000e+01 3.851592301171885210e-03
2.500000000000000000e+01 -6.456554215152839104e-04
2.600000000000000000e+01 -6.634743415159464336e-04
2.700000000000000000e+01 -2.550156461613418643e-04
2.800000000000000000e+01 2.295591685005613902e-03
2.900000000000000000e+01 -7.034233621911992369e-04
3.000000000000000000e+01 -6.797905884292519338e-04
1.000000000000000000e+00 -4.341037314321407399e-04
2.000000000000000000e+00 -5.638701597794215257e-04
3.000000000000000000e+00 4.801535705268341453e-04
4.000000000000000000e+00 -1.738954460736685640e-04
5.000000000000000000e+00 -6.621745832856012082e-04
6.000000000000000000e+00 -6.054782360875525082e-04
7.000000000000000000e+00 9.692397545329481878e-05
8.000000000000000000e+00 2.694336457164517046e-03
9.000000000000000000e+00 -6.646204994053947403e-04
1.000000000000000000e+01 -6.651921030844446230e-04
1.100000000000000000e+01 -6.283112880859742337e-04
1.200000000000000000e+01 -6.079858027809073020e-04
1.300000000000000000e+01 -5.838486245507041065e-04
1.400000000000000000e+01 -4.077356995519068654e-06
1.500000000000000000e+01 -6.608979542669146450e-04
1.600000000000000000e+01 -6.648094776953225723e-04
1.700000000000000000e+01 -6.579273574648764836e-04
1.800000000000000000e+01 -6.646009792509420533e-04
1.900000000000000000e+01 -6.539374776921738457e-04
2.000000000000000000e+01 -6.603599138426031632e-04
2.100000000000000000e+01 2.275118364194945487e-03
2.200000000000000000e+01 -5.892340551274675899e-04
2.300000000000000000e+01 4.619618240239017730e-03
2.400000000000000000e+01 1.736819067940028943e-03
2.500000000000000000e+01 -6.395852702614342406e-04
2.600000000000000000e+01 -6.328599042850747113e-04
2.700000000000000000e+01 -5.229436608226757655e-04
2.800000000000000000e+01 1.288905206546814937e-03
2.900000000000000000e+01 -6.234993208792758562e-04
3.000000000000000000e+01 -6.610360438183927531e-04
1.000000000000000000e+00 -4.632281369026332632e-04
2.000000000000000000e+00 -6.068321296388693754e-04
3.000000000000000000e+00 -3.657133988860747104e-04
4.000000000000000000e+00 -3.447622210455320610e-04
5.000000000000000000e+00 -6.775090663670899592e-04
6.000000000000000000e+00 -6.623392948429479782e-04
7.000000000000000000e+00 -1.098753246950579643e-04
8.000000000000000000e+00 3.871724271093979295e-03
9.000000000000000000e+00 -6.655259226632828347e-04
1.000000000000000000e+01 -6.872645926778148508e-04
1.100000000000000000e+01 -6.552562769994056202e-04
1.200000000000000000e+01 -6.700667430009903548e-04
1.300000000000000000e+01 -6.453338049464988832e-04
1.400000000000000000e+01 -3.882710196452613663e-04
1.500000000000000000e+01 -6.793715057521014511e-04
1.600000000000000000e+01 -6.791693053020248470e-04
1.700000000000000000e+01 -6.589751188903757466e-04
1.800000000000000000e+01 -6.873815366478323299e-04
1.900000000000000000e+01 -6.810674999339955040e-04
2.000000000000000000e+01 -6.730078512569412277e-04
2.100000000000000000e+01 2.493540902041695064e-03
2.200000000000000000e+01 -6.254241939421495249e-04
2.300000000000000000e+01 3.210354355634127081e-03
2.400000000000000000e+01 1.991496684251021013e-03
2.500000000000000000e+01 -6.570300934830101405e-04
2.600000000000000000e+01 -6.329429092201042072e-04
2.700000000000000000e+01 -5.103736289674513102e-04
2.800000000000000000e+01 3.148915721165350488e-03
2.900000000000000000e+01 -6.572337060892785316e-04
3.000000000000000000e+01 -6.714334676407214281e-04
1.000000000000000000e+00 -5.500076749011736108e-04
2.000000000000000000e+00 -5.992382008382748145e-04
3.000000000000000000e+00 -1.654305073403102456e-04
4.000000000000000000e+00 -8.628860887649849373e-05
5.000000000000000000e+00 -6.516702928783485536e-04
6.000000000000000000e+00 -5.658540259832602146e-04
7.000000000000000000e+00 5.223570399051060071e-04
8.000000000000000000e+00 2.958463763998408092e-03
9.000000000000000000e+00 -6.616353835640075313e-04
1.000000000000000000e+01 -6.675621155423565149e-04
1.100000000000000000e+01 -5.751978996303431504e-04
1.200000000000000000e+01 -6.629199706381046003e-04
1.300000000000000000e+01 -6.438320512313684294e-04
1.400000000000000000e+01 -4.096303584533924225e-04
1.500000000000000000e+01 -6.656630182859380167e-04
1.600000000000000000e+01 -6.637896096953166099e-04
1.700000000000000000e+01 -6.633318732959795532e-04
1.800000000000000000e+01 -6.668662520823038240e-04
1.900000000000000000e+01 -6.559836831212978751e-04
2.000000000000000000e+01 -6.569462934616955314e-04
2.100000000000000000e+01 1.514247301280434443e-03
2.200000000000000000e+01 -6.019091105984970217e-04
2.300000000000000000e+01 3.917526868662427747e-03
2.400000000000000000e+01 2.080419629151385955e-03
2.500000000000000000e+01 -6.018510647637323897e-04
2.600000000000000000e+01 -6.285221887937127161e-04
2.700000000000000000e+01 -1.818203437164839763e-04
2.800000000000000000e+01 2.484215257834427541e-03
2.900000000000000000e+01 -6.266346727320218270e-04
3.000000000000000000e+01 -6.400405097929123431e-04
1.000000000000000000e+00 -3.659461155632254617e-04
2.000000000000000000e+00 -6.630315899015733509e-04
3.000000000000000000e+00 -1.261621945847085104e-04
4.000000000000000000e+00 7.585095630345443463e-05
5.000000000000000000e+00 -6.703950126228171331e-04
6.000000000000000000e+00 -6.613827644042672782e-04
7.000000000000000000e+00 -3.053578644837885605e-04
8.000000000000000000e+00 1.140851586224478484e-03
9.000000000000000000e+00 -6.326069791754704904e-04
1.000000000000000000e+01 -6.756868345720246560e-04
1.100000000000000000e+01 -6.331137680879137279e-04
1.200000000000000000e+01 -6.581710527196254698e-04
1.300000000000000000e+01 -6.132935202234498194e-04
1.400000000000000000e+01 -4.710180369784752090e-04
1.500000000000000000e+01 -6.606294420140728383e-04
1.600000000000000000e+01 -6.691554414512120106e-04
1.700000000000000000e+01 -6.662300249223114708e-04
1.800000000000000000e+01 -6.750683437286462626e-04
1.900000000000000000e+01 -6.419852959362150682e-04
2.000000000000000000e+01 -6.706748130838127448e-04
2.100000000000000000e+01 3.412355238272979634e-03
2.200000000000000000e+01 -6.181451695502663624e-04
2.300000000000000000e+01 3.555790679068529785e-03
2.400000000000000000e+01 3.243757716306448942e-03
2.500000000000000000e+01 -6.207813481204065703e-04
2.600000000000000000e+01 -6.227285065608421195e-04
2.700000000000000000e+01 -4.983935438179405188e-04
2.800000000000000000e+01 2.673793092722736003e-03
2.900000000000000000e+01 -6.497966029175323167e-04
3.000000000000000000e+01 -6.639417810882690743e-04
1.000000000000000000e+00 -5.307895468065220210e-05
2.000000000000000000e+00 -5.992078576224581146e-04
3.000000000000000000e+00 3.248795880207333195e-04
4.000000000000000000e+00 -4.191285502880165458e-04
5.000000000000000000e+00 -6.391394411852023517e-04
6.000000000000000000e+00 -5.785309362001951183e-04
7.000000000000000000e+00 -2.811246008323405325e-04
8.000000000000000000e+00 1.598320000702668038e-03
9.000000000000000000e+00 -6.565597365117825787e-04
1.000000000000000000e+01 -6.581370519721565495e-04
1.100000000000000000e+01 -6.146429386722318360e-04
1.200000000000000000e+01 -6.502506018603905220e-04
1.300000000000000000e+01 -6.320911974224110910e-04
1.400000000000000000e+01 3.272521103377266704e-05
1.500000000000000000e+01 -6.486836921882477422e-04
1.600000000000000000e+01 -6.558226116285165207e-04
1.700000000000000000e+01 -6.388207678818309419e-04
1.800000000000000000e+01 -6.505532355627529012e-04
1.900000000000000000e+01 -6.471648483562747554e-04
2.000000000000000000e+01 -6.530053757480979056e-04
2.100000000000000000e+01 2.114422682514644977e-03
2.200000000000000000e+01 -6.084022109793730442e-04
2.300000000000000000e+01 5.664387602424944892e-03
2.400000000000000000e+01 2.650794321842240512e-03
2.500000000000000000e+01 -5.911075625543612795e-04
2.600000000000000000e+01 -5.803935486473961892e-04
2.700000000000000000e+01 -4.766151975728837292e-04
2.800000000000000000e+01 7.600193760826793373e-04
2.900000000000000000e+01 -5.818511922327378487e-04
3.000000000000000000e+01 -6.556970163672748387e-04
1.000000000000000000e+00 -4.172017347606807574e-04
2.000000000000000000e+00 -6.361658428129379891e-04
3.000000000000000000e+00 7.452227642692914637e-05
4.000000000000000000e+00 -1.415250293619246054e-04
5.000000000000000000e+00 -6.529141634049795331e-04
6.000000000000000000e+00 -6.675894869285932658e-04
7.000000000000000000e+00 -2.568105744222587308e-04
8.000000000000000000e+00 2.651625978224497835e-03
9.000000000000000000e+00 -6.603024088717571790e-04
1.000000000000000000e+01 -6.793413595083375688e-04
1.100000000000000000e+01 -5.798893542616107054e-04
1.200000000000000000e+01 -6.759281510752105119e-04
1.300000000000000000e+01 -6.573325368525527023e-04
1.400000000000000000e+01 -6.290198927457580453e-04
1.500000000000000000e+01 -6.757184952933409112e-04
1.600000000000000000e+01 -6.723329505519026923e-04
1.700000000000000000e+01 -6.612573040039922828e-04
1.800000000000000000e+01 -6.681273218385278554e-04
1.900000000000000000e+01 -6.677208368010725641e-04
2.000000000000000000e+01 -6.603024580043828813e-04
2.100000000000000000e+01 2.730477803306993658e-03
2.200000000000000000e+01 -5.242021736081036755e-04
2.300000000000000000e+01 3.306851375113468040e-03
2.400000000000000000e+01 2.896999236696224181e-03
2.500000000000000000e+01 -6.071770858633757399e-04
2.600000000000000000e+01 -5.035288186890591938e-04
2.700000000000000000e+01 -5.050466970990182556e-04
2.800000000000000000e+01 2.426983404417751636e-03
2.900000000000000000e+01 -6.637039620352388775e-04
3.000000000000000000e+01 -6.463849597211388876e-04
1.000000000000000000e+00 -3.358754298127668856e-04
2.000000000000000000e+00 -6.400299285319713304e-04
3.000000000000000000e+00 2.565190286076694305e-04
4.000000000000000000e+00 -2.598235157496826624e-04
5.000000000000000000e+00 -6.742034257707930347e-04
6.000000000000000000e+00 -6.572535353635360587e-04
7.000000000000000000e+00 8.100396147676392487e-05
8.000000000000000000e+00 2.806456701511120602e-03
9.000000000000000000e+00 -6.643149810276327690e-04
1.000000000000000000e+01 -6.834855854299070861e-04
1.100000000000000000e+01 -6.493276130371473031e-04
1.200000000000000000e+01 -6.594272077698540291e-04
1.300000000000000000e+01 -6.572642096333902511e-04
1.400000000000000000e+01 -4.107130434138013043e-04
1.500000000000000000e+01 -6.863624199738008929e-04
1.600000000000000000e+01 -6.782418096942344037e-04
1.700000000000000000e+01 -6.575248135628026722e-04
1.800000000000000000e+01 -6.842643953969800973e-04
1.900000000000000000e+01 -6.785326971276933825e-04
2.000000000000000000e+01 -6.815155907561214806e-04
2.100000000000000000e+01 1.618015810136565029e-03
2.200000000000000000e+01 -6.061663111006853569e-04
2.300000000000000000e+01 2.273561452978327055e-03
2.400000000000000000e+01 3.579965308715527591e-03
2.500000000000000000e+01 -6.109027384274603187e-04
2.600000000000000000e+01 -5.456831873462210424e-04
2.700000000000000000e+01 -4.295429916098353557e-04
2.800000000000000000e+01 3.245515351129040372e-03
2.900000000000000000e+01 -6.565181815115500715e-04
3.000000000000000000e+01 -6.714154334460452995e-04
1.000000000000000000e+00 -5.553872573183958258e-04
2.000000000000000000e+00 -6.045152275425998015e-04
3.000000000000000000e+00 2.957986763476616589e-07
4.000000000000000000e+00 -2.806830255074686239e-05
5.000000000000000000e+00 -6.292839390744235954e-04
6.000000000000000000e+00 -6.497015421972693197e-04
7.000000000000000000e+00 -1.232675381258458965e-04
8.000000000000000000e+00 2.801455075305151875e-03
9.000000000000000000e+00 -6.504943627464021940e-04
1.000000000000000000e+01 -6.637250735621776088e-04
1.100000000000000000e+01 -6.416952465359540472e-04
1.200000000000000000e+01 -6.318287238946421148e-04
1.300000000000000000e+01 -5.593561091661954001e-04
1.400000000000000000e+01 -5.350394151951656406e-04
1.500000000000000000e+01 -6.533821866429935813e-04
1.600000000000000000e+01 -6.586246150224386994e-04
1.700000000000000000e+01 -6.556426750133694274e-04
1.800000000000000000e+01 -6.625786776895019933e-04
1.900000000000000000e+01 -6.501459472059460329e-04
2.000000000000000000e+01 -6.576365318410573764e-04
2.100000000000000000e+01 3.900239959472243632e-03
2.200000000000000000e+01 -5.725003675327949805e-04
2.300000000000000000e+01 2.802290536128440937e-03
2.400000000000000000e+01 3.273467939132635330e-03
2.500000000000000000e+01 -5.973627317671335868e-04
2.600000000000000000e+01 -5.770540024349901653e-04
2.700000000000000000e+01 -4.863677892974688829e-04
2.800000000000000000e+01 9.096553286485041263e-04
2.900000000000000000e+01 -6.217131592214615110e-04
3.000000000000000000e+01 -6.486460853444178491e-04
1.000000000000000000e+00 -5.328292005093478037e-04
2.000000000000000000e+00 -5.779388039435746438e-04
3.000000000000000000e+00 -2.350023840072975017e-04
4.000000000000000000e+00 9.264323527334037474e-05
5.000000000000000000e+00 -6.430390685547266545e-04
6.000000000000000000e+00 -6.260089910810376053e-04
7.000000000000000000e+00 1.140700781098565384e-04
8.000000000000000000e+00 2.718457925418079485e-03
9.000000000000000000e+00 -6.361781136028171963e-04
1.000000000000000000e+01 -6.362308992920702802e-04
1.100000000000000000e+01 -5.671463079735483909e-04
1.200000000000000000e+01 -6.443816388798056898e-04
1.300000000000000000e+01 -6.198957278887187814e-04
1.400000000000000000e+01 -3.243944383567302935e-04
1.500000000000000000e+01 -6.452149756431774328e-04
1.600000000000000000e+01 -6.409063437083586555e-04
1.700000000000000000e+01 -6.036871825121145748e-04
1.800000000000000000e+01 -6.444290784005085983e-04
1.900000000000000000e+01 -6.374350616351869697e-04
2.000000000000000000e+01 -6.409126117370440422e-04
2.100000000000000000e+01 1.787197389310906780e-03
2.200000000000000000e+01 -6.022125078830885313e-04
2.300000000000000000e+01 3.002456396671451463e-03
2.400000000000000000e+01 2.090658805823569343e-03
2.500000000000000000e+01 -6.255303526316464404e-04
2.600000000000000000e+01 -5.893659985703122734e-04
2.700000000000000000e+01 -4.101067613494131271e-04
2.800000000000000000e+01 3.497909235537029118e-03
2.900000000000000000e+01 -6.114441641215270741e-04
3.000000000000000000e+01 -6.301473742263696831e-04
1.000000000000000000e+00 -2.733187157980712483e-04
2.000000000000000000e+00 -6.674649801767187527e-04
3.000000000000000000e+00 -3.600906458881073511e-04
4.000000000000000000e+00 -1.635733771194913160e-04
5.000000000000000000e+00 -6.746741702235614820e-04
6.000000000000000000e+00 -6.744961517529750013e-04
7.000000000000000000e+00 1.601351163112740318e-04
8.000000000000000000e+00 2.341483739002619621e-03
9.000000000000000000e+00 -6.907228262997751897e-04
1.000000000000000000e+01 -6.948519933100729936e-04
1.100000000000000000e+01 -5.697850397914643473e-04
1.200000000000000000e+01 -6.764171667567343013e-04
1.300000000000000000e+01 -6.575648078156816649e-04
1.400000000000000000e+01 -3.412604127813533375e-04
1.500000000000000000e+01 -6.807593813246218001e-04
1.600000000000000000e+01 -6.934039134396329483e-04
1.700000000000000000e+01 -6.920656734687092486e-04
1.800000000000000000e+01 -6.936925898204061511e-04
1.900000000000000000e+01 -6.855541450717427075e-04
2.000000000000000000e+01 -6.739727920357121939e-04
2.100000000000000000e+01 2.181019762661278501e-03
2.200000000000000000e+01 -6.357476562162068991e-04
2.300000000000000000e+01 3.931922452652812823e-03
2.400000000000000000e+01 1.833043603630875014e-03
2.500000000000000000e+01 -6.326615872049099875e-04
2.600000000000000000e+01 -6.246333305097249294e-04
2.700000000000000000e+01 -3.139000414959571016e-04
2.800000000000000000e+01 3.613039731957646151e-03
2.900000000000000000e+01 -6.459343988924191220e-04
3.000000000000000000e+01 -6.725667757869030179e-04
1.000000000000000000e+00 -1.155481230234662774e-04
2.000000000000000000e+00 -5.872353472808577958e-04
3.000000000000000000e+00 -5.301506118505331950e-04
4.000000000000000000e+00 6.723022547994824858e-05
5.000000000000000000e+00 -6.669034482186809694e-04
6.000000000000000000e+00 -6.527500648193253728e-04
7.000000000000000000e+00 5.361950051825590651e-05
8.000000000000000000e+00 1.944580997877541238e-03
9.000000000000000000e+00 -6.627439520400515375e-04
1.000000000000000000e+01 -6.764961612046973324e-04
1.100000000000000000e+01 -6.421364655048145652e-04
1.200000000000000000e+01 -6.646504829570772446e-04
1.300000000000000000e+01 -6.255769542709977002e-04
1.400000000000000000e+01 -5.639615873019741734e-04
1.500000000000000000e+01 -6.678960102594093872e-04
1.600000000000000000e+01 -6.637818897996285161e-04
1.700000000000000000e+01 -6.659249628222617271e-04
1.800000000000000000e+01 -6.753725058580106830e-04
1.900000000000000000e+01 -6.729773531735026544e-04
2.000000000000000000e+01 -6.623791181188529642e-04
2.100000000000000000e+01 4.161391385810754399e-03
2.200000000000000000e+01 -5.592031015139555319e-04
2.300000000000000000e+01 4.396213617821204296e-03
2.400000000000000000e+01 3.193619996125566986e-03
2.500000000000000000e+01 -6.275169376055455585e-04
2.600000000000000000e+01 -6.259743017715316531e-04
2.700000000000000000e+01 -5.591277247922115745e-04
2.800000000000000000e+01 1.872687925386480818e-04
2.900000000000000000e+01 -6.069437234734918144e-04
3.000000000000000000e+01 -6.631851495364356978e-04
1.000000000000000000e+00 -1.614221351380460854e-04
2.000000000000000000e+00 -6.054933341489348924e-04
3.000000000000000000e+00 -2.624838941073680460e-04
4.000000000000000000e+00 -5.379097496085430332e-04
5.000000000000000000e+00 -6.381657978578803491e-04
6.000000000000000000e+00 -5.555956674567130368e-04
7.000000000000000000e+00 3.487466714924415996e-06
8.000000000000000000e+00 1.428073888318615904e-03
9.000000000000000000e+00 -6.286333463938946573e-04
1.000000000000000000e+01 -6.403859883870354538e-04
1.100000000000000000e+01 -5.812029015268585464e-04
1.200000000000000000e+01 -6.247112522791825866e-04
1.300000000000000000e+01 -6.180172569392959050e-04
1.400000000000000000e+01 -3.767182226279344325e-04
1.500000000000000000e+01 -6.443166735861340566e-04
1.600000000000000000e+01 -6.446775149126829883e-04
1.700000000000000000e+01 -6.326997971765587273e-04
1.800000000000000000e+01 -6.437463535488807632e-04
1.900000000000000000e+01 -6.423390010960511104e-04
2.000000000000000000e+01 -6.421149192937583572e-04
2.100000000000000000e+01 2.094325364681414586e-03
2.200000000000000000e+01 -6.160785265333704446e-04
2.300000000000000000e+01 4.538921826990787931e-03
2.400000000000000000e+01 3.355892844135491618e-03
2.500000000000000000e+01 -6.119033491339718545e-04
2.600000000000000000e+01 -5.479173405305338713e-04
2.700000000000000000e+01 -4.222958022906381616e-04
2.800000000000000000e+01 2.091043041377871076e-03
2.900000000000000000e+01 -6.289201987567566475e-04
3.000000000000000000e+01 -6.287967596728691409e-04
1.000000000000000000e+00 -5.782941224845045570e-04
2.000000000000000000e+00 -5.813926393645116580e-04
3.000000000000000000e+00 3.173334482460760456e-05
4.000000000000000000e+00 -4.958504849324926441e-04
5.000000000000000000e+00 -6.533985241833708841e-04
6.000000000000000000e+00 -5.712317382939225861e-04
7.000000000000000000e+00 -5.273838546780477922e-05
8.000000000000000000e+00 2.341354067885096334e-03
9.000000000000000000e+00 -6.534344276752607032e-04
1.000000000000000000e+01 -6.688256145696959767e-04
1.100000000000000000e+01 -6.371227501868382713e-04
1.200000000000000000e+01 -6.514350139578011824e-04
1.300000000000000000e+01 -5.606503310587945214e-04
1.400000000000000000e+01 -3.661799107912490662e-04
1.500000000000000000e+01 -6.671562004550282482e-04
1.600000000000000000e+01 -6.706380013566906780e-04
1.700000000000000000e+01 -6.637978183845736919e-04
1.800000000000000000e+01 -6.668339288489699918e-04
1.900000000000000000e+01 -6.604307262592178486e-04
2.000000000000000000e+01 -6.612352596758737204e-04
2.100000000000000000e+01 2.805587704029213411e-03
2.200000000000000000e+01 -6.122273639079532691e-04
2.300000000000000000e+01 3.929131607343341187e-03
2.400000000000000000e+01 3.225461819668343395e-03
2.500000000000000000e+01 -6.401792446699527527e-04
2.600000000000000000e+01 -6.232262449502649860e-04
2.700000000000000000e+01 -5.768066202100623641e-04
2.800000000000000000e+01 1.842687681725219215e-03
2.900000000000000000e+01 -6.388014576002973201e-04
3.000000000000000000e+01 -6.572904592034799730e-04
1.000000000000000000e+00 -2.957074527055754054e-05
2.000000000000000000e+00 -6.072580068557440055e-04
3.000000000000000000e+00 -5.828043848280199267e-05
4.000000000000000000e+00 -3.863990412312719619e-05
5.000000000000000000e+00 -6.857563244326889780e-04
6.000000000000000000e+00 -6.636268942828404396e-04
7.000000000000000000e+00 -1.897366515195888766e-04
8.000000000000000000e+00 2.664109681430627645e-03
9.000000000000000000e+00 -6.823596391457344970e-04
1.000000000000000000e+01 -6.938251062705148679e-04
1.100000000000000000e+01 -6.793724679278929663e-04
1.200000000000000000e+01 -6.814741773657913802e-04
1.300000000000000000e+01 -6.883255075955753205e-04
1.400000000000000000e+01 -4.966257037993197093e-04
1.500000000000000000e+01 -6.889286233866447149e-04
1.600000000000000000e+01 -6.965186399644769481e-04
1.700000000000000000e+01 -6.684809915564422561e-04
1.800000000000000000e+01 -6.954922252743226622e-04
1.900000000000000000e+01 -6.890444714331941164e-04
2.000000000000000000e+01 -6.734931208740379356e-04
2.100000000000000000e+01 2.138835999851068214e-03
2.200000000000000000e+01 -6.321951838227632186e-04
2.300000000000000000e+01 3.349879279672223799e-03
2.400000000000000000e+01 2.844363153819086734e-03
2.500000000000000000e+01 -6.686521409689710283e-04
2.600000000000000000e+01 -6.367494379545619778e-04
2.700000000000000000e+01 -5.605507801543477449e-04
2.800000000000000000e+01 3.148108138111059204e-03
2.900000000000000000e+01 -6.689826953257741035e-04
3.000000000000000000e+01 -6.935589941740084603e-04
1.000000000000000000e+00 -3.053433624664843651e-04
2.000000000000000000e+00 -5.630970207979251558e-04
3.000000000000000000e+00 -3.408634596109835551e-04
4.000000000000000000e+00 -4.536110225400747644e-04
5.000000000000000000e+00 -6.519009625705968680e-04
6.000000000000000000e+00 -6.376939746867807705e-04
7.000000000000000000e+00 -3.621264417461486618e-04
8.000000000000000000e+00 1.409221020535468289e-03
9.000000000000000000e+00 -6.483533336845658229e-04
1.000000000000000000e+01 -6.604918262442049199e-04
1.100000000000000000e+01 -6.491275376660946917e-04
1.200000000000000000e+01 -6.483277625698963091e-04
1.300000000000000000e+01 -6.415749319902410656e-04
1.400000000000000000e+01 -5.448772415960179659e-04
1.500000000000000000e+01 -6.599853166797957534e-04
1.600000000000000000e+01 -6.599070591317016468e-04
1.700000000000000000e+01 -6.522681825887057753e-04
1.800000000000000000e+01 -6.572055431268373485e-04
1.900000000000000000e+01 -6.437162458544315544e-04
2.000000000000000000e+01 -6.538633936728865774e-04
2.100000000000000000e+01 3.051810313799887403e-03
2.200000000000000000e+01 -5.674400982060414994e-04
2.300000000000000000e+01 4.841477317299138633e-03
2.400000000000000000e+01 3.106723381471537988e-03
2.500000000000000000e+01 -6.219769837538977834e-04
2.600000000000000000e+01 -5.054565209517186599e-04
2.700000000000000000e+01 -5.014506057965448368e-04
2.800000000000000000e+01 2.016426513987335748e-03
2.900000000000000000e+01 -6.044035304639455491e-04
3.000000000000000000e+01 -6.221937424272614304e-04
1.000000000000000000e+00 -4.831746108368791307e-04
2.000000000000000000e+00 -6.276244936853721170e-04
3.000000000000000000e+00 8.220456866526965967e-05
4.000000000000000000e+00 -2.324818053262920205e-04
5.000000000000000000e+00 -6.509519183766863124e-04
6.000000000000000000e+00 -6.538411362586935135e-04
7.000000000000000000e+00 3.345470125568129373e-04
8.000000000000000000e+00 2.739730193152882260e-03
9.000000000000000000e+00 -6.395663582245094585e-04
1.000000000000000000e+01 -6.507616458911329215e-04
1.100000000000000000e+01 -6.207751818766829360e-04
1.200000000000000000e+01 -6.385529739002805379e-04
1.300000000000000000e+01 -6.388233841875633331e-04
1.400000000000000000e+01 -4.186127840202749271e-04
1.500000000000000000e+01 -6.477637863962362004e-04
1.600000000000000000e+01 -6.507572386893244534e-04
1.700000000000000000e+01 -6.435727157591029446e-04
1.800000000000000000e+01 -6.534878981337698426e-04
1.900000000000000000e+01 -6.535463403776907345e-04
2.000000000000000000e+01 -6.585547481454331886e-04
2.100000000000000000e+01 9.248206818387133370e-04
2.200000000000000000e+01 -6.185799976104627319e-04
2.300000000000000000e+01 2.891678549738182016e-03
2.400000000000000000e+01 2.089213096764748045e-03
2.500000000000000000e+01 -6.244424867277292021e-04
2.600000000000000000e+01 -6.172450156688555258e-04
2.700000000000000000e+01 -3.275020631895093665e-04
2.800000000000000000e+01 4.567988310726651263e-03
2.900000000000000000e+01 -6.494000158952486145e-04
3.000000000000000000e+01 -6.504343880790460853e-04
1.000000000000000000e+00 -2.892532303148403908e-04
2.000000000000000000e+00 -6.006536966630877158e-04
3.000000000000000000e+00 -2.062700598313178672e-04
4.000000000000000000e+00 -2.636192745783910957e-04
5.000000000000000000e+00 -6.515870216181636606e-04
6.000000000000000000e+00 -6.596522830373196481e-04
7.000000000000000000e+00 2.401109692799203543e-04
8.000000000000000000e+00 1.576709799636179243e-03
9.000000000000000000e+00 -6.452429666240052037e-04
1.000000000000000000e+01 -6.668317573683609509e-04
1.100000000000000000e+01 -5.812763518572456331e-04
1.200000000000000000e+01 -6.645319485991441110e-04
1.300000000000000000e+01 -5.740060704809868842e-04
1.400000000000000000e+01 -1.583893162335311597e-04
1.500000000000000000e+01 -6.634201133286024305e-04
1.600000000000000000e+01 -6.664492958761686738e-04
1.700000000000000000e+01 -6.428383714782806048e-04
1.800000000000000000e+01 -6.662585474583671355e-04
1.900000000000000000e+01 -6.585212552952402626e-04
2.000000000000000000e+01 -6.553174322864269109e-04
2.100000000000000000e+01 2.131621639893797014e-03
2.200000000000000000e+01 -5.933517972803954493e-04
2.300000000000000000e+01 4.025031314176016894e-03
2.400000000000000000e+01 2.875791972439743251e-03
2.500000000000000000e+01 -6.164470809091622929e-04
2.600000000000000000e+01 -6.049536740716774698e-04
2.700000000000000000e+01 -3.051797786641703464e-04
2.800000000000000000e+01 2.412491718195258587e-03
2.900000000000000000e+01 -6.008346574167502301e-04
3.000000000000000000e+01 -6.509914489222602208e-04
1.000000000000000000e+00 -3.398961835402144528e-04
2.000000000000000000e+00 -6.564887673496897511e-04
3.000000000000000000e+00 3.490020374173339376e-04
4.000000000000000000e+00 5.942082835222400281e-05
5.000000000000000000e+00 -6.696071202849199515e-04
6.000000000000000000e+00 -6.731872506317860541e-04
7.000000000000000000e+00 -3.080973563550089929e-04
8.000000000000000000e+00 1.718264971492545210e-03
9.000000000000000000e+00 -6.667653158384178550e-04
1.000000000000000000e+01 -6.917752591759355378e-04
1.100000000000000000e+01 -6.024961645596999590e-04
1.200000000000000000e+01 -6.758440118978378472e-04
1.300000000000000000e+01 -6.740760780265270952e-04
1.400000000000000000e+01 -5.278972258386793997e-04
1.500000000000000000e+01 -6.944094133330900838e-04
1.600000000000000000e+01 -6.910234694973711300e-04
1.700000000000000000e+01 -6.846118895175752747e-04
1.800000000000000000e+01 -6.934988781097113208e-04
1.900000000000000000e+01 -6.910738429067793702e-04
2.000000000000000000e+01 -6.892820393651364133e-04
2.100000000000000000e+01 2.023276339462917045e-03
2.200000000000000000e+01 -6.496623352628878335e-04
2.300000000000000000e+01 3.766119544040444703e-03
2.400000000000000000e+01 2.710158423839753930e-03
2.500000000000000000e+01 -6.139937555813384509e-04
2.600000000000000000e+01 -6.290508266736776757e-04
2.700000000000000000e+01 -4.833063998968147425e-04
2.800000000000000000e+01 3.684410732727340116e-03
2.900000000000000000e+01 -6.535574711273962412e-04
3.000000000000000000e+01 -6.776084472567616909e-04
1.000000000000000000e+00 -6.515801112720796774e-04
2.000000000000000000e+00 -5.783546864118531373e-04
3.000000000000000000e+00 1.326749610490155125e-05
4.000000000000000000e+00 -2.080802902973365165e-04
5.000000000000000000e+00 -6.742620120394138619e-04
6.000000000000000000e+00 -6.656283742714385254e-04
7.000000000000000000e+00 6.392968052723846080e-04
8.000000000000000000e+00 1.921343767835274798e-03
9.000000000000000000e+00 -6.711660630135727170e-04
1.000000000000000000e+01 -6.723435834959407432e-04
1.100000000000000000e+01 -6.495466243604603373e-04
1.200000000000000000e+01 -6.486474408437046656e-04
1.300000000000000000e+01 -6.242524450269912231e-04
1.400000000000000000e+01 -3.835823641420891368e-04
1.500000000000000000e+01 -6.746827609120796716e-04
1.600000000000000000e+01 -6.712071822929299367e-04
1.700000000000000000e+01 -6.696115970928613430e-04
1.800000000000000000e+01 -6.728923379496713070e-04
1.900000000000000000e+01 -6.638812326185116472e-04
2.000000000000000000e+01 -6.725433011872697332e-04
2.100000000000000000e+01 2.402810602421458653e-03
2.200000000000000000e+01 -5.974875125603619453e-04
2.300000000000000000e+01 4.252864852090289249e-03
2.400000000000000000e+01 2.629607996257981011e-03
2.500000000000000000e+01 -6.353101148523247407e-04
2.600000000000000000e+01 -6.507722003801155860e-04
2.700000000000000000e+01 -3.682397334534410170e-04
2.800000000000000000e+01 2.118858366363138117e-03
2.900000000000000000e+01 -6.477583151056224902e-04
3.000000000000000000e+01 -6.642583682221292560e-04
1.000000000000000000e+00 -4.138333378076247075e-04
2.000000000000000000e+00 -6.299982236662350502e-04
3.000000000000000000e+00 2.704691760390564824e-05
4.000000000000000000e+00 -4.562247892275380604e-04
5.000000000000000000e+00 -6.632465907057779513e-04
6.000000000000000000e+00 -4.851505399278538931e-04
7.000000000000000000e+00 2.105772469666875857e-05
8.000000000000000000e+00 2.184006288994520210e-03
9.000000000000000000e+00 -6.692027828548022857e-04
1.000000000000000000e+01 -6.693389650319639611e-04
1.100000000000000000e+01 -4.946595945807650977e-04
1.200000000000000000e+01 -6.443991271643281478e-04
1.300000000000000000e+01 -6.416013616673645666e-04
1.400000000000000000e+01 -4.482419343113741377e-04
1.500000000000000000e+01 -6.628063318984032341e-04
1.600000000000000000e+01 -6.713102115469386528e-04
1.700000000000000000e+01 -6.374791249178224373e-04
1.800000000000000000e+01 -6.604781454060983364e-04
1.900000000000000000e+01 -6.587249960169674337e-04
2.000000000000000000e+01 -6.524790549149066862e-04
2.100000000000000000e+01 1.734169200489033393e-03
2.200000000000000000e+01 -5.829011001527821534e-04
2.300000000000000000e+01 3.709615624525148050e-03
2.400000000000000000e+01 2.861308750395499985e-03
2.500000000000000000e+01 -6.191768373424808708e-04
2.600000000000000000e+01 -6.328022022219668367e-04
2.700000000000000000e+01 -4.727309652148782744e-04
2.800000000000000000e+01 3.167311417691852371e-03
2.900000000000000000e+01 -6.067125207426606092e-04
3.000000000000000000e+01 -6.562723287542666017e-04
1.000000000000000000e+00 -1.714662825785907092e-04
2.000000000000000000e+00 -6.056459866877007608e-04
3.000000000000000000e+00 -7.195412179129533352e-05
4.000000000000000000e+00 -2.331577441358304058e-04
5.000000000000000000e+00 -6.589993733701371729e-04
6.000000000000000000e+00 -6.364564998117000364e-04
7.000000000000000000e+00 -3.196470883767680324e-04
8.000000000000000000e+00 1.533015820066005322e-03
9.000000000000000000e+00 -6.343211364086133279e-04
1.000000000000000000e+01 -6.687790953893109130e-04
1.100000000000000000e+01 -5.643309745882237483e-04
1.200000000000000000e+01 -6.485311668505277941e-04
1.300000000000000000e+01 -6.520966659619682011e-04
1.400000000000000000e+01 -5.094273777853146551e-04
1.500000000000000000e+01 -6.686401007127279472e-04
1.600000000000000000e+01 -6.624958968102603093e-04
1.700000000000000000e+01 -6.529940933774223879e-04
1.800000000000000000e+01 -6.661060922490413816e-04
1.900000000000000000e+01 -6.638756590035443028e-04
2.000000000000000000e+01 -6.469736729653406942e-04
2.100000000000000000e+01 4.274534196843734861e-03
2.200000000000000000e+01 -5.316485307935504053e-04
2.300000000000000000e+01 2.997280796113185094e-03
2.400000000000000000e+01 2.431481204774561117e-03
2.500000000000000000e+01 -6.344457408356141831e-04
2.600000000000000000e+01 -5.267824380059897126e-04
2.700000000000000000e+01 -4.152085454333822429e-04
2.800000000000000000e+01 2.425150812091806610e-03
2.900000000000000000e+01 -5.732617982594391667e-04
3.000000000000000000e+01 -6.589535478456224823e-04
1.000000000000000000e+00 -3.941360844777366639e-04
2.000000000000000000e+00 -6.025878196526080702e-04
3.000000000000000000e+00 1.118145216300954383e-04
4.000000000000000000e+00 -2.679387965710229238e-05
5.000000000000000000e+00 -6.454068717002839567e-04
6.000000000000000000e+00 -6.487948962234552129e-04
7.000000000000000000e+00 -5.096585669024444399e-04
8.000000000000000000e+00 8.495972728228447235e-04
9.000000000000000000e+00 -6.517283393160806229e-04
1.000000000000000000e+01 -6.542856763229071846e-04
1.100000000000000000e+01 -4.695913157594335170e-04
1.200000000000000000e+01 -6.197429015897276293e-04
1.300000000000000000e+01 -6.048518616727244918e-04
1.400000000000000000e+01 4.407134980363398369e-04
1.500000000000000000e+01 -6.549275562534998853e-04
1.600000000000000000e+01 -6.570668989026590004e-04
1.700000000000000000e+01 -6.352323539917950840e-04
1.800000000000000000e+01 -6.478749415140856597e-04
1.900000000000000000e+01 -6.540301728117457053e-04
2.000000000000000000e+01 -6.551239244284502066e-04
2.100000000000000000e+01 2.014156298714474182e-03
2.200000000000000000e+01 -5.991881794027500985e-04
2.300000000000000000e+01 5.076694716580490777e-03
2.400000000000000000e+01 2.337138444331523721e-03
2.500000000000000000e+01 -5.807364993334384121e-04
2.600000000000000000e+01 -5.878244541962319774e-04
2.700000000000000000e+01 -4.634026654500340717e-04
2.800000000000000000e+01 2.323920179464438254e-03
2.900000000000000000e+01 -6.211743598532698486e-04
3.000000000000000000e+01 -5.954379545454835474e-04
1.000000000000000000e+00 -4.924019989765952973e-04
2.000000000000000000e+00 -5.981667467952446948e-04
3.000000000000000000e+00 2.538046665078009341e-04
4.000000000000000000e+00 -7.971487292369977106e-05
5.000000000000000000e+00 -6.458840983897767927e-04
6.000000000000000000e+00 -6.472872726670734610e-04
7.000000000000000000e+00 -4.067330782587218196e-05
8.000000000000000000e+00 1.811560636460132030e-03
9.000000000000000000e+00 -6.539283655418709875e-04
1.000000000000000000e+01 -6.608183203128852393e-04
1.100000000000000000e+01 -5.708761721913267360e-04
1.200000000000000000e+01 -6.280334821741525566e-04
1.300000000000000000e+01 -6.350473712278074121e-04
1.400000000000000000e+01 -4.654470395431370118e-04
1.500000000000000000e+01 -6.571229342784305543e-04
1.600000000000000000e+01 -6.549927092349002670e-04
1.700000000000000000e+01 -6.590573374824370721e-04
1.800000000000000000e+01 -6.600297341155747727e-04
1.900000000000000000e+01 -6.466536925414417998e-04
2.000000000000000000e+01 -6.512863309465272881e-04
2.100000000000000000e+01 2.676087396238379518e-03
2.200000000000000000e+01 -5.891885188220855919e-04
2.300000000000000000e+01 4.620364234720284943e-03
2.400000000000000000e+01 1.921676609329464472e-03
2.500000000000000000e+01 -6.170510627979538740e-04
2.600000000000000000e+01 -6.221374382066442938e-04
2.700000000000000000e+01 -2.688276711437230819e-04
2.800000000000000000e+01 2.072888801405385357e-03
2.900000000000000000e+01 -6.020362847589974357e-04
3.000000000000000000e+01 -6.471972058727040473e-04
1.000000000000000000e+00 -3.277408167214728167e-04
2.000000000000000000e+00 -6.482180845512933685e-04
3.000000000000000000e+00 5.379788195936843070e-04
4.000000000000000000e+00 8.808754025395551675e-05
5.000000000000000000e+00 -6.732751750404534661e-04
6.000000000000000000e+00 -6.644647718652327804e-04
7.000000000000000000e+00 4.530767330829752886e-05
8.000000000000000000e+00 3.642911682334781971e-03
9.000000000000000000e+00 -6.858158837757792224e-04
1.000000000000000000e+01 -6.793930712060401202e-04
1.100000000000000000e+01 -5.947281168734553465e-04
1.200000000000000000e+01 -6.593411151845688344e-04
1.300000000000000000e+01 -6.701517314060748262e-04
1.400000000000000000e+01 -5.415281166285846074e-04
1.500000000000000000e+01 -6.733111124761196773e-04
1.600000000000000000e+01 -6.823217034600097004e-04
1.700000000000000000e+01 -6.616589728079880000e-04
1.800000000000000000e+01 -6.839251615452268977e-04
1.900000000000000000e+01 -6.805468567603397290e-04
2.000000000000000000e+01 -6.733510569151503113e-04
2.100000000000000000e+01 1.643083093439860927e-03
2.200000000000000000e+01 -6.445463349533639462e-04
2.300000000000000000e+01 4.235953648264730725e-03
2.400000000000000000e+01 1.359031246874728253e-03
2.500000000000000000e+01 -5.875078370202181351e-04
2.600000000000000000e+01 -6.150853245742174619e-04
2.700000000000000000e+01 -5.702036582072817850e-04
2.800000000000000000e+01 2.370379952378218105e-03
2.900000000000000000e+01 -6.586504704326451949e-04
3.000000000000000000e+01 -6.702440300486460414e-04
1.000000000000000000e+00 -4.453402477647659674e-04
2.000000000000000000e+00 -5.959862664516452080e-04
3.000000000000000000e+00 4.511887510421890425e-04
4.000000000000000000e+00 -4.049414566630205742e-04
5.000000000000000000e+00 -6.607872419080785577e-04
6.000000000000000000e+00 -6.592630967318308718e-04
7.000000000000000000e+00 1.706524555989213064e-04
8.000000000000000000e+00 2.180519959721155098e-03
9.000000000000000000e+00 -6.744667713165292859e-04
1.000000000000000000e+01 -6.742406207216344611e-04
1.100000000000000000e+01 -6.415538477121895088e-04
1.200000000000000000e+01 -6.519528266747676160e-04
1.300000000000000000e+01 -6.557498953619149938e-04
1.400000000000000000e+01 -6.399519956136406971e-05
1.500000000000000000e+01 -6.650631762231362610e-04
1.600000000000000000e+01 -6.741467183522983605e-04
1.700000000000000000e+01 -6.714597760351711381e-04
1.800000000000000000e+01 -6.671685294976905864e-04
1.900000000000000000e+01 -6.686729606067479386e-04
2.000000000000000000e+01 -6.589208007015217011e-04
2.100000000000000000e+01 2.265920592412241918e-03
2.200000000000000000e+01 -6.020472632073184394e-04
2.300000000000000000e+01 4.697547664870640148e-03
2.400000000000000000e+01 2.188495303465367355e-03
2.500000000000000000e+01 -6.279879012385063391e-04
2.600000000000000000e+01 -5.969814134135230420e-04
2.700000000000000000e+01 -4.334250219790468698e-04
2.800000000000000000e+01 1.695726289330185292e-03
2.900000000000000000e+01 -6.238191796988274990e-04
3.000000000000000000e+01 -6.598116403925089347e-04
1.000000000000000000e+00 -1.450854816404041861e-05
2.000000000000000000e+00 -5.895460367755551859e-04
3.000000000000000000e+00 -2.037644128269285420e-05
4.000000000000000000e+00 -1.786733875710481870e-04
5.000000000000000000e+00 -6.425257902982515557e-04
6.000000000000000000e+00 -6.661450382648259182e-04
7.000000000000000000e+00 1.009961031570560648e-04
8.000000000000000000e+00 1.835177976440222200e-03
9.000000000000000000e+00 -6.721144057130967134e-04
1.000000000000000000e+01 -6.773521572508648791e-04
1.100000000000000000e+01 -5.875049310578592601e-04
1.200000000000000000e+01 -6.572369897757107801e-04
1.300000000000000000e+01 -6.619462386148470190e-04
1.400000000000000000e+01 -1.117488227157106226e-04
1.500000000000000000e+01 -6.722786250656266486e-04
1.600000000000000000e+01 -6.758203640495969366e-04
1.700000000000000000e+01 -6.650825363452524987e-04
1.800000000000000000e+01 -6.742342983855702764e-04
1.900000000000000000e+01 -6.688319994848062732e-04
2.000000000000000000e+01 -6.682163722968938483e-04
2.100000000000000000e+01 3.256881472406872400e-03
2.200000000000000000e+01 -6.173932197820395078e-04
2.300000000000000000e+01 1.388082818430558902e-03
2.400000000000000000e+01 3.462728329964425561e-03
2.500000000000000000e+01 -6.217685443016014854e-04
2.600000000000000000e+01 -6.321215392983936228e-04
2.700000000000000000e+01 -4.852660364784038872e-04
2.800000000000000000e+01 3.112456227687683367e-03
2.900000000000000000e+01 -6.571972135569288578e-04
3.000000000000000000e+01 -6.538899114239204394e-04
1.000000000000000000e+00 -2.916560298555748816e-04
2.000000000000000000e+00 -5.895543523724256722e-04
3.000000000000000000e+00 -1.740234764077190307e-04
4.000000000000000000e+00 -3.180420542208897564e-04
5.000000000000000000e+00 -6.320799702242851535e-04
6.000000000000000000e+00 -6.625605310211163737e-04
7.000000000000000000e+00 1.747147199288853541e-04
8.000000000000000000e+00 1.819038833806614500e-03
9.000000000000000000e+00 -6.744464018275269680e-04
1.000000000000000000e+01 -6.742051956075481578e-04
1.100000000000000000e+01 -6.440337121776938982e-04
1.200000000000000000e+01 -6.679205513001057340e-04
1.300000000000000000e+01 -5.804955723998168806e-04
1.400000000000000000e+01 -5.879487192492655360e-04
1.500000000000000000e+01 -6.729177160121272826e-04
1.600000000000000000e+01 -6.728164708722586280e-04
1.700000000000000000e+01 -6.565732911708080898e-04
1.800000000000000000e+01 -6.707997330983993950e-04
1.900000000000000000e+01 -6.639336486792343653e-04
2.000000000000000000e+01 -6.642376745836029838e-04
2.100000000000000000e+01 1.583911671682113487e-03
2.200000000000000000e+01 -5.853404246267399687e-04
2.300000000000000000e+01 4.555729818093332342e-03
2.400000000000000000e+01 2.423940419450900090e-03
2.500000000000000000e+01 -6.001360947677850111e-04
2.600000000000000000e+01 -6.249723351680767838e-04
2.700000000000000000e+01 -3.573138850419795357e-04
2.800000000000000000e+01 3.372884507085344239e-03
2.900000000000000000e+01 -6.472231809327370477e-04
3.000000000000000000e+01 -6.401436184582053567e-04
1.000000000000000000e+00 1.760286886411947978e-04
2.000000000000000000e+00 -5.697826614692712982e-04
3.000000000000000000e+00 3.468506354944332821e-04
4.000000000000000000e+00 -3.183325030701896733e-04
5.000000000000000000e+00 -6.070358666372096049e-04
6.000000000000000000e+00 -6.428900545472981216e-04
7.000000000000000000e+00 -4.137543107916500751e-04
8.000000000000000000e+00 1.514167597813410177e-03
9.000000000000000000e+00 -6.519445489609701104e-04
1.000000000000000000e+01 -6.479370632039306013e-04
1.100000000000000000e+01 -5.387216781493460666e-04
1.200000000000000000e+01 -6.254164192370810895e-04
1.300000000000000000e+01 -5.593461394965055546e-04
1.400000000000000000e+01 -5.214703626398025250e-04
1.500000000000000000e+01 -6.465803860514370265e-04
1.600000000000000000e+01 -6.518937343643569369e-04
1.700000000000000000e+01 -6.444437316120054304e-04
1.800000000000000000e+01 -6.515401219967516082e-04
1.900000000000000000e+01 -6.354746655131471083e-04
2.000000000000000000e+01 -6.425049048665106184e-04
2.100000000000000000e+01 2.899275670010386351e-03
2.200000000000000000e+01 -5.919038969381662778e-04
2.300000000000000000e+01 2.974613060238841342e-03
2.400000000000000000e+01 2.778027185433839478e-03
2.500000000000000000e+01 -6.012412362622741478e-04
2.600000000000000000e+01 -5.966830619967630625e-04
2.700000000000000000e+01 -5.230095982398886775e-04
2.800000000000000000e+01 2.830172132553817037e-03
2.900000000000000000e+01 -6.101733922570893188e-04
3.000000000000000000e+01 -6.418962633742513173e-04
