1.000000000000000000e+00 -4.173442719958935520e-06
2.000000000000000000e+00 -5.854297264381695314e-06
3.000000000000000000e+00 -4.283939726218586252e-06
4.000000000000000000e+00 -7.600233627220133485e-06
5.000000000000000000e+00 -1.301289053202569974e-06
6.000000000000000000e+00 1.730951706963700860e-05
7.000000000000000000e+00 2.277198397138427028e-05
8.000000000000000000e+00 -7.148207973584758124e-06
9.000000000000000000e+00 -1.413292103736355099e-06
1.000000000000000000e+01 -7.205383293128893783e-06
1.100000000000000000e+01 -7.487086737461549443e-06
1.200000000000000000e+01 -7.470790079485730850e-06
1.300000000000000000e+01 4.014490701147372191e-06
1.400000000000000000e+01 -4.056296859895060735e-06
1.500000000000000000e+01 -7.713627339603823849e-06
1.600000000000000000e+01 -7.249486005897273602e-06
1.700000000000000000e+01 -8.086753020075831112e-06
1.800000000000000000e+01 -7.389538079982331108e-06
1.900000000000000000e+01 -3.900390213023369566e-06
2.000000000000000000e+01 4.642311322970992953e-05
2.100000000000000000e+01 -3.407902524133881882e-06
2.200000000000000000e+01 1.789943662049714045e-04
2.300000000000000000e+01 2.655789490793041373e-05
2.400000000000000000e+01 -5.077022454123377315e-06
2.500000000000000000e+01 2.418547110411704400e-06
2.600000000000000000e+01 -2.212125676183120828e-06
2.700000000000000000e+01 4.267605738291447643e-05
2.800000000000000000e+01 -5.920281588237084106e-06
2.900000000000000000e+01 -4.201661488807389260e-06
3.000000000000000000e+01 -8.160466856908109203e-06
1.000000000000000000e+00 -3.151809014667059120e-06
2.000000000000000000e+00 -5.290689332352711152e-06
3.000000000000000000e+00 -3.264050304214432266e-06
4.000000000000000000e+00 -5.772859169844887243e-06
5.000000000000000000e+00 -5.829540260219656585e-06
6.000000000000000000e+00 6.212617149254093455e-07
7.000000000000000000e+00 2.942898712645418234e-05
8.000000000000000000e+00 -6.102806306388725488e-06
9.000000000000000000e+00 -5.935705929393295602e-06
1.000000000000000000e+01 -3.846564312121006994e-06
1.100000000000000000e+01 -5.983732228504578800e-06
1.200000000000000000e+01 -4.755291351993000961e-06
1.300000000000000000e+01 7.972477589774203599e-06
1.400000000000000000e+01 -6.218797816683083989e-06
1.500000000000000000e+01 -5.912730988088046021e-06
1.600000000000000000e+01 -6.611987893452423580e-06
1.700000000000000000e+01 -5.779319476155268561e-06
1.800000000000000000e+01 -5.724359487477928057e-06
1.900000000000000000e+01 -5.803441059497241548e-06
2.000000000000000000e+01 1.009892574320886381e-05
2.100000000000000000e+01 -4.406749310087114826e-06
2.200000000000000000e+01 2.405824060996474483e-05
2.300000000000000000e+01 9.350075182948219111e-06
2.400000000000000000e+01 -5.134642661668621971e-06
2.500000000000000000e+01 -2.405557420155383972e-06
2.600000000000000000e+01 -1.973819920635986115e-06
2.700000000000000000e+01 1.315193160849280092e-05
2.800000000000000000e+01 -2.303195400331042995e-06
2.900000000000000000e+01 1.211226180846633611e-06
3.000000000000000000e+01 -6.801145115672062468e-06
1.000000000000000000e+00 -4.830916356206342546e-06
2.000000000000000000e+00 -4.646583140834467157e-06
3.000000000000000000e+00 -2.858722375620273126e-06
4.000000000000000000e+00 -4.517350700482044372e-06
5.000000000000000000e+00 -5.811197587321908286e-06
6.000000000000000000e+00 -3.154885293104109217e-06
7.000000000000000000e+00 5.106147699061767797e-06
8.000000000000000000e+00 -5.593970650204142754e-06
9.000000000000000000e+00 -5.588288065810913493e-06
1.000000000000000000e+01 3.782001697440262817e-06
1.100000000000000000e+01 -5.717412910472726676e-06
1.200000000000000000e+01 -3.879851207240143623e-06
1.300000000000000000e+01 1.093197785378010986e-06
1.400000000000000000e+01 -3.403258244165963644e-06
1.500000000000000000e+01 -5.792484768074371858e-06
1.600000000000000000e+01 -5.415646354464870833e-06
1.700000000000000000e+01 -5.736250183500242259e-06
1.800000000000000000e+01 -4.399830527633498573e-06
1.900000000000000000e+01 -5.429993656747152900e-06
2.000000000000000000e+01 1.563416104111700551e-05
2.100000000000000000e+01 -3.728654586197950527e-06
2.200000000000000000e+01 5.452940435975234090e-06
2.300000000000000000e+01 1.005624993649557213e-05
2.400000000000000000e+01 -4.030439673051803485e-06
2.500000000000000000e+01 -4.075161398512106286e-06
2.600000000000000000e+01 1.611227890905389578e-06
2.700000000000000000e+01 3.118965635339027392e-05
2.800000000000000000e+01 -2.807251149303033164e-06
2.900000000000000000e+01 -2.378723920491736229e-06
3.000000000000000000e+01 -6.161839965804855839e-06
1.000000000000000000e+00 -7.030074706236624771e-06
2.000000000000000000e+00 -6.757960790944298368e-06
3.000000000000000000e+00 -3.135955609718728139e-06
4.000000000000000000e+00 -8.166304238268254888e-06
5.000000000000000000e+00 -7.971431089871868845e-06
6.000000000000000000e+00 -2.198962678722798590e-06
7.000000000000000000e+00 1.550608090338225024e-05
8.000000000000000000e+00 -8.152083354482154680e-06
9.000000000000000000e+00 -7.863871372117248968e-06
1.000000000000000000e+01 -5.394062875322245064e-06
1.100000000000000000e+01 -6.848458332716203407e-06
1.200000000000000000e+01 -5.510846530336784372e-06
1.300000000000000000e+01 -2.736493890916679428e-06
1.400000000000000000e+01 -6.475037539505304873e-06
1.500000000000000000e+01 -7.988043940067927117e-06
1.600000000000000000e+01 -8.408935725277554029e-06
1.700000000000000000e+01 -8.498326039555424626e-06
1.800000000000000000e+01 -6.919846769921731877e-06
1.900000000000000000e+01 -6.850829219644811370e-06
2.000000000000000000e+01 1.772033508165441943e-05
2.100000000000000000e+01 -5.084119057132549798e-06
2.200000000000000000e+01 1.705688503289702656e-05
2.300000000000000000e+01 1.525790329388530279e-05
2.400000000000000000e+01 -3.348988176574383128e-06
2.500000000000000000e+01 -3.193186401582203321e-06
2.600000000000000000e+01 -3.123687351573408496e-06
2.700000000000000000e+01 2.027032770660956392e-05
2.800000000000000000e+01 -2.018776381594972277e-06
2.900000000000000000e+01 -7.450161033369429018e-06
3.000000000000000000e+01 -9.295457721244826014e-06
1.000000000000000000e+00 -9.892963039300085402e-07
2.000000000000000000e+00 -2.749967564278674691e-06
3.000000000000000000e+00 -9.460627926008238216e-07
4.000000000000000000e+00 -2.763010487352650398e-06
5.000000000000000000e+00 -3.464734822090200060e-06
6.000000000000000000e+00 -2.300471311012479809e-06
7.000000000000000000e+00 1.004865549775757002e-06
8.000000000000000000e+00 -3.713337328944385804e-06
9.000000000000000000e+00 -3.219978724641253905e-06
1.000000000000000000e+01 -2.328758594186251518e-06
1.100000000000000000e+01 -3.756116705740964787e-06
1.200000000000000000e+01 -3.374630889913496214e-06
1.300000000000000000e+01 -2.834102606197982652e-07
1.400000000000000000e+01 -3.232209495177082379e-06
1.500000000000000000e+01 -4.171490231710894878e-06
1.600000000000000000e+01 -3.800493822727288013e-06
1.700000000000000000e+01 -4.035852878366605318e-06
1.800000000000000000e+01 -3.085749152282449014e-06
1.900000000000000000e+01 -3.986382006211100744e-06
2.000000000000000000e+01 5.635904512070143610e-06
2.100000000000000000e+01 2.942196372973244182e-06
2.200000000000000000e+01 4.574758838896119980e-06
2.300000000000000000e+01 4.368349694448254301e-06
2.400000000000000000e+01 -2.784774449035197567e-06
2.500000000000000000e+01 -3.237249953984465679e-06
2.600000000000000000e+01 -2.365408980398699052e-06
2.700000000000000000e+01 1.312772043134416029e-05
2.800000000000000000e+01 -2.759648651841873876e-06
2.900000000000000000e+01 -3.263318196687425360e-06
3.000000000000000000e+01 -4.261729145386387156e-06
1.000000000000000000e+00 -2.318411749485686003e-06
2.000000000000000000e+00 -6.600436979984048085e-06
3.000000000000000000e+00 -4.502053440741990844e-06
4.000000000000000000e+00 -7.563749307614216972e-06
5.000000000000000000e+00 -4.053824312642271352e-06
6.000000000000000000e+00 -2.562359273477398132e-07
7.000000000000000000e+00 4.190677502442672421e-06
8.000000000000000000e+00 -7.289566274810494384e-06
9.000000000000000000e+00 -6.732727367146998963e-06
1.000000000000000000e+01 -4.502458330281260594e-06
1.100000000000000000e+01 -7.630793736688156671e-06
1.200000000000000000e+01 -6.287802754306344501e-06
1.300000000000000000e+01 -2.996533000478396039e-06
1.400000000000000000e+01 -5.103305122243021021e-06
1.500000000000000000e+01 -7.231375811822430396e-06
1.600000000000000000e+01 -7.557505401741178037e-06
1.700000000000000000e+01 -7.677499736207223720e-06
1.800000000000000000e+01 -5.020893809657322511e-06
1.900000000000000000e+01 -6.681339503875603926e-06
2.000000000000000000e+01 5.510579737676714839e-06
2.100000000000000000e+01 1.111702475231237096e-06
2.200000000000000000e+01 1.225712327424629121e-05
2.300000000000000000e+01 1.227298444531932916e-05
2.400000000000000000e+01 2.166783244665356231e-07
2.500000000000000000e+01 -4.088082382093270736e-06
2.600000000000000000e+01 1.279018899392922698e-04
2.700000000000000000e+01 1.095074011037082007e-05
2.800000000000000000e+01 -3.339804062600558959e-06
2.900000000000000000e+01 -4.126698824086971427e-06
3.000000000000000000e+01 -7.881606806881011224e-06
1.000000000000000000e+00 -3.124408316549087827e-07
2.000000000000000000e+00 -1.940927054159911361e-06
3.000000000000000000e+00 -8.773041898584389898e-07
4.000000000000000000e+00 -2.594039398268862280e-06
5.000000000000000000e+00 -2.500965663594874969e-06
6.000000000000000000e+00 -1.524052457533085437e-06
7.000000000000000000e+00 1.365926217184798324e-05
8.000000000000000000e+00 -2.576209193426900154e-06
9.000000000000000000e+00 -1.954143188262970296e-06
1.000000000000000000e+01 -1.108485139101409793e-06
1.100000000000000000e+01 -2.415514759868898534e-06
1.200000000000000000e+01 -1.558147146405648614e-06
1.300000000000000000e+01 2.506227300672183075e-06
1.400000000000000000e+01 -2.553234135337820263e-06
1.500000000000000000e+01 -2.693831531517951406e-06
1.600000000000000000e+01 -2.281614565998689640e-06
1.700000000000000000e+01 -2.297170055396205283e-06
1.800000000000000000e+01 -1.318889719426293113e-06
1.900000000000000000e+01 -2.609324416315657204e-06
2.000000000000000000e+01 6.213299867525385657e-06
2.100000000000000000e+01 3.010536491164598129e-06
2.200000000000000000e+01 1.834614202325083617e-05
2.300000000000000000e+01 1.876549278742918687e-05
2.400000000000000000e+01 -7.637586001035854144e-07
2.500000000000000000e+01 1.092647499970154229e-06
2.600000000000000000e+01 -4.108761119729319656e-07
2.700000000000000000e+01 2.472543544902102314e-05
2.800000000000000000e+01 -1.279860388200954654e-06
2.900000000000000000e+01 -1.471872624717254847e-06
3.000000000000000000e+01 -2.836408121660232310e-06
1.000000000000000000e+00 -9.620890170089253338e-07
2.000000000000000000e+00 -1.650136017689083096e-06
3.000000000000000000e+00 -2.452088769456401274e-06
4.000000000000000000e+00 -3.848430809687023051e-06
5.000000000000000000e+00 -3.892734857778650853e-06
6.000000000000000000e+00 2.585877259593033046e-06
7.000000000000000000e+00 9.555043826329236145e-06
8.000000000000000000e+00 -3.955687706969960473e-06
9.000000000000000000e+00 -3.640542220199759558e-06
1.000000000000000000e+01 -2.198905980173241018e-06
1.100000000000000000e+01 -3.114263013260882720e-06
1.200000000000000000e+01 -1.858183258009660510e-06
1.300000000000000000e+01 4.727300603572993439e-06
1.400000000000000000e+01 -4.412498286087806428e-06
1.500000000000000000e+01 -3.593141648850636062e-06
1.600000000000000000e+01 -3.881982687316862151e-06
1.700000000000000000e+01 -3.646430577701783947e-06
1.800000000000000000e+01 -4.324191375402611471e-06
1.900000000000000000e+01 -4.383322065007537665e-06
2.000000000000000000e+01 1.684040886124055016e-05
2.100000000000000000e+01 1.204198188337697466e-06
2.200000000000000000e+01 1.742162283154944540e-05
2.300000000000000000e+01 9.809482041786941282e-06
2.400000000000000000e+01 -6.258037300410849988e-07
2.500000000000000000e+01 -1.282301345427676990e-06
2.600000000000000000e+01 3.870948425513248048e-06
2.700000000000000000e+01 2.831965256016388219e-05
2.800000000000000000e+01 -2.426115578486760952e-06
2.900000000000000000e+01 -4.220165244389973521e-06
3.000000000000000000e+01 -4.561676666150744486e-06
1.000000000000000000e+00 -1.323965436645938356e-06
2.000000000000000000e+00 -4.371183612089474655e-06
3.000000000000000000e+00 -2.392240209647295170e-06
4.000000000000000000e+00 -4.757466217262634780e-06
5.000000000000000000e+00 -4.005377474958473723e-06
6.000000000000000000e+00 -2.387747068564554323e-06
7.000000000000000000e+00 4.057082406328835557e-06
8.000000000000000000e+00 -4.886041594003401897e-06
9.000000000000000000e+00 -3.864864980622890731e-06
1.000000000000000000e+01 -2.359843908017189556e-06
1.100000000000000000e+01 -4.869734483874781727e-06
1.200000000000000000e+01 -2.032247629975081967e-06
1.300000000000000000e+01 2.133904859384224694e-06
1.400000000000000000e+01 -3.544479053040561700e-06
1.500000000000000000e+01 -4.864335275445509167e-06
1.600000000000000000e+01 -4.540389192799829014e-06
1.700000000000000000e+01 -4.438988537465614441e-06
1.800000000000000000e+01 -2.627633142901824326e-06
1.900000000000000000e+01 -4.060144828707915279e-06
2.000000000000000000e+01 1.089570771571876279e-06
2.100000000000000000e+01 1.027078751374498219e-08
2.200000000000000000e+01 1.549025424193103498e-05
2.300000000000000000e+01 8.723000669658917891e-06
2.400000000000000000e+01 -2.822947967743990694e-06
2.500000000000000000e+01 -4.077743392822694945e-06
2.600000000000000000e+01 -3.919318361044865545e-06
2.700000000000000000e+01 6.827411142095904487e-06
2.800000000000000000e+01 1.971606808661965168e-06
2.900000000000000000e+01 -3.455281256906759739e-06
3.000000000000000000e+01 -5.035941114217764752e-06
1.000000000000000000e+00 -1.905300374394000844e-06
2.000000000000000000e+00 -4.122758692223185790e-06
3.000000000000000000e+00 -8.896947584569717035e-07
4.000000000000000000e+00 -3.731037718254636067e-06
5.000000000000000000e+00 -4.081399114842145111e-06
6.000000000000000000e+00 -2.296131088050917305e-06
7.000000000000000000e+00 9.937069973460446618e-06
8.000000000000000000e+00 -4.392153938340596656e-06
9.000000000000000000e+00 -4.407003352700782325e-06
1.000000000000000000e+01 -6.271019574893953104e-07
1.100000000000000000e+01 -2.726108342680861194e-06
1.200000000000000000e+01 -1.587844377935400511e-06
1.300000000000000000e+01 5.142476929741191898e-06
1.400000000000000000e+01 -3.820953831119027028e-06
1.500000000000000000e+01 -4.419210766470572817e-06
1.600000000000000000e+01 -4.554780151625691054e-06
1.700000000000000000e+01 -4.320341108696156469e-06
1.800000000000000000e+01 -2.753419876344481810e-06
1.900000000000000000e+01 -4.472151737899668297e-06
2.000000000000000000e+01 2.359705752746074396e-06
2.100000000000000000e+01 5.829967338686662483e-07
2.200000000000000000e+01 6.549916490828387273e-06
2.300000000000000000e+01 1.734213426788191953e-06
2.400000000000000000e+01 -3.554335529307795286e-06
2.500000000000000000e+01 -2.873677616739522254e-06
2.600000000000000000e+01 -9.521419336635567423e-07
2.700000000000000000e+01 9.728344023301806965e-06
2.800000000000000000e+01 -1.888975767299763175e-06
2.900000000000000000e+01 -2.917868521908606839e-06
3.000000000000000000e+01 -4.622437812591961193e-06
1.000000000000000000e+00 1.191932763917669219e-07
2.000000000000000000e+00 -8.827945274582636606e-07
3.000000000000000000e+00 -7.607145505688493560e-07
4.000000000000000000e+00 -1.700049873238820511e-06
5.000000000000000000e+00 -1.852837983101024881e-06
6.000000000000000000e+00 4.343538622807656635e-06
7.000000000000000000e+00 9.232639252459063058e-06
8.000000000000000000e+00 -1.221901370155416354e-06
9.000000000000000000e+00 -4.964343194299422800e-07
1.000000000000000000e+01 -1.748390368940774678e-07
1.100000000000000000e+01 -1.087535287803574611e-06
1.200000000000000000e+01 -5.159667859896691843e-07
1.300000000000000000e+01 1.583247398853527497e-06
1.400000000000000000e+01 -5.405122740263218707e-07
1.500000000000000000e+01 -1.778431851723379281e-06
1.600000000000000000e+01 -1.892800379346579737e-06
1.700000000000000000e+01 -1.433888312987463071e-06
1.800000000000000000e+01 -1.527617029773072399e-06
1.900000000000000000e+01 -1.271647135990505947e-06
2.000000000000000000e+01 8.703073339795226406e-06
2.100000000000000000e+01 2.025219579074230666e-06
2.200000000000000000e+01 1.242128180816731193e-05
2.300000000000000000e+01 1.554161655015252828e-05
2.400000000000000000e+01 1.611955316774733489e-06
2.500000000000000000e+01 -2.180354693571769199e-07
2.600000000000000000e+01 6.395834629086423587e-06
2.700000000000000000e+01 7.186310157982216461e-06
2.800000000000000000e+01 5.435060189262034899e-06
2.900000000000000000e+01 -1.262212754268583833e-06
3.000000000000000000e+01 -2.115992943644133476e-06
1.000000000000000000e+00 -2.377058390723384469e-06
2.000000000000000000e+00 -2.172314403366059885e-06
3.000000000000000000e+00 -2.086503571875436701e-06
4.000000000000000000e+00 -2.895260556615637209e-06
5.000000000000000000e+00 -3.432483892284951385e-06
6.000000000000000000e+00 -3.129651917394269103e-06
7.000000000000000000e+00 4.010078858784536434e-06
8.000000000000000000e+00 -3.690239294047296912e-06
9.000000000000000000e+00 -3.705934223338059861e-06
1.000000000000000000e+01 2.756073553600486491e-06
1.100000000000000000e+01 -3.648788444950735315e-06
1.200000000000000000e+01 -1.354015769238498222e-06
1.300000000000000000e+01 -1.517513327289553593e-06
1.400000000000000000e+01 -2.301656137926856850e-06
1.500000000000000000e+01 -3.686582048685826152e-06
1.600000000000000000e+01 -2.952087475646129503e-06
1.700000000000000000e+01 -3.667631229144589726e-06
1.800000000000000000e+01 -3.387237573859432847e-06
1.900000000000000000e+01 -3.430199717350259482e-06
2.000000000000000000e+01 2.701258335654759464e-06
2.100000000000000000e+01 -1.107884466623053923e-06
2.200000000000000000e+01 2.027011738580102632e-06
2.300000000000000000e+01 1.191449359578916893e-06
2.400000000000000000e+01 -1.237088411720909505e-06
2.500000000000000000e+01 -2.591813738902732960e-06
2.600000000000000000e+01 3.783956883738262143e-06
2.700000000000000000e+01 2.955233407050841721e-06
2.800000000000000000e+01 -1.428790411992309295e-06
2.900000000000000000e+01 -2.305817844782108664e-06
3.000000000000000000e+01 -3.837258691441506455e-06
1.000000000000000000e+00 -7.284641909434776060e-07
2.000000000000000000e+00 -1.242545326818979274e-06
3.000000000000000000e+00 -1.083881997635647120e-06
4.000000000000000000e+00 -2.469634897631425682e-06
5.000000000000000000e+00 -2.918501081524832723e-06
6.000000000000000000e+00 6.285998852873309502e-07
7.000000000000000000e+00 1.341404771847445143e-05
8.000000000000000000e+00 -3.107126061438378787e-06
9.000000000000000000e+00 -2.860585702848781429e-06
1.000000000000000000e+01 -1.544317722018345353e-06
1.100000000000000000e+01 -2.353412739272440879e-06
1.200000000000000000e+01 -2.662352683657820298e-06
1.300000000000000000e+01 4.739110543576731070e-06
1.400000000000000000e+01 -1.726202639956289427e-06
1.500000000000000000e+01 -3.073346221772008835e-06
1.600000000000000000e+01 -2.615288566523475256e-06
1.700000000000000000e+01 -3.450971583221247563e-06
1.800000000000000000e+01 -2.580783090528217572e-06
1.900000000000000000e+01 -2.055765090563480695e-06
2.000000000000000000e+01 8.374652430519233809e-06
2.100000000000000000e+01 1.884760454949044781e-06
2.200000000000000000e+01 1.528057996928824483e-05
2.300000000000000000e+01 1.345413674617493746e-05
2.400000000000000000e+01 -3.604217602481627857e-07
2.500000000000000000e+01 -2.542934910961423944e-06
2.600000000000000000e+01 1.570933334998670470e-05
2.700000000000000000e+01 1.561421510999353628e-04
2.800000000000000000e+01 -1.218091960615435597e-06
2.900000000000000000e+01 -3.426946755282587184e-06
3.000000000000000000e+01 -3.637323307488224967e-06
1.000000000000000000e+00 9.137638447194194798e-06
2.000000000000000000e+00 3.636822538424368879e-06
3.000000000000000000e+00 -1.536097133035505795e-06
4.000000000000000000e+00 -3.085794035056245765e-06
5.000000000000000000e+00 -2.766414375346751197e-06
6.000000000000000000e+00 7.931293538489939785e-06
7.000000000000000000e+00 5.777244034799467598e-05
8.000000000000000000e+00 -3.230899754217042889e-06
9.000000000000000000e+00 -2.465421628997735606e-06
1.000000000000000000e+01 -3.072926734253965081e-06
1.100000000000000000e+01 -2.613690204631575823e-06
1.200000000000000000e+01 -2.694268770178183740e-06
1.300000000000000000e+01 -6.462291635494507563e-08
1.400000000000000000e+01 -9.051039383241702189e-07
1.500000000000000000e+01 -2.769795442406505004e-06
1.600000000000000000e+01 -3.009580615514490394e-06
1.700000000000000000e+01 -2.352838279611734601e-06
1.800000000000000000e+01 -2.466769547965791629e-06
1.900000000000000000e+01 -1.056307641962183086e-06
2.000000000000000000e+01 3.527859283402564109e-05
2.100000000000000000e+01 5.662207249834488506e-06
2.200000000000000000e+01 2.017385141665106767e-05
2.300000000000000000e+01 2.851153458270951882e-05
2.400000000000000000e+01 5.930714880450538102e-06
2.500000000000000000e+01 3.897359964589507173e-06
2.600000000000000000e+01 9.694282968172338306e-07
2.700000000000000000e+01 1.264843943767639701e-05
2.800000000000000000e+01 -1.689475877118897523e-06
2.900000000000000000e+01 3.313396202214950596e-06
3.000000000000000000e+01 -3.338875397582885646e-06
1.000000000000000000e+00 -4.326676068173739606e-06
2.000000000000000000e+00 -5.952635146985339656e-06
3.000000000000000000e+00 -3.654441364533686473e-06
4.000000000000000000e+00 -6.115144109304923318e-06
5.000000000000000000e+00 -6.623973885080173838e-06
6.000000000000000000e+00 -3.652573582345538270e-06
7.000000000000000000e+00 5.413324756495276182e-05
8.000000000000000000e+00 -6.543731540180683331e-06
9.000000000000000000e+00 -6.661282348175743233e-06
1.000000000000000000e+01 8.829796504380265024e-07
1.100000000000000000e+01 -6.375124534991969194e-06
1.200000000000000000e+01 -5.443502492346491314e-06
1.300000000000000000e+01 1.741315553672532877e-05
1.400000000000000000e+01 -6.233595262238834372e-06
1.500000000000000000e+01 -6.893114542447770137e-06
1.600000000000000000e+01 -6.679617059164127575e-06
1.700000000000000000e+01 -6.148778027575470289e-06
1.800000000000000000e+01 -5.169860810987615190e-06
1.900000000000000000e+01 -5.825981272994607722e-06
2.000000000000000000e+01 1.684993287455214335e-05
2.100000000000000000e+01 -4.506352545490870710e-06
2.200000000000000000e+01 1.457525929710889717e-05
2.300000000000000000e+01 1.422499107340896813e-05
2.400000000000000000e+01 -6.312502359215844218e-06
2.500000000000000000e+01 -5.898793713833562289e-06
2.600000000000000000e+01 7.506681254018111078e-07
2.700000000000000000e+01 9.847929380794525839e-06
2.800000000000000000e+01 -1.826926941737957162e-06
2.900000000000000000e+01 -5.344790551134747038e-06
3.000000000000000000e+01 -7.331264817258662019e-06
1.000000000000000000e+00 -2.175694259652280393e-06
2.000000000000000000e+00 2.706636899107227353e-06
3.000000000000000000e+00 -3.343592004524695679e-06
4.000000000000000000e+00 -6.492116298791907725e-06
5.000000000000000000e+00 -5.839040020277574635e-06
6.000000000000000000e+00 3.201193063197045573e-06
7.000000000000000000e+00 1.169795616414412125e-05
8.000000000000000000e+00 -5.695144298381379419e-06
9.000000000000000000e+00 -6.051380584547437468e-06
1.000000000000000000e+01 -6.613798898090188809e-06
1.100000000000000000e+01 -6.572628160162566006e-06
1.200000000000000000e+01 -4.412909110993505208e-06
1.300000000000000000e+01 -4.907284864674590329e-06
1.400000000000000000e+01 -6.390309799038870459e-06
1.500000000000000000e+01 -6.654935535139395639e-06
1.600000000000000000e+01 -6.271857907618974327e-06
1.700000000000000000e+01 -6.401060918446188482e-06
1.800000000000000000e+01 -4.108329174124449750e-06
1.900000000000000000e+01 -6.017253721729656326e-06
2.000000000000000000e+01 1.560353998766371393e-05
2.100000000000000000e+01 5.609247242641071452e-06
2.200000000000000000e+01 2.603283669654508702e-05
2.300000000000000000e+01 1.877479049428678232e-05
2.400000000000000000e+01 -3.112748598333978917e-06
2.500000000000000000e+01 -3.660300622253082281e-06
2.600000000000000000e+01 3.905454952562977257e-06
2.700000000000000000e+01 3.021776380097219620e-05
2.800000000000000000e+01 -3.140108714070958775e-06
2.900000000000000000e+01 -3.770290845081622916e-06
3.000000000000000000e+01 -6.974280218091748388e-06
1.000000000000000000e+00 -4.304152523850723951e-07
2.000000000000000000e+00 -3.420039953476021564e-07
3.000000000000000000e+00 7.930526990037481627e-06
4.000000000000000000e+00 -2.673205054645913019e-06
5.000000000000000000e+00 -2.399350806107180069e-06
6.000000000000000000e+00 5.651643063556301868e-06
7.000000000000000000e+00 1.524899624954860490e-05
8.000000000000000000e+00 -2.721644981474818639e-06
9.000000000000000000e+00 -2.095409814182006742e-06
1.000000000000000000e+01 -3.828200813918480943e-07
1.100000000000000000e+01 -2.439028521157734772e-06
1.200000000000000000e+01 -2.157247027443508025e-06
1.300000000000000000e+01 5.192600024131626522e-06
1.400000000000000000e+01 -1.006710462942099347e-06
1.500000000000000000e+01 -3.045594450851574413e-06
1.600000000000000000e+01 -3.098241594163911615e-06
1.700000000000000000e+01 -2.273858580875350997e-06
1.800000000000000000e+01 -2.914728592849284549e-06
1.900000000000000000e+01 -1.797162363721189556e-06
2.000000000000000000e+01 1.023614291042496420e-05
2.100000000000000000e+01 -2.525351061609248169e-07
2.200000000000000000e+01 1.581491079961658904e-05
2.300000000000000000e+01 1.809025878307027105e-05
2.400000000000000000e+01 -2.255572160000750333e-06
2.500000000000000000e+01 -2.013336357217048296e-06
2.600000000000000000e+01 1.219824830001165912e-07
2.700000000000000000e+01 2.207490812083252581e-05
2.800000000000000000e+01 -1.753493444490051295e-06
2.900000000000000000e+01 -2.512610333869982446e-06
3.000000000000000000e+01 -3.327339470227778301e-06
1.000000000000000000e+00 -7.170215477640712348e-06
2.000000000000000000e+00 -6.321427972181542436e-06
3.000000000000000000e+00 -7.470704944073522925e-06
4.000000000000000000e+00 -8.387501396260173091e-06
5.000000000000000000e+00 -7.564300235333139590e-06
6.000000000000000000e+00 -2.073756865834510907e-06
7.000000000000000000e+00 1.822709854273019952e-05
8.000000000000000000e+00 -9.140637514345396867e-06
9.000000000000000000e+00 -7.051036819836630286e-06
1.000000000000000000e+01 -5.881751975021129363e-06
1.100000000000000000e+01 -7.279488472576139145e-06
1.200000000000000000e+01 -5.871334448624750784e-06
1.300000000000000000e+01 -4.480480606102005508e-06
1.400000000000000000e+01 -4.865244320779710202e-06
1.500000000000000000e+01 -9.356650521331338227e-06
1.600000000000000000e+01 -8.678898891161180556e-06
1.700000000000000000e+01 -8.442746571050839898e-06
1.800000000000000000e+01 -8.759581160748997576e-06
1.900000000000000000e+01 -7.426655192772133702e-06
2.000000000000000000e+01 2.155561562331861182e-05
2.100000000000000000e+01 -3.481978390839749349e-06
2.200000000000000000e+01 2.346579618101751440e-05
2.300000000000000000e+01 2.606434098267129083e-05
2.400000000000000000e+01 -5.047967513050760132e-06
2.500000000000000000e+01 -6.554929824873799503e-06
2.600000000000000000e+01 6.329977891565518490e-07
2.700000000000000000e+01 3.761869116560191554e-05
2.800000000000000000e+01 -4.452434035011167109e-06
2.900000000000000000e+01 -7.679465791988476453e-06
3.000000000000000000e+01 -9.881663032456055587e-06
1.000000000000000000e+00 1.160373304301340099e-06
2.000000000000000000e+00 -2.631900832800382823e-06
3.000000000000000000e+00 -2.212730908383081980e-06
4.000000000000000000e+00 -2.598412193614592336e-06
5.000000000000000000e+00 -3.495070091771740858e-06
6.000000000000000000e+00 3.544434908752749602e-06
7.000000000000000000e+00 3.179073023150984147e-05
8.000000000000000000e+00 -4.700177383835554090e-06
9.000000000000000000e+00 -4.088121329500639305e-06
1.000000000000000000e+01 -4.926557700170892979e-06
1.100000000000000000e+01 1.302024090629787706e-07
1.200000000000000000e+01 -4.808174223466577260e-06
1.300000000000000000e+01 -2.960585419356034016e-06
1.400000000000000000e+01 2.919655723253924149e-06
1.500000000000000000e+01 -4.983981535705672983e-06
1.600000000000000000e+01 -5.086000678204575621e-06
1.700000000000000000e+01 -4.599823520363250260e-06
1.800000000000000000e+01 -3.040557643256293889e-06
1.900000000000000000e+01 -3.834742635342334793e-06
2.000000000000000000e+01 5.601046074809192899e-05
2.100000000000000000e+01 2.987716930745416101e-06
2.200000000000000000e+01 3.959158061107086001e-05
2.300000000000000000e+01 3.187545754262395532e-05
2.400000000000000000e+01 1.399461552385090505e-05
2.500000000000000000e+01 -1.835512480190141320e-06
2.600000000000000000e+01 5.587970805362109534e-06
2.700000000000000000e+01 2.600451134184267514e-05
2.800000000000000000e+01 2.827407475083636811e-06
2.900000000000000000e+01 -3.479115143283059192e-06
3.000000000000000000e+01 -5.342191818953438111e-06
1.000000000000000000e+00 -5.283302696701259768e-06
2.000000000000000000e+00 -3.455572398995424261e-06
3.000000000000000000e+00 -3.634435710502939822e-06
4.000000000000000000e+00 -1.004087343549191540e-05
5.000000000000000000e+00 6.723754631905818903e-06
6.000000000000000000e+00 -6.228245336585902918e-06
7.000000000000000000e+00 6.413690176019536858e-06
8.000000000000000000e+00 -1.019015884793522154e-05
9.000000000000000000e+00 -9.906124456743882649e-06
1.000000000000000000e+01 -1.243453496274454143e-07
1.100000000000000000e+01 -1.077171067386485854e-05
1.200000000000000000e+01 -5.006281408080508084e-06
1.300000000000000000e+01 -2.235015014940841241e-06
1.400000000000000000e+01 -8.150952770222082678e-06
1.500000000000000000e+01 -1.113847087649660015e-05
1.600000000000000000e+01 -1.098741864148634366e-05
1.700000000000000000e+01 -1.000327091071192626e-05
1.800000000000000000e+01 -9.743674587042376020e-06
1.900000000000000000e+01 -9.605513885479164898e-06
2.000000000000000000e+01 2.666796495250689015e-05
2.100000000000000000e+01 -6.870261173109748125e-06
2.200000000000000000e+01 2.068164635922861889e-04
2.300000000000000000e+01 4.777320461057539525e-05
2.400000000000000000e+01 1.720831973495115348e-05
2.500000000000000000e+01 -1.197102344423420519e-06
2.600000000000000000e+01 1.399210875893587066e-05
2.700000000000000000e+01 7.705755788293466369e-05
2.800000000000000000e+01 -3.126069858493120295e-06
2.900000000000000000e+01 -3.254438119111045619e-06
3.000000000000000000e+01 -1.174755583340764409e-05
1.000000000000000000e+00 -6.762817947225742600e-06
2.000000000000000000e+00 6.066461718635630999e-06
3.000000000000000000e+00 -7.424172251758458109e-06
4.000000000000000000e+00 -7.661762414386101639e-06
5.000000000000000000e+00 -5.024028112483884515e-06
6.000000000000000000e+00 1.563112327730018783e-06
7.000000000000000000e+00 1.973240042205559353e-05
8.000000000000000000e+00 -8.339671877902761268e-06
9.000000000000000000e+00 -6.509390437426419071e-06
1.000000000000000000e+01 -4.303227451653238048e-06
1.100000000000000000e+01 -2.430591785914124546e-06
1.200000000000000000e+01 -4.193842694592319608e-06
1.300000000000000000e+01 -1.388043906784536436e-06
1.400000000000000000e+01 -8.233171681447542015e-06
1.500000000000000000e+01 -7.674690793131572520e-06
1.600000000000000000e+01 -8.370804052962973389e-06
1.700000000000000000e+01 -7.669752647263890249e-06
1.800000000000000000e+01 -7.870236266038364343e-06
1.900000000000000000e+01 -7.714819468942406443e-06
2.000000000000000000e+01 1.647678214394855881e-05
2.100000000000000000e+01 -3.487798780152602837e-06
2.200000000000000000e+01 4.112820379686945915e-05
2.300000000000000000e+01 1.592371313510743724e-05
2.400000000000000000e+01 -6.414285364810101884e-06
2.500000000000000000e+01 8.524797430344656533e-07
2.600000000000000000e+01 1.495204334784544642e-05
2.700000000000000000e+01 1.844272557915736197e-05
2.800000000000000000e+01 3.824745413950810872e-06
2.900000000000000000e+01 -8.145292433148504932e-06
3.000000000000000000e+01 -8.675174012505345501e-06
1.000000000000000000e+00 2.668533117519150422e-06
2.000000000000000000e+00 -2.540909470602518613e-06
3.000000000000000000e+00 -1.588229551616279190e-06
4.000000000000000000e+00 -2.308038367377118674e-06
5.000000000000000000e+00 -1.673958108898533247e-06
6.000000000000000000e+00 -9.994938267644019390e-08
7.000000000000000000e+00 1.880803141435982890e-05
8.000000000000000000e+00 -3.013177499092436301e-06
9.000000000000000000e+00 -2.488105369822405722e-06
1.000000000000000000e+01 2.736845643813212480e-06
1.100000000000000000e+01 -2.337967902554030410e-06
1.200000000000000000e+01 -2.960447731220239675e-06
1.300000000000000000e+01 -1.702937432441101595e-06
1.400000000000000000e+01 1.342533948862363575e-06
1.500000000000000000e+01 -2.609453287272272199e-06
1.600000000000000000e+01 -2.938588309060967272e-06
1.700000000000000000e+01 -2.934495561340033664e-06
1.800000000000000000e+01 -2.916721120776987473e-06
1.900000000000000000e+01 -7.179847691170976090e-07
2.000000000000000000e+01 3.186274387095029134e-05
2.100000000000000000e+01 2.341952899674038782e-05
2.200000000000000000e+01 3.491874500791094691e-05
2.300000000000000000e+01 3.465751371061873192e-05
2.400000000000000000e+01 2.046910306990792810e-06
2.500000000000000000e+01 -5.091614418529907923e-07
2.600000000000000000e+01 9.978752495914966909e-06
2.700000000000000000e+01 7.451862036569682193e-05
2.800000000000000000e+01 -1.030341107670863692e-06
2.900000000000000000e+01 6.087094968969820838e-07
3.000000000000000000e+01 -3.152614939879202181e-06
1.000000000000000000e+00 -2.560845229510896567e-06
2.000000000000000000e+00 -3.530692196359362613e-06
3.000000000000000000e+00 -3.325153939846593167e-06
4.000000000000000000e+00 -7.623100426698627241e-06
5.000000000000000000e+00 -4.776958839927355009e-06
6.000000000000000000e+00 -7.460339094522003007e-07
7.000000000000000000e+00 3.030101443894547188e-05
8.000000000000000000e+00 -7.701759066076905569e-06
9.000000000000000000e+00 -7.578974415556124383e-06
1.000000000000000000e+01 -3.623221134465512048e-06
1.100000000000000000e+01 -6.799719243497353941e-06
1.200000000000000000e+01 -5.698879941758501651e-06
1.300000000000000000e+01 7.632085832985381816e-06
1.400000000000000000e+01 -6.074165714345624322e-06
1.500000000000000000e+01 -7.726630635176361700e-06
1.600000000000000000e+01 -7.124871352757409676e-06
1.700000000000000000e+01 -7.814317949250481699e-06
1.800000000000000000e+01 -7.307313154389616068e-06
1.900000000000000000e+01 -6.613926913776988415e-06
2.000000000000000000e+01 1.260289380229410194e-05
2.100000000000000000e+01 -2.609671964994303732e-06
2.200000000000000000e+01 1.849611213929055001e-05
2.300000000000000000e+01 2.816897356627491559e-05
2.400000000000000000e+01 -5.100572147048908316e-06
2.500000000000000000e+01 -5.833566733116957315e-06
2.600000000000000000e+01 -4.410557514005789051e-06
2.700000000000000000e+01 3.557230930544273321e-05
2.800000000000000000e+01 -4.346250673087254033e-06
2.900000000000000000e+01 -7.280046290541042890e-06
3.000000000000000000e+01 -8.061110969656696252e-06
1.000000000000000000e+00 -2.712444363197933553e-06
2.000000000000000000e+00 -4.211407975315495053e-06
3.000000000000000000e+00 2.244108329486692713e-06
4.000000000000000000e+00 -5.182359950765221756e-06
5.000000000000000000e+00 -5.152922425864901706e-06
6.000000000000000000e+00 -1.111064485166907486e-06
7.000000000000000000e+00 1.780865145182986150e-05
8.000000000000000000e+00 -5.521154338324699840e-06
9.000000000000000000e+00 -5.670259494926108950e-06
1.000000000000000000e+01 -4.388109793301934020e-07
1.100000000000000000e+01 -5.045069814264164342e-06
1.200000000000000000e+01 -4.819879933901870025e-06
1.300000000000000000e+01 1.355170957790700426e-05
1.400000000000000000e+01 -2.783178810954396798e-06
1.500000000000000000e+01 -5.559958335149686260e-06
1.600000000000000000e+01 -4.319693271007087294e-06
1.700000000000000000e+01 -5.224625945844283809e-06
1.800000000000000000e+01 -5.091008719194626165e-06
1.900000000000000000e+01 8.822673274657808401e-07
2.000000000000000000e+01 1.863146576631939151e-05
2.100000000000000000e+01 -2.276061436481226504e-06
2.200000000000000000e+01 3.432228052917707817e-05
2.300000000000000000e+01 1.716707583195391625e-05
2.400000000000000000e+01 -2.684062505730618958e-06
2.500000000000000000e+01 8.088798897605019625e-06
2.600000000000000000e+01 2.435544354584834297e-06
2.700000000000000000e+01 2.687330882233430768e-05
2.800000000000000000e+01 -1.795777073927472252e-06
2.900000000000000000e+01 -4.833417398713697226e-06
3.000000000000000000e+01 -5.934948994997917659e-06
1.000000000000000000e+00 -8.148421714270367392e-06
2.000000000000000000e+00 -9.066345247202186171e-06
3.000000000000000000e+00 1.032664183299391912e-05
4.000000000000000000e+00 -1.092483500437418138e-05
5.000000000000000000e+00 -1.002471983770807951e-05
6.000000000000000000e+00 -4.466479976619643275e-06
7.000000000000000000e+00 2.979075914134700419e-05
8.000000000000000000e+00 -1.231719162122381447e-05
9.000000000000000000e+00 -1.146067571223414215e-05
1.000000000000000000e+01 -7.646806201213207660e-06
1.100000000000000000e+01 -1.070522511381029326e-05
1.200000000000000000e+01 -8.343830082960517698e-06
1.300000000000000000e+01 6.860785858655344915e-06
1.400000000000000000e+01 -1.143602550688481258e-05
1.500000000000000000e+01 -1.129731276815629279e-05
1.600000000000000000e+01 -1.212111057767176957e-05
1.700000000000000000e+01 -1.162933159145579236e-05
1.800000000000000000e+01 -9.416397012072857459e-06
1.900000000000000000e+01 -1.239086773687894162e-05
2.000000000000000000e+01 2.243063429522831393e-05
2.100000000000000000e+01 -5.237542354247159499e-06
2.200000000000000000e+01 2.271820682773100967e-05
2.300000000000000000e+01 1.850479104641497094e-05
2.400000000000000000e+01 -1.038970965586604990e-06
2.500000000000000000e+01 -1.872533888631103042e-06
2.600000000000000000e+01 7.522664931329019722e-06
2.700000000000000000e+01 3.363592829544064428e-05
2.800000000000000000e+01 -8.103980153218691350e-06
2.900000000000000000e+01 -8.156754298946360696e-06
3.000000000000000000e+01 -1.274299767000784863e-05
1.000000000000000000e+00 -1.102885879971021608e-06
2.000000000000000000e+00 -2.174494305797075458e-06
3.000000000000000000e+00 -3.894369948185145389e-07
4.000000000000000000e+00 -4.279786718041274621e-06
5.000000000000000000e+00 -4.533017855830133498e-06
6.000000000000000000e+00 -1.476626777660471204e-06
7.000000000000000000e+00 5.630771845559188054e-06
8.000000000000000000e+00 -3.489302255182472938e-06
9.000000000000000000e+00 -4.657735161956735002e-06
1.000000000000000000e+01 -3.058226336061102872e-06
1.100000000000000000e+01 -4.889416705087816216e-06
1.200000000000000000e+01 -2.393468308405576588e-06
1.300000000000000000e+01 -2.568133066042005965e-06
1.400000000000000000e+01 -1.739611584162992565e-06
1.500000000000000000e+01 -4.858651464822063128e-06
1.600000000000000000e+01 -4.838687502618694593e-06
1.700000000000000000e+01 -4.661701958316808417e-06
1.800000000000000000e+01 -2.007559002745619590e-06
1.900000000000000000e+01 -4.002743824411937072e-06
2.000000000000000000e+01 7.464176494398225029e-06
2.100000000000000000e+01 4.613245602750850001e-06
2.200000000000000000e+01 2.483608625958503329e-05
2.300000000000000000e+01 1.314036235996308487e-05
2.400000000000000000e+01 -3.020216702849070620e-06
2.500000000000000000e+01 -2.298382329945495494e-06
2.600000000000000000e+01 -1.572780393896151609e-08
2.700000000000000000e+01 3.454559824795759039e-05
2.800000000000000000e+01 -3.002467195633770123e-06
2.900000000000000000e+01 -2.920570666171549728e-06
3.000000000000000000e+01 -5.090273331415917872e-06
1.000000000000000000e+00 -5.790826362119662269e-06
2.000000000000000000e+00 -4.872361769702572166e-06
3.000000000000000000e+00 -4.621519795511746441e-06
4.000000000000000000e+00 -7.012186518222972928e-06
5.000000000000000000e+00 -6.353490447233049255e-06
6.000000000000000000e+00 4.820672720933116483e-06
7.000000000000000000e+00 1.826746913624527265e-05
8.000000000000000000e+00 -7.219167580565828154e-06
9.000000000000000000e+00 -6.360717906523950319e-06
1.000000000000000000e+01 -5.060770757922182146e-06
1.100000000000000000e+01 -7.000423583710887252e-06
1.200000000000000000e+01 -5.805662463123206080e-06
1.300000000000000000e+01 -8.847551734003245024e-07
1.400000000000000000e+01 -2.597735372926724467e-06
1.500000000000000000e+01 -7.321640486636935772e-06
1.600000000000000000e+01 -7.452981187692779025e-06
1.700000000000000000e+01 -1.138451694752491667e-06
1.800000000000000000e+01 -5.993522800908580899e-06
1.900000000000000000e+01 -5.669554470943250078e-06
2.000000000000000000e+01 1.805470838375438589e-05
2.100000000000000000e+01 -4.571534798000512033e-06
2.200000000000000000e+01 3.680585783955151363e-05
2.300000000000000000e+01 3.103075671212655260e-05
2.400000000000000000e+01 2.796033440711101697e-06
2.500000000000000000e+01 -1.821280443548256825e-06
2.600000000000000000e+01 6.469497022641503002e-06
2.700000000000000000e+01 1.727671850610381163e-05
2.800000000000000000e+01 -2.881917320487508999e-06
2.900000000000000000e+01 -6.510510919885180004e-06
3.000000000000000000e+01 -7.881566983594915537e-06
1.000000000000000000e+00 -2.819677378187596382e-06
2.000000000000000000e+00 6.967389350408366548e-06
3.000000000000000000e+00 -1.929132529621758638e-06
4.000000000000000000e+00 -3.262174522333916045e-06
5.000000000000000000e+00 -3.880520028235643472e-06
6.000000000000000000e+00 1.796756189559787660e-06
7.000000000000000000e+00 1.792017965931009112e-05
8.000000000000000000e+00 -4.194273685317636465e-06
9.000000000000000000e+00 -4.972960820826361359e-06
1.000000000000000000e+01 -1.027313486873180535e-06
1.100000000000000000e+01 -3.594163040229480291e-06
1.200000000000000000e+01 -3.035472466546403016e-06
1.300000000000000000e+01 2.072548503543532078e-06
1.400000000000000000e+01 -2.399886163793683407e-06
1.500000000000000000e+01 -4.925769993236259740e-06
1.600000000000000000e+01 -3.846920444411172248e-06
1.700000000000000000e+01 -4.533383739570119312e-06
1.800000000000000000e+01 -3.816273097421996391e-06
1.900000000000000000e+01 -2.511231312620091502e-06
2.000000000000000000e+01 1.443937926696547287e-05
2.100000000000000000e+01 -6.258661509983217292e-08
2.200000000000000000e+01 2.307863331772429792e-05
2.300000000000000000e+01 2.177542153554147238e-05
2.400000000000000000e+01 -1.701210666727907986e-06
2.500000000000000000e+01 8.274718229740717293e-06
2.600000000000000000e+01 1.965365997560426287e-06
2.700000000000000000e+01 3.153636967729920692e-05
2.800000000000000000e+01 2.032155779492637322e-06
2.900000000000000000e+01 -3.140361221320741175e-06
3.000000000000000000e+01 -5.346980715086135878e-06
1.000000000000000000e+00 9.042509801418272186e-08
2.000000000000000000e+00 -1.361677054697417503e-06
3.000000000000000000e+00 -1.472601743952136780e-06
4.000000000000000000e+00 -3.141605103070190764e-06
5.000000000000000000e+00 -2.029161421477647080e-06
6.000000000000000000e+00 -1.223039078229130104e-06
7.000000000000000000e+00 1.513040661160099821e-05
8.000000000000000000e+00 -3.032394061956680011e-06
9.000000000000000000e+00 -3.074201446934584910e-06
1.000000000000000000e+01 -1.405301499898164252e-06
1.100000000000000000e+01 -2.494444763650717875e-06
1.200000000000000000e+01 -2.070196106243098196e-06
1.300000000000000000e+01 7.471602311024704120e-07
1.400000000000000000e+01 -1.895543435733093051e-06
1.500000000000000000e+01 -3.191888483267561329e-06
1.600000000000000000e+01 -3.114941097961971005e-06
1.700000000000000000e+01 -3.093885069553581856e-06
1.800000000000000000e+01 -2.875184069757061675e-06
1.900000000000000000e+01 -2.721601400497246365e-06
2.000000000000000000e+01 1.384867908352296037e-05
2.100000000000000000e+01 8.235322472074064503e-06
2.200000000000000000e+01 2.130246672195511737e-05
2.300000000000000000e+01 6.898139070566788419e-06
2.400000000000000000e+01 4.003044271424012642e-06
2.500000000000000000e+01 -1.565696207755982626e-06
2.600000000000000000e+01 1.655288064820140627e-05
2.700000000000000000e+01 2.011651810919359780e-05
2.800000000000000000e+01 -1.428056654034996042e-06
2.900000000000000000e+01 -2.739178672171927460e-06
3.000000000000000000e+01 -3.354451224540947339e-06
1.000000000000000000e+00 -4.993078295374515018e-06
2.000000000000000000e+00 -5.791321992694989772e-06
3.000000000000000000e+00 3.206377719121346873e-07
4.000000000000000000e+00 -7.467507986722063436e-06
5.000000000000000000e+00 -6.667350260816684908e-06
6.000000000000000000e+00 -4.589936601299340580e-06
7.000000000000000000e+00 8.140460035039061141e-06
8.000000000000000000e+00 -5.624692020967567401e-06
9.000000000000000000e+00 -7.493093455375471882e-06
1.000000000000000000e+01 -4.281628457435290238e-06
1.100000000000000000e+01 -7.361847641181657962e-06
1.200000000000000000e+01 -6.275510146732429869e-06
1.300000000000000000e+01 -4.139927220492200696e-07
1.400000000000000000e+01 -6.059279104335523473e-06
1.500000000000000000e+01 -7.580222133997877233e-06
1.600000000000000000e+01 -7.295390342813999057e-06
1.700000000000000000e+01 -7.441911657172447538e-06
1.800000000000000000e+01 -5.293820073272451859e-06
1.900000000000000000e+01 -7.421616846378149105e-06
2.000000000000000000e+01 7.447323361471550205e-06
2.100000000000000000e+01 -2.569187390460963907e-06
2.200000000000000000e+01 9.108417906650369107e-06
2.300000000000000000e+01 5.809787676748932794e-07
2.400000000000000000e+01 -6.673800406933839791e-06
2.500000000000000000e+01 -5.572192200457015213e-06
2.600000000000000000e+01 -6.677033158529251579e-07
2.700000000000000000e+01 1.286171596595332058e-05
2.800000000000000000e+01 -3.493509976584228553e-06
2.900000000000000000e+01 -5.490820672703414737e-06
3.000000000000000000e+01 -7.788699313989298919e-06
1.000000000000000000e+00 -6.553581263594677831e-06
2.000000000000000000e+00 -7.297796732026985025e-06
3.000000000000000000e+00 -6.059671206045387127e-06
4.000000000000000000e+00 -9.556616787738069066e-06
5.000000000000000000e+00 -8.836634898340886275e-06
6.000000000000000000e+00 -5.464814373517915871e-06
7.000000000000000000e+00 3.721697820490529245e-05
8.000000000000000000e+00 -1.047378227682812132e-05
9.000000000000000000e+00 -9.360856724543301075e-06
1.000000000000000000e+01 -8.620034410297172767e-06
1.100000000000000000e+01 -9.678590432950094820e-06
1.200000000000000000e+01 -8.432307206078214833e-06
1.300000000000000000e+01 -5.320497061994733850e-06
1.400000000000000000e+01 -9.675201074238397005e-06
1.500000000000000000e+01 -1.074829592465511233e-05
1.600000000000000000e+01 -9.734552602066213150e-06
1.700000000000000000e+01 -1.024505215304552457e-05
1.800000000000000000e+01 -7.754508687200235942e-06
1.900000000000000000e+01 -8.156005130675689303e-06
2.000000000000000000e+01 4.081816071242410320e-05
2.100000000000000000e+01 3.055103711617559647e-06
2.200000000000000000e+01 2.697638754452452801e-05
2.300000000000000000e+01 1.872416783645379623e-05
2.400000000000000000e+01 -6.944237248032718295e-06
2.500000000000000000e+01 -7.332469150507499578e-06
2.600000000000000000e+01 -1.373653160917423499e-06
2.700000000000000000e+01 3.520007620378487478e-05
2.800000000000000000e+01 -5.073392754289147581e-06
2.900000000000000000e+01 -5.816102820758387303e-06
3.000000000000000000e+01 -1.094310968847384790e-05
1.000000000000000000e+00 -2.666204245290862675e-06
2.000000000000000000e+00 -4.282744306323847043e-06
3.000000000000000000e+00 -2.986004618748618201e-06
4.000000000000000000e+00 -4.249408822261714070e-06
5.000000000000000000e+00 -3.077619433141362236e-06
6.000000000000000000e+00 -1.940409033719963323e-06
7.000000000000000000e+00 4.220775524055772080e-06
8.000000000000000000e+00 -4.087035992105128767e-06
9.000000000000000000e+00 -4.817120304515925197e-06
1.000000000000000000e+01 1.623566246827371579e-07
1.100000000000000000e+01 -4.040950834318855486e-06
1.200000000000000000e+01 -1.190976189281989796e-06
1.300000000000000000e+01 7.106972408609515339e-06
1.400000000000000000e+01 -4.185371130288763563e-06
1.500000000000000000e+01 -4.180243561048513980e-06
1.600000000000000000e+01 -4.670818251798659379e-06
1.700000000000000000e+01 -4.359386490828509231e-06
1.800000000000000000e+01 -2.354846447985636676e-06
1.900000000000000000e+01 -4.662087083910228016e-06
2.000000000000000000e+01 8.129827767222690997e-07
2.100000000000000000e+01 -7.231856906245718025e-07
2.200000000000000000e+01 2.216634690936239592e-05
2.300000000000000000e+01 3.210944811847146939e-06
2.400000000000000000e+01 5.300585855169244546e-06
2.500000000000000000e+01 -1.023499591460193131e-06
2.600000000000000000e+01 -1.926058791233015149e-06
2.700000000000000000e+01 1.192685029879435768e-05
2.800000000000000000e+01 5.272407239349464000e-06
2.900000000000000000e+01 -2.310079662858381748e-06
3.000000000000000000e+01 -4.866369155153554928e-06
1.000000000000000000e+00 1.572551497588978762e-06
2.000000000000000000e+00 -2.092049184292536117e-06
3.000000000000000000e+00 -5.835992800405330082e-07
4.000000000000000000e+00 -1.857475606390622402e-06
5.000000000000000000e+00 -1.693495576554047225e-06
6.000000000000000000e+00 8.414952253033212396e-06
7.000000000000000000e+00 2.353327113368145480e-05
8.000000000000000000e+00 -1.799306222883907669e-06
9.000000000000000000e+00 -2.208086181888754228e-06
1.000000000000000000e+01 -1.933887616835616421e-06
1.100000000000000000e+01 -2.208215461588774675e-06
1.200000000000000000e+01 -2.036123101379946498e-06
1.300000000000000000e+01 -1.764120130726301257e-06
1.400000000000000000e+01 -5.775339366438553077e-07
1.500000000000000000e+01 -1.868567851365926011e-06
1.600000000000000000e+01 -1.785043180135107681e-06
1.700000000000000000e+01 -2.126515829664255119e-06
1.800000000000000000e+01 -1.358667401435491003e-06
1.900000000000000000e+01 -5.946826494447420102e-07
2.000000000000000000e+01 2.947465661108839328e-05
2.100000000000000000e+01 4.620517498289138728e-06
2.200000000000000000e+01 2.337145113756807860e-05
2.300000000000000000e+01 7.391258889720184805e-06
2.400000000000000000e+01 -4.212146341081873089e-07
2.500000000000000000e+01 3.710068072097583353e-06
2.600000000000000000e+01 3.337748959148785224e-06
2.700000000000000000e+01 1.324296063347590113e-05
2.800000000000000000e+01 -8.549754134856319743e-07
2.900000000000000000e+01 2.974285447259486308e-06
3.000000000000000000e+01 -2.442172712826859377e-06
1.000000000000000000e+00 -4.382943627005806377e-06
2.000000000000000000e+00 -3.811485602695260657e-06
3.000000000000000000e+00 1.360694418376103833e-06
4.000000000000000000e+00 -5.200403753232601774e-06
5.000000000000000000e+00 -4.996884630751906814e-06
6.000000000000000000e+00 2.462937695321503326e-07
7.000000000000000000e+00 1.093026329197717121e-05
8.000000000000000000e+00 -4.933149154722578020e-06
9.000000000000000000e+00 -3.851169916032221346e-06
1.000000000000000000e+01 -1.404314463574307287e-06
1.100000000000000000e+01 -4.397138993525010607e-06
1.200000000000000000e+01 -2.230807410322915513e-06
1.300000000000000000e+01 4.440552214559947196e-06
1.400000000000000000e+01 -5.065632585556833720e-06
1.500000000000000000e+01 -4.881545474932990883e-06
1.600000000000000000e+01 -4.862861872251913770e-06
1.700000000000000000e+01 -4.307024794675705667e-06
1.800000000000000000e+01 -4.126392733668042816e-06
1.900000000000000000e+01 -4.744490833025512791e-06
2.000000000000000000e+01 3.961017896155590185e-06
2.100000000000000000e+01 -3.584564694009971264e-06
2.200000000000000000e+01 1.232615016722962725e-05
2.300000000000000000e+01 2.037371479650339947e-05
2.400000000000000000e+01 -3.854788346226836904e-06
2.500000000000000000e+01 -1.722100432745110400e-06
2.600000000000000000e+01 -4.447379338880955861e-08
2.700000000000000000e+01 1.712579414938761440e-05
2.800000000000000000e+01 -2.957970979749563769e-06
2.900000000000000000e+01 -4.132678623328035009e-06
3.000000000000000000e+01 -5.398705032572308946e-06
1.000000000000000000e+00 2.719893419806620952e-06
2.000000000000000000e+00 -4.345450820634281194e-06
3.000000000000000000e+00 -4.605384649573080991e-06
4.000000000000000000e+00 -4.793038104803274214e-06
5.000000000000000000e+00 -5.639131874435275131e-06
6.000000000000000000e+00 -2.763809161662866171e-06
7.000000000000000000e+00 -4.171350245681500927e-07
8.000000000000000000e+00 -5.608689775027658216e-06
9.000000000000000000e+00 -4.735533221290342497e-06
1.000000000000000000e+01 -4.461258221220345376e-06
1.100000000000000000e+01 -5.222320633036327285e-06
1.200000000000000000e+01 -3.462440631224660017e-06
1.300000000000000000e+01 -1.014729445251026452e-06
1.400000000000000000e+01 -4.228526265928616756e-06
1.500000000000000000e+01 -5.644877113353401028e-06
1.600000000000000000e+01 -5.798554707258250156e-06
1.700000000000000000e+01 -5.815493384340539628e-06
1.800000000000000000e+01 -3.842361203680543354e-06
1.900000000000000000e+01 -5.322019397613178998e-06
2.000000000000000000e+01 1.270117813951160244e-06
2.100000000000000000e+01 -1.088834683090186758e-06
2.200000000000000000e+01 9.353472015825048334e-06
2.300000000000000000e+01 1.228265934333952951e-05
2.400000000000000000e+01 -2.993598398001459363e-06
2.500000000000000000e+01 -4.670650168953648658e-06
2.600000000000000000e+01 -3.631642474852448672e-06
2.700000000000000000e+01 3.483158374659991920e-06
2.800000000000000000e+01 -2.923065927879310597e-06
2.900000000000000000e+01 -3.859427350313485364e-06
3.000000000000000000e+01 -5.933834059771091186e-06
1.000000000000000000e+00 1.567185105415989816e-06
2.000000000000000000e+00 -6.481539946386470394e-07
3.000000000000000000e+00 1.623412023475149560e-08
4.000000000000000000e+00 -2.232755714961980090e-06
5.000000000000000000e+00 -2.095278140413467257e-06
6.000000000000000000e+00 6.313918830292221846e-06
7.000000000000000000e+00 2.121070170466524813e-05
8.000000000000000000e+00 -1.510305891273302221e-06
9.000000000000000000e+00 -1.190468555733291713e-06
1.000000000000000000e+01 -2.353622191071887192e-06
1.100000000000000000e+01 -1.898862336012182135e-06
1.200000000000000000e+01 -1.547280411006442722e-06
1.300000000000000000e+01 -1.804469002448959746e-07
1.400000000000000000e+01 6.994095418304366238e-07
1.500000000000000000e+01 -2.386584894278415698e-06
1.600000000000000000e+01 -2.255995405210271098e-06
1.700000000000000000e+01 -2.104768928725371166e-06
1.800000000000000000e+01 -1.055135541050478222e-06
1.900000000000000000e+01 -1.270653851731733717e-06
2.000000000000000000e+01 1.518520080502247280e-05
2.100000000000000000e+01 8.352103866978007415e-06
2.200000000000000000e+01 1.249641030592659975e-05
2.300000000000000000e+01 1.795103231227274213e-05
2.400000000000000000e+01 -7.854462916405628706e-07
2.500000000000000000e+01 2.638777356681562321e-08
2.600000000000000000e+01 2.117286987483468147e-06
2.700000000000000000e+01 2.162104265473633263e-05
2.800000000000000000e+01 -1.066660995643872472e-06
2.900000000000000000e+01 -2.158472732133269982e-06
3.000000000000000000e+01 -2.614718135904910670e-06
1.000000000000000000e+00 -3.554263319117733802e-06
2.000000000000000000e+00 -3.816085425806880774e-06
3.000000000000000000e+00 1.803990247137094710e-06
4.000000000000000000e+00 -1.210518593458702238e-05
5.000000000000000000e+00 -1.242635793413036284e-05
6.000000000000000000e+00 -1.085142165233698292e-05
7.000000000000000000e+00 1.065106380974762503e-05
8.000000000000000000e+00 -7.909910419182098596e-06
9.000000000000000000e+00 -1.321698633305987434e-05
1.000000000000000000e+01 -1.255048589065790892e-05
1.100000000000000000e+01 -1.252725682773816601e-05
1.200000000000000000e+01 -1.164177882082087816e-05
1.300000000000000000e+01 -9.375567282929390991e-06
1.400000000000000000e+01 -1.270185040563009328e-05
1.500000000000000000e+01 -1.321890900364821263e-05
1.600000000000000000e+01 -1.350735175086157326e-05
1.700000000000000000e+01 -1.375778486486290461e-05
1.800000000000000000e+01 -4.930770910412667688e-06
1.900000000000000000e+01 -1.371516770080645978e-05
2.000000000000000000e+01 1.368805849512864416e-05
2.100000000000000000e+01 -5.948307371806148391e-06
2.200000000000000000e+01 2.919149558777113385e-05
2.300000000000000000e+01 4.649970683901086873e-05
2.400000000000000000e+01 -1.086153069424591469e-05
2.500000000000000000e+01 4.348842223063006692e-06
2.600000000000000000e+01 5.661139261707398621e-06
2.700000000000000000e+01 2.056336128457962134e-05
2.800000000000000000e+01 -9.015234103216427329e-06
2.900000000000000000e+01 -4.371067120218859456e-06
3.000000000000000000e+01 -1.382971138356603508e-05
1.000000000000000000e+00 -5.677421029744867221e-06
2.000000000000000000e+00 -3.180000339315418505e-08
3.000000000000000000e+00 -5.775106616264984360e-06
4.000000000000000000e+00 -7.078119807544568073e-06
5.000000000000000000e+00 -8.309018925289735584e-06
6.000000000000000000e+00 -4.330741722046069526e-06
7.000000000000000000e+00 2.480052628399507538e-05
8.000000000000000000e+00 -8.143397440327921884e-06
9.000000000000000000e+00 -5.832915429695986271e-06
1.000000000000000000e+01 -2.364184179066211351e-06
1.100000000000000000e+01 -7.276948132309924541e-06
1.200000000000000000e+01 -5.406064807942815992e-06
1.300000000000000000e+01 1.293871773474077484e-05
1.400000000000000000e+01 -7.252596893565882680e-06
1.500000000000000000e+01 -8.590783389173666074e-06
1.600000000000000000e+01 -8.046780192286385138e-06
1.700000000000000000e+01 -7.653670054048810367e-06
1.800000000000000000e+01 -4.921247305844480377e-06
1.900000000000000000e+01 -7.001140286076764480e-06
2.000000000000000000e+01 1.325923562805121934e-05
2.100000000000000000e+01 -5.577057122863166842e-06
2.200000000000000000e+01 1.869641550222312453e-05
2.300000000000000000e+01 1.098696960765926139e-05
2.400000000000000000e+01 -5.584175914800076320e-07
2.500000000000000000e+01 -5.937242804598600235e-06
2.600000000000000000e+01 3.955992395982926203e-06
2.700000000000000000e+01 2.789381591401633798e-05
2.800000000000000000e+01 -5.765798944998818189e-06
2.900000000000000000e+01 -5.942771701471298270e-06
3.000000000000000000e+01 -8.810569681713056476e-06
1.000000000000000000e+00 -2.381218502105426964e-06
2.000000000000000000e+00 -4.004093532920450545e-06
3.000000000000000000e+00 -3.221244396879489420e-06
4.000000000000000000e+00 -4.865291968582427806e-06
5.000000000000000000e+00 -4.560276699377427352e-06
6.000000000000000000e+00 9.860593652908021366e-07
7.000000000000000000e+00 4.372707720074283650e-06
8.000000000000000000e+00 -4.747885835144062800e-06
9.000000000000000000e+00 -4.833155023230263955e-06
1.000000000000000000e+01 -2.583823244978735321e-06
1.100000000000000000e+01 -4.446448746930084434e-06
1.200000000000000000e+01 -3.998377957095192204e-06
1.300000000000000000e+01 -2.909296392987983332e-06
1.400000000000000000e+01 -4.045149063599590295e-06
1.500000000000000000e+01 -5.008807188150952746e-06
1.600000000000000000e+01 -4.992471115632444341e-06
1.700000000000000000e+01 -4.550811486724335211e-06
1.800000000000000000e+01 -3.161913502006613018e-06
1.900000000000000000e+01 -4.362883589493194097e-06
2.000000000000000000e+01 3.073320371327714390e-08
2.100000000000000000e+01 -2.599165545494238523e-06
2.200000000000000000e+01 9.011897493012971643e-06
2.300000000000000000e+01 5.262214339780819342e-06
2.400000000000000000e+01 -3.149453659987866376e-06
2.500000000000000000e+01 -2.983692384781313590e-06
2.600000000000000000e+01 -4.442999155240557747e-07
2.700000000000000000e+01 3.599514250504544738e-06
2.800000000000000000e+01 -2.409239360144712403e-06
2.900000000000000000e+01 -1.863168563935827202e-06
3.000000000000000000e+01 -5.115653064743534828e-06
1.000000000000000000e+00 -3.659765130608655877e-06
2.000000000000000000e+00 4.048693940590097703e-06
3.000000000000000000e+00 4.091355482502013974e-06
4.000000000000000000e+00 -5.179356037085067091e-06
5.000000000000000000e+00 -3.981261088496943840e-06
6.000000000000000000e+00 8.534354318304447854e-06
7.000000000000000000e+00 6.863600565013015570e-05
8.000000000000000000e+00 -5.921567962126629537e-06
9.000000000000000000e+00 -4.990651410599330924e-06
1.000000000000000000e+01 -5.801919132622201429e-06
1.100000000000000000e+01 -4.906583694558127896e-06
1.200000000000000000e+01 -6.094337551766731457e-06
1.300000000000000000e+01 2.371050601146079622e-06
1.400000000000000000e+01 -6.553368775415646407e-06
1.500000000000000000e+01 -6.178058595008014652e-06
1.600000000000000000e+01 -6.569528445958651676e-06
1.700000000000000000e+01 -6.165522960283473922e-06
1.800000000000000000e+01 -6.006630851576799378e-06
1.900000000000000000e+01 -6.299060365185197480e-06
2.000000000000000000e+01 5.366129683812946859e-05
2.100000000000000000e+01 -1.070379451189046372e-06
2.200000000000000000e+01 1.963050809511789454e-04
2.300000000000000000e+01 8.115012038471361194e-05
2.400000000000000000e+01 6.938208691542550217e-06
2.500000000000000000e+01 2.225245230058612621e-07
2.600000000000000000e+01 2.908907354105807208e-05
2.700000000000000000e+01 8.414933947167829015e-05
2.800000000000000000e+01 1.247694617851644397e-06
2.900000000000000000e+01 7.303453448801827165e-07
3.000000000000000000e+01 -6.838609660356681280e-06
1.000000000000000000e+00 -3.270028351698042883e-06
2.000000000000000000e+00 -4.160355515204406522e-06
3.000000000000000000e+00 -3.747457407995559630e-06
4.000000000000000000e+00 -5.691970951972529417e-06
5.000000000000000000e+00 -4.742755308525055203e-06
6.000000000000000000e+00 6.446529088366064435e-06
7.000000000000000000e+00 -1.046146456073071616e-06
8.000000000000000000e+00 -5.671942992230216732e-06
9.000000000000000000e+00 -4.956543349978210734e-06
1.000000000000000000e+01 -4.271466220491707244e-06
1.100000000000000000e+01 -5.514949905386266082e-06
1.200000000000000000e+01 -3.143078197130118265e-06
1.300000000000000000e+01 -3.269662175998481504e-06
1.400000000000000000e+01 -5.183957553562224383e-06
1.500000000000000000e+01 -5.468334880470917408e-06
1.600000000000000000e+01 -5.658200571796404884e-06
1.700000000000000000e+01 -5.693061537770761325e-06
1.800000000000000000e+01 -2.893900918046739795e-06
1.900000000000000000e+01 -4.659048162559564149e-06
2.000000000000000000e+01 6.954913333829138614e-06
2.100000000000000000e+01 -1.995463759844727039e-06
2.200000000000000000e+01 1.076433262182492715e-05
2.300000000000000000e+01 2.395401898282036850e-06
2.400000000000000000e+01 -3.966021265792432538e-06
2.500000000000000000e+01 -4.640431827364676495e-06
2.600000000000000000e+01 4.959603553464517519e-06
2.700000000000000000e+01 7.568399931691969269e-06
2.800000000000000000e+01 -2.995538994907731486e-06
2.900000000000000000e+01 -4.051576691046429827e-06
3.000000000000000000e+01 -5.797892542941070811e-06
1.000000000000000000e+00 -3.013074262186548018e-06
2.000000000000000000e+00 -6.983270141164877204e-06
3.000000000000000000e+00 -7.073671686628366018e-06
4.000000000000000000e+00 -7.481905389267497513e-06
5.000000000000000000e+00 2.335344528984550930e-06
6.000000000000000000e+00 -6.229997736349822815e-06
7.000000000000000000e+00 4.579109747578144683e-06
8.000000000000000000e+00 -9.097541011057936567e-06
9.000000000000000000e+00 -8.928026478724813316e-06
1.000000000000000000e+01 -9.666134503189658289e-06
1.100000000000000000e+01 -5.055252605161860830e-06
1.200000000000000000e+01 -8.870954396086566364e-06
1.300000000000000000e+01 -6.553719185298131946e-06
1.400000000000000000e+01 -8.274377337740391694e-06
1.500000000000000000e+01 -1.013402681673809154e-05
1.600000000000000000e+01 -9.844451441547629535e-06
1.700000000000000000e+01 -1.008002229496745375e-05
1.800000000000000000e+01 -7.884489615729257868e-06
1.900000000000000000e+01 -8.860309316397061962e-06
2.000000000000000000e+01 3.076934346562689916e-06
2.100000000000000000e+01 -4.146410299649469291e-06
2.200000000000000000e+01 2.554965461459582525e-05
2.300000000000000000e+01 2.178225198820164267e-05
2.400000000000000000e+01 -1.579781526124144119e-06
2.500000000000000000e+01 -3.926870245816035776e-06
2.600000000000000000e+01 4.727927148821964043e-06
2.700000000000000000e+01 8.839615221687341913e-06
2.800000000000000000e+01 -5.104565920473755954e-06
2.900000000000000000e+01 -6.767896058513906669e-06
3.000000000000000000e+01 -1.045941412863214977e-05
1.000000000000000000e+00 -2.413057511297864596e-06
2.000000000000000000e+00 -2.617799477264481443e-07
3.000000000000000000e+00 -1.837867776477418909e-06
4.000000000000000000e+00 -3.015288833958446366e-06
5.000000000000000000e+00 -2.364798228445351849e-06
6.000000000000000000e+00 -2.058310919669713811e-07
7.000000000000000000e+00 7.157763693706248244e-06
8.000000000000000000e+00 -2.440754256425368162e-06
9.000000000000000000e+00 -2.158899985776021134e-06
1.000000000000000000e+01 -1.072723127485219992e-07
1.100000000000000000e+01 -2.325700228327861473e-06
1.200000000000000000e+01 -1.800930977921429986e-06
1.300000000000000000e+01 1.744321534426481881e-06
1.400000000000000000e+01 -1.529824439948325361e-06
1.500000000000000000e+01 -2.904593295187471717e-06
1.600000000000000000e+01 -2.571929124442341438e-06
1.700000000000000000e+01 -2.192632703166909667e-06
1.800000000000000000e+01 -2.918622244748654841e-06
1.900000000000000000e+01 -1.854031359278735560e-06
2.000000000000000000e+01 1.710162293291781150e-05
2.100000000000000000e+01 -8.670872396904116922e-07
2.200000000000000000e+01 1.558382979672334821e-05
2.300000000000000000e+01 7.555157404443287238e-06
2.400000000000000000e+01 -9.085289161040758201e-07
2.500000000000000000e+01 -1.285564285643193368e-06
2.600000000000000000e+01 6.318151309865978748e-06
2.700000000000000000e+01 1.818594310348433174e-05
2.800000000000000000e+01 5.355684964301708383e-06
2.900000000000000000e+01 -1.553516667538603935e-06
3.000000000000000000e+01 -3.303683874977175296e-06
1.000000000000000000e+00 -2.319295511120650835e-06
2.000000000000000000e+00 -2.557621061527003081e-06
3.000000000000000000e+00 -1.815329898656656195e-06
4.000000000000000000e+00 -3.733766314055116995e-06
5.000000000000000000e+00 -3.569558964493075981e-06
6.000000000000000000e+00 -2.924255955108949294e-06
7.000000000000000000e+00 1.747355169591419682e-06
8.000000000000000000e+00 -3.491145746333941520e-06
9.000000000000000000e+00 -3.470318985193126675e-06
1.000000000000000000e+01 -2.045647114691539685e-06
1.100000000000000000e+01 -3.348012914808464159e-06
1.200000000000000000e+01 -1.649084612865879955e-06
1.300000000000000000e+01 3.956288734952034571e-07
1.400000000000000000e+01 -2.036420374619695763e-06
1.500000000000000000e+01 -3.708220902255463586e-06
1.600000000000000000e+01 -3.780698056717941111e-06
1.700000000000000000e+01 -3.667171385943578692e-06
1.800000000000000000e+01 -2.265829362807189334e-06
1.900000000000000000e+01 -3.656092045581511277e-06
2.000000000000000000e+01 1.974986240748096320e-06
2.100000000000000000e+01 -1.358221637555654676e-06
2.200000000000000000e+01 9.540263431212692478e-06
2.300000000000000000e+01 2.733997928505937542e-06
2.400000000000000000e+01 -8.857971771251972740e-07
2.500000000000000000e+01 -2.668327928329506424e-06
2.600000000000000000e+01 -9.923552983601904543e-07
2.700000000000000000e+01 1.098304461991039683e-05
2.800000000000000000e+01 -2.632264614431425586e-06
2.900000000000000000e+01 -2.683964056961768327e-06
3.000000000000000000e+01 -3.936521670286366134e-06
1.000000000000000000e+00 -2.212339448984284398e-06
2.000000000000000000e+00 -3.183907167178689198e-06
3.000000000000000000e+00 -3.873977214149233041e-06
4.000000000000000000e+00 -5.810880890183344150e-06
5.000000000000000000e+00 -6.077711680173606468e-06
6.000000000000000000e+00 2.731583831560159120e-06
7.000000000000000000e+00 8.303114276443400441e-07
8.000000000000000000e+00 -5.833367675078398484e-06
9.000000000000000000e+00 -6.044132533519418850e-06
1.000000000000000000e+01 -5.257252720363269624e-06
1.100000000000000000e+01 -5.956405279375372430e-06
1.200000000000000000e+01 -4.666667781952244235e-06
1.300000000000000000e+01 -4.165091508262028213e-06
1.400000000000000000e+01 -5.099445066303741397e-06
1.500000000000000000e+01 -5.911652722983898966e-06
1.600000000000000000e+01 -6.209154917432357412e-06
1.700000000000000000e+01 -6.236216241739795661e-06
1.800000000000000000e+01 -2.953941120121187842e-06
1.900000000000000000e+01 -5.359261060357880176e-06
2.000000000000000000e+01 1.128457562293275967e-05
2.100000000000000000e+01 -7.221480542714661977e-07
2.200000000000000000e+01 1.151803952088020433e-05
2.300000000000000000e+01 1.278207715988825278e-05
2.400000000000000000e+01 4.491084519491368617e-07
2.500000000000000000e+01 -4.273843880882466446e-06
2.600000000000000000e+01 4.705173045739604413e-06
2.700000000000000000e+01 1.404622644423796467e-05
2.800000000000000000e+01 -2.587389435018252182e-06
2.900000000000000000e+01 -4.105901784430940353e-06
3.000000000000000000e+01 -6.375074843472223060e-06
1.000000000000000000e+00 -3.035796950418586702e-06
2.000000000000000000e+00 -2.119748089920898100e-06
3.000000000000000000e+00 -1.177599503173558064e-06
4.000000000000000000e+00 -3.398406422157704134e-06
5.000000000000000000e+00 -3.006049539624856969e-06
6.000000000000000000e+00 1.291494451756425971e-06
7.000000000000000000e+00 2.242675310141576799e-05
8.000000000000000000e+00 -3.956022409427285116e-06
9.000000000000000000e+00 -3.491256457404962060e-06
1.000000000000000000e+01 -2.207630958518672271e-06
1.100000000000000000e+01 -2.451123843059453996e-06
1.200000000000000000e+01 -2.143771516453596445e-06
1.300000000000000000e+01 1.668442700558221688e-06
1.400000000000000000e+01 -2.480921354116335315e-06
1.500000000000000000e+01 -3.598675275468457653e-06
1.600000000000000000e+01 -3.400362317745731278e-06
1.700000000000000000e+01 -3.568503939371137022e-06
1.800000000000000000e+01 -3.349193540939772803e-06
1.900000000000000000e+01 -3.914017659776358983e-06
2.000000000000000000e+01 7.891381263116446551e-06
2.100000000000000000e+01 6.451072446495787178e-06
2.200000000000000000e+01 3.289996751686959071e-05
2.300000000000000000e+01 1.305423358449476820e-05
2.400000000000000000e+01 5.050958638901509549e-06
2.500000000000000000e+01 -3.459095008057368531e-07
2.600000000000000000e+01 3.205950407086680778e-06
2.700000000000000000e+01 2.036796488623206707e-05
2.800000000000000000e+01 -1.664400461843845330e-06
2.900000000000000000e+01 -2.007330340006107298e-06
3.000000000000000000e+01 -4.145102028791762854e-06
1.000000000000000000e+00 -1.040542817549051230e-06
2.000000000000000000e+00 -2.744267373005635147e-06
3.000000000000000000e+00 -3.670476952257114400e-06
4.000000000000000000e+00 -4.035422450951528285e-06
5.000000000000000000e+00 -3.543893323740242093e-06
6.000000000000000000e+00 4.541629261900704353e-06
7.000000000000000000e+00 2.058506958846262723e-05
8.000000000000000000e+00 -4.576916605639085675e-06
9.000000000000000000e+00 -4.687920628897508820e-06
1.000000000000000000e+01 -2.129060198972610993e-06
1.100000000000000000e+01 -3.807359104447402009e-06
1.200000000000000000e+01 -2.947534067237373109e-06
1.300000000000000000e+01 -2.482918824747909840e-07
1.400000000000000000e+01 -3.826917826760010285e-06
1.500000000000000000e+01 -4.315635908786701381e-06
1.600000000000000000e+01 -4.536714180839486194e-06
1.700000000000000000e+01 -4.865232292045201337e-06
1.800000000000000000e+01 -4.367324957556157064e-06
1.900000000000000000e+01 -4.578835188793366905e-06
2.000000000000000000e+01 2.335794654740444890e-05
2.100000000000000000e+01 4.146188468764022335e-06
2.200000000000000000e+01 1.795444473579090321e-05
2.300000000000000000e+01 4.159185574793560076e-06
2.400000000000000000e+01 -1.450558524653056294e-07
2.500000000000000000e+01 -1.595129140303921160e-06
2.600000000000000000e+01 3.426602067807780513e-06
2.700000000000000000e+01 6.555599755315686245e-06
2.800000000000000000e+01 -6.756934903387992474e-07
2.900000000000000000e+01 -3.841481237520059594e-06
3.000000000000000000e+01 -5.058523369893999549e-06
1.000000000000000000e+00 3.603184649503595053e-07
2.000000000000000000e+00 -7.479331820566775715e-07
3.000000000000000000e+00 -1.524652685202441281e-06
4.000000000000000000e+00 -1.587747134787855777e-06
5.000000000000000000e+00 -8.787634209907593311e-07
6.000000000000000000e+00 -5.895016687762729202e-07
7.000000000000000000e+00 1.539070539000914303e-05
8.000000000000000000e+00 -2.286042383702531578e-06
9.000000000000000000e+00 -1.575715247114841304e-06
1.000000000000000000e+01 -1.022325220133436642e-06
1.100000000000000000e+01 -1.659370640669464938e-06
1.200000000000000000e+01 -1.262564136204715283e-06
1.300000000000000000e+01 2.128298507353561720e-07
1.400000000000000000e+01 3.555249764652802747e-07
1.500000000000000000e+01 -2.407983563009764861e-06
1.600000000000000000e+01 -2.424143429337426690e-06
1.700000000000000000e+01 -2.092270390041009331e-06
1.800000000000000000e+01 -1.364287406869830690e-06
1.900000000000000000e+01 -1.977652082413942631e-06
2.000000000000000000e+01 4.677365180797674431e-06
2.100000000000000000e+01 7.128838908212378627e-06
2.200000000000000000e+01 8.337402417730674104e-06
2.300000000000000000e+01 1.228794937949648518e-05
2.400000000000000000e+01 -6.074283954538873511e-07
2.500000000000000000e+01 -1.877166136429693441e-06
2.600000000000000000e+01 3.912003344794688790e-07
2.700000000000000000e+01 1.281076785219450595e-05
2.800000000000000000e+01 -6.593405219479178641e-07
2.900000000000000000e+01 -1.614499820041012217e-06
3.000000000000000000e+01 -2.549285399253603747e-06
1.000000000000000000e+00 -1.825734637223629526e-06
2.000000000000000000e+00 -2.872857873252412455e-06
3.000000000000000000e+00 3.213756705431920111e-08
4.000000000000000000e+00 -3.003298287761319076e-06
5.000000000000000000e+00 -3.442716192657011651e-06
6.000000000000000000e+00 3.716227893612885041e-06
7.000000000000000000e+00 1.173259827722070175e-05
8.000000000000000000e+00 -3.664435958289031581e-06
9.000000000000000000e+00 -2.992020239712182914e-06
1.000000000000000000e+01 -6.537338092613086232e-07
1.100000000000000000e+01 -3.714650319242759721e-06
1.200000000000000000e+01 7.974583844543600498e-08
1.300000000000000000e+01 6.220564347290457494e-06
1.400000000000000000e+01 -2.318449470662837369e-06
1.500000000000000000e+01 -2.874682387031475255e-06
1.600000000000000000e+01 -2.783891425886217813e-06
1.700000000000000000e+01 -3.129608992467037106e-06
1.800000000000000000e+01 -2.083203042723282323e-06
1.900000000000000000e+01 -2.545405648064844570e-06
2.000000000000000000e+01 1.523759096551647555e-06
2.100000000000000000e+01 -2.654068447487527309e-06
2.200000000000000000e+01 4.507578016612972045e-06
2.300000000000000000e+01 1.887734314310499735e-05
2.400000000000000000e+01 -5.872924518864705999e-07
2.500000000000000000e+01 -2.735211137325869392e-06
2.600000000000000000e+01 -4.327487890969308059e-07
2.700000000000000000e+01 1.716078188420964152e-05
2.800000000000000000e+01 -2.921993677142418398e-06
2.900000000000000000e+01 -1.977819766820003130e-06
3.000000000000000000e+01 -3.902345349516500326e-06
1.000000000000000000e+00 6.476565161309475664e-07
2.000000000000000000e+00 -1.096572642285853589e-06
3.000000000000000000e+00 -4.651609733279424640e-07
4.000000000000000000e+00 -1.860539897310985400e-06
5.000000000000000000e+00 -1.787744077558922272e-06
6.000000000000000000e+00 -3.611852723210356732e-07
7.000000000000000000e+00 4.213693142912743219e-07
8.000000000000000000e+00 -1.950943232314930181e-06
9.000000000000000000e+00 -1.252058575409283801e-06
1.000000000000000000e+01 -2.857914416995557294e-07
1.100000000000000000e+01 -9.314648516100421005e-07
1.200000000000000000e+01 -1.250440126698591693e-06
1.300000000000000000e+01 3.965860921593581231e-07
1.400000000000000000e+01 -1.490328303144804958e-06
1.500000000000000000e+01 -1.914132852255122271e-06
1.600000000000000000e+01 -1.914742639024460878e-06
1.700000000000000000e+01 -1.908823100239775742e-06
1.800000000000000000e+01 -1.741337278212803131e-06
1.900000000000000000e+01 -1.653151005224194529e-06
2.000000000000000000e+01 1.965785893821875493e-06
2.100000000000000000e+01 -7.665146984960762224e-07
2.200000000000000000e+01 4.009132621235237923e-06
2.300000000000000000e+01 1.545085926053337048e-06
2.400000000000000000e+01 -9.587514313170060330e-07
2.500000000000000000e+01 -4.714175777251050366e-08
2.600000000000000000e+01 3.085102382821943907e-07
2.700000000000000000e+01 6.381566389457180069e-06
2.800000000000000000e+01 -5.334368672823284242e-07
2.900000000000000000e+01 -1.704446550877824313e-06
3.000000000000000000e+01 -2.044006865187605999e-06
