1.000000000000000000e+00 -4.584439871059376261e-04
2.000000000000000000e+00 -6.323350508663523996e-04
3.000000000000000000e+00 -4.477510942783978357e-04
4.000000000000000000e+00 -4.965489449183273707e-04
5.000000000000000000e+00 -6.738478332274248700e-04
6.000000000000000000e+00 -5.427470097414606757e-04
7.000000000000000000e+00 2.448739297566354493e-04
8.000000000000000000e+00 1.293436705808782968e-03
9.000000000000000000e+00 -6.642588328558158162e-04
1.000000000000000000e+01 -6.716198931245651168e-04
1.100000000000000000e+01 -5.848232209121721759e-04
1.200000000000000000e+01 -6.799071897713962909e-04
1.300000000000000000e+01 -6.651354430577632957e-04
1.400000000000000000e+01 -3.466777363158654178e-04
1.500000000000000000e+01 -6.709248065437785303e-04
1.600000000000000000e+01 -6.722765618830400672e-04
1.700000000000000000e+01 -6.530915956840809044e-04
1.800000000000000000e+01 -6.794876538617482687e-04
1.900000000000000000e+01 -6.780658304559168638e-04
2.000000000000000000e+01 -6.540669626301053160e-04
2.100000000000000000e+01 1.012944983501161801e-03
2.200000000000000000e+01 -6.158718649156721091e-04
2.300000000000000000e+01 4.373131709949519032e-03
2.400000000000000000e+01 1.934446149630133192e-03
2.500000000000000000e+01 -6.411936577859287788e-04
2.600000000000000000e+01 -6.136455956373097764e-04
2.700000000000000000e+01 -5.347581155472167381e-04
2.800000000000000000e+01 4.223485065725016488e-03
2.900000000000000000e+01 -6.633127436531405805e-04
3.000000000000000000e+01 -6.574040578768886077e-04
1.000000000000000000e+00 -1.432348422216429362e-04
2.000000000000000000e+00 -5.701924652474461104e-04
3.000000000000000000e+00 -5.169978436818671499e-04
4.000000000000000000e+00 -1.285665209011518010e-05
5.000000000000000000e+00 -6.371143158096193807e-04
6.000000000000000000e+00 -6.310851761817791060e-04
7.000000000000000000e+00 -2.128530222985222306e-04
8.000000000000000000e+00 2.812782886483313188e-03
9.000000000000000000e+00 -6.415571119046607328e-04
1.000000000000000000e+01 -6.544496266122679139e-04
1.100000000000000000e+01 -6.221925501614788013e-04
1.200000000000000000e+01 -6.486111763814424386e-04
1.300000000000000000e+01 -6.174240064010737793e-04
1.400000000000000000e+01 -7.919838503095904015e-06
1.500000000000000000e+01 -6.548205564289034638e-04
1.600000000000000000e+01 -6.506312803635654106e-04
1.700000000000000000e+01 -6.177315442324449700e-04
1.800000000000000000e+01 -6.515953245929769931e-04
1.900000000000000000e+01 -6.510005822463724211e-04
2.000000000000000000e+01 -6.511168245663938748e-04
2.100000000000000000e+01 2.570359661169373949e-03
2.200000000000000000e+01 -5.799942795430848780e-04
2.300000000000000000e+01 2.686974858241859051e-03
2.400000000000000000e+01 2.019584371622058262e-03
2.500000000000000000e+01 -6.394047849316012626e-04
2.600000000000000000e+01 -5.862315701974527221e-04
2.700000000000000000e+01 -4.876243580732134738e-04
2.800000000000000000e+01 1.748253732279901173e-03
2.900000000000000000e+01 -6.345540254195296097e-04
3.000000000000000000e+01 -6.335805869590013838e-04
1.000000000000000000e+00 -4.430131041998931480e-04
2.000000000000000000e+00 -6.044968483840727855e-04
3.000000000000000000e+00 -4.091567300807932221e-04
4.000000000000000000e+00 -2.655135192151697639e-04
5.000000000000000000e+00 -6.365460775236852662e-04
6.000000000000000000e+00 -6.541157116395462630e-04
7.000000000000000000e+00 -3.191682113320117769e-04
8.000000000000000000e+00 1.357836445456646465e-03
9.000000000000000000e+00 -6.602296936703556636e-04
1.000000000000000000e+01 -6.686470487544487985e-04
1.100000000000000000e+01 -5.558573933176169614e-04
1.200000000000000000e+01 -6.457768646640890588e-04
1.300000000000000000e+01 -6.399036610568953560e-04
1.400000000000000000e+01 -3.397593657976813409e-04
1.500000000000000000e+01 -6.587108418186701786e-04
1.600000000000000000e+01 -6.665402811153758487e-04
1.700000000000000000e+01 -6.541408486436938331e-04
1.800000000000000000e+01 -6.650691197834306904e-04
1.900000000000000000e+01 -6.632102955629301565e-04
2.000000000000000000e+01 -6.602124030170972071e-04
2.100000000000000000e+01 2.175877985362918970e-03
2.200000000000000000e+01 -5.953742826563810167e-04
2.300000000000000000e+01 4.743405917790621297e-03
2.400000000000000000e+01 2.221087044045819137e-03
2.500000000000000000e+01 -6.325396891095007952e-04
2.600000000000000000e+01 -5.619669908559286713e-04
2.700000000000000000e+01 -5.704997085923302390e-04
2.800000000000000000e+01 2.378397689316045192e-03
2.900000000000000000e+01 -6.196830589926912618e-04
3.000000000000000000e+01 -6.516184928089941005e-04
1.000000000000000000e+00 -2.979654981201588604e-04
2.000000000000000000e+00 -5.930882376531932103e-04
3.000000000000000000e+00 -1.127324167872703094e-04
4.000000000000000000e+00 -6.672174959850169244e-05
5.000000000000000000e+00 -6.372120019686474237e-04
6.000000000000000000e+00 -6.431652283323827449e-04
7.000000000000000000e+00 -2.226591878841706210e-04
8.000000000000000000e+00 2.422185394543881817e-03
9.000000000000000000e+00 -6.446040994913938664e-04
1.000000000000000000e+01 -6.483661240180361215e-04
1.100000000000000000e+01 -6.147798964620076849e-04
1.200000000000000000e+01 -6.158323868166327292e-04
1.300000000000000000e+01 -5.420621975570453230e-04
1.400000000000000000e+01 -2.823019926254975243e-04
1.500000000000000000e+01 -6.447198843435248197e-04
1.600000000000000000e+01 -6.498001729683269096e-04
1.700000000000000000e+01 -6.346539596339220192e-04
1.800000000000000000e+01 -6.520710793621718347e-04
1.900000000000000000e+01 -6.504224218764328774e-04
2.000000000000000000e+01 -6.446302921258537664e-04
2.100000000000000000e+01 3.232007569498228806e-03
2.200000000000000000e+01 -6.176468040454855890e-04
2.300000000000000000e+01 2.939000626854818693e-03
2.400000000000000000e+01 2.017525008357235090e-03
2.500000000000000000e+01 -6.102843693197087128e-04
2.600000000000000000e+01 -5.869226480119842711e-04
2.700000000000000000e+01 -4.760777191187937985e-04
2.800000000000000000e+01 1.194121382319092862e-03
2.900000000000000000e+01 -5.904133130134176215e-04
3.000000000000000000e+01 -6.417376152013357007e-04
1.000000000000000000e+00 -2.166215355734713531e-04
2.000000000000000000e+00 -6.055212650953412188e-04
3.000000000000000000e+00 -1.274370926060379569e-04
4.000000000000000000e+00 3.415071517510713528e-04
5.000000000000000000e+00 -6.457226433382224793e-04
6.000000000000000000e+00 -6.423426501529176788e-04
7.000000000000000000e+00 -2.872562753159909818e-04
8.000000000000000000e+00 7.902622714387149468e-04
9.000000000000000000e+00 -6.519984055693403601e-04
1.000000000000000000e+01 -6.541141251869042649e-04
1.100000000000000000e+01 -5.679574724638919133e-04
1.200000000000000000e+01 -6.356799687471078111e-04
1.300000000000000000e+01 -5.642730039093108189e-04
1.400000000000000000e+01 -4.590849004046512944e-04
1.500000000000000000e+01 -6.448062732950348699e-04
1.600000000000000000e+01 -6.552698261237861234e-04
1.700000000000000000e+01 -6.521849796449223548e-04
1.800000000000000000e+01 -6.581775318151000115e-04
1.900000000000000000e+01 -6.505951403971263394e-04
2.000000000000000000e+01 -6.400341987197428551e-04
2.100000000000000000e+01 3.369752177131431648e-03
2.200000000000000000e+01 -5.904115142271362370e-04
2.300000000000000000e+01 3.429021016705247407e-03
2.400000000000000000e+01 1.989325695421423693e-03
2.500000000000000000e+01 -6.239043510420738767e-04
2.600000000000000000e+01 -5.937711125493246684e-04
2.700000000000000000e+01 -5.232536285450959616e-04
2.800000000000000000e+01 2.175142508876613291e-03
2.900000000000000000e+01 -6.401178420841268724e-04
3.000000000000000000e+01 -6.389033040108514508e-04
1.000000000000000000e+00 -4.685907549784537889e-04
2.000000000000000000e+00 -5.980396413952847280e-04
3.000000000000000000e+00 -2.661209735239741694e-04
4.000000000000000000e+00 -3.589402851618527109e-04
5.000000000000000000e+00 -6.770162748773797664e-04
6.000000000000000000e+00 -6.460547384652353233e-04
7.000000000000000000e+00 -2.025326882134547899e-04
8.000000000000000000e+00 3.042670111404433778e-03
9.000000000000000000e+00 -6.817562299451709190e-04
1.000000000000000000e+01 -6.844196889011979357e-04
1.100000000000000000e+01 -6.541285972820559767e-04
1.200000000000000000e+01 -6.673731532702402176e-04
1.300000000000000000e+01 -5.991296765504134595e-04
1.400000000000000000e+01 -2.882830242707087789e-04
1.500000000000000000e+01 -6.789844228723715489e-04
1.600000000000000000e+01 -6.850748114823574731e-04
1.700000000000000000e+01 -6.776951024606123371e-04
1.800000000000000000e+01 -6.866872460348933662e-04
1.900000000000000000e+01 -6.776842103544821090e-04
2.000000000000000000e+01 -6.746418853129424430e-04
2.100000000000000000e+01 1.954291920517995957e-03
2.200000000000000000e+01 -6.120231468578602417e-04
2.300000000000000000e+01 4.125519319287881959e-03
2.400000000000000000e+01 1.322662689290149537e-03
2.500000000000000000e+01 -6.367893376242414081e-04
2.600000000000000000e+01 -6.394296435762009644e-04
2.700000000000000000e+01 -3.575097650831567629e-04
2.800000000000000000e+01 2.413221190562338594e-03
2.900000000000000000e+01 -6.543800258732433055e-04
3.000000000000000000e+01 -6.639918991154680110e-04
1.000000000000000000e+00 -2.154103497910540854e-04
2.000000000000000000e+00 -6.420701900261780717e-04
3.000000000000000000e+00 -3.011808508748439034e-04
4.000000000000000000e+00 4.281220259712975595e-05
5.000000000000000000e+00 -6.552520718109726893e-04
6.000000000000000000e+00 -6.674251469054442174e-04
7.000000000000000000e+00 -4.706847428262095822e-04
8.000000000000000000e+00 1.168300082807125027e-03
9.000000000000000000e+00 -6.776941470669980722e-04
1.000000000000000000e+01 -6.708828708155848211e-04
1.100000000000000000e+01 -6.281607120972813180e-04
1.200000000000000000e+01 -6.346024550661892192e-04
1.300000000000000000e+01 -6.437152287725232767e-04
1.400000000000000000e+01 -1.268022488917486517e-04
1.500000000000000000e+01 -6.650043233326966268e-04
1.600000000000000000e+01 -6.776713895479887255e-04
1.700000000000000000e+01 -6.627033200621780962e-04
1.800000000000000000e+01 -6.780957921393077938e-04
1.900000000000000000e+01 -6.725081148142135219e-04
2.000000000000000000e+01 -6.669575001834246583e-04
2.100000000000000000e+01 2.212643551792773181e-03
2.200000000000000000e+01 -6.151142258173164989e-04
2.300000000000000000e+01 3.352897572368271784e-03
2.400000000000000000e+01 3.647400417507319376e-03
2.500000000000000000e+01 -6.128619960719999728e-04
2.600000000000000000e+01 -6.137238908914160237e-04
2.700000000000000000e+01 -6.352145763269147335e-04
2.800000000000000000e+01 2.185144708923798546e-03
2.900000000000000000e+01 -6.489931186109900059e-04
3.000000000000000000e+01 -6.663330153974492305e-04
1.000000000000000000e+00 -5.802529477890730958e-04
2.000000000000000000e+00 -6.261044788497851761e-04
3.000000000000000000e+00 -2.498957647285869111e-04
4.000000000000000000e+00 -1.676535252490494164e-04
5.000000000000000000e+00 -6.640752287659909331e-04
6.000000000000000000e+00 -6.641670960117812203e-04
7.000000000000000000e+00 -4.620194774904448436e-04
8.000000000000000000e+00 1.813383743853094580e-03
9.000000000000000000e+00 -6.575392358381939792e-04
1.000000000000000000e+01 -6.653971620305243863e-04
1.100000000000000000e+01 -6.303726123884263472e-04
1.200000000000000000e+01 -6.343476867153247448e-04
1.300000000000000000e+01 -6.375093879204090904e-04
1.400000000000000000e+01 -3.869265333235376780e-04
1.500000000000000000e+01 -6.673502042948395484e-04
1.600000000000000000e+01 -6.652825717774319379e-04
1.700000000000000000e+01 -6.566884048804165182e-04
1.800000000000000000e+01 -6.637842442771054331e-04
1.900000000000000000e+01 -6.668945171275082566e-04
2.000000000000000000e+01 -6.640174590737527895e-04
2.100000000000000000e+01 1.945908345188477077e-03
2.200000000000000000e+01 -6.219102193758084670e-04
2.300000000000000000e+01 4.408838590886244441e-03
2.400000000000000000e+01 1.784089381057075204e-03
2.500000000000000000e+01 -6.470932771244643873e-04
2.600000000000000000e+01 -6.032017488987222653e-04
2.700000000000000000e+01 -4.659886473348675922e-04
2.800000000000000000e+01 3.225677076396792249e-03
2.900000000000000000e+01 -6.381778430146512219e-04
3.000000000000000000e+01 -6.523576936945614307e-04
1.000000000000000000e+00 -3.937835155494998811e-04
2.000000000000000000e+00 -6.041591616878836226e-04
3.000000000000000000e+00 -3.504903863501809195e-04
4.000000000000000000e+00 2.804046214943661103e-04
5.000000000000000000e+00 -6.581280825320335193e-04
6.000000000000000000e+00 -6.497365858616762713e-04
7.000000000000000000e+00 -5.242426110294658072e-04
8.000000000000000000e+00 7.978601985968466039e-04
9.000000000000000000e+00 -6.581863802045241716e-04
1.000000000000000000e+01 -6.624576010894381826e-04
1.100000000000000000e+01 -6.502566694321870820e-04
1.200000000000000000e+01 -6.579232319473729117e-04
1.300000000000000000e+01 -6.522568583312836907e-04
1.400000000000000000e+01 -1.267676043248527071e-04
1.500000000000000000e+01 -6.636303963665621990e-04
1.600000000000000000e+01 -6.648416706449219744e-04
1.700000000000000000e+01 -6.407040354628090913e-04
1.800000000000000000e+01 -6.609261904525802955e-04
1.900000000000000000e+01 -6.532493699080507569e-04
2.000000000000000000e+01 -6.539515330635586269e-04
2.100000000000000000e+01 1.470942594521502380e-03
2.200000000000000000e+01 -6.120264824591334059e-04
2.300000000000000000e+01 3.242018693538369252e-03
2.400000000000000000e+01 2.673096757360931587e-03
2.500000000000000000e+01 -6.239180580137703271e-04
2.600000000000000000e+01 -6.206241289718461823e-04
2.700000000000000000e+01 -5.833876716561190584e-04
2.800000000000000000e+01 4.234068055348002776e-03
2.900000000000000000e+01 -6.423197533250703207e-04
3.000000000000000000e+01 -6.424592523947233492e-04
1.000000000000000000e+00 -4.024572468069041232e-04
2.000000000000000000e+00 -6.360570417107337020e-04
3.000000000000000000e+00 -6.692459116596998327e-04
4.000000000000000000e+00 -6.233638430449261201e-04
5.000000000000000000e+00 -6.742246230186496516e-04
6.000000000000000000e+00 -6.686497699375496982e-04
7.000000000000000000e+00 -1.725119273728701491e-04
8.000000000000000000e+00 1.977214210153476360e-03
9.000000000000000000e+00 -6.648675059917960725e-04
1.000000000000000000e+01 -6.904747127396229124e-04
1.100000000000000000e+01 -5.991705090279801377e-04
1.200000000000000000e+01 -6.617377239255536414e-04
1.300000000000000000e+01 -6.670192299842663637e-04
1.400000000000000000e+01 -4.033152950719356457e-04
1.500000000000000000e+01 -6.763135480575282890e-04
1.600000000000000000e+01 -6.915534717160996912e-04
1.700000000000000000e+01 -6.743688873700960824e-04
1.800000000000000000e+01 -6.910279768877563254e-04
1.900000000000000000e+01 -6.804439162319696113e-04
2.000000000000000000e+01 -6.812374595959896396e-04
2.100000000000000000e+01 2.149710354821921399e-03
2.200000000000000000e+01 -6.443756853443388796e-04
2.300000000000000000e+01 3.246687426886456576e-03
2.400000000000000000e+01 2.044485946552686024e-03
2.500000000000000000e+01 -6.693539243815842168e-04
2.600000000000000000e+01 -6.333069345868610643e-04
2.700000000000000000e+01 -3.199028198155727965e-04
2.800000000000000000e+01 4.192095004034532106e-03
2.900000000000000000e+01 -6.634598069082919521e-04
3.000000000000000000e+01 -6.664733141644636500e-04
1.000000000000000000e+00 -5.456764179239073252e-04
2.000000000000000000e+00 -6.350027013319869138e-04
3.000000000000000000e+00 -3.792040794857292610e-04
4.000000000000000000e+00 -2.198802773783357564e-04
5.000000000000000000e+00 -6.706992476113845993e-04
6.000000000000000000e+00 -6.857685770270408520e-04
7.000000000000000000e+00 -1.673118286128636649e-04
8.000000000000000000e+00 1.260531205944535145e-03
9.000000000000000000e+00 -6.789863395935338700e-04
1.000000000000000000e+01 -6.937524812519436316e-04
1.100000000000000000e+01 -6.044877270707072576e-04
1.200000000000000000e+01 -6.792821484448744677e-04
1.300000000000000000e+01 -6.961515597133718924e-04
1.400000000000000000e+01 -3.089135363694225250e-04
1.500000000000000000e+01 -6.978518219091006582e-04
1.600000000000000000e+01 -6.937939202719885538e-04
1.700000000000000000e+01 -6.788168069226328252e-04
1.800000000000000000e+01 -6.948704396372207184e-04
1.900000000000000000e+01 -6.948029702401304318e-04
2.000000000000000000e+01 -6.897968217199532646e-04
2.100000000000000000e+01 2.648812734289334586e-03
2.200000000000000000e+01 -6.117550933853474829e-04
2.300000000000000000e+01 4.039912748652940526e-03
2.400000000000000000e+01 3.089791986465080346e-03
2.500000000000000000e+01 -6.237241069651271652e-04
2.600000000000000000e+01 -6.712411686766392178e-04
2.700000000000000000e+01 -4.131798616266808746e-04
2.800000000000000000e+01 2.073546423274990041e-03
2.900000000000000000e+01 -6.434330508227348051e-04
3.000000000000000000e+01 -6.798180137916200834e-04
1.000000000000000000e+00 -2.368918806772615912e-04
2.000000000000000000e+00 -6.168145007903984419e-04
3.000000000000000000e+00 1.810544952281137982e-04
4.000000000000000000e+00 -1.390267104220818597e-04
5.000000000000000000e+00 -6.684620255463451883e-04
6.000000000000000000e+00 -6.631921533044589194e-04
7.000000000000000000e+00 -2.951563215239827085e-04
8.000000000000000000e+00 2.509291177899436367e-03
9.000000000000000000e+00 -6.771251591308037956e-04
1.000000000000000000e+01 -6.794725183838530710e-04
1.100000000000000000e+01 -6.445296630950041660e-04
1.200000000000000000e+01 -6.678801745106496737e-04
1.300000000000000000e+01 -6.625596671981859786e-04
1.400000000000000000e+01 -5.585543418511266763e-04
1.500000000000000000e+01 -6.737464305056983880e-04
1.600000000000000000e+01 -6.788190062169547874e-04
1.700000000000000000e+01 -6.659604640045180225e-04
1.800000000000000000e+01 -6.786187609706611319e-04
1.900000000000000000e+01 -6.741312498646735620e-04
2.000000000000000000e+01 -6.766526771376535918e-04
2.100000000000000000e+01 2.321938579593247048e-03
2.200000000000000000e+01 -6.118207990136358609e-04
2.300000000000000000e+01 3.329129239504490141e-03
2.400000000000000000e+01 2.403339944424458773e-03
2.500000000000000000e+01 -6.290776057870652808e-04
2.600000000000000000e+01 -6.236254992927893438e-04
2.700000000000000000e+01 -3.047455559423193987e-04
2.800000000000000000e+01 1.667936554511676665e-03
2.900000000000000000e+01 -6.057743150097971143e-04
3.000000000000000000e+01 -6.710784204808429351e-04
1.000000000000000000e+00 -3.651520595219173867e-04
2.000000000000000000e+00 -6.409020730842390160e-04
3.000000000000000000e+00 -1.392494134798756447e-04
4.000000000000000000e+00 -4.468789661318824493e-04
5.000000000000000000e+00 -6.600184923178139661e-04
6.000000000000000000e+00 -6.636742645036068991e-04
7.000000000000000000e+00 3.647542079506929181e-04
8.000000000000000000e+00 1.942026199083263455e-03
9.000000000000000000e+00 -6.770604231096555466e-04
1.000000000000000000e+01 -6.756861768328605239e-04
1.100000000000000000e+01 -5.840658282153437858e-04
1.200000000000000000e+01 -6.530852474506789514e-04
1.300000000000000000e+01 -6.499511057268082337e-04
1.400000000000000000e+01 -5.553157730232477539e-04
1.500000000000000000e+01 -6.718015825686703612e-04
1.600000000000000000e+01 -6.789925139517913972e-04
1.700000000000000000e+01 -6.525947978148020088e-04
1.800000000000000000e+01 -6.741789486430450808e-04
1.900000000000000000e+01 -6.740970091937178565e-04
2.000000000000000000e+01 -6.550127553335662652e-04
2.100000000000000000e+01 2.342408744113505439e-03
2.200000000000000000e+01 -6.478521868802870464e-04
2.300000000000000000e+01 1.904206699174094139e-03
2.400000000000000000e+01 2.866323832463471468e-03
2.500000000000000000e+01 -6.535176531567810998e-04
2.600000000000000000e+01 -6.424321633557443685e-04
2.700000000000000000e+01 -2.124789389773586428e-04
2.800000000000000000e+01 3.222676471101160959e-03
2.900000000000000000e+01 -6.292466871733380608e-04
3.000000000000000000e+01 -6.747874225168862131e-04
1.000000000000000000e+00 -5.302977312327689921e-04
2.000000000000000000e+00 -5.941087278922461360e-04
3.000000000000000000e+00 3.617287966402934763e-05
4.000000000000000000e+00 -5.228015237981973456e-04
5.000000000000000000e+00 -6.902987631323754310e-04
6.000000000000000000e+00 -6.886221518505666883e-04
7.000000000000000000e+00 6.799676971319220308e-04
8.000000000000000000e+00 3.943441799241705591e-03
9.000000000000000000e+00 -6.891871849443354132e-04
1.000000000000000000e+01 -6.963299241600857861e-04
1.100000000000000000e+01 -6.881696010881708592e-04
1.200000000000000000e+01 -6.860710607019885861e-04
1.300000000000000000e+01 -5.975018542328034820e-04
1.400000000000000000e+01 -3.551608073836536213e-04
1.500000000000000000e+01 -6.906751420002228562e-04
1.600000000000000000e+01 -6.878009649674107946e-04
1.700000000000000000e+01 -6.904825488803790481e-04
1.800000000000000000e+01 -6.924852277126430748e-04
1.900000000000000000e+01 -6.939131593736724574e-04
2.000000000000000000e+01 -6.910477281357846032e-04
2.100000000000000000e+01 1.924402555905458789e-03
2.200000000000000000e+01 -5.796880259949492185e-04
2.300000000000000000e+01 3.033418287949386522e-03
2.400000000000000000e+01 1.324339982249403023e-03
2.500000000000000000e+01 -6.660379715295404847e-04
2.600000000000000000e+01 -6.519163111338743041e-04
2.700000000000000000e+01 -5.616567382244357955e-04
2.800000000000000000e+01 2.197781670593268628e-03
2.900000000000000000e+01 -6.934997926066968372e-04
3.000000000000000000e+01 -6.895783058452014226e-04
1.000000000000000000e+00 -4.417883777665188917e-04
2.000000000000000000e+00 -6.174430020847400044e-04
3.000000000000000000e+00 -3.575754236815484538e-04
4.000000000000000000e+00 -5.926896330889922307e-04
5.000000000000000000e+00 -6.714401804852167602e-04
6.000000000000000000e+00 -5.880312996590445753e-04
7.000000000000000000e+00 -6.419430291548433782e-05
8.000000000000000000e+00 3.426356861189552589e-03
9.000000000000000000e+00 -6.655233590831380113e-04
1.000000000000000000e+01 -6.795822291190195194e-04
1.100000000000000000e+01 -6.493914866420391965e-04
1.200000000000000000e+01 -6.645618791118771893e-04
1.300000000000000000e+01 -6.668235094508973568e-04
1.400000000000000000e+01 -2.459261008123831164e-04
1.500000000000000000e+01 -6.768629416321157851e-04
1.600000000000000000e+01 -6.741412692977498530e-04
1.700000000000000000e+01 -6.572912953952307971e-04
1.800000000000000000e+01 -6.763900356349718821e-04
1.900000000000000000e+01 -6.715409281466840595e-04
2.000000000000000000e+01 -6.587521707327392232e-04
2.100000000000000000e+01 1.029206397567800687e-03
2.200000000000000000e+01 -6.062679819881092776e-04
2.300000000000000000e+01 3.025593862232885817e-03
2.400000000000000000e+01 2.508632812065920373e-03
2.500000000000000000e+01 -6.649373992787873267e-04
2.600000000000000000e+01 -6.420991215959319246e-04
2.700000000000000000e+01 -4.521362753863520235e-04
2.800000000000000000e+01 3.009426665645911596e-03
2.900000000000000000e+01 -6.331056747725905768e-04
3.000000000000000000e+01 -6.693915135241012551e-04
1.000000000000000000e+00 -2.860234364404936041e-04
2.000000000000000000e+00 -6.296751460555072115e-04
3.000000000000000000e+00 -6.909663814366604666e-05
4.000000000000000000e+00 1.603875084909677645e-05
5.000000000000000000e+00 -6.241214893570657708e-04
6.000000000000000000e+00 -6.547370453185202745e-04
7.000000000000000000e+00 -5.167259694237909132e-04
8.000000000000000000e+00 1.558738686138056795e-03
9.000000000000000000e+00 -6.493281509940836789e-04
1.000000000000000000e+01 -6.652071880069822859e-04
1.100000000000000000e+01 -6.655125794285299441e-04
1.200000000000000000e+01 -6.492821168936482390e-04
1.300000000000000000e+01 -6.575829874382778254e-04
1.400000000000000000e+01 -5.788417233479025955e-04
1.500000000000000000e+01 -6.586583778141369720e-04
1.600000000000000000e+01 -6.680805381958175972e-04
1.700000000000000000e+01 -6.640947196044446645e-04
1.800000000000000000e+01 -6.687611604406577511e-04
1.900000000000000000e+01 -6.505048932024529640e-04
2.000000000000000000e+01 -6.594226957698592646e-04
2.100000000000000000e+01 2.682822433422346695e-03
2.200000000000000000e+01 -5.981678415674788248e-04
2.300000000000000000e+01 4.354990728012233386e-03
2.400000000000000000e+01 2.645706452427397468e-03
2.500000000000000000e+01 -5.886052286557191078e-04
2.600000000000000000e+01 -6.163999332107934770e-04
2.700000000000000000e+01 -5.217295336453414223e-04
2.800000000000000000e+01 1.400791127475662159e-03
2.900000000000000000e+01 -6.291108681865483681e-04
3.000000000000000000e+01 -6.418737066347584641e-04
1.000000000000000000e+00 -4.416811571759548432e-04
2.000000000000000000e+00 -5.770832350105139152e-04
3.000000000000000000e+00 -1.777327077429927907e-04
4.000000000000000000e+00 -2.759367061469150391e-04
5.000000000000000000e+00 -6.542091478956900494e-04
6.000000000000000000e+00 -6.549727763304828395e-04
7.000000000000000000e+00 -8.649617749305258372e-05
8.000000000000000000e+00 2.281791650572615338e-03
9.000000000000000000e+00 -6.507668061717748406e-04
1.000000000000000000e+01 -6.627007229751140285e-04
1.100000000000000000e+01 -6.390588945774254483e-04
1.200000000000000000e+01 -6.422403906033087887e-04
1.300000000000000000e+01 -6.434253291902606491e-04
1.400000000000000000e+01 4.658288868216227819e-05
1.500000000000000000e+01 -6.559270101798406367e-04
1.600000000000000000e+01 -6.615827235808242413e-04
1.700000000000000000e+01 -6.533927994138885283e-04
1.800000000000000000e+01 -6.580118154322049532e-04
1.900000000000000000e+01 -6.559853067023811452e-04
2.000000000000000000e+01 -6.465819291546948296e-04
2.100000000000000000e+01 1.807087476215736956e-03
2.200000000000000000e+01 -6.018919951977753317e-04
2.300000000000000000e+01 2.882377245159309289e-03
2.400000000000000000e+01 2.793016598654213603e-03
2.500000000000000000e+01 -6.211107830934866703e-04
2.600000000000000000e+01 -6.331037380446529394e-04
2.700000000000000000e+01 -5.583512173069581346e-04
2.800000000000000000e+01 2.406786049831698832e-03
2.900000000000000000e+01 -6.520799309761539852e-04
3.000000000000000000e+01 -6.499191068535963879e-04
1.000000000000000000e+00 -4.444401015921660425e-04
2.000000000000000000e+00 -6.043738673258889065e-04
3.000000000000000000e+00 1.277996384803242486e-04
4.000000000000000000e+00 -5.050819974089744207e-04
5.000000000000000000e+00 -6.438638986185902906e-04
6.000000000000000000e+00 -6.349652436958045602e-04
7.000000000000000000e+00 3.147877062542735627e-04
8.000000000000000000e+00 1.640675603905491229e-03
9.000000000000000000e+00 -6.527503496839519434e-04
1.000000000000000000e+01 -6.456488025409593294e-04
1.100000000000000000e+01 -4.869492746414976164e-04
1.200000000000000000e+01 -6.420448914885244210e-04
1.300000000000000000e+01 -6.213613514155362809e-04
1.400000000000000000e+01 -3.950037486510417123e-04
1.500000000000000000e+01 -6.490355986572854830e-04
1.600000000000000000e+01 -6.575770763340525868e-04
1.700000000000000000e+01 -6.468975794640795945e-04
1.800000000000000000e+01 -6.546473429915256525e-04
1.900000000000000000e+01 -6.569756224822239331e-04
2.000000000000000000e+01 -6.501123967735637646e-04
2.100000000000000000e+01 2.021266534167014736e-03
2.200000000000000000e+01 -5.982452330682239703e-04
2.300000000000000000e+01 3.303077279759499604e-03
2.400000000000000000e+01 2.562872207280434030e-03
2.500000000000000000e+01 -6.189599603589013245e-04
2.600000000000000000e+01 -6.315794968924808885e-04
2.700000000000000000e+01 -5.296232524797265867e-04
2.800000000000000000e+01 2.330940490121180715e-03
2.900000000000000000e+01 -6.276443363257789773e-04
3.000000000000000000e+01 -6.494044639949520708e-04
1.000000000000000000e+00 -3.784069554402370947e-04
2.000000000000000000e+00 -6.226606976471454891e-04
3.000000000000000000e+00 4.173612153242925666e-04
4.000000000000000000e+00 -1.324387456966293313e-04
5.000000000000000000e+00 -6.635172781435252172e-04
6.000000000000000000e+00 -6.645530846706812923e-04
7.000000000000000000e+00 -3.920014388226835973e-04
8.000000000000000000e+00 1.635892720301955353e-03
9.000000000000000000e+00 -6.725213947769224498e-04
1.000000000000000000e+01 -6.768976580087578132e-04
1.100000000000000000e+01 -6.464731334470161890e-04
1.200000000000000000e+01 -6.525934568329924733e-04
1.300000000000000000e+01 -5.755032331210796189e-04
1.400000000000000000e+01 -5.895361633227573923e-05
1.500000000000000000e+01 -6.668606730073978802e-04
1.600000000000000000e+01 -6.775546124338281771e-04
1.700000000000000000e+01 -6.671845529197692427e-04
1.800000000000000000e+01 -6.744430082477612456e-04
1.900000000000000000e+01 -6.736407924381919779e-04
2.000000000000000000e+01 -6.724688518873694161e-04
2.100000000000000000e+01 3.113874894942205394e-03
2.200000000000000000e+01 -6.450064022137396878e-04
2.300000000000000000e+01 3.522402694066920689e-03
2.400000000000000000e+01 2.681182669723148736e-03
2.500000000000000000e+01 -6.069910587604009262e-04
2.600000000000000000e+01 -6.230634091474987393e-04
2.700000000000000000e+01 -4.196862104172622340e-04
2.800000000000000000e+01 8.470019350856662372e-04
2.900000000000000000e+01 -6.190233653364118514e-04
3.000000000000000000e+01 -6.705115596456480117e-04
1.000000000000000000e+00 -4.193919198625587603e-04
2.000000000000000000e+00 -6.276744360211368879e-04
3.000000000000000000e+00 -2.979916627721635402e-04
4.000000000000000000e+00 9.281716256974536074e-05
5.000000000000000000e+00 -6.620435339727292774e-04
6.000000000000000000e+00 -6.382754690124033473e-04
7.000000000000000000e+00 -4.864309780467586429e-04
8.000000000000000000e+00 5.221953252382114004e-04
9.000000000000000000e+00 -6.616137530653300614e-04
1.000000000000000000e+01 -6.731536946607438688e-04
1.100000000000000000e+01 -6.402174883351608283e-04
1.200000000000000000e+01 -6.714293572116260267e-04
1.300000000000000000e+01 -6.372683614260139795e-04
1.400000000000000000e+01 -5.677935446452073284e-04
1.500000000000000000e+01 -6.674000863494857893e-04
1.600000000000000000e+01 -6.733040879083742681e-04
1.700000000000000000e+01 -6.567735558606008564e-04
1.800000000000000000e+01 -6.736817495339833583e-04
1.900000000000000000e+01 -6.702987686861634938e-04
2.000000000000000000e+01 -6.659411479178194582e-04
2.100000000000000000e+01 2.884152595255438326e-03
2.200000000000000000e+01 -6.404460150005642947e-04
2.300000000000000000e+01 3.571920098125784537e-03
2.400000000000000000e+01 2.301757137938292060e-03
2.500000000000000000e+01 -5.953055047823548789e-04
2.600000000000000000e+01 -6.307923286127211553e-04
2.700000000000000000e+01 -5.186955986827887890e-04
2.800000000000000000e+01 3.724307503596466229e-03
2.900000000000000000e+01 -6.512656671671620580e-04
3.000000000000000000e+01 -6.524710428924206888e-04
1.000000000000000000e+00 -3.399804509603072717e-04
2.000000000000000000e+00 -6.438111470484460036e-04
3.000000000000000000e+00 2.933466096291935279e-04
4.000000000000000000e+00 -3.547039714131058744e-04
5.000000000000000000e+00 -6.304932461407685568e-04
6.000000000000000000e+00 -5.737590789491158741e-04
7.000000000000000000e+00 -3.980529585973421598e-04
8.000000000000000000e+00 5.862501297607592863e-04
9.000000000000000000e+00 -6.638486644836930897e-04
1.000000000000000000e+01 -6.588493883402271427e-04
1.100000000000000000e+01 -6.325069097390683846e-04
1.200000000000000000e+01 -6.365577628149803957e-04
1.300000000000000000e+01 -6.369802525358209122e-04
1.400000000000000000e+01 -6.005937400762498095e-04
1.500000000000000000e+01 -6.635583318315413761e-04
1.600000000000000000e+01 -6.609960805266613601e-04
1.700000000000000000e+01 -6.554804512786126290e-04
1.800000000000000000e+01 -6.636033069020037247e-04
1.900000000000000000e+01 -6.542569762299073289e-04
2.000000000000000000e+01 -6.358422144846680515e-04
2.100000000000000000e+01 3.021834394928830676e-03
2.200000000000000000e+01 -6.316187296587463156e-04
2.300000000000000000e+01 3.896620274370909617e-03
2.400000000000000000e+01 3.244751552758060389e-03
2.500000000000000000e+01 -6.274883206399481253e-04
2.600000000000000000e+01 -6.022455411765646662e-04
2.700000000000000000e+01 -3.002995513899714072e-04
2.800000000000000000e+01 1.593299857428344532e-03
2.900000000000000000e+01 -5.934910918503536305e-04
3.000000000000000000e+01 -6.558877547652336741e-04
1.000000000000000000e+00 -2.153663049977578550e-04
2.000000000000000000e+00 -6.197077417213368508e-04
3.000000000000000000e+00 -5.078863492093372645e-04
4.000000000000000000e+00 -3.082888639018259848e-04
5.000000000000000000e+00 -6.811234471863271975e-04
6.000000000000000000e+00 -6.930268076049537389e-04
7.000000000000000000e+00 -5.155279172930413286e-04
8.000000000000000000e+00 1.388364867548031031e-03
9.000000000000000000e+00 -7.167497385076281296e-04
1.000000000000000000e+01 -7.173424000391059440e-04
1.100000000000000000e+01 -6.941230043666510785e-04
1.200000000000000000e+01 -6.868186541983995093e-04
1.300000000000000000e+01 -7.085668274788543093e-04
1.400000000000000000e+01 -3.852768129578124936e-04
1.500000000000000000e+01 -7.033104816416559883e-04
1.600000000000000000e+01 -7.166640032644715870e-04
1.700000000000000000e+01 -7.123910869869861263e-04
1.800000000000000000e+01 -7.198081787624701624e-04
1.900000000000000000e+01 -7.062286614947970234e-04
2.000000000000000000e+01 -7.082358400566982331e-04
2.100000000000000000e+01 4.155888611793921023e-03
2.200000000000000000e+01 -6.045294010939350005e-04
2.300000000000000000e+01 2.539915128698495665e-03
2.400000000000000000e+01 3.522564518247288997e-03
2.500000000000000000e+01 -6.515981352475790642e-04
2.600000000000000000e+01 -6.692425935386188754e-04
2.700000000000000000e+01 -2.961279437945457498e-04
2.800000000000000000e+01 2.067737139139692870e-03
2.900000000000000000e+01 -7.052600932617656944e-04
3.000000000000000000e+01 -6.845759822685474087e-04
1.000000000000000000e+00 -4.521398505211619108e-04
2.000000000000000000e+00 -5.704468690567804845e-04
3.000000000000000000e+00 3.968435325184072136e-04
4.000000000000000000e+00 -2.101992853445005486e-04
5.000000000000000000e+00 -6.625083663330275183e-04
6.000000000000000000e+00 -6.126871011705043715e-04
7.000000000000000000e+00 3.524836176982792648e-05
8.000000000000000000e+00 2.437407103961467415e-03
9.000000000000000000e+00 -6.647173720110129223e-04
1.000000000000000000e+01 -6.652278814915374297e-04
1.100000000000000000e+01 -6.322430208991948073e-04
1.200000000000000000e+01 -6.111287430450726898e-04
1.300000000000000000e+01 -5.907272160918215038e-04
1.400000000000000000e+01 -5.587766777557806613e-05
1.500000000000000000e+01 -6.615614964182129232e-04
1.600000000000000000e+01 -6.649206654876697962e-04
1.700000000000000000e+01 -6.586150069431306224e-04
1.800000000000000000e+01 -6.646670268132414848e-04
1.900000000000000000e+01 -6.548272648813112991e-04
2.000000000000000000e+01 -6.611930845429830981e-04
2.100000000000000000e+01 2.075920822225717829e-03
2.200000000000000000e+01 -5.978203943704070910e-04
2.300000000000000000e+01 4.304529408549045803e-03
2.400000000000000000e+01 1.564381012001342516e-03
2.500000000000000000e+01 -6.427983450559325920e-04
2.600000000000000000e+01 -6.374113282614053081e-04
2.700000000000000000e+01 -5.360308138898864242e-04
2.800000000000000000e+01 1.135469290727566865e-03
2.900000000000000000e+01 -6.282191713309746460e-04
3.000000000000000000e+01 -6.617448390806256447e-04
1.000000000000000000e+00 -4.809066901092081347e-04
2.000000000000000000e+00 -6.156244283871901415e-04
3.000000000000000000e+00 -3.908405045617156424e-04
4.000000000000000000e+00 -3.737360594641242722e-04
5.000000000000000000e+00 -6.780307737638360290e-04
6.000000000000000000e+00 -6.654583221269880179e-04
7.000000000000000000e+00 -1.578055155864825090e-04
8.000000000000000000e+00 3.527736247007718599e-03
9.000000000000000000e+00 -6.671631517417912468e-04
1.000000000000000000e+01 -6.873455717243111360e-04
1.100000000000000000e+01 -6.590057220549833464e-04
1.200000000000000000e+01 -6.715128248192432647e-04
1.300000000000000000e+01 -6.491390150805445266e-04
1.400000000000000000e+01 -4.132572717871499596e-04
1.500000000000000000e+01 -6.807668655332682877e-04
1.600000000000000000e+01 -6.795487671787381594e-04
1.700000000000000000e+01 -6.611902844788547290e-04
1.800000000000000000e+01 -6.875413928946450502e-04
1.900000000000000000e+01 -6.815899567283163849e-04
2.000000000000000000e+01 -6.737013312986042928e-04
2.100000000000000000e+01 2.259042206983541586e-03
2.200000000000000000e+01 -6.311613384282765971e-04
2.300000000000000000e+01 2.944263184792236115e-03
2.400000000000000000e+01 1.789094728877122908e-03
2.500000000000000000e+01 -6.602832156282576609e-04
2.600000000000000000e+01 -6.388732567547924287e-04
2.700000000000000000e+01 -5.278330662528803651e-04
2.800000000000000000e+01 2.859811709712490029e-03
2.900000000000000000e+01 -6.610811283760526218e-04
3.000000000000000000e+01 -6.734792494636146357e-04
1.000000000000000000e+00 -5.595159623454930200e-04
2.000000000000000000e+00 -6.072181562220996818e-04
3.000000000000000000e+00 -2.054187275053705522e-04
4.000000000000000000e+00 -1.300422773030209585e-04
5.000000000000000000e+00 -6.536232968403480779e-04
6.000000000000000000e+00 -5.748639308802215402e-04
7.000000000000000000e+00 4.273346987586840780e-04
8.000000000000000000e+00 2.679159389938316847e-03
9.000000000000000000e+00 -6.624876127200847540e-04
1.000000000000000000e+01 -6.677489501599757817e-04
1.100000000000000000e+01 -5.828730675593841136e-04
1.200000000000000000e+01 -6.633089684284017469e-04
1.300000000000000000e+01 -6.465306723762664041e-04
1.400000000000000000e+01 -4.352133621325622679e-04
1.500000000000000000e+01 -6.660927272642298141e-04
1.600000000000000000e+01 -6.641873351305232695e-04
1.700000000000000000e+01 -6.639626970412460492e-04
1.800000000000000000e+01 -6.670643215457405361e-04
1.900000000000000000e+01 -6.573305803031346704e-04
2.000000000000000000e+01 -6.583063236623053942e-04
2.100000000000000000e+01 1.348642553671593539e-03
2.200000000000000000e+01 -6.104162263485627413e-04
2.300000000000000000e+01 3.576349881343452580e-03
2.400000000000000000e+01 1.871755126032847907e-03
2.500000000000000000e+01 -6.094311662500236353e-04
2.600000000000000000e+01 -6.331392774236520955e-04
2.700000000000000000e+01 -2.212703746329245367e-04
2.800000000000000000e+01 2.241742079368697505e-03
2.900000000000000000e+01 -6.316763528884779483e-04
3.000000000000000000e+01 -6.431416044346176600e-04
1.000000000000000000e+00 -3.894160352027745738e-04
2.000000000000000000e+00 -6.644363147045989886e-04
3.000000000000000000e+00 -1.676686484575506172e-04
4.000000000000000000e+00 2.091443247720880971e-05
5.000000000000000000e+00 -6.709877667138220477e-04
6.000000000000000000e+00 -6.630395765710150316e-04
7.000000000000000000e+00 -3.377386443863314284e-04
8.000000000000000000e+00 9.961098599589900994e-04
9.000000000000000000e+00 -6.355469442922043969e-04
1.000000000000000000e+01 -6.757270721584891348e-04
1.100000000000000000e+01 -6.355482470992471992e-04
1.200000000000000000e+01 -6.593946033559696740e-04
1.300000000000000000e+01 -6.170963262188738831e-04
1.400000000000000000e+01 -4.865726548986246450e-04
1.500000000000000000e+01 -6.625295797647853596e-04
1.600000000000000000e+01 -6.700404832607915204e-04
1.700000000000000000e+01 -6.666392907818521679e-04
1.800000000000000000e+01 -6.752042403712894911e-04
1.900000000000000000e+01 -6.439585891816579193e-04
2.000000000000000000e+01 -6.712986837436653873e-04
2.100000000000000000e+01 3.127134790809248978e-03
2.200000000000000000e+01 -6.228283917747893346e-04
2.300000000000000000e+01 3.265305135349103050e-03
2.400000000000000000e+01 2.964182209662550877e-03
2.500000000000000000e+01 -6.275446955341906340e-04
2.600000000000000000e+01 -6.303204344215879726e-04
2.700000000000000000e+01 -5.159565849068853275e-04
2.800000000000000000e+01 2.411115650250738370e-03
2.900000000000000000e+01 -6.531872322623273781e-04
3.000000000000000000e+01 -6.652615230693946545e-04
1.000000000000000000e+00 -9.943432662142190890e-05
2.000000000000000000e+00 -6.064821481051444526e-04
3.000000000000000000e+00 2.524554634910187393e-04
4.000000000000000000e+00 -4.385137633921558798e-04
5.000000000000000000e+00 -6.411758798652239869e-04
6.000000000000000000e+00 -5.853602352258959916e-04
7.000000000000000000e+00 -3.156409039660492658e-04
8.000000000000000000e+00 1.422220187162479390e-03
9.000000000000000000e+00 -6.570772100427494126e-04
1.000000000000000000e+01 -6.583224238216963016e-04
1.100000000000000000e+01 -6.203889636664898510e-04
1.200000000000000000e+01 -6.513580802742157620e-04
1.300000000000000000e+01 -6.354279777845358874e-04
1.400000000000000000e+01 -2.082223460605534836e-05
1.500000000000000000e+01 -6.501356636584958160e-04
1.600000000000000000e+01 -6.562682895554538317e-04
1.700000000000000000e+01 -6.410559471699123473e-04
1.800000000000000000e+01 -6.511491789423045056e-04
1.900000000000000000e+01 -6.480221994934860178e-04
2.000000000000000000e+01 -6.539203102962159141e-04
2.100000000000000000e+01 1.912048080077383486e-03
2.200000000000000000e+01 -6.140963459774275443e-04
2.300000000000000000e+01 5.211918856801562271e-03
2.400000000000000000e+01 2.405797305894651940e-03
2.500000000000000000e+01 -5.964078687438657692e-04
2.600000000000000000e+01 -5.888163095803306988e-04
2.700000000000000000e+01 -4.943002141649230265e-04
2.800000000000000000e+01 6.452708903838830310e-04
2.900000000000000000e+01 -5.918803373179977846e-04
3.000000000000000000e+01 -6.561258597396463612e-04
1.000000000000000000e+00 -4.378261071491710925e-04
2.000000000000000000e+00 -6.407328276078088670e-04
3.000000000000000000e+00 1.811933043011341681e-05
4.000000000000000000e+00 -1.835618247905955491e-04
5.000000000000000000e+00 -6.563484086638839404e-04
6.000000000000000000e+00 -6.691743632660932320e-04
7.000000000000000000e+00 -2.952089374246054799e-04
8.000000000000000000e+00 2.399830748155047828e-03
9.000000000000000000e+00 -6.627332077173486236e-04
1.000000000000000000e+01 -6.793780755270625903e-04
1.100000000000000000e+01 -5.883633511932359009e-04
1.200000000000000000e+01 -6.762151243976660805e-04
1.300000000000000000e+01 -6.593452013309843108e-04
1.400000000000000000e+01 -6.356429290992862864e-04
1.500000000000000000e+01 -6.761948952699907076e-04
1.600000000000000000e+01 -6.726755326186226744e-04
1.700000000000000000e+01 -6.629557079562692487e-04
1.800000000000000000e+01 -6.688887047538337113e-04
1.900000000000000000e+01 -6.690943702955455975e-04
2.000000000000000000e+01 -6.619563101030126072e-04
2.100000000000000000e+01 2.476584695268339419e-03
2.200000000000000000e+01 -5.392678714861096892e-04
2.300000000000000000e+01 3.018076198955768705e-03
2.400000000000000000e+01 2.630770129161674135e-03
2.500000000000000000e+01 -6.152227880077665821e-04
2.600000000000000000e+01 -5.203167882683950533e-04
2.700000000000000000e+01 -5.234556141169164267e-04
2.800000000000000000e+01 2.188883537125765714e-03
2.900000000000000000e+01 -6.654193704634813909e-04
3.000000000000000000e+01 -6.504412340592723727e-04
1.000000000000000000e+00 -3.636521264240342804e-04
2.000000000000000000e+00 -6.459391138734405131e-04
3.000000000000000000e+00 1.850269486667424656e-04
4.000000000000000000e+00 -2.929183362519422818e-04
5.000000000000000000e+00 -6.757391079611479046e-04
6.000000000000000000e+00 -6.607749175428036031e-04
7.000000000000000000e+00 1.951919085524024967e-05
8.000000000000000000e+00 2.542908420749613076e-03
9.000000000000000000e+00 -6.656545130017045998e-04
1.000000000000000000e+01 -6.841294051720348207e-04
1.100000000000000000e+01 -6.532463659158249973e-04
1.200000000000000000e+01 -6.621617526593214561e-04
1.300000000000000000e+01 -6.599080771477511438e-04
1.400000000000000000e+01 -4.329628772779470702e-04
1.500000000000000000e+01 -6.867974916764888610e-04
1.600000000000000000e+01 -6.786947456194342273e-04
1.700000000000000000e+01 -6.592825993015978981e-04
1.800000000000000000e+01 -6.845151334238300505e-04
1.900000000000000000e+01 -6.794922009953146495e-04
2.000000000000000000e+01 -6.821683647132432537e-04
2.100000000000000000e+01 1.446416042475066280e-03
2.200000000000000000e+01 -6.165179445725444416e-04
2.300000000000000000e+01 2.052527251888773031e-03
2.400000000000000000e+01 3.268490293518599814e-03
2.500000000000000000e+01 -6.187886024565622837e-04
2.600000000000000000e+01 -5.594563169204977166e-04
2.700000000000000000e+01 -4.531879627032845727e-04
2.800000000000000000e+01 2.947289260080598623e-03
2.900000000000000000e+01 -6.605685046269358816e-04
3.000000000000000000e+01 -6.731486544252146889e-04
1.000000000000000000e+00 -5.652077470346180549e-04
2.000000000000000000e+00 -6.112953610539090818e-04
3.000000000000000000e+00 -5.098337330440209605e-05
4.000000000000000000e+00 -7.660632443307653237e-05
5.000000000000000000e+00 -6.310243562821071100e-04
6.000000000000000000e+00 -6.516616327718382845e-04
7.000000000000000000e+00 -1.675826326017171265e-04
8.000000000000000000e+00 2.533614554928653815e-03
9.000000000000000000e+00 -6.515716402174827468e-04
1.000000000000000000e+01 -6.638624141308025481e-04
1.100000000000000000e+01 -6.438189328388364439e-04
1.200000000000000000e+01 -6.347225774081857166e-04
1.300000000000000000e+01 -5.680289727643393930e-04
1.400000000000000000e+01 -5.460756720059675067e-04
1.500000000000000000e+01 -6.548350882338400351e-04
1.600000000000000000e+01 -6.592921966204835825e-04
1.700000000000000000e+01 -6.560752446463387734e-04
1.800000000000000000e+01 -6.627141795541392549e-04
1.900000000000000000e+01 -6.517731131762675338e-04
2.000000000000000000e+01 -6.583805782551635554e-04
2.100000000000000000e+01 3.568082841021221179e-03
2.200000000000000000e+01 -5.813884805089428133e-04
2.300000000000000000e+01 2.550256220452724095e-03
2.400000000000000000e+01 3.010374910718753572e-03
2.500000000000000000e+01 -6.015127281837724053e-04
2.600000000000000000e+01 -5.895862568783981263e-04
2.700000000000000000e+01 -5.021121123692710939e-04
2.800000000000000000e+01 7.829343173727627229e-04
2.900000000000000000e+01 -6.266180008276191248e-04
3.000000000000000000e+01 -6.508220146461727402e-04
1.000000000000000000e+00 -5.432712566644045836e-04
2.000000000000000000e+00 -5.853812242400678644e-04
3.000000000000000000e+00 -2.669502034576513990e-04
4.000000000000000000e+00 3.577731956398924341e-05
5.000000000000000000e+00 -6.433728088884669693e-04
6.000000000000000000e+00 -6.290210799170478130e-04
7.000000000000000000e+00 5.076316685242054683e-05
8.000000000000000000e+00 2.460673518970219256e-03
9.000000000000000000e+00 -6.374409844059178605e-04
1.000000000000000000e+01 -6.380672305436939189e-04
1.100000000000000000e+01 -5.740071103818626891e-04
1.200000000000000000e+01 -6.451084168679530571e-04
1.300000000000000000e+01 -6.227505974347426676e-04
1.400000000000000000e+01 -3.517027802162251381e-04
1.500000000000000000e+01 -6.459338726789161204e-04
1.600000000000000000e+01 -6.415965521247039491e-04
1.700000000000000000e+01 -6.085300903215391235e-04
1.800000000000000000e+01 -6.449278677448751955e-04
1.900000000000000000e+01 -6.391150748758484641e-04
2.000000000000000000e+01 -6.413096862970370585e-04
2.100000000000000000e+01 1.606666614961803352e-03
2.200000000000000000e+01 -6.074072548319583986e-04
2.300000000000000000e+01 2.732614177675023962e-03
2.400000000000000000e+01 1.886630656951604262e-03
2.500000000000000000e+01 -6.287957839524786980e-04
2.600000000000000000e+01 -5.976562180747818772e-04
2.700000000000000000e+01 -4.323531132011051319e-04
2.800000000000000000e+01 3.183951061115491109e-03
2.900000000000000000e+01 -6.157165513198798162e-04
3.000000000000000000e+01 -6.322513649044067281e-04
1.000000000000000000e+00 -3.058081150070273628e-04
2.000000000000000000e+00 -6.710375717438130799e-04
3.000000000000000000e+00 -3.852900324845335016e-04
4.000000000000000000e+00 -2.050421764823436379e-04
5.000000000000000000e+00 -6.772658624739957877e-04
6.000000000000000000e+00 -6.767040792973771273e-04
7.000000000000000000e+00 9.144952667432674803e-05
8.000000000000000000e+00 2.110119438127264647e-03
9.000000000000000000e+00 -6.913228520722147254e-04
1.000000000000000000e+01 -6.949790400837964994e-04
1.100000000000000000e+01 -5.819854503135711869e-04
1.200000000000000000e+01 -6.784253612756734097e-04
1.300000000000000000e+01 -6.613846132875182042e-04
1.400000000000000000e+01 -3.741508435031065151e-04
1.500000000000000000e+01 -6.822475850077993394e-04
1.600000000000000000e+01 -6.936111025523692764e-04
1.700000000000000000e+01 -6.922654440832725015e-04
1.800000000000000000e+01 -6.938628624744368721e-04
1.900000000000000000e+01 -6.868564733126967733e-04
2.000000000000000000e+01 -6.758632225743186391e-04
2.100000000000000000e+01 1.963003624955271618e-03
2.200000000000000000e+01 -6.432396152917551398e-04
2.300000000000000000e+01 3.592996702891123988e-03
2.400000000000000000e+01 1.637690356752771444e-03
2.500000000000000000e+01 -6.393297764599487499e-04
2.600000000000000000e+01 -6.329958070404982521e-04
2.700000000000000000e+01 -3.466739069184743803e-04
2.800000000000000000e+01 3.295560724838339853e-03
2.900000000000000000e+01 -6.514436570371690601e-04
3.000000000000000000e+01 -6.752817418850347569e-04
1.000000000000000000e+00 -1.564848624177863831e-04
2.000000000000000000e+00 -5.956374229293102691e-04
3.000000000000000000e+00 -5.402431189316651188e-04
4.000000000000000000e+00 1.223087642648340414e-05
5.000000000000000000e+00 -6.679161647856204313e-04
6.000000000000000000e+00 -6.555136851296247289e-04
7.000000000000000000e+00 -7.290786635552340492e-06
8.000000000000000000e+00 1.740727375547371485e-03
9.000000000000000000e+00 -6.632509675595607860e-04
1.000000000000000000e+01 -6.765932385031739891e-04
1.100000000000000000e+01 -6.451169634528287422e-04
1.200000000000000000e+01 -6.657149568251492528e-04
1.300000000000000000e+01 -6.302846509647013580e-04
1.400000000000000000e+01 -5.727105169976924159e-04
1.500000000000000000e+01 -6.690059399184217085e-04
1.600000000000000000e+01 -6.644672443880315872e-04
1.700000000000000000e+01 -6.668200822880958681e-04
1.800000000000000000e+01 -6.755288238953881122e-04
1.900000000000000000e+01 -6.733579928015185918e-04
2.000000000000000000e+01 -6.633381380882248527e-04
2.100000000000000000e+01 3.820413884470387055e-03
2.200000000000000000e+01 -5.728778357049316454e-04
2.300000000000000000e+01 4.045549875512570275e-03
2.400000000000000000e+01 2.925795035161151900e-03
2.500000000000000000e+01 -6.338728243989993211e-04
2.600000000000000000e+01 -6.315715657365640829e-04
2.700000000000000000e+01 -5.724416612209001125e-04
2.800000000000000000e+01 1.138049598775807094e-04
2.900000000000000000e+01 -6.136084261400507342e-04
3.000000000000000000e+01 -6.641132279706182156e-04
1.000000000000000000e+00 -1.977268849165589857e-04
2.000000000000000000e+00 -6.095782410424374718e-04
3.000000000000000000e+00 -2.917637373269556808e-04
4.000000000000000000e+00 -5.473580467825487142e-04
5.000000000000000000e+00 -6.390994767430834477e-04
6.000000000000000000e+00 -5.630965960981191253e-04
7.000000000000000000e+00 -4.931038931902784921e-05
8.000000000000000000e+00 1.267743301893529267e-03
9.000000000000000000e+00 -6.298996886547396324e-04
1.000000000000000000e+01 -6.411676666111353192e-04
1.100000000000000000e+01 -5.861632600829192906e-04
1.200000000000000000e+01 -6.268569064288347309e-04
1.300000000000000000e+01 -6.198258072492383300e-04
1.400000000000000000e+01 -3.979890088608110249e-04
1.500000000000000000e+01 -6.444716976392090733e-04
1.600000000000000000e+01 -6.447317117384940462e-04
1.700000000000000000e+01 -6.340569857415719480e-04
1.800000000000000000e+01 -6.438103297747760400e-04
1.900000000000000000e+01 -6.427676487779293091e-04
2.000000000000000000e+01 -6.425905517184163536e-04
2.100000000000000000e+01 1.910776977606767121e-03
2.200000000000000000e+01 -6.190949507961715503e-04
2.300000000000000000e+01 4.238535375535799378e-03
2.400000000000000000e+01 3.069479837530913937e-03
2.500000000000000000e+01 -6.160171625844027086e-04
2.600000000000000000e+01 -5.618134009284147991e-04
2.700000000000000000e+01 -4.419400466002878516e-04
2.800000000000000000e+01 1.880590337634265074e-03
2.900000000000000000e+01 -6.310406200610622039e-04
3.000000000000000000e+01 -6.311429227393149793e-04
1.000000000000000000e+00 -5.862458018890289151e-04
2.000000000000000000e+00 -5.892020449968629397e-04
3.000000000000000000e+00 -2.197245650409655063e-05
4.000000000000000000e+00 -5.088925206339367253e-04
5.000000000000000000e+00 -6.551842330209110051e-04
6.000000000000000000e+00 -5.794275006864912708e-04
7.000000000000000000e+00 -1.058132036000227714e-04
8.000000000000000000e+00 2.108455318941132150e-03
9.000000000000000000e+00 -6.551303392826451346e-04
1.000000000000000000e+01 -6.694348715013631558e-04
1.100000000000000000e+01 -6.409628360137163911e-04
1.200000000000000000e+01 -6.531502489883785458e-04
1.300000000000000000e+01 -5.713601350719469318e-04
1.400000000000000000e+01 -3.939252176752008829e-04
1.500000000000000000e+01 -6.680405511200124269e-04
1.600000000000000000e+01 -6.708960611749703986e-04
1.700000000000000000e+01 -6.647146373273796248e-04
1.800000000000000000e+01 -6.676713706009544365e-04
1.900000000000000000e+01 -6.620122493733793852e-04
2.000000000000000000e+01 -6.628295664001154818e-04
2.100000000000000000e+01 2.548502826716545280e-03
2.200000000000000000e+01 -6.193366430166612462e-04
2.300000000000000000e+01 3.598452794549205323e-03
2.400000000000000000e+01 2.934757364138609968e-03
2.500000000000000000e+01 -6.427840770475416092e-04
2.600000000000000000e+01 -6.292096687866432928e-04
2.700000000000000000e+01 -5.884273698404976190e-04
2.800000000000000000e+01 1.659123468763276437e-03
2.900000000000000000e+01 -6.423741071650223254e-04
3.000000000000000000e+01 -6.590727290794886435e-04
1.000000000000000000e+00 -7.923308214659707924e-05
2.000000000000000000e+00 -6.171971356216022662e-04
3.000000000000000000e+00 -1.077094203906873033e-04
4.000000000000000000e+00 -8.827439785540536123e-05
5.000000000000000000e+00 -6.869704636696739083e-04
6.000000000000000000e+00 -6.667555624147212352e-04
7.000000000000000000e+00 -2.333734983585965131e-04
8.000000000000000000e+00 2.405335034374954037e-03
9.000000000000000000e+00 -6.832821698883552366e-04
1.000000000000000000e+01 -6.946710147229771815e-04
1.100000000000000000e+01 -6.812497630835489138e-04
1.200000000000000000e+01 -6.830308389654315753e-04
1.300000000000000000e+01 -6.895892814510533276e-04
1.400000000000000000e+01 -5.109446379502664446e-04
1.500000000000000000e+01 -6.906231198370489394e-04
1.600000000000000000e+01 -6.969383145285078674e-04
1.700000000000000000e+01 -6.701205393778991845e-04
1.800000000000000000e+01 -6.957717693369751787e-04
1.900000000000000000e+01 -6.896742274631071984e-04
2.000000000000000000e+01 -6.745461172022538046e-04
2.100000000000000000e+01 1.937738191524279122e-03
2.200000000000000000e+01 -6.390482338080328553e-04
2.300000000000000000e+01 3.074782205452901082e-03
2.400000000000000000e+01 2.596350667922781193e-03
2.500000000000000000e+01 -6.720304741688933872e-04
2.600000000000000000e+01 -6.441778853954555290e-04
2.700000000000000000e+01 -5.756287834578335599e-04
2.800000000000000000e+01 2.852183030521593388e-03
2.900000000000000000e+01 -6.720142309888749122e-04
3.000000000000000000e+01 -6.942000690929444337e-04
1.000000000000000000e+00 -3.315605250505349001e-04
2.000000000000000000e+00 -5.727393912834454837e-04
3.000000000000000000e+00 -3.641446906449810942e-04
4.000000000000000000e+00 -4.707124364064870945e-04
5.000000000000000000e+00 -6.529508324260639663e-04
6.000000000000000000e+00 -6.407548417693036732e-04
7.000000000000000000e+00 -3.882763604025521562e-04
8.000000000000000000e+00 1.248535881744072991e-03
9.000000000000000000e+00 -6.495951720257115911e-04
1.000000000000000000e+01 -6.607179639615969697e-04
1.100000000000000000e+01 -6.502334972742317273e-04
1.200000000000000000e+01 -6.489178310610143252e-04
1.300000000000000000e+01 -6.440101626013123876e-04
1.400000000000000000e+01 -5.558594713713512587e-04
1.500000000000000000e+01 -6.602001027266657168e-04
1.600000000000000000e+01 -6.600491342812730674e-04
1.700000000000000000e+01 -6.532310827305877823e-04
1.800000000000000000e+01 -6.577678504957413987e-04
1.900000000000000000e+01 -6.450975691048203104e-04
2.000000000000000000e+01 -6.546804430976321939e-04
2.100000000000000000e+01 2.790233599482471946e-03
2.200000000000000000e+01 -5.767521375386419711e-04
2.300000000000000000e+01 4.449696436831267719e-03
2.400000000000000000e+01 2.835026923000419190e-03
2.500000000000000000e+01 -6.266613385796580534e-04
2.600000000000000000e+01 -5.204411594073597757e-04
2.700000000000000000e+01 -5.170741164172710765e-04
2.800000000000000000e+01 1.808112772586114182e-03
2.900000000000000000e+01 -6.117426172356731345e-04
3.000000000000000000e+01 -6.266244087239471530e-04
1.000000000000000000e+00 -4.975361211560772783e-04
2.000000000000000000e+00 -6.310555546640878206e-04
3.000000000000000000e+00 2.526494719162948938e-05
4.000000000000000000e+00 -2.668251240257897951e-04
5.000000000000000000e+00 -6.521901271111468865e-04
6.000000000000000000e+00 -6.548544901286190755e-04
7.000000000000000000e+00 2.567485957769583146e-04
8.000000000000000000e+00 2.479260946871565587e-03
9.000000000000000000e+00 -6.413622492307953201e-04
1.000000000000000000e+01 -6.519596329042123524e-04
1.100000000000000000e+01 -6.245382418469964253e-04
1.200000000000000000e+01 -6.403709693314693901e-04
1.300000000000000000e+01 -6.415766051065585401e-04
1.400000000000000000e+01 -4.409109282633038749e-04
1.500000000000000000e+01 -6.495707624360958421e-04
1.600000000000000000e+01 -6.513653099820533674e-04
1.700000000000000000e+01 -6.448063655934523682e-04
1.800000000000000000e+01 -6.543534014830312698e-04
1.900000000000000000e+01 -6.544734164798935751e-04
2.000000000000000000e+01 -6.590244901494080650e-04
2.100000000000000000e+01 8.020744542912435718e-04
2.200000000000000000e+01 -6.227101390369559454e-04
2.300000000000000000e+01 2.644016775849831330e-03
2.400000000000000000e+01 1.883705936203614473e-03
2.500000000000000000e+01 -6.286209906110473830e-04
2.600000000000000000e+01 -6.221076895142284811e-04
2.700000000000000000e+01 -3.569102876425447077e-04
2.800000000000000000e+01 4.175196033193410636e-03
2.900000000000000000e+01 -6.510885408984019938e-04
3.000000000000000000e+01 -6.516698584039717218e-04
1.000000000000000000e+00 -3.189954884533289766e-04
2.000000000000000000e+00 -6.090016453544360884e-04
3.000000000000000000e+00 -2.428644103302636612e-04
4.000000000000000000e+00 -2.949339141372180604e-04
5.000000000000000000e+00 -6.525179747600113418e-04
6.000000000000000000e+00 -6.605692922501809347e-04
7.000000000000000000e+00 1.659895284454550779e-04
8.000000000000000000e+00 1.406916950454964758e-03
9.000000000000000000e+00 -6.465236919327165032e-04
1.000000000000000000e+01 -6.671350521422775987e-04
1.100000000000000000e+01 -5.893044229332451960e-04
1.200000000000000000e+01 -6.650766439689269165e-04
1.300000000000000000e+01 -5.816205245561392257e-04
1.400000000000000000e+01 -1.990992457787811153e-04
1.500000000000000000e+01 -6.641602335189975524e-04
1.600000000000000000e+01 -6.666185336016282759e-04
1.700000000000000000e+01 -6.448322814681926342e-04
1.800000000000000000e+01 -6.666343065551227996e-04
1.900000000000000000e+01 -6.597770619177206882e-04
2.000000000000000000e+01 -6.563432901599680885e-04
2.100000000000000000e+01 1.916397583850472331e-03
2.200000000000000000e+01 -6.017047413307050454e-04
2.300000000000000000e+01 3.687743444586003266e-03
2.400000000000000000e+01 2.616032028800429829e-03
2.500000000000000000e+01 -6.224826980498578740e-04
2.600000000000000000e+01 -6.129745012481887514e-04
2.700000000000000000e+01 -3.386143492752717306e-04
2.800000000000000000e+01 2.176873403871844130e-03
2.900000000000000000e+01 -6.072201223225145343e-04
3.000000000000000000e+01 -6.527836242200160503e-04
1.000000000000000000e+00 -3.682947375046997473e-04
2.000000000000000000e+00 -6.616241713056834851e-04
3.000000000000000000e+00 2.695074896582041676e-04
4.000000000000000000e+00 1.619095508286090682e-08
5.000000000000000000e+00 -6.716037959397665701e-04
6.000000000000000000e+00 -6.760186206091067665e-04
7.000000000000000000e+00 -3.410940334072297387e-04
8.000000000000000000e+00 1.531582540674872577e-03
9.000000000000000000e+00 -6.692926289754261467e-04
1.000000000000000000e+01 -6.925520914861439973e-04
1.100000000000000000e+01 -6.097654357220246100e-04
1.200000000000000000e+01 -6.776394715143869507e-04
1.300000000000000000e+01 -6.757536682098644679e-04
1.400000000000000000e+01 -5.428355277790517745e-04
1.500000000000000000e+01 -6.946725817821655397e-04
1.600000000000000000e+01 -6.911792951254606271e-04
1.700000000000000000e+01 -6.857232408238291476e-04
1.800000000000000000e+01 -6.937299286406119160e-04
1.900000000000000000e+01 -6.914740205883162898e-04
2.000000000000000000e+01 -6.899576715050364118e-04
2.100000000000000000e+01 1.822248096317065922e-03
2.200000000000000000e+01 -6.554081570012847049e-04
2.300000000000000000e+01 3.462975211024833105e-03
2.400000000000000000e+01 2.457315287633180141e-03
2.500000000000000000e+01 -6.207213633455708297e-04
2.600000000000000000e+01 -6.375697398081877406e-04
2.700000000000000000e+01 -5.039945776987213386e-04
2.800000000000000000e+01 3.359398769879533373e-03
2.900000000000000000e+01 -6.589522366520967657e-04
3.000000000000000000e+01 -6.792769617988394983e-04
1.000000000000000000e+00 -6.552126846803366924e-04
2.000000000000000000e+00 -5.910879117636501628e-04
3.000000000000000000e+00 -4.006456683043117220e-05
4.000000000000000000e+00 -2.446716802306744842e-04
5.000000000000000000e+00 -6.745683301868115505e-04
6.000000000000000000e+00 -6.670747326896443383e-04
7.000000000000000000e+00 5.332034641376356575e-04
8.000000000000000000e+00 1.721054018641858313e-03
9.000000000000000000e+00 -6.716474015059057138e-04
1.000000000000000000e+01 -6.731178776543285391e-04
1.100000000000000000e+01 -6.530364141821556542e-04
1.200000000000000000e+01 -6.506760079311708998e-04
1.300000000000000000e+01 -6.297592829611155024e-04
1.400000000000000000e+01 -4.083841181463609385e-04
1.500000000000000000e+01 -6.751364083992104003e-04
1.600000000000000000e+01 -6.714355135707365677e-04
1.700000000000000000e+01 -6.702514229600735037e-04
1.800000000000000000e+01 -6.734869245027071865e-04
1.900000000000000000e+01 -6.653394226229285497e-04
2.000000000000000000e+01 -6.727676893446913600e-04
2.100000000000000000e+01 2.186393993066723055e-03
2.200000000000000000e+01 -6.068682777231170639e-04
2.300000000000000000e+01 3.905760866919861726e-03
2.400000000000000000e+01 2.384007647737461811e-03
2.500000000000000000e+01 -6.403585670950608490e-04
2.600000000000000000e+01 -6.539962501273322622e-04
2.700000000000000000e+01 -3.991205243003202144e-04
2.800000000000000000e+01 1.903391800712973944e-03
2.900000000000000000e+01 -6.514714530016451309e-04
3.000000000000000000e+01 -6.657254816544030344e-04
1.000000000000000000e+00 -4.342645897458374663e-04
2.000000000000000000e+00 -6.349311085391499271e-04
3.000000000000000000e+00 -2.616246947004913746e-05
4.000000000000000000e+00 -4.741962145297979768e-04
5.000000000000000000e+00 -6.641881727692991021e-04
6.000000000000000000e+00 -5.000299086995621360e-04
7.000000000000000000e+00 -3.636949625425650259e-05
8.000000000000000000e+00 1.963669864430600369e-03
9.000000000000000000e+00 -6.696659103394190333e-04
1.000000000000000000e+01 -6.698326144010327424e-04
1.100000000000000000e+01 -5.081529759366437780e-04
1.200000000000000000e+01 -6.469487287957221763e-04
1.300000000000000000e+01 -6.445422576465985104e-04
1.400000000000000000e+01 -4.665067308980473757e-04
1.500000000000000000e+01 -6.640642756545027132e-04
1.600000000000000000e+01 -6.714200361994919096e-04
1.700000000000000000e+01 -6.397312376227087729e-04
1.800000000000000000e+01 -6.617649275788660542e-04
1.900000000000000000e+01 -6.603075846658224349e-04
2.000000000000000000e+01 -6.537160071101316434e-04
2.100000000000000000e+01 1.552146914045362310e-03
2.200000000000000000e+01 -5.947423526166180797e-04
2.300000000000000000e+01 3.390794943032312755e-03
2.400000000000000000e+01 2.594499864702556197e-03
2.500000000000000000e+01 -6.248333301612497793e-04
2.600000000000000000e+01 -6.376735323417579739e-04
2.700000000000000000e+01 -4.927568462815721737e-04
2.800000000000000000e+01 2.875942913525651647e-03
2.900000000000000000e+01 -6.139923510239902018e-04
3.000000000000000000e+01 -6.581523780595080258e-04
1.000000000000000000e+00 -2.095533358009096119e-04
2.000000000000000000e+00 -6.131924007008813637e-04
3.000000000000000000e+00 -1.174931758877136088e-04
4.000000000000000000e+00 -2.664272516234431260e-04
5.000000000000000000e+00 -6.596101180588429024e-04
6.000000000000000000e+00 -6.403100156376582150e-04
7.000000000000000000e+00 -3.489613355103197848e-04
8.000000000000000000e+00 1.364759605885753138e-03
9.000000000000000000e+00 -6.353657240049250627e-04
1.000000000000000000e+01 -6.690241296994555451e-04
1.100000000000000000e+01 -5.734947154268414888e-04
1.200000000000000000e+01 -6.499690274887882880e-04
1.300000000000000000e+01 -6.541635477804028835e-04
1.400000000000000000e+01 -5.235871507602515591e-04
1.500000000000000000e+01 -6.688063651588524623e-04
1.600000000000000000e+01 -6.627299560118356985e-04
1.700000000000000000e+01 -6.539634520029528886e-04
1.800000000000000000e+01 -6.667960924592815407e-04
1.900000000000000000e+01 -6.646182627002423767e-04
2.000000000000000000e+01 -6.481776571278455171e-04
2.100000000000000000e+01 3.921875750891269316e-03
2.200000000000000000e+01 -5.455054586743235141e-04
2.300000000000000000e+01 2.738577337089076989e-03
2.400000000000000000e+01 2.206562535188011116e-03
2.500000000000000000e+01 -6.388426531822183081e-04
2.600000000000000000e+01 -5.404897876754297722e-04
2.700000000000000000e+01 -4.393549141510367509e-04
2.800000000000000000e+01 2.185109642320311706e-03
2.900000000000000000e+01 -5.844434783750570434e-04
3.000000000000000000e+01 -6.602073922299016642e-04
1.000000000000000000e+00 -4.141098210539933644e-04
2.000000000000000000e+00 -6.087610259576056206e-04
3.000000000000000000e+00 5.683396368216403911e-05
4.000000000000000000e+00 -7.196118878612103799e-05
5.000000000000000000e+00 -6.465602090717027838e-04
6.000000000000000000e+00 -6.499214377103879276e-04
7.000000000000000000e+00 -5.233232018227729210e-04
8.000000000000000000e+00 7.295734780357410534e-04
9.000000000000000000e+00 -6.523759609883328153e-04
1.000000000000000000e+01 -6.546196097267341103e-04
1.100000000000000000e+01 -4.847212634827512655e-04
1.200000000000000000e+01 -6.228857117290395248e-04
1.300000000000000000e+01 -6.104780340534481228e-04
1.400000000000000000e+01 3.566353433915994469e-04
1.500000000000000000e+01 -6.553930749199894743e-04
1.600000000000000000e+01 -6.571810400412879481e-04
1.700000000000000000e+01 -6.366918555441074485e-04
1.800000000000000000e+01 -6.491601588127247696e-04
1.900000000000000000e+01 -6.544681831697961262e-04
2.000000000000000000e+01 -6.554918069577519383e-04
2.100000000000000000e+01 1.821221623300752846e-03
2.200000000000000000e+01 -6.058383808125717253e-04
2.300000000000000000e+01 4.687665032212661939e-03
2.400000000000000000e+01 2.123120017866677364e-03
2.500000000000000000e+01 -5.905451049189055319e-04
2.600000000000000000e+01 -5.965389468988735195e-04
2.700000000000000000e+01 -4.832728455754437338e-04
2.800000000000000000e+01 2.094566021153726736e-03
2.900000000000000000e+01 -6.256647079783243543e-04
3.000000000000000000e+01 -6.032593847478422882e-04
1.000000000000000000e+00 -5.055938949335372521e-04
2.000000000000000000e+00 -6.041520038984428192e-04
3.000000000000000000e+00 1.873640030011704423e-04
4.000000000000000000e+00 -1.221372419323708651e-04
5.000000000000000000e+00 -6.476612698524626460e-04
6.000000000000000000e+00 -6.492931406346749180e-04
7.000000000000000000e+00 -8.976610407319830906e-05
8.000000000000000000e+00 1.620398858885513382e-03
9.000000000000000000e+00 -6.547753392873953979e-04
1.000000000000000000e+01 -6.609540338968746204e-04
1.100000000000000000e+01 -5.779707392194270146e-04
1.200000000000000000e+01 -6.303397919003237955e-04
1.300000000000000000e+01 -6.380002381467627303e-04
1.400000000000000000e+01 -4.803791120912943792e-04
1.500000000000000000e+01 -6.576730857391267391e-04
1.600000000000000000e+01 -6.553711802280639967e-04
1.700000000000000000e+01 -6.592882977783648532e-04
1.800000000000000000e+01 -6.601777645884428702e-04
1.900000000000000000e+01 -6.481819021507536846e-04
2.000000000000000000e+01 -6.524176755649855426e-04
2.100000000000000000e+01 2.428776158211356454e-03
2.200000000000000000e+01 -5.978895624458107315e-04
2.300000000000000000e+01 4.259376991723022761e-03
2.400000000000000000e+01 1.726895816364335066e-03
2.500000000000000000e+01 -6.209586381918337028e-04
2.600000000000000000e+01 -6.274270326133587995e-04
2.700000000000000000e+01 -3.059949374313815145e-04
2.800000000000000000e+01 1.859502631230716858e-03
2.900000000000000000e+01 -6.092476451427240088e-04
3.000000000000000000e+01 -6.487508785392488578e-04
1.000000000000000000e+00 -3.568587674454062604e-04
2.000000000000000000e+00 -6.529204414425557714e-04
3.000000000000000000e+00 4.503759742918075340e-04
4.000000000000000000e+00 3.015280634511343380e-05
5.000000000000000000e+00 -6.741907144217599993e-04
6.000000000000000000e+00 -6.671794026331939872e-04
7.000000000000000000e+00 -1.530349610642248580e-05
8.000000000000000000e+00 3.313019946249856629e-03
9.000000000000000000e+00 -6.858267330519957896e-04
1.000000000000000000e+01 -6.799038251900574922e-04
1.100000000000000000e+01 -6.020274242983785374e-04
1.200000000000000000e+01 -6.615830574465010995e-04
1.300000000000000000e+01 -6.714593819563183632e-04
1.400000000000000000e+01 -5.549352132888642165e-04
1.500000000000000000e+01 -6.744267599550140624e-04
1.600000000000000000e+01 -6.826426330163215582e-04
1.700000000000000000e+01 -6.634457735653035305e-04
1.800000000000000000e+01 -6.840675527021108666e-04
1.900000000000000000e+01 -6.811799379331510322e-04
2.000000000000000000e+01 -6.745976757709645560e-04
2.100000000000000000e+01 1.470962599633674232e-03
2.200000000000000000e+01 -6.486096085756675855e-04
2.300000000000000000e+01 3.877650870940571679e-03
2.400000000000000000e+01 1.214798186322827182e-03
2.500000000000000000e+01 -5.971712598382303240e-04
2.600000000000000000e+01 -6.242851745379711294e-04
2.700000000000000000e+01 -5.814845693548668058e-04
2.800000000000000000e+01 2.134449459979329000e-03
2.900000000000000000e+01 -6.622634183682889718e-04
3.000000000000000000e+01 -6.717950320928300087e-04
1.000000000000000000e+00 -4.628355658318933667e-04
2.000000000000000000e+00 -6.054120972782042059e-04
3.000000000000000000e+00 3.691870423239338415e-04
4.000000000000000000e+00 -4.269446962165326237e-04
5.000000000000000000e+00 -6.614465572350600652e-04
6.000000000000000000e+00 -6.612692930083919913e-04
7.000000000000000000e+00 1.028763123623416357e-04
8.000000000000000000e+00 1.960666945983083765e-03
9.000000000000000000e+00 -6.745848731787591063e-04
1.000000000000000000e+01 -6.744593190462798210e-04
1.100000000000000000e+01 -6.448325141807371812e-04
1.200000000000000000e+01 -6.538013446481516760e-04
1.300000000000000000e+01 -6.578920811919712055e-04
1.400000000000000000e+01 -1.131462666383015436e-04
1.500000000000000000e+01 -6.658035367566001806e-04
1.600000000000000000e+01 -6.742564157883326140e-04
1.700000000000000000e+01 -6.717636267738045413e-04
1.800000000000000000e+01 -6.678111089183809673e-04
1.900000000000000000e+01 -6.694034526225258862e-04
2.000000000000000000e+01 -6.602856394171136966e-04
2.100000000000000000e+01 2.053452902616406846e-03
2.200000000000000000e+01 -6.106704095096251094e-04
2.300000000000000000e+01 4.320966371935785859e-03
2.400000000000000000e+01 1.977389244126805112e-03
2.500000000000000000e+01 -6.336329822257019987e-04
2.600000000000000000e+01 -6.071595986964178730e-04
2.700000000000000000e+01 -4.565041806890568076e-04
2.800000000000000000e+01 1.512245060707384601e-03
2.900000000000000000e+01 -6.300322590852011975e-04
3.000000000000000000e+01 -6.615182527397295807e-04
1.000000000000000000e+00 -6.436830391799191933e-05
2.000000000000000000e+00 -5.971406142311307119e-04
3.000000000000000000e+00 -7.006528826832000910e-05
4.000000000000000000e+00 -2.164239823837785844e-04
5.000000000000000000e+00 -6.445000246263090206e-04
6.000000000000000000e+00 -6.679309962127028899e-04
7.000000000000000000e+00 3.731679129783416226e-05
8.000000000000000000e+00 1.642722332390732232e-03
9.000000000000000000e+00 -6.723964836192197758e-04
1.000000000000000000e+01 -6.778254625166310696e-04
1.100000000000000000e+01 -5.953583604368116238e-04
1.200000000000000000e+01 -6.585185808224192127e-04
1.300000000000000000e+01 -6.640711754355073946e-04
1.400000000000000000e+01 -1.575068188742208112e-04
1.500000000000000000e+01 -6.732749130349995666e-04
1.600000000000000000e+01 -6.762172555509362139e-04
1.700000000000000000e+01 -6.667984407048350602e-04
1.800000000000000000e+01 -6.752208841247797112e-04
1.900000000000000000e+01 -6.696534256359247062e-04
2.000000000000000000e+01 -6.695964482521821757e-04
2.100000000000000000e+01 2.970604891113751752e-03
2.200000000000000000e+01 -6.242757849163359024e-04
2.300000000000000000e+01 1.240438223597486837e-03
2.400000000000000000e+01 3.162608011481145807e-03
2.500000000000000000e+01 -6.278315549261170208e-04
2.600000000000000000e+01 -6.391268325216969319e-04
2.700000000000000000e+01 -5.051846768460102220e-04
2.800000000000000000e+01 2.825006604640716099e-03
2.900000000000000000e+01 -6.600468779723342276e-04
3.000000000000000000e+01 -6.573330655241032498e-04
1.000000000000000000e+00 -3.215697298813141440e-04
2.000000000000000000e+00 -5.980611175849808066e-04
3.000000000000000000e+00 -2.131476236336248952e-04
4.000000000000000000e+00 -3.474585080761479730e-04
5.000000000000000000e+00 -6.348943465119248359e-04
6.000000000000000000e+00 -6.646806551452384736e-04
7.000000000000000000e+00 1.054544169403274481e-04
8.000000000000000000e+00 1.627135279849468291e-03
9.000000000000000000e+00 -6.747302179983996184e-04
1.000000000000000000e+01 -6.748895302361011426e-04
1.100000000000000000e+01 -6.484288302553993088e-04
1.200000000000000000e+01 -6.685979293388031198e-04
1.300000000000000000e+01 -5.892376988972086033e-04
1.400000000000000000e+01 -5.988731157769318619e-04
1.500000000000000000e+01 -6.734256285190403724e-04
1.600000000000000000e+01 -6.731232683004953997e-04
1.700000000000000000e+01 -6.580493683540316989e-04
1.800000000000000000e+01 -6.715019603323607459e-04
1.900000000000000000e+01 -6.652483696282810105e-04
2.000000000000000000e+01 -6.656602806853694713e-04
2.100000000000000000e+01 1.416493892830884751e-03
2.200000000000000000e+01 -5.959674933925965083e-04
2.300000000000000000e+01 4.177694965516607663e-03
2.400000000000000000e+01 2.189146407093954787e-03
2.500000000000000000e+01 -6.087495717517435066e-04
2.600000000000000000e+01 -6.324596886102861262e-04
2.700000000000000000e+01 -3.871732227750232969e-04
2.800000000000000000e+01 3.068801216718624290e-03
2.900000000000000000e+01 -6.512731889010716074e-04
3.000000000000000000e+01 -6.434722012477719954e-04
1.000000000000000000e+00 1.132224490175067779e-04
2.000000000000000000e+00 -5.797600765625094982e-04
3.000000000000000000e+00 2.708020093459760874e-04
4.000000000000000000e+00 -3.457111829342458874e-04
5.000000000000000000e+00 -6.115914093786594232e-04
6.000000000000000000e+00 -6.442182267809462397e-04
7.000000000000000000e+00 -4.379784908186905952e-04
8.000000000000000000e+00 1.347568552262828510e-03
9.000000000000000000e+00 -6.521601627103169440e-04
1.000000000000000000e+01 -6.486920637356855413e-04
1.100000000000000000e+01 -5.476010484082408395e-04
1.200000000000000000e+01 -6.278229465391606300e-04
1.300000000000000000e+01 -5.667764272051778723e-04
1.400000000000000000e+01 -5.330392375720671792e-04
1.500000000000000000e+01 -6.475363468095681396e-04
1.600000000000000000e+01 -6.519435052387155451e-04
1.700000000000000000e+01 -6.452304687055890981e-04
1.800000000000000000e+01 -6.516563581399742976e-04
1.900000000000000000e+01 -6.365201528625538977e-04
2.000000000000000000e+01 -6.435882556399448191e-04
2.100000000000000000e+01 2.634360954705785435e-03
2.200000000000000000e+01 -5.987670118316231870e-04
2.300000000000000000e+01 2.719748477351460574e-03
2.400000000000000000e+01 2.524189275544348222e-03
2.500000000000000000e+01 -6.055177590153681044e-04
2.600000000000000000e+01 -6.043535643621085517e-04
2.700000000000000000e+01 -5.395230783925492653e-04
2.800000000000000000e+01 2.567287261423318884e-03
2.900000000000000000e+01 -6.160374390590956642e-04
3.000000000000000000e+01 -6.432793878676421571e-04
