1.000000000000000000e+00 -2.665649605233107958e-04
2.000000000000000000e+00 1.542118239017086813e-03
3.000000000000000000e+00 -2.735444403494293060e-04
4.000000000000000000e+00 -2.735444403494293060e-04
5.000000000000000000e+00 -2.735444403494293060e-04
6.000000000000000000e+00 -2.735444403494293060e-04
7.000000000000000000e+00 -2.732017139037616702e-04
8.000000000000000000e+00 -2.735219954740432434e-04
9.000000000000000000e+00 -2.673945444936510758e-04
1.000000000000000000e+01 1.399244187689395935e-04
1.100000000000000000e+01 1.210126216084687450e-04
1.200000000000000000e+01 3.355259410039356347e-06
1.300000000000000000e+01 -7.618367180091189595e-06
1.400000000000000000e+01 -2.593118404200506341e-04
1.500000000000000000e+01 -8.578627522672123700e-05
1.600000000000000000e+01 2.541805715667590465e-04
1.700000000000000000e+01 1.517140288548689926e-04
1.800000000000000000e+01 -1.342794495175617163e-04
1.900000000000000000e+01 4.364192742656466083e-04
1.000000000000000000e+00 -3.081052690895004975e-04
2.000000000000000000e+00 1.012353514819038219e-03
3.000000000000000000e+00 -3.083168675854127392e-04
4.000000000000000000e+00 -3.083168675854127392e-04
5.000000000000000000e+00 -3.083168675854127392e-04
6.000000000000000000e+00 -3.061828088337069376e-04
7.000000000000000000e+00 -3.079083708533865947e-04
8.000000000000000000e+00 -3.046536608497269903e-04
9.000000000000000000e+00 -3.081417975574015267e-04
1.000000000000000000e+01 2.554805446202442886e-04
1.100000000000000000e+01 3.478897176127690558e-04
1.200000000000000000e+01 2.854921012235559961e-04
1.300000000000000000e+01 3.927920033380568438e-05
1.400000000000000000e+01 -2.623722902595329088e-04
1.500000000000000000e+01 1.765715703319940485e-04
1.600000000000000000e+01 1.988689255112047170e-05
1.700000000000000000e+01 3.210208892733524785e-04
1.800000000000000000e+01 -3.035826947139849555e-04
1.900000000000000000e+01 5.055345584992888917e-04
1.000000000000000000e+00 -2.632168879731720248e-04
2.000000000000000000e+00 4.861307823303805814e-04
3.000000000000000000e+00 -2.632168879731720248e-04
4.000000000000000000e+00 -2.632168879731720248e-04
5.000000000000000000e+00 -2.632168879731720248e-04
6.000000000000000000e+00 -2.632168879731720248e-04
7.000000000000000000e+00 -2.632168879731720248e-04
8.000000000000000000e+00 -2.631610964257838445e-04
9.000000000000000000e+00 -2.632168879731720248e-04
1.000000000000000000e+01 7.503077252588898072e-05
1.100000000000000000e+01 3.774330988478489493e-04
1.200000000000000000e+01 3.968631259671359852e-04
1.300000000000000000e+01 -3.088999742674370557e-05
1.400000000000000000e+01 -2.600813388817406003e-04
1.500000000000000000e+01 2.015265561608440713e-04
1.600000000000000000e+01 2.634889623933925535e-04
1.700000000000000000e+01 3.269198261919034165e-04
1.800000000000000000e+01 -2.632168879731720248e-04
1.900000000000000000e+01 5.222205851117283802e-04
1.000000000000000000e+00 -2.620718300389906163e-04
2.000000000000000000e+00 2.456748078547060701e-04
3.000000000000000000e+00 -2.620718300389906163e-04
4.000000000000000000e+00 -2.620718300389906163e-04
5.000000000000000000e+00 -2.620718300389906163e-04
6.000000000000000000e+00 -2.619611019870861021e-04
7.000000000000000000e+00 -2.620026998228015456e-04
8.000000000000000000e+00 -2.620269402882184910e-04
9.000000000000000000e+00 -2.615333797456383547e-04
1.000000000000000000e+01 2.650783446905563426e-04
1.100000000000000000e+01 1.215964715214677781e-04
1.200000000000000000e+01 2.017156585947408253e-04
1.300000000000000000e+01 5.013629982530386231e-05
1.400000000000000000e+01 -1.790984830337808732e-04
1.500000000000000000e+01 2.976708850035223309e-04
1.600000000000000000e+01 3.960180036023135857e-04
1.700000000000000000e+01 4.292345143288298147e-04
1.800000000000000000e+01 -2.564577500376557097e-04
1.900000000000000000e+01 5.070740353147114863e-04
1.000000000000000000e+00 -2.907209225330200904e-04
2.000000000000000000e+00 2.919991061666987850e-04
3.000000000000000000e+00 -2.908932439639920421e-04
4.000000000000000000e+00 -2.908932439639920421e-04
5.000000000000000000e+00 -2.908932439639920421e-04
6.000000000000000000e+00 -2.904427432508863149e-04
7.000000000000000000e+00 -2.884160778838847777e-04
8.000000000000000000e+00 -2.908932439639920421e-04
9.000000000000000000e+00 -2.908932439639920421e-04
1.000000000000000000e+01 2.467770983989993425e-04
1.100000000000000000e+01 6.428136036895951665e-04
1.200000000000000000e+01 5.939266884478601807e-04
1.300000000000000000e+01 4.747461837614193954e-04
1.400000000000000000e+01 -2.142812819744424971e-04
1.500000000000000000e+01 2.560732874821969760e-05
1.600000000000000000e+01 3.185437657055002693e-04
1.700000000000000000e+01 2.662152200261012119e-05
1.800000000000000000e+01 -2.403368895911110726e-04
1.900000000000000000e+01 1.359163043750503963e-04
1.000000000000000000e+00 -2.261295981268975281e-04
2.000000000000000000e+00 3.436088452489941903e-04
3.000000000000000000e+00 -2.272086978579580363e-04
4.000000000000000000e+00 -2.272086978579580363e-04
5.000000000000000000e+00 -2.272086978579580363e-04
6.000000000000000000e+00 -2.272086978579580363e-04
7.000000000000000000e+00 -2.272086978579580363e-04
8.000000000000000000e+00 -2.220747840230638125e-04
9.000000000000000000e+00 -2.253743530089072898e-04
1.000000000000000000e+01 2.725573689385335182e-04
1.100000000000000000e+01 2.653532477302463833e-04
1.200000000000000000e+01 3.661232861492975531e-04
1.300000000000000000e+01 2.569041735333385968e-04
1.400000000000000000e+01 -1.797891718448622292e-04
1.500000000000000000e+01 4.703329196027773999e-05
1.600000000000000000e+01 2.409911515328632808e-05
1.700000000000000000e+01 5.155004824979585870e-04
1.800000000000000000e+01 -1.527639319303489588e-04
1.900000000000000000e+01 3.574723354254932166e-05
1.000000000000000000e+00 -2.583001294823290914e-04
2.000000000000000000e+00 3.239342668109627065e-04
3.000000000000000000e+00 -2.587694881011975371e-04
4.000000000000000000e+00 -2.587694881011975371e-04
5.000000000000000000e+00 -2.587694881011975371e-04
6.000000000000000000e+00 -2.587245983504254119e-04
7.000000000000000000e+00 -2.587177968730357074e-04
8.000000000000000000e+00 -2.573149241466335911e-04
9.000000000000000000e+00 -2.587694881011975371e-04
1.000000000000000000e+01 2.872339074390347410e-04
1.100000000000000000e+01 9.234468831223747022e-05
1.200000000000000000e+01 1.543127679741380682e-04
1.300000000000000000e+01 5.973977587375268132e-05
1.400000000000000000e+01 -2.587177968730357074e-04
1.500000000000000000e+01 3.018122068087352198e-04
1.600000000000000000e+01 7.223179157803238503e-04
1.700000000000000000e+01 7.985788851637513073e-05
1.800000000000000000e+01 -1.903793305243784708e-04
1.900000000000000000e+01 4.885365872686032399e-04
1.000000000000000000e+00 -2.340383959588241574e-04
2.000000000000000000e+00 4.704503188332766444e-04
3.000000000000000000e+00 -2.341799768076878994e-04
4.000000000000000000e+00 -2.341799768076878994e-04
5.000000000000000000e+00 -2.341799768076878994e-04
6.000000000000000000e+00 -2.341276054317871318e-04
7.000000000000000000e+00 -2.321374931475571769e-04
8.000000000000000000e+00 -2.341799768076878994e-04
9.000000000000000000e+00 -2.337487858127714196e-04
1.000000000000000000e+01 1.992028618724825297e-04
1.100000000000000000e+01 -6.269639049567023420e-05
1.200000000000000000e+01 -4.914101908720209741e-05
1.300000000000000000e+01 9.509076606599610590e-05
1.400000000000000000e+01 -1.957799249401166687e-04
1.500000000000000000e+01 2.885986043703655927e-04
1.600000000000000000e+01 5.760562724378492190e-04
1.700000000000000000e+01 2.020630855021768649e-04
1.800000000000000000e+01 -1.743952770494329419e-04
1.900000000000000000e+01 5.212405921955509149e-04
1.000000000000000000e+00 -2.883756198079449342e-04
2.000000000000000000e+00 1.277174629904971343e-03
3.000000000000000000e+00 -2.890597943454107765e-04
4.000000000000000000e+00 -2.890597943454107765e-04
5.000000000000000000e+00 -2.890597943454107765e-04
6.000000000000000000e+00 -2.889987656604325167e-04
7.000000000000000000e+00 -2.888929638214373860e-04
8.000000000000000000e+00 -2.882723970244000173e-04
9.000000000000000000e+00 -2.889419247422470483e-04
1.000000000000000000e+01 1.481483533428054188e-04
1.100000000000000000e+01 2.313859153141693695e-04
1.200000000000000000e+01 2.290769812970586529e-04
1.300000000000000000e+01 -6.519187388628807376e-05
1.400000000000000000e+01 -2.806264513836240746e-04
1.500000000000000000e+01 2.983310917152004710e-04
1.600000000000000000e+01 3.128135887678366238e-04
1.700000000000000000e+01 6.907780509233576621e-06
1.800000000000000000e+01 -2.874072063482849704e-04
1.900000000000000000e+01 4.109968757517096553e-04
1.000000000000000000e+00 -2.956036056685825298e-04
2.000000000000000000e+00 9.046329417799745844e-04
3.000000000000000000e+00 -2.962218599633074283e-04
4.000000000000000000e+00 -2.962218599633074283e-04
5.000000000000000000e+00 -2.962218599633074283e-04
6.000000000000000000e+00 -2.960662421606307889e-04
7.000000000000000000e+00 -2.938912657209484546e-04
8.000000000000000000e+00 -2.930425433648731464e-04
9.000000000000000000e+00 -2.955619806269574692e-04
1.000000000000000000e+01 1.071411648728286969e-04
1.100000000000000000e+01 1.182110896025110632e-04
1.200000000000000000e+01 1.858946690927481995e-04
1.300000000000000000e+01 -8.461552961247849499e-05
1.400000000000000000e+01 -2.353910115011564419e-04
1.500000000000000000e+01 3.735096019211553387e-04
1.600000000000000000e+01 4.799786631744386951e-04
1.700000000000000000e+01 2.484307971368286097e-04
1.800000000000000000e+01 -2.897301286553996265e-04
1.900000000000000000e+01 5.237037149522781902e-04
1.000000000000000000e+00 -2.369943210207920900e-04
2.000000000000000000e+00 2.027826927318993608e-04
3.000000000000000000e+00 -2.390113341558360504e-04
4.000000000000000000e+00 -2.390113341558360504e-04
5.000000000000000000e+00 -2.390113341558360504e-04
6.000000000000000000e+00 -2.386265745798999912e-04
7.000000000000000000e+00 -2.389780069166264390e-04
8.000000000000000000e+00 -2.379780747629827960e-04
9.000000000000000000e+00 -2.385403046406888718e-04
1.000000000000000000e+01 6.006079895769603374e-05
1.100000000000000000e+01 -1.507767575940536066e-04
1.200000000000000000e+01 1.261985942899962563e-04
1.300000000000000000e+01 -7.362450167992103001e-06
1.400000000000000000e+01 -2.386616015406972560e-04
1.500000000000000000e+01 5.912883563149622709e-04
1.600000000000000000e+01 5.458247393661336223e-04
1.700000000000000000e+01 1.691238665117547916e-04
1.800000000000000000e+01 -1.483818513344764675e-04
1.900000000000000000e+01 7.516218418908087546e-04
1.000000000000000000e+00 -2.404912739576820456e-04
2.000000000000000000e+00 4.205314698252981620e-04
3.000000000000000000e+00 -2.442735211222821375e-04
4.000000000000000000e+00 -2.442735211222821375e-04
5.000000000000000000e+00 -2.442735211222821375e-04
6.000000000000000000e+00 -2.442108568439315492e-04
7.000000000000000000e+00 -2.442735211222821375e-04
8.000000000000000000e+00 -2.355085184234559066e-04
9.000000000000000000e+00 -2.442286313715100123e-04
1.000000000000000000e+01 8.853776913730140117e-06
1.100000000000000000e+01 3.495147522579750295e-04
1.200000000000000000e+01 6.594067570504676113e-05
1.300000000000000000e+01 1.895034101330309083e-04
1.400000000000000000e+01 -2.038434242583617520e-04
1.500000000000000000e+01 9.367891958364964525e-05
1.600000000000000000e+01 8.800666084736338780e-04
1.700000000000000000e+01 4.977363322745738523e-06
1.800000000000000000e+01 -2.361138113694351336e-04
1.900000000000000000e+01 3.614358794197882504e-04
1.000000000000000000e+00 -2.782531843777697866e-04
2.000000000000000000e+00 6.357388503706865772e-04
3.000000000000000000e+00 -2.782793700657201839e-04
4.000000000000000000e+00 -2.782793700657201839e-04
5.000000000000000000e+00 -2.782793700657201839e-04
6.000000000000000000e+00 -2.778903255590286126e-04
7.000000000000000000e+00 -2.781391041691517671e-04
8.000000000000000000e+00 -2.782431862060068977e-04
9.000000000000000000e+00 -2.781172519939382288e-04
1.000000000000000000e+01 6.548913217230952421e-05
1.100000000000000000e+01 4.168394317456483047e-04
1.200000000000000000e+01 4.338554902998081582e-04
1.300000000000000000e+01 1.714848859269094562e-04
1.400000000000000000e+01 -2.770864576508189981e-04
1.500000000000000000e+01 4.111150465680922067e-05
1.600000000000000000e+01 3.989281610072540783e-04
1.700000000000000000e+01 2.782254376765832897e-04
1.800000000000000000e+01 -2.249010995656009696e-04
1.900000000000000000e+01 2.767654395571706068e-04
1.000000000000000000e+00 -2.800106868010275867e-04
2.000000000000000000e+00 5.742741646039217990e-04
3.000000000000000000e+00 -2.822482426625329971e-04
4.000000000000000000e+00 -2.822482426625329971e-04
5.000000000000000000e+00 -2.822482426625329971e-04
6.000000000000000000e+00 -2.822257977871469345e-04
7.000000000000000000e+00 -2.800227798278264965e-04
8.000000000000000000e+00 -2.793887655383499855e-04
9.000000000000000000e+00 -2.818868801688175678e-04
1.000000000000000000e+01 4.545829172165960020e-04
1.100000000000000000e+01 1.162358090778212204e-04
1.200000000000000000e+01 1.476010103710595055e-04
1.300000000000000000e+01 2.611791677991911012e-04
1.400000000000000000e+01 -2.649411475893314726e-04
1.500000000000000000e+01 3.622124255726449893e-04
1.600000000000000000e+01 3.404258749506786346e-04
1.700000000000000000e+01 1.890556636516931824e-04
1.800000000000000000e+01 -2.810880670538279608e-04
1.900000000000000000e+01 3.444921459812353543e-04
1.000000000000000000e+00 -2.499715989975540681e-04
2.000000000000000000e+00 6.435912224525406527e-04
3.000000000000000000e+00 -2.500962150185286428e-04
4.000000000000000000e+00 -2.500962150185286428e-04
5.000000000000000000e+00 -2.500962150185286428e-04
6.000000000000000000e+00 -2.336878159945833999e-04
7.000000000000000000e+00 -2.500490807802179275e-04
8.000000000000000000e+00 -2.500513252677565175e-04
9.000000000000000000e+00 -2.496877182865024983e-04
1.000000000000000000e+01 1.496431905736901873e-04
1.100000000000000000e+01 3.471677859749516858e-04
1.200000000000000000e+01 9.570272788024101107e-05
1.300000000000000000e+01 6.434051856623178192e-05
1.400000000000000000e+01 -2.055938362374383802e-04
1.500000000000000000e+01 1.450047798105927094e-04
1.600000000000000000e+01 3.344040141070505484e-04
1.700000000000000000e+01 2.688087370234939848e-04
1.800000000000000000e+01 -2.128515152738289071e-04
1.900000000000000000e+01 3.379375733478927227e-04
1.000000000000000000e+00 -2.660680882148247148e-04
2.000000000000000000e+00 3.294593962832479610e-04
3.000000000000000000e+00 -2.689282681583379667e-04
4.000000000000000000e+00 -2.689282681583379667e-04
5.000000000000000000e+00 -2.689282681583379667e-04
6.000000000000000000e+00 -2.667930123466116126e-04
7.000000000000000000e+00 -2.684748816755397512e-04
8.000000000000000000e+00 -2.668743580161925450e-04
9.000000000000000000e+00 -2.681112746942856777e-04
1.000000000000000000e+01 -1.012880425524261246e-04
1.100000000000000000e+01 6.039342458247236631e-05
1.200000000000000000e+01 3.473100041208799951e-04
1.300000000000000000e+01 9.517501690082939185e-05
1.400000000000000000e+01 -1.752395789426880002e-04
1.500000000000000000e+01 4.476105670079481131e-04
1.600000000000000000e+01 1.450610397431671033e-04
1.700000000000000000e+01 3.461986681244289725e-04
1.800000000000000000e+01 -2.386588011457914079e-04
1.900000000000000000e+01 8.520914642041976751e-04
1.000000000000000000e+00 -2.570644852948610363e-04
2.000000000000000000e+00 3.978917824226294963e-04
3.000000000000000000e+00 -2.580419596179236216e-04
4.000000000000000000e+00 -2.580419596179236216e-04
5.000000000000000000e+00 -2.580419596179236216e-04
6.000000000000000000e+00 -2.580419596179236216e-04
7.000000000000000000e+00 -2.580419596179236216e-04
8.000000000000000000e+00 -1.683443591972839904e-04
9.000000000000000000e+00 -2.523718399772157533e-04
1.000000000000000000e+01 2.282586101413740384e-04
1.100000000000000000e+01 1.722917027423883772e-04
1.200000000000000000e+01 2.847646440297153130e-04
1.300000000000000000e+01 5.160185349731360267e-04
1.400000000000000000e+01 -1.524457862430366004e-04
1.500000000000000000e+01 -2.010938242384157000e-04
1.600000000000000000e+01 7.813704584092610796e-05
1.700000000000000000e+01 8.569758988380607847e-04
1.800000000000000000e+01 -2.496026864727680884e-04
1.900000000000000000e+01 1.531683028498391071e-05
1.000000000000000000e+00 -2.670941717960286844e-04
2.000000000000000000e+00 3.663142218892330242e-04
3.000000000000000000e+00 -2.675146391282607326e-04
4.000000000000000000e+00 -2.675146391282607326e-04
5.000000000000000000e+00 -2.675146391282607326e-04
6.000000000000000000e+00 -2.656731546712300497e-04
7.000000000000000000e+00 -2.673567768380455032e-04
8.000000000000000000e+00 -2.621202765292515550e-04
9.000000000000000000e+00 -2.673788816395620562e-04
1.000000000000000000e+01 3.490550047873214974e-04
1.100000000000000000e+01 5.342383371700483137e-04
1.200000000000000000e+01 1.174786979177723777e-04
1.300000000000000000e+01 1.208609133890881917e-04
1.400000000000000000e+01 -1.359920362213146118e-04
1.500000000000000000e+01 1.751460889100548487e-04
1.600000000000000000e+01 2.951961247803507223e-04
1.700000000000000000e+01 1.331416234585635348e-04
1.800000000000000000e+01 -2.121229039571138062e-04
1.900000000000000000e+01 3.739779394545157004e-04
1.000000000000000000e+00 -2.590949368531798012e-04
2.000000000000000000e+00 3.862599978745976390e-04
3.000000000000000000e+00 -2.597729443939324331e-04
4.000000000000000000e+00 -2.597729443939324331e-04
5.000000000000000000e+00 -2.597729443939324331e-04
6.000000000000000000e+00 -2.595759736087263625e-04
7.000000000000000000e+00 -2.590802042053939338e-04
8.000000000000000000e+00 -2.595867267444795009e-04
9.000000000000000000e+00 -2.596805440564340533e-04
1.000000000000000000e+01 5.048674760423898502e-04
1.100000000000000000e+01 1.736738157775249069e-04
1.200000000000000000e+01 3.371437731008575635e-04
1.300000000000000000e+01 1.605868249825043181e-04
1.400000000000000000e+01 -2.522156149353424709e-04
1.500000000000000000e+01 1.181241300990055798e-04
1.600000000000000000e+01 1.853406311238054631e-04
1.700000000000000000e+01 4.050176501212492358e-04
1.800000000000000000e+01 -2.595755470589300646e-04
1.900000000000000000e+01 2.898457560839661613e-04
1.000000000000000000e+00 -2.375739672537592487e-04
2.000000000000000000e+00 7.131508310506958848e-04
3.000000000000000000e+00 -2.379824639857853932e-04
4.000000000000000000e+00 -2.379824639857853932e-04
5.000000000000000000e+00 -2.379824639857853932e-04
6.000000000000000000e+00 -2.365527254236938874e-04
7.000000000000000000e+00 -2.379824639857853932e-04
8.000000000000000000e+00 -2.379824639857853932e-04
9.000000000000000000e+00 -2.378792175590095485e-04
1.000000000000000000e+01 -1.423473044638869610e-04
1.100000000000000000e+01 1.021007455988431521e-04
1.200000000000000000e+01 9.172950458051756843e-06
1.300000000000000000e+01 -1.529343421729576890e-04
1.400000000000000000e+01 -9.061477403231112961e-05
1.500000000000000000e+01 2.379953376750467927e-04
1.600000000000000000e+01 6.942569888128779067e-04
1.700000000000000000e+01 -6.495733475580580676e-05
1.800000000000000000e+01 -2.164034620146265567e-04
1.900000000000000000e+01 8.120900972774362271e-04
1.000000000000000000e+00 -2.728900791966267663e-04
2.000000000000000000e+00 3.642807430661153408e-04
3.000000000000000000e+00 -2.750204063663446601e-04
4.000000000000000000e+00 -2.750204063663446601e-04
5.000000000000000000e+00 -2.748977077142342423e-04
6.000000000000000000e+00 -2.729244242283457213e-04
7.000000000000000000e+00 -2.745221301327743194e-04
8.000000000000000000e+00 -2.749726599950689143e-04
9.000000000000000000e+00 -2.750019063478446814e-04
1.000000000000000000e+01 4.029967348907248547e-04
1.100000000000000000e+01 4.810746864294422674e-04
1.200000000000000000e+01 3.258502357853571734e-05
1.300000000000000000e+01 3.034870768805497405e-04
1.400000000000000000e+01 -2.665507885917549401e-04
1.500000000000000000e+01 1.536329280915909744e-04
1.600000000000000000e+01 1.351036416852427534e-04
1.700000000000000000e+01 4.737335785035435166e-04
1.800000000000000000e+01 -2.677775237820755679e-04
1.900000000000000000e+01 3.761566291050934805e-04
1.000000000000000000e+00 -3.057086496521480706e-04
2.000000000000000000e+00 3.417229855245850953e-04
3.000000000000000000e+00 -3.057086496521480706e-04
4.000000000000000000e+00 -3.057086496521480706e-04
5.000000000000000000e+00 -3.057086496521480706e-04
6.000000000000000000e+00 -3.053001529201219261e-04
7.000000000000000000e+00 -3.057086496521480706e-04
8.000000000000000000e+00 -3.053001529201219261e-04
9.000000000000000000e+00 -3.051969064933460814e-04
1.000000000000000000e+01 8.726463105655571373e-04
1.100000000000000000e+01 3.515230075795091388e-04
1.200000000000000000e+01 3.178250425089950088e-04
1.300000000000000000e+01 5.432798142260215945e-04
1.400000000000000000e+01 -1.933976218999438874e-04
1.500000000000000000e+01 -1.847633163906383584e-04
1.600000000000000000e+01 -1.940851868289949179e-05
1.700000000000000000e+01 5.577420676588632810e-04
1.800000000000000000e+01 -3.039070743211610037e-04
1.900000000000000000e+01 1.437603522065596183e-04
1.000000000000000000e+00 -2.578721965412161636e-04
2.000000000000000000e+00 1.647318758440186677e-04
3.000000000000000000e+00 -2.578721965412161636e-04
4.000000000000000000e+00 -2.578400255531627873e-04
5.000000000000000000e+00 -2.578721965412161636e-04
6.000000000000000000e+00 -2.578273067904440384e-04
7.000000000000000000e+00 -2.577884476829574970e-04
8.000000000000000000e+00 -2.577916476161293963e-04
9.000000000000000000e+00 -2.578166284709421845e-04
1.000000000000000000e+01 3.474113060153132394e-04
1.100000000000000000e+01 1.900007898564447999e-04
1.200000000000000000e+01 5.568976630252594557e-05
1.300000000000000000e+01 -1.291970794469814133e-04
1.400000000000000000e+01 -2.408814958320280506e-04
1.500000000000000000e+01 4.751976491944853438e-04
1.600000000000000000e+01 3.842491345078841332e-04
1.700000000000000000e+01 1.872214402314722364e-04
1.800000000000000000e+01 -2.175315646914806702e-04
1.900000000000000000e+01 8.401400018077886901e-04
1.000000000000000000e+00 -2.259181975616983114e-04
2.000000000000000000e+00 1.103901699966692261e-04
3.000000000000000000e+00 -2.279606812218290340e-04
4.000000000000000000e+00 -2.279606812218290340e-04
5.000000000000000000e+00 -2.279606812218290340e-04
6.000000000000000000e+00 -2.279606812218290340e-04
7.000000000000000000e+00 -2.279606812218290340e-04
8.000000000000000000e+00 -2.279606812218290340e-04
9.000000000000000000e+00 -2.279606812218290340e-04
1.000000000000000000e+01 2.484885480511496523e-04
1.100000000000000000e+01 6.331799236361466141e-04
1.200000000000000000e+01 3.687105486634100729e-04
1.300000000000000000e+01 3.073109078755279400e-04
1.400000000000000000e+01 -1.494429412457557176e-04
1.500000000000000000e+01 7.725492856334950184e-06
1.600000000000000000e+01 8.902581585045233627e-05
1.700000000000000000e+01 2.565397386529533826e-04
1.800000000000000000e+01 -2.170370278962149087e-04
1.900000000000000000e+01 1.399620228095831468e-04
1.000000000000000000e+00 -2.473809889572550704e-04
2.000000000000000000e+00 4.413566448991770364e-04
3.000000000000000000e+00 -2.480970484968439849e-04
4.000000000000000000e+00 -2.480970484968439849e-04
5.000000000000000000e+00 -2.480970484968439849e-04
6.000000000000000000e+00 -2.476141662737657025e-04
7.000000000000000000e+00 -2.479239800464646008e-04
8.000000000000000000e+00 -2.478815232813187555e-04
9.000000000000000000e+00 -2.480603205189395484e-04
1.000000000000000000e+01 1.428856498901918579e-04
1.100000000000000000e+01 5.526759870121888209e-05
1.200000000000000000e+01 9.680421135616857297e-05
1.300000000000000000e+01 -8.468222041964363754e-05
1.400000000000000000e+01 -2.446442597149235828e-04
1.500000000000000000e+01 5.341492416907688912e-04
1.600000000000000000e+01 3.840282959156520793e-04
1.700000000000000000e+01 2.046943399259735274e-05
1.800000000000000000e+01 -2.445583175421466287e-04
1.900000000000000000e+01 8.784462406289935766e-04
1.000000000000000000e+00 -2.510813457859107593e-04
2.000000000000000000e+00 5.827205365237569587e-04
3.000000000000000000e+00 -2.575881151603271846e-04
4.000000000000000000e+00 -2.575881151603271846e-04
5.000000000000000000e+00 -2.575881151603271846e-04
6.000000000000000000e+00 -2.574965400687521055e-04
7.000000000000000000e+00 -2.575881151603271846e-04
8.000000000000000000e+00 -2.575881151603271846e-04
9.000000000000000000e+00 -2.575881151603271846e-04
1.000000000000000000e+01 1.367020846017594563e-04
1.100000000000000000e+01 9.693508297975265975e-05
1.200000000000000000e+01 1.514963926102881261e-04
1.300000000000000000e+01 4.942458053443775694e-06
1.400000000000000000e+01 2.786654059065599804e-04
1.500000000000000000e+01 2.271872230218422846e-05
1.600000000000000000e+01 3.347928197234911686e-04
1.700000000000000000e+01 1.935593088434374724e-04
1.800000000000000000e+01 -2.545538672731380986e-04
1.900000000000000000e+01 4.870960915898901451e-04
1.000000000000000000e+00 -2.924201538893195771e-04
2.000000000000000000e+00 1.054551526677662346e-03
3.000000000000000000e+00 -2.947276911233274034e-04
4.000000000000000000e+00 -2.947276911233274034e-04
5.000000000000000000e+00 -2.947276911233274034e-04
6.000000000000000000e+00 -2.946551193595791903e-04
7.000000000000000000e+00 -2.942898120089777313e-04
8.000000000000000000e+00 -2.934947193021203004e-04
9.000000000000000000e+00 -2.946610366449082348e-04
1.000000000000000000e+01 5.187088329021689957e-04
1.100000000000000000e+01 7.868731675994721148e-05
1.200000000000000000e+01 2.890587788290058680e-04
1.300000000000000000e+01 -5.843584429638422876e-05
1.400000000000000000e+01 -2.698899151038286958e-04
1.500000000000000000e+01 1.221857447455582427e-04
1.600000000000000000e+01 3.650351379193458564e-04
1.700000000000000000e+01 4.052722572654617332e-04
1.800000000000000000e+01 -2.930793109735467354e-04
1.900000000000000000e+01 1.266657480895034377e-04
1.000000000000000000e+00 -2.604897095304237599e-04
2.000000000000000000e+00 9.137016508499503899e-06
3.000000000000000000e+00 -2.606991950340268845e-04
4.000000000000000000e+00 -2.606991950340268845e-04
5.000000000000000000e+00 -2.606991950340268845e-04
6.000000000000000000e+00 -2.606991950340268845e-04
7.000000000000000000e+00 -2.600183671473166617e-04
8.000000000000000000e+00 -2.606991950340268845e-04
9.000000000000000000e+00 -2.598822015699745955e-04
1.000000000000000000e+01 4.451724448056563642e-04
1.100000000000000000e+01 4.006408493007826551e-04
1.200000000000000000e+01 5.459593392399884719e-04
1.300000000000000000e+01 3.607624501977513515e-04
1.400000000000000000e+01 -1.662067894859490689e-04
1.500000000000000000e+01 -8.269229605938906809e-05
1.600000000000000000e+01 1.272626811244436599e-04
1.700000000000000000e+01 5.092952336211511739e-04
1.800000000000000000e+01 -2.409222885449355256e-04
1.900000000000000000e+01 1.427686889511239465e-04
1.000000000000000000e+00 -2.396893801449441843e-04
2.000000000000000000e+00 4.333893679950784274e-04
3.000000000000000000e+00 -2.396893801449441843e-04
4.000000000000000000e+00 -2.396893801449441843e-04
5.000000000000000000e+00 -2.396893801449441843e-04
6.000000000000000000e+00 -2.396893801449441843e-04
7.000000000000000000e+00 -2.396893801449441843e-04
8.000000000000000000e+00 -2.396893801449441843e-04
9.000000000000000000e+00 -2.396893801449441843e-04
1.000000000000000000e+01 1.835151519840400524e-04
1.100000000000000000e+01 1.604871425986200697e-04
1.200000000000000000e+01 5.692387833394288725e-05
1.300000000000000000e+01 -1.242942904851486300e-04
1.400000000000000000e+01 -1.904221985248213793e-04
1.500000000000000000e+01 4.765818681673712818e-04
1.600000000000000000e+01 6.371441501973579931e-04
1.700000000000000000e+01 7.931997259763867464e-05
1.800000000000000000e+01 -2.300754918545852947e-04
1.900000000000000000e+01 4.317115576881856579e-04
1.000000000000000000e+00 -2.449468221461518396e-04
2.000000000000000000e+00 7.814972033929837997e-04
3.000000000000000000e+00 -2.449723276863632719e-04
4.000000000000000000e+00 -2.449723276863632719e-04
5.000000000000000000e+00 -2.449723276863632719e-04
6.000000000000000000e+00 -2.436106719129427721e-04
7.000000000000000000e+00 -2.449723276863632719e-04
8.000000000000000000e+00 -2.096440938287176233e-04
9.000000000000000000e+00 -2.429298440262325494e-04
1.000000000000000000e+01 9.524969584736728485e-05
1.100000000000000000e+01 1.337668179193973923e-04
1.200000000000000000e+01 -8.099680157848422048e-05
1.300000000000000000e+01 1.769961526165479096e-04
1.400000000000000000e+01 -2.446998216365462581e-04
1.500000000000000000e+01 2.143452213616890245e-04
1.600000000000000000e+01 3.434966924003038597e-04
1.700000000000000000e+01 1.283104639400815795e-04
1.800000000000000000e+01 -1.908298017301118224e-04
1.900000000000000000e+01 5.440506766969628117e-04
1.000000000000000000e+00 -2.793543261898769167e-04
2.000000000000000000e+00 9.438536069445266786e-04
3.000000000000000000e+00 -2.898568819130208671e-04
4.000000000000000000e+00 -2.898568819130208671e-04
5.000000000000000000e+00 -2.898568819130208671e-04
6.000000000000000000e+00 -2.896550140640942266e-04
7.000000000000000000e+00 -2.897953965574178977e-04
8.000000000000000000e+00 -2.743693030011752046e-04
9.000000000000000000e+00 -2.878143982528901445e-04
1.000000000000000000e+01 1.086747434974365197e-04
1.100000000000000000e+01 3.750428387731467450e-06
1.200000000000000000e+01 2.282566476639911004e-04
1.300000000000000000e+01 -8.439967809246438403e-05
1.400000000000000000e+01 -1.481713761256243543e-04
1.500000000000000000e+01 2.504128922219768971e-04
1.600000000000000000e+01 5.503665159964389857e-04
1.700000000000000000e+01 3.205980509930034489e-04
1.800000000000000000e+01 -2.858609060945660539e-04
1.900000000000000000e+01 3.928973936537356556e-04
1.000000000000000000e+00 -2.419642714468162536e-04
2.000000000000000000e+00 3.363437482127439471e-04
3.000000000000000000e+00 -2.488423075615470723e-04
4.000000000000000000e+00 -2.487196089094366545e-04
5.000000000000000000e+00 -2.487255942095395792e-04
6.000000000000000000e+00 -2.488423075615470723e-04
7.000000000000000000e+00 -2.487185614819186169e-04
8.000000000000000000e+00 -2.083424149082930578e-04
9.000000000000000000e+00 -2.486283330828666593e-04
1.000000000000000000e+01 2.928528718233719798e-04
1.100000000000000000e+01 4.984652477297163171e-04
1.200000000000000000e+01 1.983879401372703707e-04
1.300000000000000000e+01 2.230064876415898539e-04
1.400000000000000000e+01 -2.475970726766062776e-04
1.500000000000000000e+01 7.127093425162469827e-05
1.600000000000000000e+01 3.509014478517129428e-04
1.700000000000000000e+01 3.384333927204741048e-04
1.800000000000000000e+01 -2.429977368272704535e-04
1.900000000000000000e+01 1.166182525229810148e-04
1.000000000000000000e+00 -2.570749182160644202e-04
2.000000000000000000e+00 4.658130210682256354e-05
3.000000000000000000e+00 -2.574374563937286450e-04
4.000000000000000000e+00 -2.573207430417211519e-04
5.000000000000000000e+00 -2.574374563937286450e-04
6.000000000000000000e+00 -2.574231732912102169e-04
7.000000000000000000e+00 -2.574374563937286450e-04
8.000000000000000000e+00 -2.561762561741950787e-04
9.000000000000000000e+00 -2.553336234075427136e-04
1.000000000000000000e+01 2.996857249724780474e-04
1.100000000000000000e+01 1.854773005400182191e-04
1.200000000000000000e+01 2.676333492530573867e-04
1.300000000000000000e+01 3.287784778886574137e-04
1.400000000000000000e+01 -2.064076145813237978e-04
1.500000000000000000e+01 3.338386635823038903e-04
1.600000000000000000e+01 2.516495311596454038e-04
1.700000000000000000e+01 1.048862121744384852e-04
1.800000000000000000e+01 -2.467113406431030703e-04
1.900000000000000000e+01 6.827435526630814015e-04
1.000000000000000000e+00 -2.625181076956699779e-04
2.000000000000000000e+00 5.314144273774271945e-04
3.000000000000000000e+00 -2.626318283976259815e-04
4.000000000000000000e+00 -2.625913401743646498e-04
5.000000000000000000e+00 -2.626318283976259815e-04
6.000000000000000000e+00 -2.618766603630461715e-04
7.000000000000000000e+00 -2.620697271002305840e-04
8.000000000000000000e+00 -2.597075293073605002e-04
9.000000000000000000e+00 -2.597862816707767323e-04
1.000000000000000000e+01 4.038274480145440234e-04
1.100000000000000000e+01 3.009710282072651120e-04
1.200000000000000000e+01 3.134786858002670622e-04
1.300000000000000000e+01 -1.556652114512451120e-04
1.400000000000000000e+01 -3.304238264043608001e-05
1.500000000000000000e+01 1.832853776830320296e-04
1.600000000000000000e+01 3.027821146275975366e-04
1.700000000000000000e+01 9.205637601769449735e-06
1.800000000000000000e+01 -2.601689097932507935e-04
1.900000000000000000e+01 4.790399660375105166e-04
1.000000000000000000e+00 -3.004487224684333660e-04
2.000000000000000000e+00 8.272937602236393522e-04
3.000000000000000000e+00 -3.007849797374637503e-04
4.000000000000000000e+00 -3.007849797374637503e-04
5.000000000000000000e+00 -3.007849797374637503e-04
6.000000000000000000e+00 -3.003924188669616978e-04
7.000000000000000000e+00 -3.007071708361254035e-04
8.000000000000000000e+00 -2.985547804834549662e-04
9.000000000000000000e+00 -3.004804775947262957e-04
1.000000000000000000e+01 6.065877865338057621e-04
1.100000000000000000e+01 5.107007224681447705e-04
1.200000000000000000e+01 4.440117441610478481e-04
1.300000000000000000e+01 1.961709868783520559e-04
1.400000000000000000e+01 -2.285804400609352661e-04
1.500000000000000000e+01 -6.681005272543219390e-05
1.600000000000000000e+01 1.814688885301827639e-05
1.700000000000000000e+01 3.273125924952625010e-04
1.800000000000000000e+01 -2.904892417193867516e-04
1.900000000000000000e+01 3.045389706845565278e-05
1.000000000000000000e+00 -3.231519711812629969e-04
2.000000000000000000e+00 9.608866701346951197e-04
3.000000000000000000e+00 -3.275757178231469315e-04
4.000000000000000000e+00 -3.275757178231469315e-04
5.000000000000000000e+00 -3.275757178231469315e-04
6.000000000000000000e+00 -3.271746347014755762e-04
7.000000000000000000e+00 -3.274059063087976095e-04
8.000000000000000000e+00 -3.200311097183147009e-04
9.000000000000000000e+00 -3.238199769875741590e-04
1.000000000000000000e+01 5.628329013313609821e-04
1.100000000000000000e+01 3.365032973642159740e-04
1.200000000000000000e+01 9.333496466253705015e-05
1.300000000000000000e+01 6.440533798556662441e-04
1.400000000000000000e+01 -4.448138797913037319e-05
1.500000000000000000e+01 -1.721450873211062777e-04
1.600000000000000000e+01 -2.400458966567906559e-04
1.700000000000000000e+01 7.873923074238059613e-04
1.800000000000000000e+01 -3.171125050840237951e-04
1.900000000000000000e+01 -4.291402782568292274e-05
1.000000000000000000e+00 -2.827359942729600214e-04
2.000000000000000000e+00 1.764655377708338575e-04
3.000000000000000000e+00 -2.829963548274382502e-04
4.000000000000000000e+00 -2.829963548274382502e-04
5.000000000000000000e+00 -2.829963548274382502e-04
6.000000000000000000e+00 -2.815112522393944873e-04
7.000000000000000000e+00 -2.829065753258940539e-04
8.000000000000000000e+00 -2.828172874740011327e-04
9.000000000000000000e+00 -2.828856267755337360e-04
1.000000000000000000e+01 4.081850008409622105e-04
1.100000000000000000e+01 4.915883518213439189e-04
1.200000000000000000e+01 1.934046280598891374e-04
1.300000000000000000e+01 1.345811722260114923e-04
1.400000000000000000e+01 3.576213147306484409e-05
1.500000000000000000e+01 1.246062497513464816e-04
1.600000000000000000e+01 3.520630836721262550e-04
1.700000000000000000e+01 1.850667529114294709e-04
1.800000000000000000e+01 -2.740878066244222650e-04
1.900000000000000000e+01 4.270289118113561062e-04
1.000000000000000000e+00 -3.098799902957629737e-04
2.000000000000000000e+00 5.257256352192975169e-04
3.000000000000000000e+00 -3.106974930704457165e-04
4.000000000000000000e+00 -3.106974930704457165e-04
5.000000000000000000e+00 -3.106974930704457165e-04
6.000000000000000000e+00 -3.100714170767226389e-04
7.000000000000000000e+00 -3.101767719614893131e-04
8.000000000000000000e+00 -2.960781852562128428e-04
9.000000000000000000e+00 -3.086257630575392269e-04
1.000000000000000000e+01 4.331469148459880575e-04
1.100000000000000000e+01 6.172717894861864604e-04
1.200000000000000000e+01 4.690894842251812271e-04
1.300000000000000000e+01 4.004392516021687792e-04
1.400000000000000000e+01 -2.500749910263750362e-04
1.500000000000000000e+01 -1.903911274410244087e-04
1.600000000000000000e+01 -4.166187701102014133e-05
1.700000000000000000e+01 2.305800794346332466e-04
1.800000000000000000e+01 -3.045692463171989278e-04
1.900000000000000000e+01 5.244979035358309687e-04
1.000000000000000000e+00 -2.370060040504562329e-04
2.000000000000000000e+00 2.097145253293868214e-04
3.000000000000000000e+00 -2.370359305509709921e-04
4.000000000000000000e+00 -2.370359305509709921e-04
5.000000000000000000e+00 -2.370359305509709921e-04
6.000000000000000000e+00 -2.369408889730862701e-04
7.000000000000000000e+00 -2.370359305509709921e-04
8.000000000000000000e+00 -2.368792934983255305e-04
9.000000000000000000e+00 -2.290784740641027160e-04
1.000000000000000000e+01 -2.190241618269692873e-05
1.100000000000000000e+01 -1.135878812975996035e-04
1.200000000000000000e+01 -7.322262447987945360e-05
1.300000000000000000e+01 -1.575794425685726405e-04
1.400000000000000000e+01 -1.549729826704460654e-04
1.500000000000000000e+01 8.901661782324157661e-04
1.600000000000000000e+01 6.857911945465358303e-04
1.700000000000000000e+01 -1.293067633855293080e-04
1.800000000000000000e+01 -2.161735649494597234e-04
1.900000000000000000e+01 9.507378934683379445e-04
1.000000000000000000e+00 -2.740392686917065895e-04
2.000000000000000000e+00 4.311472111683868646e-04
3.000000000000000000e+00 -2.748698074599204466e-04
4.000000000000000000e+00 -2.748698074599204466e-04
5.000000000000000000e+00 -2.748698074599204466e-04
6.000000000000000000e+00 -2.747979158439111443e-04
7.000000000000000000e+00 -2.747416676258982544e-04
8.000000000000000000e+00 -2.713556823071398036e-04
9.000000000000000000e+00 -2.742968963477936139e-04
1.000000000000000000e+01 -1.919097129143093280e-04
1.100000000000000000e+01 2.478556663728441706e-04
1.200000000000000000e+01 1.348075974633575680e-04
1.300000000000000000e+01 4.569448839619961924e-04
1.400000000000000000e+01 -2.606381912585089698e-04
1.500000000000000000e+01 3.670819122631767341e-04
1.600000000000000000e+01 6.525944944925590350e-04
1.700000000000000000e+01 6.525857847507759047e-05
1.800000000000000000e+01 -2.731394034360990234e-04
1.900000000000000000e+01 5.469703884657920075e-04
1.000000000000000000e+00 -2.565120434214088565e-04
2.000000000000000000e+00 1.215487425350353395e-04
3.000000000000000000e+00 -2.568241146368414212e-04
4.000000000000000000e+00 -2.568241146368414212e-04
5.000000000000000000e+00 -2.568241146368414212e-04
6.000000000000000000e+00 -2.567110740826243826e-04
7.000000000000000000e+00 -2.550539621313947770e-04
8.000000000000000000e+00 -2.533389809433743596e-04
9.000000000000000000e+00 -2.567956391181697748e-04
1.000000000000000000e+01 -5.390675618151120180e-05
1.100000000000000000e+01 1.547101617258663019e-04
1.200000000000000000e+01 1.226057295611081364e-04
1.300000000000000000e+01 2.328629912203171643e-05
1.400000000000000000e+01 -1.672457781222303885e-04
1.500000000000000000e+01 4.204586570176862604e-04
1.600000000000000000e+01 6.922647120352166472e-04
1.700000000000000000e+01 2.195729201185184638e-05
1.800000000000000000e+01 -2.526310378334704746e-04
1.900000000000000000e+01 9.467991840015955486e-04
1.000000000000000000e+00 -2.569736313381102842e-04
2.000000000000000000e+00 1.737985996447196128e-04
3.000000000000000000e+00 -2.570215817537077250e-04
4.000000000000000000e+00 -2.570215817537077250e-04
5.000000000000000000e+00 -2.570215817537077250e-04
6.000000000000000000e+00 -2.566824212254715967e-04
7.000000000000000000e+00 -2.565868993337312373e-04
8.000000000000000000e+00 -2.071914936708185685e-04
9.000000000000000000e+00 -2.560810734602582926e-04
1.000000000000000000e+01 2.769627413885366175e-04
1.100000000000000000e+01 4.804977274530922073e-04
1.200000000000000000e+01 7.089444116923329217e-07
1.300000000000000000e+01 3.670606003642699075e-04
1.400000000000000000e+01 -1.664749494779747035e-05
1.500000000000000000e+01 1.824792131747729040e-04
1.600000000000000000e+01 4.301546789916129094e-04
1.700000000000000000e+01 1.514851409864385651e-04
1.800000000000000000e+01 -2.431048288313525992e-04
1.900000000000000000e+01 1.766877172263318441e-04
1.000000000000000000e+00 -2.530938873494811901e-04
2.000000000000000000e+00 4.827616679149714942e-04
3.000000000000000000e+00 -2.531699505382894381e-04
4.000000000000000000e+00 -2.531699505382894381e-04
5.000000000000000000e+00 -2.531699505382894381e-04
6.000000000000000000e+00 -2.530076400818613461e-04
7.000000000000000000e+00 -2.530163731788297480e-04
8.000000000000000000e+00 -2.514930482311350545e-04
9.000000000000000000e+00 -2.531087372417820439e-04
1.000000000000000000e+01 1.154101705803470425e-04
1.100000000000000000e+01 3.423389582556701544e-04
1.200000000000000000e+01 -1.273203911402448886e-04
1.300000000000000000e+01 3.084009212622546492e-04
1.400000000000000000e+01 -2.427777519674370859e-04
1.500000000000000000e+01 6.259465179864423133e-04
1.600000000000000000e+01 4.902837064718970368e-04
1.700000000000000000e+01 -1.650481277350941179e-04
1.800000000000000000e+01 -2.122098077399113753e-04
1.900000000000000000e+01 3.979076323269426212e-04
1.000000000000000000e+00 -2.561385968385963331e-04
2.000000000000000000e+00 2.637467918461425080e-04
3.000000000000000000e+00 -2.564320261761433525e-04
4.000000000000000000e+00 -2.564320261761433525e-04
5.000000000000000000e+00 -2.564320261761433525e-04
6.000000000000000000e+00 -2.560235294441172080e-04
7.000000000000000000e+00 -2.564027798233675854e-04
8.000000000000000000e+00 -2.488968734204023247e-04
9.000000000000000000e+00 -2.564320261761433525e-04
1.000000000000000000e+01 4.658256210647691723e-04
1.100000000000000000e+01 4.820127724111312908e-04
1.200000000000000000e+01 2.038121937310748491e-04
1.300000000000000000e+01 6.386920254096717386e-05
1.400000000000000000e+01 -2.531408306186662470e-04
1.500000000000000000e+01 5.462796542146767408e-05
1.600000000000000000e+01 2.871028609645684274e-04
1.700000000000000000e+01 4.228578168433904066e-04
1.800000000000000000e+01 -2.530012404974585219e-04
1.900000000000000000e+01 2.874887134766545703e-04
1.000000000000000000e+00 -2.610113718784188045e-04
2.000000000000000000e+00 7.077295671963525615e-05
3.000000000000000000e+00 -2.611499315758020298e-04
4.000000000000000000e+00 -2.611499315758020298e-04
5.000000000000000000e+00 -2.611499315758020298e-04
6.000000000000000000e+00 -2.610975601999012351e-04
7.000000000000000000e+00 -2.611499315758020298e-04
8.000000000000000000e+00 -2.610466326804863099e-04
9.000000000000000000e+00 -2.602154267197285100e-04
1.000000000000000000e+01 5.481231587579632339e-04
1.100000000000000000e+01 2.853474139154056708e-04
1.200000000000000000e+01 3.588979599613841633e-05
1.300000000000000000e+01 3.234859490249718185e-04
1.400000000000000000e+01 -2.213451644863710730e-04
1.500000000000000000e+01 5.945303437519282503e-05
1.600000000000000000e+01 3.309113114658331360e-04
1.700000000000000000e+01 3.298589398738854101e-04
1.800000000000000000e+01 -2.200424597085262287e-04
1.900000000000000000e+01 5.262904175242108474e-04
1.000000000000000000e+00 -2.670469587600188092e-04
2.000000000000000000e+00 6.874767117834263775e-04
3.000000000000000000e+00 -2.677187792235059382e-04
4.000000000000000000e+00 -2.677187792235059382e-04
5.000000000000000000e+00 -2.677187792235059382e-04
6.000000000000000000e+00 -2.676304960469874867e-04
7.000000000000000000e+00 -2.675573801650480690e-04
8.000000000000000000e+00 -2.672776243880933757e-04
9.000000000000000000e+00 -2.672210471081267478e-04
1.000000000000000000e+01 1.298356505214102508e-04
1.100000000000000000e+01 -2.395188518893907347e-05
1.200000000000000000e+01 3.034618280165119709e-05
1.300000000000000000e+01 1.662676531162910222e-05
1.400000000000000000e+01 -6.907951114512323734e-05
1.500000000000000000e+01 4.910362701488874514e-04
1.600000000000000000e+01 5.659431062485384628e-04
1.700000000000000000e+01 -1.097922957501861092e-04
1.800000000000000000e+01 -2.213316888243254180e-04
1.900000000000000000e+01 6.366129351678514103e-04
1.000000000000000000e+00 -2.661182691468215586e-04
2.000000000000000000e+00 7.248285586259865668e-04
3.000000000000000000e+00 -2.661182691468215586e-04
4.000000000000000000e+00 -2.661182691468215586e-04
5.000000000000000000e+00 -2.661182691468215586e-04
6.000000000000000000e+00 -2.660658977709207638e-04
7.000000000000000000e+00 -2.552250229594577231e-04
8.000000000000000000e+00 -2.650970273167562244e-04
9.000000000000000000e+00 -2.659876613481465210e-04
1.000000000000000000e+01 3.084691710004821836e-04
1.100000000000000000e+01 1.573481472295160935e-04
1.200000000000000000e+01 1.966460773436410952e-04
1.300000000000000000e+01 3.808078608197602963e-05
1.400000000000000000e+01 -1.591214564569809063e-04
1.500000000000000000e+01 7.373073983235492544e-05
1.600000000000000000e+01 1.946156742690103420e-04
1.700000000000000000e+01 5.162579008753258357e-04
1.800000000000000000e+01 -1.709275575345413464e-04
1.900000000000000000e+01 2.249520609860085308e-04
1.000000000000000000e+00 -2.752793108513425149e-04
2.000000000000000000e+00 6.364299610470049856e-04
3.000000000000000000e+00 -2.769362913073425934e-04
4.000000000000000000e+00 -2.769362913073425934e-04
5.000000000000000000e+00 -2.769362913073425934e-04
6.000000000000000000e+00 -2.769362913073425934e-04
7.000000000000000000e+00 -2.769362913073425934e-04
8.000000000000000000e+00 -2.767008908793651282e-04
9.000000000000000000e+00 -2.748113057264746492e-04
1.000000000000000000e+01 6.819420306644671753e-06
1.100000000000000000e+01 -3.950958027148977097e-05
1.200000000000000000e+01 2.049034422278059287e-04
1.300000000000000000e+01 -1.550055077997960248e-04
1.400000000000000000e+01 -2.353371254172103222e-04
1.500000000000000000e+01 5.821594750391413317e-04
1.600000000000000000e+01 6.125207169480672903e-04
1.700000000000000000e+01 7.371754911826177879e-05
1.800000000000000000e+01 -2.644443928385533716e-04
1.900000000000000000e+01 7.830996017730182347e-04
1.000000000000000000e+00 -2.258968997940235038e-04
2.000000000000000000e+00 3.199806856217455578e-04
3.000000000000000000e+00 -2.258968997940235038e-04
4.000000000000000000e+00 -2.258968997940235038e-04
5.000000000000000000e+00 -2.258968997940235038e-04
6.000000000000000000e+00 -2.258968997940235038e-04
7.000000000000000000e+00 -2.254884030619973593e-04
8.000000000000000000e+00 -2.190990952021012724e-04
9.000000000000000000e+00 -2.258968997940235038e-04
1.000000000000000000e+01 3.698423478111561788e-04
1.100000000000000000e+01 4.381139070124754459e-04
1.200000000000000000e+01 3.010847769877048269e-04
1.300000000000000000e+01 3.574150443318281720e-04
1.400000000000000000e+01 -1.926933924609746545e-04
1.500000000000000000e+01 -1.926084280293480116e-05
1.600000000000000000e+01 7.593053135677010695e-05
1.700000000000000000e+01 3.536191684384290611e-04
1.800000000000000000e+01 -2.238544161338927813e-04
1.900000000000000000e+01 1.246083995235217794e-05
1.000000000000000000e+00 -2.617671054632293931e-04
2.000000000000000000e+00 2.551489849822727372e-04
3.000000000000000000e+00 -2.618262103017460121e-04
4.000000000000000000e+00 -2.618262103017460121e-04
5.000000000000000000e+00 -2.618262103017460121e-04
6.000000000000000000e+00 -2.617371789627146610e-04
7.000000000000000000e+00 -2.618052617513856942e-04
8.000000000000000000e+00 -2.617962838012312800e-04
9.000000000000000000e+00 -2.617024642221175566e-04
1.000000000000000000e+01 4.118611623149351125e-04
1.100000000000000000e+01 1.453876021203997051e-04
1.200000000000000000e+01 1.895269753651651276e-04
1.300000000000000000e+01 3.876628066343812949e-04
1.400000000000000000e+01 -2.549763517362011660e-04
1.500000000000000000e+01 7.122262856817127095e-05
1.600000000000000000e+01 3.933710244523772417e-04
1.700000000000000000e+01 4.616466120690836399e-04
1.800000000000000000e+01 -2.589280781143980998e-04
1.900000000000000000e+01 2.834744857342440900e-04
