1.000000000000000000e+00 -8.070163659700767527e-04
2.000000000000000000e+00 3.831552514544213448e-03
3.000000000000000000e+00 -8.369631067098846650e-04
4.000000000000000000e+00 -8.367449561240870729e-04
5.000000000000000000e+00 -8.355565611856920942e-04
6.000000000000000000e+00 -8.348394134097208248e-04
7.000000000000000000e+00 -8.321430648625319356e-04
8.000000000000000000e+00 -8.039140527837299434e-04
9.000000000000000000e+00 -8.009906155378136586e-04
1.000000000000000000e+01 3.982568878650282330e-04
1.100000000000000000e+01 3.996687816221205385e-04
1.200000000000000000e+01 1.779294558024977250e-04
1.300000000000000000e+01 -1.465625700097620578e-04
1.400000000000000000e+01 -7.873587204720951162e-04
1.500000000000000000e+01 -3.699556025201353919e-04
1.600000000000000000e+01 1.068147131048853386e-03
1.700000000000000000e+01 4.422206506786839522e-04
1.800000000000000000e+01 -3.142130253901255304e-04
1.900000000000000000e+01 1.789896377740240367e-03
1.000000000000000000e+00 -7.028726916700455676e-04
2.000000000000000000e+00 2.201322554966552228e-03
3.000000000000000000e+00 -7.129605830166903767e-04
4.000000000000000000e+00 -7.129605830166903767e-04
5.000000000000000000e+00 -7.114504918007167689e-04
6.000000000000000000e+00 -7.105624365008968201e-04
7.000000000000000000e+00 -7.114874646318073261e-04
8.000000000000000000e+00 -6.843820426909511239e-04
9.000000000000000000e+00 -7.055616288740387300e-04
1.000000000000000000e+01 8.648634369319424531e-04
1.100000000000000000e+01 7.387810547806195885e-04
1.200000000000000000e+01 8.394126014293231113e-04
1.300000000000000000e+01 2.027921622484170458e-04
1.400000000000000000e+01 -5.569841183567523016e-04
1.500000000000000000e+01 2.235456327269923161e-04
1.600000000000000000e+01 1.948630955800325710e-05
1.700000000000000000e+01 4.421658569661920794e-04
1.800000000000000000e+01 -7.003125258658321342e-04
1.900000000000000000e+01 1.319156572648156256e-03
1.000000000000000000e+00 -8.066394679281733678e-04
2.000000000000000000e+00 1.094801357689822920e-03
3.000000000000000000e+00 -8.116236954964345645e-04
4.000000000000000000e+00 -8.116236954964345645e-04
5.000000000000000000e+00 -8.108254060952040576e-04
6.000000000000000000e+00 -8.070412001051156239e-04
7.000000000000000000e+00 -8.078647676828849692e-04
8.000000000000000000e+00 -7.988495454323685631e-04
9.000000000000000000e+00 -8.031467946350799841e-04
1.000000000000000000e+01 2.904601901759231125e-04
1.100000000000000000e+01 1.383570797609426839e-03
1.200000000000000000e+01 1.112097214740993909e-03
1.300000000000000000e+01 1.052580984113533268e-06
1.400000000000000000e+01 -7.700367807817393769e-04
1.500000000000000000e+01 2.834806830541512887e-04
1.600000000000000000e+01 9.611591598757063737e-04
1.700000000000000000e+01 8.884716631598482683e-04
1.800000000000000000e+01 -7.808363413809992371e-04
1.900000000000000000e+01 1.893428215490038525e-03
1.000000000000000000e+00 -8.315203312979137793e-04
2.000000000000000000e+00 6.209864286580758525e-04
3.000000000000000000e+00 -8.343181287385683254e-04
4.000000000000000000e+00 -8.343181287385683254e-04
5.000000000000000000e+00 -8.332288041198319039e-04
6.000000000000000000e+00 -8.301346795883824802e-04
7.000000000000000000e+00 -8.292076793529088797e-04
8.000000000000000000e+00 -8.182086507593424197e-04
9.000000000000000000e+00 -8.251813566378606545e-04
1.000000000000000000e+01 7.217196771514306376e-04
1.100000000000000000e+01 6.987463616848224807e-05
1.200000000000000000e+01 8.197902905159722099e-04
1.300000000000000000e+01 2.314020109488478579e-04
1.400000000000000000e+01 -4.642873232604589505e-04
1.500000000000000000e+01 2.911380316620573922e-04
1.600000000000000000e+01 1.630685541403406906e-03
1.700000000000000000e+01 1.412171608843939500e-03
1.800000000000000000e+01 -7.990500985415796694e-04
1.900000000000000000e+01 2.028443236661245722e-03
1.000000000000000000e+00 -7.965533250478291222e-04
2.000000000000000000e+00 5.190297769866005547e-04
3.000000000000000000e+00 -8.071274909925256480e-04
4.000000000000000000e+00 -8.070658015926009295e-04
5.000000000000000000e+00 -8.066636302345472735e-04
6.000000000000000000e+00 -8.054209653364202259e-04
7.000000000000000000e+00 -8.036778827109846389e-04
8.000000000000000000e+00 -7.940599089998735902e-04
9.000000000000000000e+00 -8.032511703269893267e-04
1.000000000000000000e+01 7.592914270115483453e-04
1.100000000000000000e+01 1.209559156527585189e-03
1.200000000000000000e+01 2.003431770011822061e-03
1.300000000000000000e+01 1.476792651338444109e-03
1.400000000000000000e+01 -6.139708545973864874e-04
1.500000000000000000e+01 -1.332685105926201036e-04
1.600000000000000000e+01 1.103094381818941691e-03
1.700000000000000000e+01 -2.960470072943422135e-05
1.800000000000000000e+01 -6.226408829589988184e-04
1.900000000000000000e+01 6.483624188395679380e-04
1.000000000000000000e+00 -8.178856244666243185e-04
2.000000000000000000e+00 6.048568468803274456e-04
3.000000000000000000e+00 -8.411562400166516492e-04
4.000000000000000000e+00 -8.411562400166516492e-04
5.000000000000000000e+00 -8.403946105785515359e-04
6.000000000000000000e+00 -8.371608384372164523e-04
7.000000000000000000e+00 -8.362980885198446337e-04
8.000000000000000000e+00 -8.005199219962916756e-04
9.000000000000000000e+00 -8.327564562492207299e-04
1.000000000000000000e+01 9.809511625270546202e-04
1.100000000000000000e+01 1.006814480877673591e-03
1.200000000000000000e+01 1.327711538050338090e-03
1.300000000000000000e+01 1.005135494572979458e-03
1.400000000000000000e+01 -6.211660409112770061e-04
1.500000000000000000e+01 4.925574599148336685e-04
1.600000000000000000e+01 1.659910198920804588e-04
1.700000000000000000e+01 1.950870433488859339e-03
1.800000000000000000e+01 -6.564604421818481979e-04
1.900000000000000000e+01 2.857057869972878437e-04
1.000000000000000000e+00 -6.327885360148737762e-04
2.000000000000000000e+00 5.951314545871380516e-04
3.000000000000000000e+00 -6.438058702990147189e-04
4.000000000000000000e+00 -6.435893598409076887e-04
5.000000000000000000e+00 -6.420357177935681831e-04
6.000000000000000000e+00 -6.424059766197093378e-04
7.000000000000000000e+00 -6.402561928522784891e-04
8.000000000000000000e+00 -6.325034420498077542e-04
9.000000000000000000e+00 -6.305809358030718030e-04
1.000000000000000000e+01 8.503996389210663909e-04
1.100000000000000000e+01 3.679406576533472304e-04
1.200000000000000000e+01 4.021331981159556547e-04
1.300000000000000000e+01 2.717539650699941998e-04
1.400000000000000000e+01 -6.184814707485276593e-04
1.500000000000000000e+01 2.015648766669426225e-04
1.600000000000000000e+01 1.808575500858616717e-03
1.700000000000000000e+01 2.480786191870152919e-04
1.800000000000000000e+01 -5.047197662149377874e-04
1.900000000000000000e+01 1.427563490344217019e-03
1.000000000000000000e+00 -7.314985775948461061e-04
2.000000000000000000e+00 1.238298214547060329e-03
3.000000000000000000e+00 -7.499475882532405466e-04
4.000000000000000000e+00 -7.498217609215308789e-04
5.000000000000000000e+00 -7.495290480062688542e-04
6.000000000000000000e+00 -7.465220066763984808e-04
7.000000000000000000e+00 -7.465678784309536919e-04
8.000000000000000000e+00 -7.429722524701316616e-04
9.000000000000000000e+00 -7.444337749838250175e-04
1.000000000000000000e+01 1.151524364114613286e-04
1.100000000000000000e+01 -1.167285259795049706e-04
1.200000000000000000e+01 -1.082275373475552786e-04
1.300000000000000000e+01 4.631195875083143594e-04
1.400000000000000000e+01 -5.799251796181074036e-04
1.500000000000000000e+01 1.366610532968608736e-04
1.600000000000000000e+01 2.361408609911241040e-03
1.700000000000000000e+01 7.263331035400242240e-04
1.800000000000000000e+01 -4.363549084365285469e-04
1.900000000000000000e+01 2.111938060829233847e-03
1.000000000000000000e+00 -7.560162941110572113e-04
2.000000000000000000e+00 2.406528364314279057e-03
3.000000000000000000e+00 -7.673570263376437413e-04
4.000000000000000000e+00 -7.673362818316051184e-04
5.000000000000000000e+00 -7.666702131508305396e-04
6.000000000000000000e+00 -7.651374050003752940e-04
7.000000000000000000e+00 -7.637501776152487865e-04
8.000000000000000000e+00 -7.562796252917553322e-04
9.000000000000000000e+00 -7.585700364056958099e-04
1.000000000000000000e+01 7.076535578290756110e-04
1.100000000000000000e+01 6.047213841009945129e-04
1.200000000000000000e+01 4.237183782438036397e-04
1.300000000000000000e+01 -1.447127518173557052e-04
1.400000000000000000e+01 -6.912332263541160881e-04
1.500000000000000000e+01 2.571073072403719955e-04
1.600000000000000000e+01 1.481871487459148840e-03
1.700000000000000000e+01 1.907083428848353160e-04
1.800000000000000000e+01 -7.409625641238538158e-04
1.900000000000000000e+01 1.490494612916409226e-03
1.000000000000000000e+00 -6.792204655913295069e-04
2.000000000000000000e+00 1.154307437119871365e-03
3.000000000000000000e+00 -6.854392756354195804e-04
4.000000000000000000e+00 -6.853035861614948385e-04
5.000000000000000000e+00 -6.852103379064818827e-04
6.000000000000000000e+00 -6.822835601635276505e-04
7.000000000000000000e+00 -6.841385338935013910e-04
8.000000000000000000e+00 -6.778502237624041372e-04
9.000000000000000000e+00 -6.633797577075543255e-04
1.000000000000000000e+01 2.329243160971887830e-04
1.100000000000000000e+01 3.097908463178682711e-04
1.200000000000000000e+01 7.156308823538526116e-04
1.300000000000000000e+01 -1.649353643520619275e-04
1.400000000000000000e+01 -4.377140596636790713e-04
1.500000000000000000e+01 4.194809147372236999e-04
1.600000000000000000e+01 1.748557004934244395e-03
1.700000000000000000e+01 7.544675330476494080e-04
1.800000000000000000e+01 -6.620046651297306975e-04
1.900000000000000000e+01 1.303597975603453581e-03
1.000000000000000000e+00 -7.433720275014203682e-04
2.000000000000000000e+00 4.717965357271446331e-04
3.000000000000000000e+00 -7.655207108084602710e-04
4.000000000000000000e+00 -7.654988100512653045e-04
5.000000000000000000e+00 -7.652812988043423059e-04
6.000000000000000000e+00 -7.619887512103240990e-04
7.000000000000000000e+00 -7.607484998650307709e-04
8.000000000000000000e+00 -7.512596143082180076e-04
9.000000000000000000e+00 -7.543839600708691223e-04
1.000000000000000000e+01 1.513411192095317722e-04
1.100000000000000000e+01 -3.647934372620822573e-04
1.200000000000000000e+01 5.036103479330188062e-04
1.300000000000000000e+01 3.153394459401373669e-05
1.400000000000000000e+01 -7.464089020082760682e-04
1.500000000000000000e+01 7.708607323303606892e-04
1.600000000000000000e+01 2.480708108878455602e-03
1.700000000000000000e+01 4.674058774503535882e-04
1.800000000000000000e+01 -4.705458790005070404e-04
1.900000000000000000e+01 2.686959320775784456e-03
1.000000000000000000e+00 -8.269501175801988483e-04
2.000000000000000000e+00 1.028548771380751164e-03
3.000000000000000000e+00 -8.567700690650663538e-04
4.000000000000000000e+00 -8.567700690650663538e-04
5.000000000000000000e+00 -8.554150787394877980e-04
6.000000000000000000e+00 -8.521152467631852665e-04
7.000000000000000000e+00 -8.525542141139172934e-04
8.000000000000000000e+00 -8.050599972482017736e-04
9.000000000000000000e+00 -8.455902448950460958e-04
1.000000000000000000e+01 2.894323126049039882e-04
1.100000000000000000e+01 1.154481107317580557e-03
1.200000000000000000e+01 2.734030451614718094e-04
1.300000000000000000e+01 6.298465981641806089e-04
1.400000000000000000e+01 -6.598292935966297698e-04
1.500000000000000000e+01 -3.634297565224037696e-04
1.600000000000000000e+01 3.554889950985116922e-03
1.700000000000000000e+01 5.083399042573849260e-05
1.800000000000000000e+01 -8.203543333846247294e-04
1.900000000000000000e+01 1.540806368738046207e-03
1.000000000000000000e+00 -7.858412745730635179e-04
2.000000000000000000e+00 1.029280586192683625e-03
3.000000000000000000e+00 -7.895741264939405658e-04
4.000000000000000000e+00 -7.894613579988191566e-04
5.000000000000000000e+00 -7.894276226709662095e-04
6.000000000000000000e+00 -7.823875125321165221e-04
7.000000000000000000e+00 -7.848443130456397940e-04
8.000000000000000000e+00 -7.807104660984174552e-04
9.000000000000000000e+00 -7.837118508662588301e-04
1.000000000000000000e+01 3.329526798412051612e-04
1.100000000000000000e+01 9.800110966441740335e-04
1.200000000000000000e+01 1.349427819442973377e-03
1.300000000000000000e+01 9.451293505517673662e-04
1.400000000000000000e+01 -7.674433462486645371e-04
1.500000000000000000e+01 -2.778784237335031582e-04
1.600000000000000000e+01 1.642336258923766642e-03
1.700000000000000000e+01 6.874469929145051502e-04
1.800000000000000000e+01 -6.262702763991241347e-04
1.900000000000000000e+01 9.122207045244547707e-04
1.000000000000000000e+00 -7.959155871673307195e-04
2.000000000000000000e+00 1.147646387285749907e-03
3.000000000000000000e+00 -8.158838159765959648e-04
4.000000000000000000e+00 -8.158838159765959648e-04
5.000000000000000000e+00 -8.155531281459081671e-04
6.000000000000000000e+00 -8.103989089860867473e-04
7.000000000000000000e+00 -8.107984271201986370e-04
8.000000000000000000e+00 -7.936184989458727398e-04
9.000000000000000000e+00 -8.105028310262832152e-04
1.000000000000000000e+01 1.136679068049136236e-03
1.100000000000000000e+01 6.706422964706540641e-04
1.200000000000000000e+01 5.110146898338034259e-04
1.300000000000000000e+01 8.328408749487250726e-04
1.400000000000000000e+01 -7.699972839535901541e-04
1.500000000000000000e+01 1.292976044936900001e-04
1.600000000000000000e+01 1.308873630014717807e-03
1.700000000000000000e+01 5.692509129684859533e-04
1.800000000000000000e+01 -7.981555859301693373e-04
1.900000000000000000e+01 1.688556251949109056e-03
1.000000000000000000e+00 -8.452856729574092891e-04
2.000000000000000000e+00 1.661804098048274376e-03
3.000000000000000000e+00 -8.516522110904039969e-04
4.000000000000000000e+00 -8.515603775426880970e-04
5.000000000000000000e+00 -8.512960857342785929e-04
6.000000000000000000e+00 -8.451603078022822168e-04
7.000000000000000000e+00 -8.489134686107651772e-04
8.000000000000000000e+00 -8.160303917851113300e-04
9.000000000000000000e+00 -8.394315947293814854e-04
1.000000000000000000e+01 1.514142875936528014e-04
1.100000000000000000e+01 1.182906650290838600e-03
1.200000000000000000e+01 5.735300049379529795e-04
1.300000000000000000e+01 1.974726674382580593e-04
1.400000000000000000e+01 -7.073368771479691995e-04
1.500000000000000000e+01 1.247393910449882330e-04
1.600000000000000000e+01 1.417266907269370884e-03
1.700000000000000000e+01 9.788298715623028681e-04
1.800000000000000000e+01 -6.969074198172513571e-04
1.900000000000000000e+01 1.786817891306546153e-03
1.000000000000000000e+00 -6.471746130237051838e-04
2.000000000000000000e+00 6.045384721715227512e-04
3.000000000000000000e+00 -6.577950296052561532e-04
4.000000000000000000e+00 -6.577807465027378335e-04
5.000000000000000000e+00 -6.566832601111337233e-04
6.000000000000000000e+00 -6.550445380592464888e-04
7.000000000000000000e+00 -6.561230224185431430e-04
8.000000000000000000e+00 -6.547852398307605704e-04
9.000000000000000000e+00 -6.558717078289932629e-04
1.000000000000000000e+01 -1.890845154393540480e-04
1.100000000000000000e+01 6.987844333488952165e-05
1.200000000000000000e+01 6.211049600135854810e-04
1.300000000000000000e+01 1.226862137608836928e-04
1.400000000000000000e+01 -3.775391228525007740e-04
1.500000000000000000e+01 6.207303879432704997e-04
1.600000000000000000e+01 5.646697907226798895e-04
1.700000000000000000e+01 9.571587045479687398e-04
1.800000000000000000e+01 -5.730589329026081246e-04
1.900000000000000000e+01 2.687575981159857127e-03
1.000000000000000000e+00 -8.171797725461402498e-04
2.000000000000000000e+00 1.059504941799267004e-03
3.000000000000000000e+00 -8.294132215136578758e-04
4.000000000000000000e+00 -8.292717507839518498e-04
5.000000000000000000e+00 -8.269233366708318624e-04
6.000000000000000000e+00 -8.264130354252364379e-04
7.000000000000000000e+00 -8.212764139545813491e-04
8.000000000000000000e+00 -7.063261231026799186e-04
9.000000000000000000e+00 -8.166197785731561234e-04
1.000000000000000000e+01 7.398125752896520272e-04
1.100000000000000000e+01 8.164702200002145731e-04
1.200000000000000000e+01 1.248537896878880709e-03
1.300000000000000000e+01 1.421561834329184738e-03
1.400000000000000000e+01 -5.044247803743020240e-04
1.500000000000000000e+01 -7.383792858481931509e-04
1.600000000000000000e+01 2.400859520724658305e-04
1.700000000000000000e+01 2.678873031565020581e-03
1.800000000000000000e+01 -7.845637076340319406e-04
1.900000000000000000e+01 1.805548012432304074e-04
1.000000000000000000e+00 -5.896367341292526590e-04
2.000000000000000000e+00 4.468363301372083041e-04
3.000000000000000000e+00 -5.950823405640047643e-04
4.000000000000000000e+00 -5.949952427878313615e-04
5.000000000000000000e+00 -5.948489138599897781e-04
6.000000000000000000e+00 -5.927823477878214680e-04
7.000000000000000000e+00 -5.927340935729006558e-04
8.000000000000000000e+00 -5.778127673935417544e-04
9.000000000000000000e+00 -5.880843480880710650e-04
1.000000000000000000e+01 1.055278764673830538e-03
1.100000000000000000e+01 8.250275826807017439e-04
1.200000000000000000e+01 3.395107378181391115e-04
1.300000000000000000e+01 3.604626867332160075e-04
1.400000000000000000e+01 -1.905873206659931991e-04
1.500000000000000000e+01 -2.727757481383217975e-05
1.600000000000000000e+01 9.055728296933174097e-04
1.700000000000000000e+01 3.949548263813305394e-04
1.800000000000000000e+01 -4.587375951418784016e-04
1.900000000000000000e+01 1.021535185061022777e-03
1.000000000000000000e+00 -7.612274795032144322e-04
2.000000000000000000e+00 5.544466752627089188e-04
3.000000000000000000e+00 -7.700736733809209270e-04
4.000000000000000000e+00 -7.698169788227556942e-04
5.000000000000000000e+00 -7.694811286707291557e-04
6.000000000000000000e+00 -7.666111675549697321e-04
7.000000000000000000e+00 -7.647579039107396844e-04
8.000000000000000000e+00 -7.622377330607369231e-04
9.000000000000000000e+00 -7.620491455822334375e-04
1.000000000000000000e+01 1.149529175379745928e-03
1.100000000000000000e+01 5.613308601957682064e-04
1.200000000000000000e+01 9.671245017656828011e-04
1.300000000000000000e+01 6.528022755820611471e-04
1.400000000000000000e+01 -7.217318790744906964e-04
1.500000000000000000e+01 -1.743711608917126510e-06
1.600000000000000000e+01 9.552872373610326066e-04
1.700000000000000000e+01 1.398007781564807386e-03
1.800000000000000000e+01 -7.580826344115906270e-04
1.900000000000000000e+01 1.252983600270962108e-03
1.000000000000000000e+00 -7.597544358960018739e-04
2.000000000000000000e+00 1.377634226272020411e-03
3.000000000000000000e+00 -7.757721535243636713e-04
4.000000000000000000e+00 -7.751680463026094405e-04
5.000000000000000000e+00 -7.751634893127583260e-04
6.000000000000000000e+00 -7.706317465457214293e-04
7.000000000000000000e+00 -7.724514351826369503e-04
8.000000000000000000e+00 -7.632864233478071784e-04
9.000000000000000000e+00 -7.696020747702513867e-04
1.000000000000000000e+01 -4.447673800416122132e-04
1.100000000000000000e+01 5.402585793200837157e-04
1.200000000000000000e+01 1.720178013422821119e-04
1.300000000000000000e+01 -3.898711774674723800e-04
1.400000000000000000e+01 -1.348880071955395473e-04
1.500000000000000000e+01 6.336532229705977952e-04
1.600000000000000000e+01 2.491230847639135625e-03
1.700000000000000000e+01 -1.505490946012187701e-04
1.800000000000000000e+01 -7.204951489126252108e-04
1.900000000000000000e+01 2.667768691027686077e-03
1.000000000000000000e+00 -8.007797324043599771e-04
2.000000000000000000e+00 7.677432088698391607e-04
3.000000000000000000e+00 -8.201660315044195099e-04
4.000000000000000000e+00 -8.201660315044195099e-04
5.000000000000000000e+00 -8.192487842636429199e-04
6.000000000000000000e+00 -8.163419539583532253e-04
7.000000000000000000e+00 -8.058960286314755103e-04
8.000000000000000000e+00 -8.074656292119304375e-04
9.000000000000000000e+00 -8.114008995775229228e-04
1.000000000000000000e+01 9.476465170781632865e-04
1.100000000000000000e+01 1.384264909454069629e-03
1.200000000000000000e+01 2.583779563691069648e-04
1.300000000000000000e+01 5.283187734516754880e-04
1.400000000000000000e+01 -7.724470371467697088e-04
1.500000000000000000e+01 2.500105447802984551e-04
1.600000000000000000e+01 9.312561532845406486e-04
1.700000000000000000e+01 1.090472098141233520e-03
1.800000000000000000e+01 -7.735399542410873602e-04
1.900000000000000000e+01 1.807476324077039211e-03
1.000000000000000000e+00 -7.120387400485623771e-04
2.000000000000000000e+00 7.459945234381323972e-04
3.000000000000000000e+00 -7.176044544202991827e-04
4.000000000000000000e+00 -7.172511856846773993e-04
5.000000000000000000e+00 -7.171465109476497443e-04
6.000000000000000000e+00 -7.139853883012330614e-04
7.000000000000000000e+00 -7.145031621033205802e-04
8.000000000000000000e+00 -7.091816972055251097e-04
9.000000000000000000e+00 -7.127845349995394052e-04
1.000000000000000000e+01 2.128956879903639958e-03
1.100000000000000000e+01 8.087760919707513100e-04
1.200000000000000000e+01 8.763125989330286829e-04
1.300000000000000000e+01 1.308996813515002312e-03
1.400000000000000000e+01 -4.869240729696095913e-04
1.500000000000000000e+01 -4.909923002346154803e-04
1.600000000000000000e+01 -8.734325514649488151e-05
1.700000000000000000e+01 1.321819272853568200e-03
1.800000000000000000e+01 -7.073263066421513244e-04
1.900000000000000000e+01 2.091450264520808321e-04
1.000000000000000000e+00 -8.570483330626864913e-04
2.000000000000000000e+00 2.558850524279570704e-04
3.000000000000000000e+00 -8.583785368613777549e-04
4.000000000000000000e+00 -8.583111342204456868e-04
5.000000000000000000e+00 -8.579999666298663424e-04
6.000000000000000000e+00 -8.548128059847224722e-04
7.000000000000000000e+00 -8.550353529159528381e-04
8.000000000000000000e+00 -8.506747476274764685e-04
9.000000000000000000e+00 -8.499180408396071577e-04
1.000000000000000000e+01 1.274340791681243239e-03
1.100000000000000000e+01 8.801113420895016271e-04
1.200000000000000000e+01 3.084053919306340374e-04
1.300000000000000000e+01 -2.982897980830381086e-04
1.400000000000000000e+01 -8.374676504918078220e-04
1.500000000000000000e+01 8.704187186314416534e-04
1.600000000000000000e+01 1.483691396625855946e-03
1.700000000000000000e+01 4.654815594280346152e-04
1.800000000000000000e+01 -7.180112485547665655e-04
1.900000000000000000e+01 3.091524730324200863e-03
1.000000000000000000e+00 -7.443226463583510174e-04
2.000000000000000000e+00 1.607475187150064517e-04
3.000000000000000000e+00 -7.472754047732942453e-04
4.000000000000000000e+00 -7.472313992145828343e-04
5.000000000000000000e+00 -7.466020585117126920e-04
6.000000000000000000e+00 -7.434524925470206626e-04
7.000000000000000000e+00 -7.415715371734182739e-04
8.000000000000000000e+00 -7.309107829727481400e-04
9.000000000000000000e+00 -7.337154615652418830e-04
1.000000000000000000e+01 9.918346522275237574e-04
1.100000000000000000e+01 1.987734237218945123e-03
1.200000000000000000e+01 1.181149239711274312e-03
1.300000000000000000e+01 1.041305773108421647e-03
1.400000000000000000e+01 -4.618115552863355901e-04
1.500000000000000000e+01 7.688097055911952238e-06
1.600000000000000000e+01 2.470224382650743045e-04
1.700000000000000000e+01 9.471376321466775825e-04
1.800000000000000000e+01 -6.834270290734906998e-04
1.900000000000000000e+01 3.915702618809182569e-04
1.000000000000000000e+00 -7.284243843530079478e-04
2.000000000000000000e+00 1.018512761725563114e-03
3.000000000000000000e+00 -7.412939397120591085e-04
4.000000000000000000e+00 -7.406359103775592666e-04
5.000000000000000000e+00 -7.409647482063970014e-04
6.000000000000000000e+00 -7.381159202525270843e-04
7.000000000000000000e+00 -7.374566601744995346e-04
8.000000000000000000e+00 -7.340488589550735752e-04
9.000000000000000000e+00 -7.388614243593757090e-04
1.000000000000000000e+01 5.864486849356606449e-04
1.100000000000000000e+01 1.987887560326342918e-04
1.200000000000000000e+01 1.968520683646146337e-04
1.300000000000000000e+01 -9.287303466913032226e-05
1.400000000000000000e+01 -6.880987541332951422e-04
1.500000000000000000e+01 5.709848957677690628e-04
1.600000000000000000e+01 1.593629567650059605e-03
1.700000000000000000e+01 2.224461682020785990e-04
1.800000000000000000e+01 -7.115094644093765495e-04
1.900000000000000000e+01 2.943379635560810885e-03
1.000000000000000000e+00 -7.878250003469394096e-04
2.000000000000000000e+00 1.403928005855008135e-03
3.000000000000000000e+00 -8.049344603573097695e-04
4.000000000000000000e+00 -8.048208756849015806e-04
5.000000000000000000e+00 -8.040215660620624906e-04
6.000000000000000000e+00 -8.025223086279311118e-04
7.000000000000000000e+00 -8.017292570120503623e-04
8.000000000000000000e+00 -7.958089848627866551e-04
9.000000000000000000e+00 -8.006361472092067078e-04
1.000000000000000000e+01 5.341921099051397418e-04
1.100000000000000000e+01 4.581537631034604562e-04
1.200000000000000000e+01 6.566989888280235247e-04
1.300000000000000000e+01 2.236530166976434932e-04
1.400000000000000000e+01 4.972411898121760054e-04
1.500000000000000000e+01 -3.114558111603294224e-04
1.600000000000000000e+01 9.372789443919219169e-04
1.700000000000000000e+01 8.398336507435882545e-04
1.800000000000000000e+01 -7.722711716200124105e-04
1.900000000000000000e+01 1.816102515397884304e-03
1.000000000000000000e+00 -8.307591777695445606e-04
2.000000000000000000e+00 2.404033341449126650e-03
3.000000000000000000e+00 -8.502970498984531748e-04
4.000000000000000000e+00 -8.500974265370650701e-04
5.000000000000000000e+00 -8.467956493382290326e-04
6.000000000000000000e+00 -8.468366758498437627e-04
7.000000000000000000e+00 -8.463700381458110975e-04
8.000000000000000000e+00 -8.351245518653108504e-04
9.000000000000000000e+00 -8.464530453191544028e-04
1.000000000000000000e+01 1.481313180651641376e-03
1.100000000000000000e+01 2.451605027832449058e-04
1.200000000000000000e+01 9.662594770250513155e-04
1.300000000000000000e+01 -2.153700716402816041e-05
1.400000000000000000e+01 -7.705416541504104015e-04
1.500000000000000000e+01 -7.516621646981535806e-05
1.600000000000000000e+01 1.663193545002428263e-03
1.700000000000000000e+01 1.034616407458588709e-03
1.800000000000000000e+01 -8.183675330774798024e-04
1.900000000000000000e+01 5.512296078067536889e-04
1.000000000000000000e+00 -7.750963234442701400e-04
2.000000000000000000e+00 1.029183749297852093e-04
3.000000000000000000e+00 -7.863299456810435642e-04
4.000000000000000000e+00 -7.858528220421552362e-04
5.000000000000000000e+00 -7.859535519222968615e-04
6.000000000000000000e+00 -7.674332242107927094e-04
7.000000000000000000e+00 -7.812049314173738620e-04
8.000000000000000000e+00 -7.756624525117997203e-04
9.000000000000000000e+00 -7.799868101362273992e-04
1.000000000000000000e+01 1.417889973823166722e-03
1.100000000000000000e+01 1.451946402814922659e-03
1.200000000000000000e+01 1.557647270255847977e-03
1.300000000000000000e+01 1.127528850829193812e-03
1.400000000000000000e+01 -5.297856702930541992e-04
1.500000000000000000e+01 -4.287154090417527033e-04
1.600000000000000000e+01 6.990459573451430738e-04
1.700000000000000000e+01 1.307611542575424666e-03
1.800000000000000000e+01 -7.544116291119917469e-04
1.900000000000000000e+01 1.813337092877849389e-04
1.000000000000000000e+00 -7.923024803374209253e-04
2.000000000000000000e+00 8.170674085483531227e-04
3.000000000000000000e+00 -8.095827957269799554e-04
4.000000000000000000e+00 -8.095827957269799554e-04
5.000000000000000000e+00 -8.089932436668396737e-04
6.000000000000000000e+00 -8.061434220495110586e-04
7.000000000000000000e+00 -8.043295930473066870e-04
8.000000000000000000e+00 -7.590854195555842314e-04
9.000000000000000000e+00 -8.047630103924887420e-04
1.000000000000000000e+01 4.417694721881997868e-04
1.100000000000000000e+01 8.678142144482477432e-04
1.200000000000000000e+01 2.142419985233373083e-04
1.300000000000000000e+01 -3.221346459706349633e-04
1.400000000000000000e+01 -5.592385982189169904e-04
1.500000000000000000e+01 1.837988631091425898e-03
1.600000000000000000e+01 1.960140407760619079e-03
1.700000000000000000e+01 3.509010150392463038e-04
1.800000000000000000e+01 -6.869136523120383028e-04
1.900000000000000000e+01 1.406686875661849979e-03
1.000000000000000000e+00 -8.571765806870397606e-04
2.000000000000000000e+00 2.323697956734425193e-03
3.000000000000000000e+00 -8.670312134233252232e-04
4.000000000000000000e+00 -8.667263031919443788e-04
5.000000000000000000e+00 -8.667341248909425037e-04
6.000000000000000000e+00 -8.625491078382784525e-04
7.000000000000000000e+00 -8.297241276130880652e-04
8.000000000000000000e+00 -7.478160736637175926e-04
9.000000000000000000e+00 -8.594239494610192475e-04
1.000000000000000000e+01 4.641530306743930651e-04
1.100000000000000000e+01 4.499674948788742724e-04
1.200000000000000000e+01 -3.504255114372578530e-04
1.300000000000000000e+01 6.641183883234548805e-04
1.400000000000000000e+01 -8.340879428750126159e-04
1.500000000000000000e+01 4.554671833011996124e-04
1.600000000000000000e+01 1.630338935322884738e-03
1.700000000000000000e+01 3.115104048181861112e-04
1.800000000000000000e+01 -6.133747890561165334e-04
1.900000000000000000e+01 2.141218640213473669e-03
1.000000000000000000e+00 -6.826462806512581701e-04
2.000000000000000000e+00 1.779548748875704007e-03
3.000000000000000000e+00 -7.020735063459908505e-04
4.000000000000000000e+00 -7.018445686170531527e-04
5.000000000000000000e+00 -6.998911162959537812e-04
6.000000000000000000e+00 -6.994874350099195177e-04
7.000000000000000000e+00 -6.998701586769569966e-04
8.000000000000000000e+00 -6.604209522495621846e-04
9.000000000000000000e+00 -6.977226491940133378e-04
1.000000000000000000e+01 4.208982614253568475e-04
1.100000000000000000e+01 1.094122007047803257e-04
1.200000000000000000e+01 3.582556782991332556e-04
1.300000000000000000e+01 -3.107751570551799559e-04
1.400000000000000000e+01 -4.618055703059960868e-04
1.500000000000000000e+01 6.370908977212169850e-05
1.600000000000000000e+01 2.256667536564425664e-03
1.700000000000000000e+01 8.368141144308521243e-04
1.800000000000000000e+01 -6.859149323880472287e-04
1.900000000000000000e+01 1.107452498755986253e-03
1.000000000000000000e+00 -5.823185895045555937e-04
2.000000000000000000e+00 7.774369433437436708e-04
3.000000000000000000e+00 -6.208444689705611228e-04
4.000000000000000000e+00 -6.207607971957128032e-04
5.000000000000000000e+00 -6.207277556185535755e-04
6.000000000000000000e+00 -6.172216659254891680e-04
7.000000000000000000e+00 -6.155949021663724386e-04
8.000000000000000000e+00 -4.572122040340244570e-04
9.000000000000000000e+00 -6.189944622623610830e-04
1.000000000000000000e+01 8.388770964117635807e-04
1.100000000000000000e+01 1.098237797031502167e-03
1.200000000000000000e+01 4.897192986202083187e-04
1.300000000000000000e+01 3.771060116315094941e-04
1.400000000000000000e+01 -5.699177619416337815e-04
1.500000000000000000e+01 -1.374901567746082489e-05
1.600000000000000000e+01 1.007101038809779005e-03
1.700000000000000000e+01 7.600968809009806676e-04
1.800000000000000000e+01 -5.804664380638186946e-04
1.900000000000000000e+01 5.090030129525032788e-04
1.000000000000000000e+00 -6.558474590708107546e-04
2.000000000000000000e+00 1.440456332581943911e-05
3.000000000000000000e+00 -6.611331073886719031e-04
4.000000000000000000e+00 -6.611188242861535834e-04
5.000000000000000000e+00 -6.611331073886719031e-04
6.000000000000000000e+00 -6.597411850408672158e-04
7.000000000000000000e+00 -6.599896022010491581e-04
8.000000000000000000e+00 -6.554809608139063612e-04
9.000000000000000000e+00 -6.589630416156649472e-04
1.000000000000000000e+01 7.724295039991522409e-04
1.100000000000000000e+01 4.561898016719615270e-04
1.200000000000000000e+01 4.674283341918684443e-04
1.300000000000000000e+01 8.128809745438733171e-04
1.400000000000000000e+01 -5.384931330144744578e-04
1.500000000000000000e+01 1.953927626555175036e-04
1.600000000000000000e+01 1.054424804621199082e-03
1.700000000000000000e+01 3.097161819388793546e-04
1.800000000000000000e+01 -6.294577705225087947e-04
1.900000000000000000e+01 2.306588353547063628e-03
1.000000000000000000e+00 -7.288347187277489014e-04
2.000000000000000000e+00 7.465411818020559198e-04
3.000000000000000000e+00 -7.381585350193523238e-04
4.000000000000000000e+00 -7.379017500987018014e-04
5.000000000000000000e+00 -7.376183616850613472e-04
6.000000000000000000e+00 -7.340138345336154379e-04
7.000000000000000000e+00 -7.335823760139215891e-04
8.000000000000000000e+00 -7.204100431724711276e-04
9.000000000000000000e+00 -7.323745796993325280e-04
1.000000000000000000e+01 1.305001396368203528e-03
1.100000000000000000e+01 7.146986837464790795e-04
1.200000000000000000e+01 1.045265607844777633e-03
1.300000000000000000e+01 -3.717338459236095485e-04
1.400000000000000000e+01 -5.260020645513915585e-05
1.500000000000000000e+01 -1.172335250465715757e-04
1.600000000000000000e+01 1.382725930257248633e-03
1.700000000000000000e+01 -7.344576471309465860e-05
1.800000000000000000e+01 -7.102022790256313231e-04
1.900000000000000000e+01 1.918925110343462810e-03
1.000000000000000000e+00 -6.796637738422624600e-04
2.000000000000000000e+00 9.655981972963460563e-04
3.000000000000000000e+00 -6.873295101056878112e-04
4.000000000000000000e+00 -6.873295101056878112e-04
5.000000000000000000e+00 -6.868312338721174705e-04
6.000000000000000000e+00 -6.845299365077948343e-04
7.000000000000000000e+00 -6.847413983263995292e-04
8.000000000000000000e+00 -6.580360159662553086e-04
9.000000000000000000e+00 -6.837520690282466963e-04
1.000000000000000000e+01 1.896798855657249152e-03
1.100000000000000000e+01 1.264778160153112816e-03
1.200000000000000000e+01 1.006278195233254033e-03
1.300000000000000000e+01 2.910330968587274765e-04
1.400000000000000000e+01 -4.789498875366395036e-04
1.500000000000000000e+01 -3.582415326553874905e-04
1.600000000000000000e+01 2.419654968766440689e-04
1.700000000000000000e+01 8.532436250665368900e-04
1.800000000000000000e+01 -6.381726053728026694e-04
1.900000000000000000e+01 3.001856701400752812e-04
1.000000000000000000e+00 -7.336504027366550851e-04
2.000000000000000000e+00 1.893298551417896660e-03
3.000000000000000000e+00 -7.501458972696146412e-04
4.000000000000000000e+00 -7.499999375648313269e-04
5.000000000000000000e+00 -7.490438538881594166e-04
6.000000000000000000e+00 -7.443071884372082616e-04
7.000000000000000000e+00 -7.421644743197042997e-04
8.000000000000000000e+00 -7.267716566772367557e-04
9.000000000000000000e+00 -7.400034506250671371e-04
1.000000000000000000e+01 9.867586900924717880e-04
1.100000000000000000e+01 9.649676070734650168e-04
1.200000000000000000e+01 3.483202253030545322e-04
1.300000000000000000e+01 1.808709514017779437e-03
1.400000000000000000e+01 -1.513417642872050977e-04
1.500000000000000000e+01 -5.837091170783194425e-04
1.600000000000000000e+01 -5.275300743770943400e-04
1.700000000000000000e+01 1.727399582754135868e-03
1.800000000000000000e+01 -6.946351679843755208e-04
1.900000000000000000e+01 8.157035428387325485e-05
1.000000000000000000e+00 -6.391672990928617525e-04
2.000000000000000000e+00 1.955707376978710506e-04
3.000000000000000000e+00 -6.405774863223767136e-04
4.000000000000000000e+00 -6.405774863223767136e-04
5.000000000000000000e+00 -6.391978746486474397e-04
6.000000000000000000e+00 -6.395397577111187329e-04
7.000000000000000000e+00 -6.382722343847718489e-04
8.000000000000000000e+00 -6.351393045098952233e-04
9.000000000000000000e+00 -6.360210260148660031e-04
1.000000000000000000e+01 8.508541018529088744e-04
1.100000000000000000e+01 1.217753634587525561e-03
1.200000000000000000e+01 4.163089363378553944e-04
1.300000000000000000e+01 3.255524377742633488e-04
1.400000000000000000e+01 -1.138306266098307676e-04
1.500000000000000000e+01 1.540896064372250301e-04
1.600000000000000000e+01 9.153145182390954888e-04
1.700000000000000000e+01 4.566881385180647642e-04
1.800000000000000000e+01 -5.908088959025258437e-04
1.900000000000000000e+01 1.219467450798684743e-03
1.000000000000000000e+00 -7.486591545272657010e-04
2.000000000000000000e+00 6.243816505182780497e-04
3.000000000000000000e+00 -7.680876561753463517e-04
4.000000000000000000e+00 -7.678728655193792132e-04
5.000000000000000000e+00 -7.665786123868907273e-04
6.000000000000000000e+00 -7.657708689320885361e-04
7.000000000000000000e+00 -7.614494550518511066e-04
8.000000000000000000e+00 -7.171019499498971096e-04
9.000000000000000000e+00 -7.634430244298742903e-04
1.000000000000000000e+01 7.155678959490638152e-04
1.100000000000000000e+01 1.745608755923050339e-03
1.200000000000000000e+01 1.234609183149821274e-03
1.300000000000000000e+01 1.415958389306308475e-03
1.400000000000000000e+01 -5.596255780003830255e-04
1.500000000000000000e+01 -5.914301772115636681e-04
1.600000000000000000e+01 1.797975901609595124e-06
1.700000000000000000e+01 6.304682362506559964e-04
1.800000000000000000e+01 -7.122245196749548866e-04
1.900000000000000000e+01 1.474660834464254890e-03
1.000000000000000000e+00 -7.159198203577307219e-04
2.000000000000000000e+00 5.521232278479455474e-04
3.000000000000000000e+00 -7.491205158133280688e-04
4.000000000000000000e+00 -7.488225780679113631e-04
5.000000000000000000e+00 -7.481164817210587178e-04
6.000000000000000000e+00 -7.392902576287282241e-04
7.000000000000000000e+00 -7.451582652824500835e-04
8.000000000000000000e+00 -7.355576184969294176e-04
9.000000000000000000e+00 -7.391302075299525931e-04
1.000000000000000000e+01 1.400307115283417518e-04
1.100000000000000000e+01 -3.000865427260204559e-04
1.200000000000000000e+01 -3.594714475251203564e-04
1.300000000000000000e+01 -4.148107852004071297e-04
1.400000000000000000e+01 -4.468058972697179867e-04
1.500000000000000000e+01 1.958771410256828719e-03
1.600000000000000000e+01 2.702646766240540156e-03
1.700000000000000000e+01 -4.609959835494141273e-04
1.800000000000000000e+01 -6.988605358177038323e-04
1.900000000000000000e+01 3.120364095158434554e-03
1.000000000000000000e+00 -6.586638241102430250e-04
2.000000000000000000e+00 7.653057717692447358e-04
3.000000000000000000e+00 -6.670659385172594564e-04
4.000000000000000000e+00 -6.670659385172594564e-04
5.000000000000000000e+00 -6.668025172979558579e-04
6.000000000000000000e+00 -6.658112019684052016e-04
7.000000000000000000e+00 -6.655174364435472280e-04
8.000000000000000000e+00 -6.475210288025318346e-04
9.000000000000000000e+00 -6.605060682275222051e-04
1.000000000000000000e+01 -2.979920018482700881e-04
1.100000000000000000e+01 6.451559708419160946e-04
1.200000000000000000e+01 6.293933157716087405e-04
1.300000000000000000e+01 9.904632061905800384e-04
1.400000000000000000e+01 -6.031725471455972936e-04
1.500000000000000000e+01 7.605855874937835848e-05
1.600000000000000000e+01 2.184639307254819616e-03
1.700000000000000000e+01 5.185073757467253475e-05
1.800000000000000000e+01 -6.517994537829876383e-04
1.900000000000000000e+01 1.481461144379674121e-03
1.000000000000000000e+00 -7.351415766046440507e-04
2.000000000000000000e+00 3.771563312596152434e-04
3.000000000000000000e+00 -7.466649829109635230e-04
4.000000000000000000e+00 -7.465620085432832535e-04
5.000000000000000000e+00 -7.458985652327812001e-04
6.000000000000000000e+00 -7.430772793757810550e-04
7.000000000000000000e+00 -7.418277255526978080e-04
8.000000000000000000e+00 -7.305431576592363082e-04
9.000000000000000000e+00 -7.416777575105728713e-04
1.000000000000000000e+01 -2.577018863581206258e-04
1.100000000000000000e+01 4.286468607407527363e-04
1.200000000000000000e+01 1.730670353414689837e-04
1.300000000000000000e+01 1.576859395694901007e-04
1.400000000000000000e+01 -5.704233777477897777e-04
1.500000000000000000e+01 3.151802620848209962e-04
1.600000000000000000e+01 2.476920960402472036e-03
1.700000000000000000e+01 4.522100951105204069e-05
1.800000000000000000e+01 -7.245899906503970936e-04
1.900000000000000000e+01 3.426677303721455039e-03
1.000000000000000000e+00 -7.542146997967089832e-04
2.000000000000000000e+00 1.041970397962897770e-04
3.000000000000000000e+00 -7.595807976085351427e-04
4.000000000000000000e+00 -7.590585257627338687e-04
5.000000000000000000e+00 -7.593428819294429765e-04
6.000000000000000000e+00 -7.521739440357151293e-04
7.000000000000000000e+00 -7.552611249065095244e-04
8.000000000000000000e+00 -6.424033105168323486e-04
9.000000000000000000e+00 -7.518980469635996519e-04
1.000000000000000000e+01 7.536950667712459485e-04
1.100000000000000000e+01 1.477018843619133616e-03
1.200000000000000000e+01 1.391716690263049771e-04
1.300000000000000000e+01 1.090350372110601793e-03
1.400000000000000000e+01 -1.856080085973527041e-04
1.500000000000000000e+01 3.324708203483926435e-04
1.600000000000000000e+01 1.520632835425852689e-03
1.700000000000000000e+01 5.547322179723694841e-04
1.800000000000000000e+01 -7.374884476537902408e-04
1.900000000000000000e+01 8.020669323504898236e-04
1.000000000000000000e+00 -8.121646744267160649e-04
2.000000000000000000e+00 1.180044126232709283e-03
3.000000000000000000e+00 -8.160391645231949379e-04
4.000000000000000000e+00 -8.159867931472941432e-04
5.000000000000000000e+00 -8.158775614204153738e-04
6.000000000000000000e+00 -8.115515536280210138e-04
7.000000000000000000e+00 -8.099726129997106196e-04
8.000000000000000000e+00 -7.833237745599058461e-04
9.000000000000000000e+00 -8.088429676036087198e-04
1.000000000000000000e+01 4.259736066562427740e-04
1.100000000000000000e+01 1.343765961919681515e-03
1.200000000000000000e+01 -2.904859523987754532e-04
1.300000000000000000e+01 5.582699999084967312e-04
1.400000000000000000e+01 -7.543588857416639367e-04
1.500000000000000000e+01 1.292428839910474917e-03
1.600000000000000000e+01 1.974832493479975783e-03
1.700000000000000000e+01 -4.179335441912150921e-04
1.800000000000000000e+01 -7.655371633852776914e-04
1.900000000000000000e+01 1.822632549784381027e-03
1.000000000000000000e+00 -8.220471625205009753e-04
2.000000000000000000e+00 1.859136304364653275e-04
3.000000000000000000e+00 -8.318931635342190429e-04
4.000000000000000000e+00 -8.314693634780660498e-04
5.000000000000000000e+00 -8.292030704029494572e-04
6.000000000000000000e+00 -8.288052144203595642e-04
7.000000000000000000e+00 -8.299937829583678515e-04
8.000000000000000000e+00 -7.870494739863978257e-04
9.000000000000000000e+00 -8.263042438171480392e-04
1.000000000000000000e+01 1.451962556403176138e-03
1.100000000000000000e+01 1.479185575316547489e-03
1.200000000000000000e+01 4.279444384310310983e-04
1.300000000000000000e+01 3.742378984982204612e-04
1.400000000000000000e+01 -7.928349699744087009e-04
1.500000000000000000e+01 -2.461878498220604122e-05
1.600000000000000000e+01 9.636786050522390358e-04
1.700000000000000000e+01 1.849155350906409728e-03
1.800000000000000000e+01 -8.054220609776822958e-04
1.900000000000000000e+01 1.377049682122762552e-03
1.000000000000000000e+00 -8.023389856834759089e-04
2.000000000000000000e+00 1.353667023285846308e-04
3.000000000000000000e+00 -8.221321558005255251e-04
4.000000000000000000e+00 -8.221321558005255251e-04
5.000000000000000000e+00 -8.209710075805537900e-04
6.000000000000000000e+00 -8.183343818346843022e-04
7.000000000000000000e+00 -8.198492263117137168e-04
8.000000000000000000e+00 -8.125672109414630150e-04
9.000000000000000000e+00 -8.065800177606423415e-04
1.000000000000000000e+01 1.651312695476991150e-03
1.100000000000000000e+01 9.109632597294445343e-04
1.200000000000000000e+01 1.900775552012022086e-04
1.300000000000000000e+01 1.203998260854333971e-03
1.400000000000000000e+01 -6.521687259193785979e-04
1.500000000000000000e+01 -1.198119169599065191e-04
1.600000000000000000e+01 1.106079794848451210e-03
1.700000000000000000e+01 8.068784145404739100e-04
1.800000000000000000e+01 -6.340686566375865370e-04
1.900000000000000000e+01 1.855898042002910404e-03
1.000000000000000000e+00 -7.076492801265622194e-04
2.000000000000000000e+00 9.187276095298361513e-04
3.000000000000000000e+00 -7.278787332779340863e-04
4.000000000000000000e+00 -7.277510695473291642e-04
5.000000000000000000e+00 -7.260479796089451326e-04
6.000000000000000000e+00 -7.229204309982032155e-04
7.000000000000000000e+00 -7.258850745090652656e-04
8.000000000000000000e+00 -7.226442706117487636e-04
9.000000000000000000e+00 -7.231760739184120435e-04
1.000000000000000000e+01 2.739006309191660766e-04
1.100000000000000000e+01 1.502053197585572679e-04
1.200000000000000000e+01 1.935214888388284312e-04
1.300000000000000000e+01 1.277156550460533486e-04
1.400000000000000000e+01 -1.732155433407417472e-06
1.500000000000000000e+01 7.470462745764315949e-04
1.600000000000000000e+01 1.890296776673484934e-03
1.700000000000000000e+01 -3.082648909994745471e-04
1.800000000000000000e+01 -5.396390564368607878e-04
1.900000000000000000e+01 2.296232306769600221e-03
1.000000000000000000e+00 -7.917795933614859725e-04
2.000000000000000000e+00 1.993970701338938604e-03
3.000000000000000000e+00 -7.981581697855805440e-04
4.000000000000000000e+00 -7.981581697855805440e-04
5.000000000000000000e+00 -7.969461465147338131e-04
6.000000000000000000e+00 -7.955538274140813194e-04
7.000000000000000000e+00 -7.943695237262762788e-04
8.000000000000000000e+00 -7.877483917199902194e-04
9.000000000000000000e+00 -7.874906902192915087e-04
1.000000000000000000e+01 7.615847114574447610e-04
1.100000000000000000e+01 4.178282008146575713e-04
1.200000000000000000e+01 8.038113399803448536e-04
1.300000000000000000e+01 2.905911256981791161e-04
1.400000000000000000e+01 -3.357901572568749299e-04
1.500000000000000000e+01 6.338107024077793792e-05
1.600000000000000000e+01 6.412056677484499019e-04
1.700000000000000000e+01 1.282774621949804138e-03
1.800000000000000000e+01 -5.906344069134283371e-04
1.900000000000000000e+01 9.587404918975741316e-04
1.000000000000000000e+00 -7.271492518465334960e-04
2.000000000000000000e+00 1.010198354898832239e-03
3.000000000000000000e+00 -7.376641619675361342e-04
4.000000000000000000e+00 -7.376417170921500174e-04
5.000000000000000000e+00 -7.367199808762961389e-04
6.000000000000000000e+00 -7.350767711448511887e-04
7.000000000000000000e+00 -7.324956668305535566e-04
8.000000000000000000e+00 -7.292124460053159285e-04
9.000000000000000000e+00 -7.321636828326031536e-04
1.000000000000000000e+01 1.642566185519632514e-04
1.100000000000000000e+01 1.375852209252252623e-04
1.200000000000000000e+01 5.814251985991389761e-04
1.300000000000000000e+01 -2.420989717934730022e-04
1.400000000000000000e+01 -5.950410780279255215e-04
1.500000000000000000e+01 8.244364363216358368e-04
1.600000000000000000e+01 1.928222813261484684e-03
1.700000000000000000e+01 1.188405858650121237e-04
1.800000000000000000e+01 -7.135420289781062167e-04
1.900000000000000000e+01 2.521057820576599016e-03
1.000000000000000000e+00 -8.142288258993363994e-04
2.000000000000000000e+00 7.472222842800497729e-04
3.000000000000000000e+00 -8.217609947497824842e-04
4.000000000000000000e+00 -8.217609947497824842e-04
5.000000000000000000e+00 -8.207397529197171500e-04
6.000000000000000000e+00 -8.191987577337640119e-04
7.000000000000000000e+00 -8.073288874080112839e-04
8.000000000000000000e+00 -7.901998891821993345e-04
9.000000000000000000e+00 -8.083752597253920837e-04
1.000000000000000000e+01 1.164647279015575826e-03
1.100000000000000000e+01 1.870920771346556164e-03
1.200000000000000000e+01 1.387804983830562451e-03
1.300000000000000000e+01 1.559878172559021978e-03
1.400000000000000000e+01 -6.639897202665291740e-04
1.500000000000000000e+01 -2.700780465960402163e-04
1.600000000000000000e+01 3.926353337746429722e-04
1.700000000000000000e+01 1.099541092304108254e-03
1.800000000000000000e+01 -7.996366072454930921e-04
1.900000000000000000e+01 -4.587123779612562683e-05
1.000000000000000000e+00 -8.330084313197130092e-04
2.000000000000000000e+00 5.513741273888260333e-04
3.000000000000000000e+00 -8.369685944447920016e-04
4.000000000000000000e+00 -8.367697192459168506e-04
5.000000000000000000e+00 -8.366549103075784921e-04
6.000000000000000000e+00 -8.313082417256157644e-04
7.000000000000000000e+00 -8.307628001612666442e-04
8.000000000000000000e+00 -8.228103369304420878e-04
9.000000000000000000e+00 -8.322725396436951844e-04
1.000000000000000000e+01 1.102174608049993204e-03
1.100000000000000000e+01 4.727737135880085697e-04
1.200000000000000000e+01 9.290472702668008120e-04
1.300000000000000000e+01 1.434911607168289473e-03
1.400000000000000000e+01 -7.935119309240735042e-04
1.500000000000000000e+01 -1.761661897610848637e-04
1.600000000000000000e+01 1.598061654909410352e-03
1.700000000000000000e+01 9.780753195174816082e-04
1.800000000000000000e+01 -8.176405038456930436e-04
1.900000000000000000e+01 1.295788032532979106e-03
