1.000000000000000000e+00 -6.391582499549450019e-04
2.000000000000000000e+00 2.547934854427232054e-03
3.000000000000000000e+00 -6.511758312039688662e-04
4.000000000000000000e+00 -6.502955295883731078e-04
5.000000000000000000e+00 -6.493158991969780799e-04
6.000000000000000000e+00 -6.444178560636407583e-04
7.000000000000000000e+00 -6.465345516152102559e-04
8.000000000000000000e+00 -5.914248698248562473e-04
9.000000000000000000e+00 -6.112232586183430350e-04
1.000000000000000000e+01 5.735657692008378460e-04
1.100000000000000000e+01 6.823699676597256214e-04
1.200000000000000000e+01 2.565134679776992781e-04
1.300000000000000000e+01 -2.439005922675728684e-04
1.400000000000000000e+01 -6.273864316705216613e-04
1.500000000000000000e+01 -3.525204769326608376e-04
1.600000000000000000e+01 7.744124510565410062e-04
1.700000000000000000e+01 5.629813446769366733e-04
1.800000000000000000e+01 -2.544930383639631608e-04
1.900000000000000000e+01 1.073053062642795059e-03
1.000000000000000000e+00 -6.966346944199601314e-04
2.000000000000000000e+00 1.917734837224606415e-03
3.000000000000000000e+00 -7.034618227719483972e-04
4.000000000000000000e+00 -7.034618227719483972e-04
5.000000000000000000e+00 -7.018309101116239433e-04
6.000000000000000000e+00 -6.986229252859921203e-04
7.000000000000000000e+00 -7.014988891913677242e-04
8.000000000000000000e+00 -6.650701957248591990e-04
9.000000000000000000e+00 -6.889215719396807281e-04
1.000000000000000000e+01 7.939035585146328629e-04
1.100000000000000000e+01 9.183246307371941211e-04
1.200000000000000000e+01 5.947746804540504813e-04
1.300000000000000000e+01 3.442750265177123487e-04
1.400000000000000000e+01 -5.514349795948951700e-04
1.500000000000000000e+01 1.735800558901003023e-04
1.600000000000000000e+01 1.267342432872128411e-04
1.700000000000000000e+01 7.723002260905905466e-04
1.800000000000000000e+01 -6.862098850893384250e-04
1.900000000000000000e+01 1.061671691259911650e-03
1.000000000000000000e+00 -6.719524603108318435e-04
2.000000000000000000e+00 7.991602388480856635e-04
3.000000000000000000e+00 -6.755269922992294084e-04
4.000000000000000000e+00 -6.755269922992294084e-04
5.000000000000000000e+00 -6.736234492192156838e-04
6.000000000000000000e+00 -6.690464086127633804e-04
7.000000000000000000e+00 -6.717089965694689017e-04
8.000000000000000000e+00 -6.599505156583269872e-04
9.000000000000000000e+00 -6.654696820143280638e-04
1.000000000000000000e+01 3.496806558433646962e-04
1.100000000000000000e+01 1.002945308361584626e-03
1.200000000000000000e+01 1.030939321754310509e-03
1.300000000000000000e+01 1.182081043682901644e-04
1.400000000000000000e+01 -6.470869010563699841e-04
1.500000000000000000e+01 8.522780874194932083e-05
1.600000000000000000e+01 6.756705927306384026e-04
1.700000000000000000e+01 5.718284666546188380e-04
1.800000000000000000e+01 -6.413092978399383224e-04
1.900000000000000000e+01 1.918324717569721205e-03
1.000000000000000000e+00 -4.309668897865342411e-04
2.000000000000000000e+00 2.440557837480440240e-04
3.000000000000000000e+00 -4.324226974398208629e-04
4.000000000000000000e+00 -4.322386494616552361e-04
5.000000000000000000e+00 -4.312435933195402993e-04
6.000000000000000000e+00 -4.274726534491606425e-04
7.000000000000000000e+00 -4.296846992361363872e-04
8.000000000000000000e+00 -4.133828910225634647e-04
9.000000000000000000e+00 -4.233404281684759575e-04
1.000000000000000000e+01 4.862372140270972468e-04
1.100000000000000000e+01 2.012130175947036341e-04
1.200000000000000000e+01 2.232164760227633743e-04
1.300000000000000000e+01 1.852641781793576211e-05
1.400000000000000000e+01 -2.942027332044504684e-04
1.500000000000000000e+01 2.270254304798210087e-04
1.600000000000000000e+01 7.598442588765050559e-04
1.700000000000000000e+01 6.351824279713409608e-04
1.800000000000000000e+01 -4.133311103524170546e-04
1.900000000000000000e+01 1.295411918234934488e-03
1.000000000000000000e+00 -6.337464694452478930e-04
2.000000000000000000e+00 2.252215626951723892e-04
3.000000000000000000e+00 -6.391322878454632232e-04
4.000000000000000000e+00 -6.389904090271138074e-04
5.000000000000000000e+00 -6.384065702079808752e-04
6.000000000000000000e+00 -6.369751021273530349e-04
7.000000000000000000e+00 -6.364997799083333416e-04
8.000000000000000000e+00 -6.223386945987887005e-04
9.000000000000000000e+00 -6.339207464819610451e-04
1.000000000000000000e+01 3.790705484732591205e-04
1.100000000000000000e+01 1.297712940608382109e-03
1.200000000000000000e+01 1.582420925426233005e-03
1.300000000000000000e+01 9.044473931961278471e-04
1.400000000000000000e+01 -4.602975459508495525e-04
1.500000000000000000e+01 -2.311166286112651064e-04
1.600000000000000000e+01 9.771734364758936399e-04
1.700000000000000000e+01 -2.171328036886150965e-05
1.800000000000000000e+01 -5.159075366007539760e-04
1.900000000000000000e+01 8.628280732359785337e-04
1.000000000000000000e+00 -5.447909719755496000e-04
2.000000000000000000e+00 4.845839806780255130e-04
3.000000000000000000e+00 -5.534591705422075951e-04
4.000000000000000000e+00 -5.526421770781553061e-04
5.000000000000000000e+00 -5.526975411041074818e-04
6.000000000000000000e+00 -5.489840510460796633e-04
7.000000000000000000e+00 -5.442209055003710723e-04
8.000000000000000000e+00 -5.176789012380875622e-04
9.000000000000000000e+00 -5.455214723471563804e-04
1.000000000000000000e+01 6.015113676018649580e-04
1.100000000000000000e+01 8.492429519198194977e-04
1.200000000000000000e+01 1.151447783899239245e-03
1.300000000000000000e+01 5.890827971540980434e-04
1.400000000000000000e+01 -4.031285295597911936e-04
1.500000000000000000e+01 2.937522552875628337e-05
1.600000000000000000e+01 4.743039613352645828e-05
1.700000000000000000e+01 1.295716250815290771e-03
1.800000000000000000e+01 -4.135446438017004373e-04
1.900000000000000000e+01 6.153974263214252954e-05
1.000000000000000000e+00 -6.486385971186043372e-04
2.000000000000000000e+00 5.713508798965872149e-04
3.000000000000000000e+00 -6.573658503223982468e-04
4.000000000000000000e+00 -6.568356557270775987e-04
5.000000000000000000e+00 -6.554161388138632100e-04
6.000000000000000000e+00 -6.554777057871948682e-04
7.000000000000000000e+00 -6.554288439736272046e-04
8.000000000000000000e+00 -6.430734109949448650e-04
9.000000000000000000e+00 -6.442681850713715633e-04
1.000000000000000000e+01 7.744523636265723387e-04
1.100000000000000000e+01 3.280851233577041382e-04
1.200000000000000000e+01 2.988005962332186119e-04
1.300000000000000000e+01 6.058772402316166088e-04
1.400000000000000000e+01 -6.333724276718656881e-04
1.500000000000000000e+01 9.258647836974873147e-05
1.600000000000000000e+01 1.884377689556645738e-03
1.700000000000000000e+01 2.563139245531049029e-04
1.800000000000000000e+01 -5.435159071873858164e-04
1.900000000000000000e+01 1.515577023160617678e-03
1.000000000000000000e+00 -6.480532872827527054e-04
2.000000000000000000e+00 7.657849725801300781e-04
3.000000000000000000e+00 -6.581268268643455282e-04
4.000000000000000000e+00 -6.579996392371579303e-04
5.000000000000000000e+00 -6.575717582945710387e-04
6.000000000000000000e+00 -6.538284699924593003e-04
7.000000000000000000e+00 -6.550944490595587977e-04
8.000000000000000000e+00 -6.472936309208554475e-04
9.000000000000000000e+00 -6.481260245491174670e-04
1.000000000000000000e+01 6.555197485957032447e-04
1.100000000000000000e+01 -3.411734672586974810e-05
1.200000000000000000e+01 1.428850818025942343e-05
1.300000000000000000e+01 2.051329534482852356e-04
1.400000000000000000e+01 -5.626078110629520587e-04
1.500000000000000000e+01 3.436188918188969044e-04
1.600000000000000000e+01 1.854238688759084945e-03
1.700000000000000000e+01 6.034227894474870338e-04
1.800000000000000000e+01 -3.562700528997230160e-04
1.900000000000000000e+01 1.698701052351494177e-03
1.000000000000000000e+00 -6.559740734519658957e-04
2.000000000000000000e+00 1.953797377826502028e-03
3.000000000000000000e+00 -6.610036305998703496e-04
4.000000000000000000e+00 -6.605687441355721128e-04
5.000000000000000000e+00 -6.603617071638292731e-04
6.000000000000000000e+00 -6.567881040629152409e-04
7.000000000000000000e+00 -6.592177621473351793e-04
8.000000000000000000e+00 -6.422440664271408459e-04
9.000000000000000000e+00 -6.469415974727111152e-04
1.000000000000000000e+01 5.208221779892537560e-04
1.100000000000000000e+01 4.184018064498395192e-04
1.200000000000000000e+01 5.299299925497951216e-04
1.300000000000000000e+01 -1.483838212204689928e-04
1.400000000000000000e+01 -6.037986294726311459e-04
1.500000000000000000e+01 2.527964369384571599e-04
1.600000000000000000e+01 1.162488438480474518e-03
1.700000000000000000e+01 1.803006967513757163e-04
1.800000000000000000e+01 -6.379922196770448787e-04
1.900000000000000000e+01 1.520301177228575076e-03
1.000000000000000000e+00 -7.026987874469608000e-04
2.000000000000000000e+00 1.123290150766241818e-03
3.000000000000000000e+00 -7.079298108327461512e-04
4.000000000000000000e+00 -7.076451009892127794e-04
5.000000000000000000e+00 -7.071930748018924939e-04
6.000000000000000000e+00 -7.031340551178727298e-04
7.000000000000000000e+00 -7.060835633982634084e-04
8.000000000000000000e+00 -6.925720561017420897e-04
9.000000000000000000e+00 -6.930929786639812053e-04
1.000000000000000000e+01 3.255050350078707560e-04
1.100000000000000000e+01 1.872112413761757273e-04
1.200000000000000000e+01 1.057639008176876252e-03
1.300000000000000000e+01 -1.842762058363566624e-05
1.400000000000000000e+01 -5.142602910737406304e-04
1.500000000000000000e+01 2.829208276557341854e-04
1.600000000000000000e+01 1.806635875862943816e-03
1.700000000000000000e+01 5.896859338593290079e-04
1.800000000000000000e+01 -6.939675071207926024e-04
1.900000000000000000e+01 1.399623619682690157e-03
1.000000000000000000e+00 -6.227207001583427628e-04
2.000000000000000000e+00 2.773025089522202619e-04
3.000000000000000000e+00 -6.299986750258689634e-04
4.000000000000000000e+00 -6.299724893379185118e-04
5.000000000000000000e+00 -6.296814541204127057e-04
6.000000000000000000e+00 -6.265694925525688245e-04
7.000000000000000000e+00 -6.237138747809846525e-04
8.000000000000000000e+00 -6.123011288356757344e-04
9.000000000000000000e+00 -6.164171798792477449e-04
1.000000000000000000e+01 3.213999790910595199e-04
1.100000000000000000e+01 -3.276139975675997421e-04
1.200000000000000000e+01 2.873723423929403745e-04
1.300000000000000000e+01 -7.729250115881278744e-06
1.400000000000000000e+01 -6.176342019120961355e-04
1.500000000000000000e+01 1.134291720317247201e-03
1.600000000000000000e+01 1.917541948823443896e-03
1.700000000000000000e+01 2.807500967573964951e-04
1.800000000000000000e+01 -4.043051015966881334e-04
1.900000000000000000e+01 2.046338683077227136e-03
1.000000000000000000e+00 -5.011270334968205261e-04
2.000000000000000000e+00 6.826753408625854365e-04
3.000000000000000000e+00 -5.086971367777080952e-04
4.000000000000000000e+00 -5.086971367777080952e-04
5.000000000000000000e+00 -5.072748118259714058e-04
6.000000000000000000e+00 -5.033121123975857134e-04
7.000000000000000000e+00 -5.042629271964397478e-04
8.000000000000000000e+00 -4.841605988395595640e-04
9.000000000000000000e+00 -4.852607420177839671e-04
1.000000000000000000e+01 5.968972408301143561e-05
1.100000000000000000e+01 6.612456777201845262e-04
1.200000000000000000e+01 2.276423656940366710e-04
1.300000000000000000e+01 4.029833132966694647e-04
1.400000000000000000e+01 -4.098411818730837404e-04
1.500000000000000000e+01 -1.355864830501385301e-04
1.600000000000000000e+01 2.252419516029378378e-03
1.700000000000000000e+01 -1.181876463033129768e-04
1.800000000000000000e+01 -4.661391591707109172e-04
1.900000000000000000e+01 7.916665904973447122e-04
1.000000000000000000e+00 -7.359901781285103743e-04
2.000000000000000000e+00 7.713381910388472781e-04
3.000000000000000000e+00 -7.408446432245721809e-04
4.000000000000000000e+00 -7.404864094104560016e-04
5.000000000000000000e+00 -7.399848548647837334e-04
6.000000000000000000e+00 -7.379544503046173544e-04
7.000000000000000000e+00 -7.369920746136001365e-04
8.000000000000000000e+00 -7.236350194760828893e-04
9.000000000000000000e+00 -7.304451749031850650e-04
1.000000000000000000e+01 4.015004395287326386e-04
1.100000000000000000e+01 9.855224023100667315e-04
1.200000000000000000e+01 1.566864585958391461e-03
1.300000000000000000e+01 8.242111624325474881e-04
1.400000000000000000e+01 -7.238626445198843243e-04
1.500000000000000000e+01 -2.673138700593864422e-04
1.600000000000000000e+01 1.357364718077195154e-03
1.700000000000000000e+01 6.344006175116379855e-04
1.800000000000000000e+01 -5.809615323785761835e-04
1.900000000000000000e+01 8.461913070335418639e-04
1.000000000000000000e+00 -4.843714376441429184e-04
2.000000000000000000e+00 5.425267186657780271e-04
3.000000000000000000e+00 -4.930629672215267783e-04
4.000000000000000000e+00 -4.930629672215267783e-04
5.000000000000000000e+00 -4.926873896400668553e-04
6.000000000000000000e+00 -4.885707792559495014e-04
7.000000000000000000e+00 -4.884713481341094099e-04
8.000000000000000000e+00 -4.813373128313066249e-04
9.000000000000000000e+00 -4.854943511970284870e-04
1.000000000000000000e+01 9.592724777697304080e-04
1.100000000000000000e+01 4.998772816172351993e-04
1.200000000000000000e+01 4.939414305823880153e-04
1.300000000000000000e+01 5.066985088529743844e-04
1.400000000000000000e+01 -4.738616130600347667e-04
1.500000000000000000e+01 8.355292907224057058e-05
1.600000000000000000e+01 6.588526463408860044e-04
1.700000000000000000e+01 2.445703810100079926e-04
1.800000000000000000e+01 -4.825704520734956453e-04
1.900000000000000000e+01 8.460816221437782733e-04
1.000000000000000000e+00 -6.174090178684190624e-04
2.000000000000000000e+00 8.607153720346469739e-04
3.000000000000000000e+00 -6.217166752748159043e-04
4.000000000000000000e+00 -6.215348717841888675e-04
5.000000000000000000e+00 -6.210978768618998554e-04
6.000000000000000000e+00 -6.151446486397640565e-04
7.000000000000000000e+00 -6.186996798208456742e-04
8.000000000000000000e+00 -6.118162060868817705e-04
9.000000000000000000e+00 -6.005020734667266711e-04
1.000000000000000000e+01 2.766048883690201210e-04
1.100000000000000000e+01 9.773451101104091952e-04
1.200000000000000000e+01 4.353424016530965993e-04
1.300000000000000000e+01 1.484054021349400964e-05
1.400000000000000000e+01 -4.858110688597557349e-04
1.500000000000000000e+01 -7.194779349643923077e-05
1.600000000000000000e+01 1.190225520128519298e-03
1.700000000000000000e+01 9.000073544909308358e-04
1.800000000000000000e+01 -4.542466223093148117e-04
1.900000000000000000e+01 1.234662997345785905e-03
1.000000000000000000e+00 -6.388462048641952579e-04
2.000000000000000000e+00 5.331030397391109225e-04
3.000000000000000000e+00 -6.441398837835743798e-04
4.000000000000000000e+00 -6.439512788155576928e-04
5.000000000000000000e+00 -6.427753713896503136e-04
6.000000000000000000e+00 -6.410315049749155296e-04
7.000000000000000000e+00 -6.421393788418929818e-04
8.000000000000000000e+00 -6.206942118084906451e-04
9.000000000000000000e+00 -6.399583452007753413e-04
1.000000000000000000e+01 -2.209670111029575024e-04
1.100000000000000000e+01 2.881432355598100839e-04
1.200000000000000000e+01 4.804982483999132616e-04
1.300000000000000000e+01 2.820083207772083314e-04
1.400000000000000000e+01 -4.931236731034982198e-04
1.500000000000000000e+01 4.707516646513912632e-04
1.600000000000000000e+01 4.509948528986267502e-04
1.700000000000000000e+01 9.777893979070265140e-04
1.800000000000000000e+01 -4.591643294573754673e-04
1.900000000000000000e+01 2.664109734142374938e-03
1.000000000000000000e+00 -5.973344409295394458e-04
2.000000000000000000e+00 6.703951432970207958e-04
3.000000000000000000e+00 -6.049887942727933581e-04
4.000000000000000000e+00 -6.047601286029511813e-04
5.000000000000000000e+00 -5.994242607670833677e-04
6.000000000000000000e+00 -5.786015105325683543e-04
7.000000000000000000e+00 -5.946526862476096123e-04
8.000000000000000000e+00 -4.644718370366484272e-04
9.000000000000000000e+00 -5.829696505624731634e-04
1.000000000000000000e+01 4.805922566456250627e-04
1.100000000000000000e+01 3.658870817190299418e-04
1.200000000000000000e+01 1.000314368545236624e-03
1.300000000000000000e+01 1.124077457692970348e-03
1.400000000000000000e+01 -3.694488630476337157e-04
1.500000000000000000e+01 -5.461802224148104784e-04
1.600000000000000000e+01 1.233952381806686764e-04
1.700000000000000000e+01 2.396255266926627416e-03
1.800000000000000000e+01 -5.789066342007872807e-04
1.900000000000000000e+01 -1.624256190415509073e-04
1.000000000000000000e+00 -7.495912096851948528e-04
2.000000000000000000e+00 3.022688391471721730e-04
3.000000000000000000e+00 -7.544965806007198532e-04
4.000000000000000000e+00 -7.539757720441969549e-04
5.000000000000000000e+00 -7.543022283843088495e-04
6.000000000000000000e+00 -7.518450991327118140e-04
7.000000000000000000e+00 -7.491965740402090719e-04
8.000000000000000000e+00 -7.374517613361156491e-04
9.000000000000000000e+00 -7.393720265055775398e-04
1.000000000000000000e+01 1.080581908417874507e-03
1.100000000000000000e+01 1.400895967680380796e-03
1.200000000000000000e+01 4.770027023149364296e-04
1.300000000000000000e+01 3.548752169608020732e-04
1.400000000000000000e+01 -3.015452275857888245e-04
1.500000000000000000e+01 1.567779049327668029e-04
1.600000000000000000e+01 1.110385130314923106e-03
1.700000000000000000e+01 3.377258560276737501e-04
1.800000000000000000e+01 -5.363559857351703252e-04
1.900000000000000000e+01 1.544907234363012815e-03
1.000000000000000000e+00 -6.596276106687539321e-04
2.000000000000000000e+00 2.930052850318021879e-04
3.000000000000000000e+00 -6.648121789923278806e-04
4.000000000000000000e+00 -6.606663112435189880e-04
5.000000000000000000e+00 -6.641380165534595476e-04
6.000000000000000000e+00 -6.607060124386822993e-04
7.000000000000000000e+00 -6.590094629305081686e-04
8.000000000000000000e+00 -6.504918587896547357e-04
9.000000000000000000e+00 -6.470521728919856243e-04
1.000000000000000000e+01 8.240678951738420041e-04
1.100000000000000000e+01 5.236200298888325430e-04
1.200000000000000000e+01 7.243257875678527861e-04
1.300000000000000000e+01 7.669529568903953693e-04
1.400000000000000000e+01 -6.379705633639474712e-04
1.500000000000000000e+01 -1.962500118687218220e-06
1.600000000000000000e+01 6.759232278890612861e-04
1.700000000000000000e+01 1.386294347468186756e-03
1.800000000000000000e+01 -6.518546743769101058e-04
1.900000000000000000e+01 1.261278859385849601e-03
1.000000000000000000e+00 -6.111375129764235869e-04
2.000000000000000000e+00 1.308369446447274530e-03
3.000000000000000000e+00 -6.220318393031728545e-04
4.000000000000000000e+00 -6.213948809456262823e-04
5.000000000000000000e+00 -6.211818586737804637e-04
6.000000000000000000e+00 -6.198483270093665173e-04
7.000000000000000000e+00 -6.196036982720906855e-04
8.000000000000000000e+00 -6.085512975138075709e-04
9.000000000000000000e+00 -6.143180000767286446e-04
1.000000000000000000e+01 -3.678505693020223230e-04
1.100000000000000000e+01 4.315445660074283319e-04
1.200000000000000000e+01 9.747237763910010348e-05
1.300000000000000000e+01 -2.871120380683898150e-04
1.400000000000000000e+01 -1.832026932961557672e-04
1.500000000000000000e+01 3.252804670867718239e-04
1.600000000000000000e+01 1.983729128667235334e-03
1.700000000000000000e+01 -1.110521410407945829e-04
1.800000000000000000e+01 -5.810652908086131599e-04
1.900000000000000000e+01 2.225741911665781760e-03
1.000000000000000000e+00 -5.555006810253768296e-04
2.000000000000000000e+00 5.632960843207743436e-04
3.000000000000000000e+00 -5.645175876131867899e-04
4.000000000000000000e+00 -5.645175876131867899e-04
5.000000000000000000e+00 -5.635554506216380747e-04
6.000000000000000000e+00 -5.589157548054715955e-04
7.000000000000000000e+00 -5.578996659042287235e-04
8.000000000000000000e+00 -5.472665370375563807e-04
9.000000000000000000e+00 -5.524163854384552593e-04
1.000000000000000000e+01 7.133592241109349948e-04
1.100000000000000000e+01 1.222629340270341234e-03
1.200000000000000000e+01 3.248501088018984753e-05
1.300000000000000000e+01 2.155580399499689771e-04
1.400000000000000000e+01 -5.437502852895119204e-04
1.500000000000000000e+01 2.896035578700483865e-05
1.600000000000000000e+01 6.356155865629964895e-04
1.700000000000000000e+01 7.412063129672456568e-04
1.800000000000000000e+01 -5.351759098646463380e-04
1.900000000000000000e+01 1.312471914076256694e-03
1.000000000000000000e+00 -6.043340317628979668e-04
2.000000000000000000e+00 3.500146570133117027e-04
3.000000000000000000e+00 -6.088886414207989907e-04
4.000000000000000000e+00 -6.079006588151692793e-04
5.000000000000000000e+00 -6.082264495821365071e-04
6.000000000000000000e+00 -6.052300587180986383e-04
7.000000000000000000e+00 -6.069269003659206367e-04
8.000000000000000000e+00 -5.943195523243989444e-04
9.000000000000000000e+00 -6.006420541300940431e-04
1.000000000000000000e+01 2.008072694071698621e-03
1.100000000000000000e+01 7.437995116700151258e-04
1.200000000000000000e+01 6.583474902761168954e-04
1.300000000000000000e+01 1.327324938805386247e-03
1.400000000000000000e+01 -3.298870909819236088e-04
1.500000000000000000e+01 -4.502241396190422842e-04
1.600000000000000000e+01 -2.027862823860170148e-04
1.700000000000000000e+01 1.064755549161416773e-03
1.800000000000000000e+01 -6.023316952805194682e-04
1.900000000000000000e+01 1.960242302287672764e-04
1.000000000000000000e+00 -6.783116551745390970e-04
2.000000000000000000e+00 7.833429546084543188e-05
3.000000000000000000e+00 -6.792445166641233401e-04
4.000000000000000000e+00 -6.788851265988509256e-04
5.000000000000000000e+00 -6.787020308275198933e-04
6.000000000000000000e+00 -6.764002923388065525e-04
7.000000000000000000e+00 -6.762793432857846804e-04
8.000000000000000000e+00 -6.705985819240009626e-04
9.000000000000000000e+00 -6.671695545891612785e-04
1.000000000000000000e+01 1.022135164853348391e-03
1.100000000000000000e+01 5.958757602524234571e-04
1.200000000000000000e+01 3.885178641555546300e-04
1.300000000000000000e+01 -1.241164906414894751e-04
1.400000000000000000e+01 -6.585606804515756023e-04
1.500000000000000000e+01 5.422308350607139274e-04
1.600000000000000000e+01 1.088393025304222692e-03
1.700000000000000000e+01 4.313819896351991966e-04
1.800000000000000000e+01 -4.913083934359421161e-04
1.900000000000000000e+01 2.485446396222172356e-03
1.000000000000000000e+00 -6.624776243050809052e-04
2.000000000000000000e+00 -7.322582750107209100e-05
3.000000000000000000e+00 -6.660112586860542300e-04
4.000000000000000000e+00 -6.646932139856566142e-04
5.000000000000000000e+00 -6.643181669194330331e-04
6.000000000000000000e+00 -6.618613226821265950e-04
7.000000000000000000e+00 -6.460161491426253495e-04
8.000000000000000000e+00 -6.263061902432407336e-04
9.000000000000000000e+00 -6.460125307566540751e-04
1.000000000000000000e+01 8.604769475505875736e-04
1.100000000000000000e+01 1.972935349944997339e-03
1.200000000000000000e+01 1.311832660428103453e-03
1.300000000000000000e+01 1.156271654822043108e-03
1.400000000000000000e+01 -4.957142195777406108e-04
1.500000000000000000e+01 4.761978659357341096e-05
1.600000000000000000e+01 2.053388226265414620e-04
1.700000000000000000e+01 5.021629706784290275e-04
1.800000000000000000e+01 -6.200447019272432598e-04
1.900000000000000000e+01 2.450152921730065574e-04
1.000000000000000000e+00 -6.203693055478589962e-04
2.000000000000000000e+00 8.019561733710389240e-04
3.000000000000000000e+00 -6.261308571252368043e-04
4.000000000000000000e+00 -6.242130853545238859e-04
5.000000000000000000e+00 -6.252636687580485388e-04
6.000000000000000000e+00 -6.224988843931240304e-04
7.000000000000000000e+00 -6.199943171038929625e-04
8.000000000000000000e+00 -6.130646989085183777e-04
9.000000000000000000e+00 -6.165873297945946661e-04
1.000000000000000000e+01 5.249164852514777262e-04
1.100000000000000000e+01 4.369587598913688363e-04
1.200000000000000000e+01 3.369974879368026286e-04
1.300000000000000000e+01 -1.585947845906576000e-04
1.400000000000000000e+01 -5.901847890450651795e-04
1.500000000000000000e+01 3.816982774113588349e-04
1.600000000000000000e+01 9.752853190482801971e-04
1.700000000000000000e+01 9.589960920644256001e-05
1.800000000000000000e+01 -6.017673520106813596e-04
1.900000000000000000e+01 2.700650815239399611e-03
1.000000000000000000e+00 -6.118508477231093118e-04
2.000000000000000000e+00 9.448180768168606448e-04
3.000000000000000000e+00 -6.185654443361652578e-04
4.000000000000000000e+00 -6.183292970411945200e-04
5.000000000000000000e+00 -6.180603666252052668e-04
6.000000000000000000e+00 -6.167653258168590827e-04
7.000000000000000000e+00 -6.148321276476665775e-04
8.000000000000000000e+00 -6.041800035501643457e-04
9.000000000000000000e+00 -6.137150572116185010e-04
1.000000000000000000e+01 3.439706165183830863e-04
1.100000000000000000e+01 4.086306953190523309e-04
1.200000000000000000e+01 5.149087332333959939e-04
1.300000000000000000e+01 2.058318769316890093e-04
1.400000000000000000e+01 2.196612694535367771e-04
1.500000000000000000e+01 -1.461840443118907131e-04
1.600000000000000000e+01 8.685926019910381350e-04
1.700000000000000000e+01 5.293539480704452689e-04
1.800000000000000000e+01 -5.898829606964356128e-04
1.900000000000000000e+01 1.526585301512204534e-03
1.000000000000000000e+00 -5.639737519882023417e-04
2.000000000000000000e+00 1.436839933854624574e-03
3.000000000000000000e+00 -5.693060671857135902e-04
4.000000000000000000e+00 -5.692105064283881641e-04
5.000000000000000000e+00 -5.658046666254895564e-04
6.000000000000000000e+00 -5.660077043285272405e-04
7.000000000000000000e+00 -5.659411275812782595e-04
8.000000000000000000e+00 -5.531821344476352525e-04
9.000000000000000000e+00 -5.634913753416100632e-04
1.000000000000000000e+01 8.418873428215832263e-04
1.100000000000000000e+01 1.478741494708240515e-04
1.200000000000000000e+01 6.019013939665489006e-04
1.300000000000000000e+01 6.935033822836864068e-06
1.400000000000000000e+01 -5.259731817134723946e-04
1.500000000000000000e+01 -8.573652551557882774e-05
1.600000000000000000e+01 1.284786533744068258e-03
1.700000000000000000e+01 8.169300446113809955e-04
1.800000000000000000e+01 -5.497470622187954981e-04
1.900000000000000000e+01 4.737599553913160563e-04
1.000000000000000000e+00 -6.020257643274611959e-04
2.000000000000000000e+00 -1.045963198417242686e-05
3.000000000000000000e+00 -6.083363719686010057e-04
4.000000000000000000e+00 -6.080170426051539727e-04
5.000000000000000000e+00 -6.078336067599534849e-04
6.000000000000000000e+00 -6.053799329827502665e-04
7.000000000000000000e+00 -6.017694943758130103e-04
8.000000000000000000e+00 -5.915095457317608250e-04
9.000000000000000000e+00 -5.938554345534898839e-04
1.000000000000000000e+01 1.131568079237473901e-03
1.100000000000000000e+01 1.284751934862458922e-03
1.200000000000000000e+01 1.256856703389904470e-03
1.300000000000000000e+01 6.513671417056146086e-04
1.400000000000000000e+01 -4.516230430404302785e-04
1.500000000000000000e+01 -3.061837878169421275e-04
1.600000000000000000e+01 4.245628690197965718e-04
1.700000000000000000e+01 1.003713227548084586e-03
1.800000000000000000e+01 -5.801834624300122086e-04
1.900000000000000000e+01 3.262779209911120760e-04
1.000000000000000000e+00 -6.507851581668822310e-04
2.000000000000000000e+00 8.067633514801640388e-04
3.000000000000000000e+00 -6.588528063605808734e-04
4.000000000000000000e+00 -6.582438020751060727e-04
5.000000000000000000e+00 -6.580941695725323580e-04
6.000000000000000000e+00 -6.571973708115879135e-04
7.000000000000000000e+00 -6.548823351106978401e-04
8.000000000000000000e+00 -6.432257147443436619e-04
9.000000000000000000e+00 -6.517374952011521089e-04
1.000000000000000000e+01 2.695415018136538762e-04
1.100000000000000000e+01 4.152998396753171742e-04
1.200000000000000000e+01 3.249752475484737424e-05
1.300000000000000000e+01 -3.524929485834283173e-04
1.400000000000000000e+01 -5.675405024957560010e-04
1.500000000000000000e+01 1.390403972058446664e-03
1.600000000000000000e+01 1.770681364366429034e-03
1.700000000000000000e+01 2.855113811279615045e-04
1.800000000000000000e+01 -5.812662375450205338e-04
1.900000000000000000e+01 1.693160264246403382e-03
1.000000000000000000e+00 -5.976018103896852752e-04
2.000000000000000000e+00 1.311106189487616820e-03
3.000000000000000000e+00 -6.010807084239054056e-04
4.000000000000000000e+00 -6.002570495120112268e-04
5.000000000000000000e+00 -6.008411603902397884e-04
6.000000000000000000e+00 -5.966782481390921818e-04
7.000000000000000000e+00 -5.927128935434855268e-04
8.000000000000000000e+00 -4.463349730409152025e-04
9.000000000000000000e+00 -5.952454936075981520e-04
1.000000000000000000e+01 2.885834468176203633e-04
1.100000000000000000e+01 4.269952803180349522e-04
1.200000000000000000e+01 -1.210402650446707064e-04
1.300000000000000000e+01 4.119578234255078593e-04
1.400000000000000000e+01 -5.760621063832445680e-04
1.500000000000000000e+01 2.240468494310699323e-04
1.600000000000000000e+01 9.952576715675273255e-04
1.700000000000000000e+01 3.043987519955513817e-04
1.800000000000000000e+01 -4.813035493085110407e-04
1.900000000000000000e+01 1.732402476336748331e-03
1.000000000000000000e+00 -6.220997695150004211e-04
2.000000000000000000e+00 1.350440068746126257e-03
3.000000000000000000e+00 -6.341853208424985113e-04
4.000000000000000000e+00 -6.339477452372759090e-04
5.000000000000000000e+00 -6.319612377360625012e-04
6.000000000000000000e+00 -6.315954950909080353e-04
7.000000000000000000e+00 -6.323969857208300684e-04
8.000000000000000000e+00 -5.936579662431181077e-04
9.000000000000000000e+00 -6.228510577925491787e-04
1.000000000000000000e+01 2.256730515597361549e-04
1.100000000000000000e+01 1.535772682150937543e-04
1.200000000000000000e+01 4.127634794357216649e-04
1.300000000000000000e+01 -1.473566515900877295e-04
1.400000000000000000e+01 -3.752068680265106945e-04
1.500000000000000000e+01 1.094568026879134552e-04
1.600000000000000000e+01 1.579258219675513291e-03
1.700000000000000000e+01 8.639000659300173244e-04
1.800000000000000000e+01 -6.211861205796427587e-04
1.900000000000000000e+01 1.362032476072150017e-03
1.000000000000000000e+00 -6.175420295690619383e-04
2.000000000000000000e+00 5.109097931934997432e-04
3.000000000000000000e+00 -6.303049944416206718e-04
4.000000000000000000e+00 -6.299579694622426881e-04
5.000000000000000000e+00 -6.303049944416206718e-04
6.000000000000000000e+00 -6.202929923602907734e-04
7.000000000000000000e+00 -6.276384043012910377e-04
8.000000000000000000e+00 -5.755302293814914356e-04
9.000000000000000000e+00 -6.239617895865109997e-04
1.000000000000000000e+01 8.507230243537385961e-04
1.100000000000000000e+01 1.370604629543262665e-03
1.200000000000000000e+01 5.961591971280247012e-04
1.300000000000000000e+01 2.018255664493414118e-04
1.400000000000000000e+01 -5.886905586822474947e-04
1.500000000000000000e+01 1.159846140521031708e-04
1.600000000000000000e+01 1.067309762621389225e-03
1.700000000000000000e+01 8.901615870438845226e-04
1.800000000000000000e+01 -5.905678816477851183e-04
1.900000000000000000e+01 4.766848602806977040e-04
1.000000000000000000e+00 -7.114637490972980415e-04
2.000000000000000000e+00 -1.116820703677902409e-04
3.000000000000000000e+00 -7.138203962368583127e-04
4.000000000000000000e+00 -7.136893997823324457e-04
5.000000000000000000e+00 -7.124811853388239840e-04
6.000000000000000000e+00 -7.106157713410569433e-04
7.000000000000000000e+00 -7.054373985156253950e-04
8.000000000000000000e+00 -6.977789534359618269e-04
9.000000000000000000e+00 -6.932312359418156631e-04
1.000000000000000000e+01 8.076711013595314851e-04
1.100000000000000000e+01 8.917987809478566908e-04
1.200000000000000000e+01 5.309477643595025961e-04
1.300000000000000000e+01 9.870478475635967915e-04
1.400000000000000000e+01 -5.453290992693915311e-04
1.500000000000000000e+01 6.211146170681444961e-04
1.600000000000000000e+01 8.113608400749291192e-04
1.700000000000000000e+01 3.116629661687186914e-04
1.800000000000000000e+01 -6.751056060602334203e-04
1.900000000000000000e+01 1.957527186864915173e-03
1.000000000000000000e+00 -6.892575823017546436e-04
2.000000000000000000e+00 6.137730932435497833e-04
3.000000000000000000e+00 -6.949441080775660678e-04
4.000000000000000000e+00 -6.944051007108276337e-04
5.000000000000000000e+00 -6.943753685382383434e-04
6.000000000000000000e+00 -6.916031789838358347e-04
7.000000000000000000e+00 -6.917044160598629027e-04
8.000000000000000000e+00 -6.739572213518838558e-04
9.000000000000000000e+00 -6.860625374487965998e-04
1.000000000000000000e+01 1.532373843055599792e-03
1.100000000000000000e+01 7.005828146020991491e-04
1.200000000000000000e+01 1.113903550977046611e-03
1.300000000000000000e+01 -4.076960174725077421e-04
1.400000000000000000e+01 2.626697568163476439e-05
1.500000000000000000e+01 -1.901518312998272094e-04
1.600000000000000000e+01 1.295976492618351392e-03
1.700000000000000000e+01 -7.462515443763703378e-05
1.800000000000000000e+01 -6.598113127294346356e-04
1.900000000000000000e+01 1.504604582848776718e-03
1.000000000000000000e+00 -6.366532892534677943e-04
2.000000000000000000e+00 1.103846862760885427e-03
3.000000000000000000e+00 -6.408687513383276579e-04
4.000000000000000000e+00 -6.404602546063014592e-04
5.000000000000000000e+00 -6.399814305980657458e-04
6.000000000000000000e+00 -6.351423436423821265e-04
7.000000000000000000e+00 -6.351726500539910331e-04
8.000000000000000000e+00 -6.045447245118498649e-04
9.000000000000000000e+00 -6.298206717853461123e-04
1.000000000000000000e+01 1.966321664210665243e-03
1.100000000000000000e+01 1.244772346727051043e-03
1.200000000000000000e+01 8.884631651851566036e-04
1.300000000000000000e+01 2.620556563279031288e-04
1.400000000000000000e+01 -3.719883440212956799e-04
1.500000000000000000e+01 -4.543116582956624417e-04
1.600000000000000000e+01 8.980246236860029417e-05
1.700000000000000000e+01 6.474727825039063543e-04
1.800000000000000000e+01 -5.984714949092085007e-04
1.900000000000000000e+01 1.644485573925213615e-04
1.000000000000000000e+00 -6.649228510893826459e-04
2.000000000000000000e+00 1.505421689084290556e-03
3.000000000000000000e+00 -6.779931857370982261e-04
4.000000000000000000e+00 -6.773432365577373299e-04
5.000000000000000000e+00 -6.765701806376226259e-04
6.000000000000000000e+00 -6.739986942601137879e-04
7.000000000000000000e+00 -6.702214173560862472e-04
8.000000000000000000e+00 -6.415636437053153385e-04
9.000000000000000000e+00 -6.569196443029126208e-04
1.000000000000000000e+01 1.336527295739796048e-03
1.100000000000000000e+01 9.512024138719103261e-04
1.200000000000000000e+01 3.590165967662840461e-04
1.300000000000000000e+01 1.557538141728460153e-03
1.400000000000000000e+01 -1.332242652734262557e-04
1.500000000000000000e+01 -5.186370078456114911e-04
1.600000000000000000e+01 -5.274594260064709638e-04
1.700000000000000000e+01 1.530136917041782871e-03
1.800000000000000000e+01 -6.324199648662583466e-04
1.900000000000000000e+01 -1.494490608012181575e-04
1.000000000000000000e+00 -6.296773436901275008e-04
2.000000000000000000e+00 1.286261291670574801e-05
3.000000000000000000e+00 -6.308680051398926668e-04
4.000000000000000000e+00 -6.304595084078664681e-04
5.000000000000000000e+00 -6.294130330966853310e-04
6.000000000000000000e+00 -6.297670908036841686e-04
7.000000000000000000e+00 -6.282504701694165399e-04
8.000000000000000000e+00 -6.219478317545582132e-04
9.000000000000000000e+00 -6.216683015599369861e-04
1.000000000000000000e+01 8.093233854541589641e-04
1.100000000000000000e+01 1.053845379048281346e-03
1.200000000000000000e+01 5.515663383851370470e-04
1.300000000000000000e+01 3.007406756379777724e-04
1.400000000000000000e+01 -1.107078519177646540e-04
1.500000000000000000e+01 8.675943780370610342e-05
1.600000000000000000e+01 1.235858608776847127e-03
1.700000000000000000e+01 4.828080806580933122e-04
1.800000000000000000e+01 -5.917161779365948723e-04
1.900000000000000000e+01 1.137231456238424259e-03
1.000000000000000000e+00 -6.682777156998739301e-04
2.000000000000000000e+00 4.967368540522776928e-04
3.000000000000000000e+00 -6.766268535900193557e-04
4.000000000000000000e+00 -6.758577425267906814e-04
5.000000000000000000e+00 -6.747825649810249276e-04
6.000000000000000000e+00 -6.714956830176722945e-04
7.000000000000000000e+00 -6.659906624391223129e-04
8.000000000000000000e+00 -6.313236366254908628e-04
9.000000000000000000e+00 -6.688336158598069160e-04
1.000000000000000000e+01 7.528900937917944094e-04
1.100000000000000000e+01 1.602249106225204448e-03
1.200000000000000000e+01 1.281538645462330537e-03
1.300000000000000000e+01 1.309733556513423009e-03
1.400000000000000000e+01 -5.657116959574248196e-04
1.500000000000000000e+01 -5.115541947107066527e-04
1.600000000000000000e+01 -7.427691100253445511e-05
1.700000000000000000e+01 3.046254170505684417e-04
1.800000000000000000e+01 -6.275148301870296045e-04
1.900000000000000000e+01 1.294246357541249193e-03
1.000000000000000000e+00 -6.151486403658995615e-04
2.000000000000000000e+00 5.134075457888676725e-04
3.000000000000000000e+00 -6.227944065200690998e-04
4.000000000000000000e+00 -6.223218554172658913e-04
5.000000000000000000e+00 -6.221539794090537139e-04
6.000000000000000000e+00 -6.159706970440487553e-04
7.000000000000000000e+00 -6.196858048820556722e-04
8.000000000000000000e+00 -6.076732690337355910e-04
9.000000000000000000e+00 -6.143348523409771118e-04
1.000000000000000000e+01 1.600478143122122457e-04
1.100000000000000000e+01 -3.848354005213840004e-04
1.200000000000000000e+01 -2.092033048581876944e-04
1.300000000000000000e+01 -2.761203331454993928e-04
1.400000000000000000e+01 -4.485985178240053852e-04
1.500000000000000000e+01 1.760489725612692825e-03
1.600000000000000000e+01 2.144432005054452885e-03
1.700000000000000000e+01 -4.384289691089958895e-04
1.800000000000000000e+01 -5.885476402792552079e-04
1.900000000000000000e+01 2.596425598018551641e-03
1.000000000000000000e+00 -6.258631059917619654e-04
2.000000000000000000e+00 5.513545193284808202e-04
3.000000000000000000e+00 -6.344414871629302415e-04
4.000000000000000000e+00 -6.341856155835293553e-04
5.000000000000000000e+00 -6.337427033759111903e-04
6.000000000000000000e+00 -6.321480970018930829e-04
7.000000000000000000e+00 -6.328998817872913234e-04
8.000000000000000000e+00 -6.167870529468714308e-04
9.000000000000000000e+00 -6.292966984134496867e-04
1.000000000000000000e+01 -3.401765424420311566e-04
1.100000000000000000e+01 6.357615866824943476e-04
1.200000000000000000e+01 5.847381574569909249e-04
1.300000000000000000e+01 1.036615594943644976e-03
1.400000000000000000e+01 -5.742197212508735318e-04
1.500000000000000000e+01 1.062811811002994103e-04
1.600000000000000000e+01 1.707754859081923784e-03
1.700000000000000000e+01 2.845569199278963281e-04
1.800000000000000000e+01 -6.231933463629687640e-04
1.900000000000000000e+01 1.639280227906463354e-03
1.000000000000000000e+00 -6.144605884749850455e-04
2.000000000000000000e+00 2.924554777766902856e-04
3.000000000000000000e+00 -6.185740769809806080e-04
4.000000000000000000e+00 -6.182235288363147931e-04
5.000000000000000000e+00 -6.178918343869733293e-04
6.000000000000000000e+00 -6.137055969549376098e-04
7.000000000000000000e+00 -6.154688372160769388e-04
8.000000000000000000e+00 -6.026542079973861267e-04
9.000000000000000000e+00 -6.085983293651769672e-04
1.000000000000000000e+01 3.328075991264809812e-06
1.100000000000000000e+01 4.226437925902522719e-04
1.200000000000000000e+01 4.358554808299490110e-04
1.300000000000000000e+01 1.840561270461792012e-04
1.400000000000000000e+01 -3.787181574375610908e-04
1.500000000000000000e+01 1.197040882584837914e-04
1.600000000000000000e+01 1.702990423121844565e-03
1.700000000000000000e+01 1.550431931632090601e-04
1.800000000000000000e+01 -6.002422063863298643e-04
1.900000000000000000e+01 2.502800309049083537e-03
1.000000000000000000e+00 -6.048156942850002344e-04
2.000000000000000000e+00 1.149363631207582872e-04
3.000000000000000000e+00 -6.072555432497091189e-04
4.000000000000000000e+00 -6.067740802682461800e-04
5.000000000000000000e+00 -6.069877010701022748e-04
6.000000000000000000e+00 -6.026868383396177331e-04
7.000000000000000000e+00 -6.045518879725244417e-04
8.000000000000000000e+00 -4.881166979291412110e-04
9.000000000000000000e+00 -5.991590729858719449e-04
1.000000000000000000e+01 4.194340129569518053e-04
1.100000000000000000e+01 1.166636843473250855e-03
1.200000000000000000e+01 1.689965846372637373e-04
1.300000000000000000e+01 1.033928739357225981e-03
1.400000000000000000e+01 -1.870276694439026934e-04
1.500000000000000000e+01 3.885976506969151525e-04
1.600000000000000000e+01 1.357079986364962115e-03
1.700000000000000000e+01 3.088583836061594952e-04
1.800000000000000000e+01 -5.800443110489812140e-04
1.900000000000000000e+01 4.609513480736345567e-04
1.000000000000000000e+00 -5.967900843231766254e-04
2.000000000000000000e+00 5.402288463076761931e-04
3.000000000000000000e+00 -6.021649667288713013e-04
4.000000000000000000e+00 -6.017908854724371773e-04
5.000000000000000000e+00 -6.017639516219738804e-04
6.000000000000000000e+00 -5.849716053128208026e-04
7.000000000000000000e+00 -5.994183163981873803e-04
8.000000000000000000e+00 -5.561918261128735719e-04
9.000000000000000000e+00 -5.882469558570789861e-04
1.000000000000000000e+01 2.500281573480061647e-04
1.100000000000000000e+01 1.265317377146512115e-03
1.200000000000000000e+01 -2.066422766757375687e-04
1.300000000000000000e+01 6.838567611973582309e-04
1.400000000000000000e+01 -5.427353481600823886e-04
1.500000000000000000e+01 9.911275662353022028e-04
1.600000000000000000e+01 1.330885803111055490e-03
1.700000000000000000e+01 -3.680454694476988173e-04
1.800000000000000000e+01 -5.853553827706632238e-04
1.900000000000000000e+01 1.283114634118289474e-03
1.000000000000000000e+00 -5.876696926479808283e-04
2.000000000000000000e+00 8.601933471711053223e-05
3.000000000000000000e+00 -5.908614381366451623e-04
4.000000000000000000e+00 -5.897906135364087195e-04
5.000000000000000000e+00 -5.875702032277631097e-04
6.000000000000000000e+00 -5.876415345315874703e-04
7.000000000000000000e+00 -5.894513558442098433e-04
8.000000000000000000e+00 -5.516109331560980870e-04
9.000000000000000000e+00 -5.814619026166614486e-04
1.000000000000000000e+01 9.189771100200978165e-04
1.100000000000000000e+01 1.226961188461109069e-03
1.200000000000000000e+01 4.448097301306381353e-04
1.300000000000000000e+01 3.104970554496470090e-04
1.400000000000000000e+01 -5.722819951938906257e-04
1.500000000000000000e+01 -5.862795767283615012e-06
1.600000000000000000e+01 6.785109157909414599e-04
1.700000000000000000e+01 1.234114360904764972e-03
1.800000000000000000e+01 -5.687057855363146768e-04
1.900000000000000000e+01 8.286908340760816213e-04
1.000000000000000000e+00 -5.995043430819373695e-04
2.000000000000000000e+00 5.764139400077438835e-05
3.000000000000000000e+00 -6.037433483188417698e-04
4.000000000000000000e+00 -6.037209034434557614e-04
5.000000000000000000e+00 -6.025462882982523779e-04
6.000000000000000000e+00 -6.011713929632729863e-04
7.000000000000000000e+00 -6.007950166940395935e-04
8.000000000000000000e+00 -5.910211608942734412e-04
9.000000000000000000e+00 -5.867517002610172974e-04
1.000000000000000000e+01 8.534415633348677163e-04
1.100000000000000000e+01 6.577624866183141069e-04
1.200000000000000000e+01 6.553757047188084068e-05
1.300000000000000000e+01 6.066335392495240258e-04
1.400000000000000000e+01 -5.106706342552314124e-04
1.500000000000000000e+01 -8.175329095511296360e-05
1.600000000000000000e+01 1.025227069729008457e-03
1.700000000000000000e+01 8.305556769210817617e-04
1.800000000000000000e+01 -4.616342588270492490e-04
1.900000000000000000e+01 1.687780551859967499e-03
1.000000000000000000e+00 -6.777743060943492142e-04
2.000000000000000000e+00 9.779101908593157855e-04
3.000000000000000000e+00 -6.913839681021204456e-04
4.000000000000000000e+00 -6.911971315182250785e-04
5.000000000000000000e+00 -6.892158747575565046e-04
6.000000000000000000e+00 -6.819462847148572739e-04
7.000000000000000000e+00 -6.879097799290527677e-04
8.000000000000000000e+00 -6.801457989157720261e-04
9.000000000000000000e+00 -6.846417134431990971e-04
1.000000000000000000e+01 1.164243443963071763e-04
1.100000000000000000e+01 5.999663620677390122e-05
1.200000000000000000e+01 3.745978089584726966e-04
1.300000000000000000e+01 2.361295220110049941e-04
1.400000000000000000e+01 -1.104561571854913220e-04
1.500000000000000000e+01 8.294534370570318029e-04
1.600000000000000000e+01 1.657877083279147993e-03
1.700000000000000000e+01 -2.995796345129479472e-04
1.800000000000000000e+01 -5.969330411257568920e-04
1.900000000000000000e+01 2.205214771916859037e-03
1.000000000000000000e+00 -6.439011535956228743e-04
2.000000000000000000e+00 1.330511689638467793e-03
3.000000000000000000e+00 -6.473355369319669546e-04
4.000000000000000000e+00 -6.471739338291873905e-04
5.000000000000000000e+00 -6.456461859779100924e-04
6.000000000000000000e+00 -6.442598703146336196e-04
7.000000000000000000e+00 -6.424639071741327073e-04
8.000000000000000000e+00 -6.198777651026964909e-04
9.000000000000000000e+00 -6.325767044297871079e-04
1.000000000000000000e+01 8.976667114859491299e-04
1.100000000000000000e+01 2.473068835255589010e-04
1.200000000000000000e+01 5.812210264982343088e-04
1.300000000000000000e+01 2.532491462379909421e-04
1.400000000000000000e+01 -2.457458650799312591e-04
1.500000000000000000e+01 6.980227491156187859e-05
1.600000000000000000e+01 4.567320096859434032e-04
1.700000000000000000e+01 1.281605558632285076e-03
1.800000000000000000e+01 -4.902999235413114899e-04
1.900000000000000000e+01 6.997690205150420726e-04
1.000000000000000000e+00 -5.661056783190285659e-04
2.000000000000000000e+00 6.334397290695159858e-04
3.000000000000000000e+00 -5.696063073973887470e-04
4.000000000000000000e+00 -5.695172080435835157e-04
5.000000000000000000e+00 -5.685931593254171671e-04
6.000000000000000000e+00 -5.664511972569844433e-04
7.000000000000000000e+00 -5.632196054749724623e-04
8.000000000000000000e+00 -5.555092324109580293e-04
9.000000000000000000e+00 -5.634951148628768169e-04
1.000000000000000000e+01 2.774069376691135308e-05
1.100000000000000000e+01 1.602909911441360283e-04
1.200000000000000000e+01 4.131163794090367334e-04
1.300000000000000000e+01 -2.692962043402458329e-06
1.400000000000000000e+01 -3.825136158141509359e-04
1.500000000000000000e+01 6.709756943233485772e-04
1.600000000000000000e+01 1.321316960829337431e-03
1.700000000000000000e+01 1.386702171826405500e-04
1.800000000000000000e+01 -5.440059030942533168e-04
1.900000000000000000e+01 1.983447376250405559e-03
1.000000000000000000e+00 -6.030503749928662347e-04
2.000000000000000000e+00 5.243090526198301892e-04
3.000000000000000000e+00 -6.078900008846629304e-04
4.000000000000000000e+00 -6.067557865151544921e-04
5.000000000000000000e+00 -6.067685052778731868e-04
6.000000000000000000e+00 -6.058306165248584195e-04
7.000000000000000000e+00 -5.945381423997512030e-04
8.000000000000000000e+00 -5.627108985845872841e-04
9.000000000000000000e+00 -5.840746180881876927e-04
1.000000000000000000e+01 1.013400833268777350e-03
1.100000000000000000e+01 1.258075351867956855e-03
1.200000000000000000e+01 8.043545291234177868e-04
1.300000000000000000e+01 9.781018007932369435e-04
1.400000000000000000e+01 -4.591472334518827982e-04
1.500000000000000000e+01 -1.528915964179049963e-04
1.600000000000000000e+01 2.410070236196322697e-04
1.700000000000000000e+01 1.031930755726569345e-03
1.800000000000000000e+01 -5.815762530985762666e-04
1.900000000000000000e+01 5.342923876963356743e-05
1.000000000000000000e+00 -5.895572454079191314e-04
2.000000000000000000e+00 2.398558883381977610e-04
3.000000000000000000e+00 -5.912467045378544048e-04
4.000000000000000000e+00 -5.909768899298045459e-04
5.000000000000000000e+00 -5.907968548232988290e-04
6.000000000000000000e+00 -5.838595655330683408e-04
7.000000000000000000e+00 -5.825665036307627097e-04
8.000000000000000000e+00 -5.748173806067797447e-04
9.000000000000000000e+00 -5.846949715680541679e-04
1.000000000000000000e+01 9.581620905948687707e-04
1.100000000000000000e+01 5.180023054093758949e-04
1.200000000000000000e+01 4.063197537341360155e-04
1.300000000000000000e+01 1.162100725353416549e-03
1.400000000000000000e+01 -5.599957074069759682e-04
1.500000000000000000e+01 -9.938022180127366442e-05
1.600000000000000000e+01 1.217490341156934842e-03
1.700000000000000000e+01 6.485146469044618476e-04
1.800000000000000000e+01 -5.808174849349653042e-04
1.900000000000000000e+01 7.185192214822938052e-04
