1.000000000000000000e+00 -4.282567939245172884e-04
2.000000000000000000e+00 1.828967780662410286e-03
3.000000000000000000e+00 -4.417898525118476227e-04
4.000000000000000000e+00 -4.415830603932907952e-04
5.000000000000000000e+00 -4.416671538597372049e-04
6.000000000000000000e+00 -4.403770360255016892e-04
7.000000000000000000e+00 -4.395036427676546906e-04
8.000000000000000000e+00 -4.377705359662705832e-04
9.000000000000000000e+00 -4.399799068293528846e-04
1.000000000000000000e+01 1.827563348746964506e-04
1.100000000000000000e+01 2.191082748345288907e-04
1.200000000000000000e+01 1.164603170617483632e-04
1.300000000000000000e+01 -4.378833353771168608e-05
1.400000000000000000e+01 -4.032459883202243176e-04
1.500000000000000000e+01 -1.649845121048804379e-04
1.600000000000000000e+01 7.772436151190000595e-04
1.700000000000000000e+01 3.253229794470039837e-04
1.800000000000000000e+01 -1.510590393370568510e-04
1.900000000000000000e+01 7.921635647427073762e-04
1.000000000000000000e+00 -4.080456901008203477e-04
2.000000000000000000e+00 1.196469510015745266e-03
3.000000000000000000e+00 -4.177729457401908159e-04
4.000000000000000000e+00 -4.177729457401908159e-04
5.000000000000000000e+00 -4.175526866964023942e-04
6.000000000000000000e+00 -4.149489451220725626e-04
7.000000000000000000e+00 -4.171280296540983042e-04
8.000000000000000000e+00 -3.997719166572290088e-04
9.000000000000000000e+00 -4.150264703046397763e-04
1.000000000000000000e+01 4.863630945556422520e-04
1.100000000000000000e+01 3.938935989533145490e-04
1.200000000000000000e+01 5.716507206442598054e-04
1.300000000000000000e+01 1.652751214819116535e-04
1.400000000000000000e+01 -2.935186321914095100e-04
1.500000000000000000e+01 6.606225080586204613e-05
1.600000000000000000e+01 6.973729339819952089e-05
1.700000000000000000e+01 4.358257499540930035e-04
1.800000000000000000e+01 -4.100576224961560972e-04
1.900000000000000000e+01 5.507155482565210354e-04
1.000000000000000000e+00 -3.924575100745684932e-04
2.000000000000000000e+00 6.254031863925705020e-04
3.000000000000000000e+00 -3.947852438098652366e-04
4.000000000000000000e+00 -3.947852438098652366e-04
5.000000000000000000e+00 -3.942305561228246283e-04
6.000000000000000000e+00 -3.912942495100474273e-04
7.000000000000000000e+00 -3.941891351255212626e-04
8.000000000000000000e+00 -3.893674129893733319e-04
9.000000000000000000e+00 -3.942198842809202584e-04
1.000000000000000000e+01 1.434643001649835202e-04
1.100000000000000000e+01 5.259863540814620556e-04
1.200000000000000000e+01 5.913347138514294657e-04
1.300000000000000000e+01 -1.283634536937018809e-05
1.400000000000000000e+01 -3.679846568459482574e-04
1.500000000000000000e+01 1.303210204784534070e-04
1.600000000000000000e+01 4.076978097586224565e-04
1.700000000000000000e+01 4.147293451777629117e-04
1.800000000000000000e+01 -3.805532411149773766e-04
1.900000000000000000e+01 1.016636987059881328e-03
1.000000000000000000e+00 -4.681659690041725165e-04
2.000000000000000000e+00 3.731973498276336290e-04
3.000000000000000000e+00 -4.708467220875866893e-04
4.000000000000000000e+00 -4.708467220875866893e-04
5.000000000000000000e+00 -4.708467220875866893e-04
6.000000000000000000e+00 -4.689391194972109857e-04
7.000000000000000000e+00 -4.695815332873838730e-04
8.000000000000000000e+00 -4.622295313625528440e-04
9.000000000000000000e+00 -4.682538065219820299e-04
1.000000000000000000e+01 4.438121707928250042e-04
1.100000000000000000e+01 1.497365173594482281e-04
1.200000000000000000e+01 5.614320107278839142e-04
1.300000000000000000e+01 6.004835271171773438e-05
1.400000000000000000e+01 -3.114197100564079931e-04
1.500000000000000000e+01 1.485532095420974853e-04
1.600000000000000000e+01 8.262281911462900173e-04
1.700000000000000000e+01 5.800180522038472179e-04
1.800000000000000000e+01 -4.494109592132088842e-04
1.900000000000000000e+01 1.323707809684122839e-03
1.000000000000000000e+00 -4.193319236667902980e-04
2.000000000000000000e+00 2.497105964281417850e-04
3.000000000000000000e+00 -4.226982817126672429e-04
4.000000000000000000e+00 -4.226661107246138666e-04
5.000000000000000000e+00 -4.226982817126672429e-04
6.000000000000000000e+00 -4.190776726298732534e-04
7.000000000000000000e+00 -4.211266254666412275e-04
8.000000000000000000e+00 -4.182934350809298625e-04
9.000000000000000000e+00 -4.190764043162800516e-04
1.000000000000000000e+01 3.067313854438185466e-04
1.100000000000000000e+01 8.195180907007374848e-04
1.200000000000000000e+01 1.268738407245276504e-03
1.300000000000000000e+01 6.118141308613569279e-04
1.400000000000000000e+01 -3.095774084530712863e-04
1.500000000000000000e+01 -1.726624639324723215e-04
1.600000000000000000e+01 5.081913956766393077e-04
1.700000000000000000e+01 -2.924214136022581395e-05
1.800000000000000000e+01 -3.647628231469565501e-04
1.900000000000000000e+01 4.217695963833447336e-04
1.000000000000000000e+00 -4.811133654853665532e-04
2.000000000000000000e+00 5.618801487747792332e-04
3.000000000000000000e+00 -4.946177720394929209e-04
4.000000000000000000e+00 -4.946177720394929209e-04
5.000000000000000000e+00 -4.946177720394929209e-04
6.000000000000000000e+00 -4.927162247072733271e-04
7.000000000000000000e+00 -4.918096149771342736e-04
8.000000000000000000e+00 -4.786132194422150704e-04
9.000000000000000000e+00 -4.917373871738139630e-04
1.000000000000000000e+01 7.315092136640941002e-04
1.100000000000000000e+01 5.764013249178544891e-04
1.200000000000000000e+01 6.898847114875576551e-04
1.300000000000000000e+01 5.069604915931413954e-04
1.400000000000000000e+01 -3.749888585063633657e-04
1.500000000000000000e+01 2.383266830984621487e-04
1.600000000000000000e+01 1.378516087914382737e-04
1.700000000000000000e+01 1.050165372260691062e-03
1.800000000000000000e+01 -3.389226048247179430e-04
1.900000000000000000e+01 7.872873459178260803e-05
1.000000000000000000e+00 -5.444422296231307473e-04
2.000000000000000000e+00 4.552873620589035488e-04
3.000000000000000000e+00 -5.538917317109381911e-04
4.000000000000000000e+00 -5.535385892884680777e-04
5.000000000000000000e+00 -5.538917317109381911e-04
6.000000000000000000e+00 -5.532759667569379491e-04
7.000000000000000000e+00 -5.506772582758765562e-04
8.000000000000000000e+00 -5.504643448276689893e-04
9.000000000000000000e+00 -5.484119543299003198e-04
1.000000000000000000e+01 5.903142092314913854e-04
1.100000000000000000e+01 2.777303341673726593e-04
1.200000000000000000e+01 3.040780184558377133e-04
1.300000000000000000e+01 2.814268285025798948e-04
1.400000000000000000e+01 -5.298092680049780283e-04
1.500000000000000000e+01 9.258995001726399115e-06
1.600000000000000000e+01 2.047239357541649242e-03
1.700000000000000000e+01 1.246968314014343653e-04
1.800000000000000000e+01 -4.839217000840069917e-04
1.900000000000000000e+01 1.282596904871412171e-03
1.000000000000000000e+00 -5.136624705421834669e-04
2.000000000000000000e+00 8.279412720754204683e-04
3.000000000000000000e+00 -5.282965448401232521e-04
4.000000000000000000e+00 -5.282516550893511268e-04
5.000000000000000000e+00 -5.281691758402052347e-04
6.000000000000000000e+00 -5.250548363463139858e-04
7.000000000000000000e+00 -5.266528985186058305e-04
8.000000000000000000e+00 -5.246721547836603970e-04
9.000000000000000000e+00 -5.267698010164606915e-04
1.000000000000000000e+01 3.101723527497601178e-04
1.100000000000000000e+01 -3.765989831983659452e-05
1.200000000000000000e+01 -8.897492239067156597e-05
1.300000000000000000e+01 1.739006301166701575e-04
1.400000000000000000e+01 -4.004453909334001051e-04
1.500000000000000000e+01 3.410755236911347651e-04
1.600000000000000000e+01 1.549548323805601023e-03
1.700000000000000000e+01 5.506321399561310038e-04
1.800000000000000000e+01 -3.634244965015420779e-04
1.900000000000000000e+01 1.310651916466040560e-03
1.000000000000000000e+00 -4.435478425842570593e-04
2.000000000000000000e+00 1.460655495671624345e-03
3.000000000000000000e+00 -4.523630984845970022e-04
4.000000000000000000e+00 -4.522780120024516809e-04
5.000000000000000000e+00 -4.523630984845970022e-04
6.000000000000000000e+00 -4.509862773598767192e-04
7.000000000000000000e+00 -4.506550758557059948e-04
8.000000000000000000e+00 -4.473862336775501040e-04
9.000000000000000000e+00 -4.489269104895854639e-04
1.000000000000000000e+01 3.930167938944567857e-04
1.100000000000000000e+01 3.189268055089030979e-04
1.200000000000000000e+01 3.657685359970197568e-04
1.300000000000000000e+01 -1.282787675354477768e-04
1.400000000000000000e+01 -4.079935023364953122e-04
1.500000000000000000e+01 1.721066615864255852e-04
1.600000000000000000e+01 8.580423022692689090e-04
1.700000000000000000e+01 4.963027959473013744e-05
1.800000000000000000e+01 -4.356835507913938538e-04
1.900000000000000000e+01 8.787429637580896746e-04
1.000000000000000000e+00 -4.584738061083174529e-04
2.000000000000000000e+00 1.076566543235252943e-03
3.000000000000000000e+00 -4.627305589907706193e-04
4.000000000000000000e+00 -4.626005147430792925e-04
5.000000000000000000e+00 -4.627305589907706193e-04
6.000000000000000000e+00 -4.618802382875087189e-04
7.000000000000000000e+00 -4.624204116217996955e-04
8.000000000000000000e+00 -4.573952572969254993e-04
9.000000000000000000e+00 -4.567771267243131254e-04
1.000000000000000000e+01 6.689592831820141911e-05
1.100000000000000000e+01 1.788978829819034330e-04
1.200000000000000000e+01 3.242954931363586230e-04
1.300000000000000000e+01 -7.794408093746961485e-05
1.400000000000000000e+01 -2.993213400467507022e-04
1.500000000000000000e+01 2.504246549702803361e-04
1.600000000000000000e+01 1.144601212957830922e-03
1.700000000000000000e+01 4.479008876438272469e-04
1.800000000000000000e+01 -4.481461098912654819e-04
1.900000000000000000e+01 9.619271982997145472e-04
1.000000000000000000e+00 -5.168278053552343007e-04
2.000000000000000000e+00 4.412030436541151371e-04
3.000000000000000000e+00 -5.333987591643689873e-04
4.000000000000000000e+00 -5.333987591643689873e-04
5.000000000000000000e+00 -5.333987591643689873e-04
6.000000000000000000e+00 -5.324775398607967504e-04
7.000000000000000000e+00 -5.294413214884439002e-04
8.000000000000000000e+00 -5.276426147615159322e-04
9.000000000000000000e+00 -5.292587892680965245e-04
1.000000000000000000e+01 1.028251494261259787e-04
1.100000000000000000e+01 -2.859200824972909540e-04
1.200000000000000000e+01 2.988655607506167768e-04
1.300000000000000000e+01 3.425543152159819517e-05
1.400000000000000000e+01 -5.213368591647939533e-04
1.500000000000000000e+01 4.868322476272352083e-04
1.600000000000000000e+01 1.620586069252240476e-03
1.700000000000000000e+01 2.688791209965920572e-04
1.800000000000000000e+01 -3.102501178238785623e-04
1.900000000000000000e+01 2.054577684142278992e-03
1.000000000000000000e+00 -4.633275176926764105e-04
2.000000000000000000e+00 5.580035746475916136e-04
3.000000000000000000e+00 -4.844346299237382294e-04
4.000000000000000000e+00 -4.844346299237382294e-04
5.000000000000000000e+00 -4.844346299237382294e-04
6.000000000000000000e+00 -4.829397241396167517e-04
7.000000000000000000e+00 -4.822056225476720323e-04
8.000000000000000000e+00 -4.546677429177055601e-04
9.000000000000000000e+00 -4.782097500468975851e-04
1.000000000000000000e+01 1.335375123522160789e-04
1.100000000000000000e+01 6.716983761610557328e-04
1.200000000000000000e+01 2.565473557766610973e-04
1.300000000000000000e+01 2.073291645047927020e-04
1.400000000000000000e+01 -3.414847796909748412e-04
1.500000000000000000e+01 -1.017378292459584317e-04
1.600000000000000000e+01 1.817065797163457943e-03
1.700000000000000000e+01 2.424590487091671020e-05
1.800000000000000000e+01 -4.658882522299515744e-04
1.900000000000000000e+01 1.018947796795468879e-03
1.000000000000000000e+00 -3.561244562731730331e-04
2.000000000000000000e+00 3.524715453134012397e-04
3.000000000000000000e+00 -3.576783004215550372e-04
4.000000000000000000e+00 -3.576783004215550372e-04
5.000000000000000000e+00 -3.576573518711947193e-04
6.000000000000000000e+00 -3.534883629858192461e-04
7.000000000000000000e+00 -3.566801447490296098e-04
8.000000000000000000e+00 -3.556489977007256591e-04
9.000000000000000000e+00 -3.540702941524843288e-04
1.000000000000000000e+01 2.997003678480136802e-04
1.100000000000000000e+01 5.387737410669936724e-04
1.200000000000000000e+01 4.381155353262556978e-04
1.300000000000000000e+01 2.779436740317239407e-04
1.400000000000000000e+01 -3.440260916100324829e-04
1.500000000000000000e+01 -1.141911127943216850e-04
1.600000000000000000e+01 7.187192602652728085e-04
1.700000000000000000e+01 3.601075637597364577e-04
1.800000000000000000e+01 -3.177457322764518522e-04
1.900000000000000000e+01 6.028783221886388835e-04
1.000000000000000000e+00 -4.829120634965418466e-04
2.000000000000000000e+00 7.635252659677482919e-04
3.000000000000000000e+00 -5.006367482292797995e-04
4.000000000000000000e+00 -5.006367482292797995e-04
5.000000000000000000e+00 -5.006367482292797995e-04
6.000000000000000000e+00 -4.982308409039046737e-04
7.000000000000000000e+00 -4.994930156779841353e-04
8.000000000000000000e+00 -4.922323232632300942e-04
9.000000000000000000e+00 -4.995007654756499329e-04
1.000000000000000000e+01 9.019064168986559585e-04
1.100000000000000000e+01 5.099925789603253386e-04
1.200000000000000000e+01 2.389986471235340710e-04
1.300000000000000000e+01 3.812728428539807193e-04
1.400000000000000000e+01 -4.760152238629536620e-04
1.500000000000000000e+01 7.287405663656707985e-05
1.600000000000000000e+01 5.129982105945135856e-04
1.700000000000000000e+01 3.894679357843493727e-04
1.800000000000000000e+01 -4.863678465229992953e-04
1.900000000000000000e+01 1.135272657048895214e-03
1.000000000000000000e+00 -4.878796165040496157e-04
2.000000000000000000e+00 1.023435463973624117e-03
3.000000000000000000e+00 -4.917292993453290092e-04
4.000000000000000000e+00 -4.916546735354090925e-04
5.000000000000000000e+00 -4.917292993453290092e-04
6.000000000000000000e+00 -4.879411310088413987e-04
7.000000000000000000e+00 -4.903574251618301886e-04
8.000000000000000000e+00 -4.846589087052605681e-04
9.000000000000000000e+00 -4.896378534688691601e-04
1.000000000000000000e+01 2.560619101567508833e-04
1.100000000000000000e+01 6.467485751167803120e-04
1.200000000000000000e+01 1.951143627938517662e-04
1.300000000000000000e+01 3.563159485961891131e-05
1.400000000000000000e+01 -3.159341719833249620e-04
1.500000000000000000e+01 8.581978046987775793e-05
1.600000000000000000e+01 8.909459524988169905e-04
1.700000000000000000e+01 5.789871730450403108e-04
1.800000000000000000e+01 -4.062081192338128435e-04
1.900000000000000000e+01 8.826430761431313093e-04
1.000000000000000000e+00 -4.923681546870718262e-04
2.000000000000000000e+00 3.509089645004114313e-04
3.000000000000000000e+00 -4.999760929672790151e-04
4.000000000000000000e+00 -4.998769954417109493e-04
5.000000000000000000e+00 -4.999760929672790151e-04
6.000000000000000000e+00 -4.957249823961404692e-04
7.000000000000000000e+00 -4.973631693984731286e-04
8.000000000000000000e+00 -4.950317181699630037e-04
9.000000000000000000e+00 -4.965916914211127497e-04
1.000000000000000000e+01 -2.622357812439182301e-04
1.100000000000000000e+01 2.482143363364411391e-04
1.200000000000000000e+01 7.303132936347776381e-04
1.300000000000000000e+01 2.222805447210092044e-04
1.400000000000000000e+01 -2.834955422517843634e-04
1.500000000000000000e+01 1.846970494702190966e-04
1.600000000000000000e+01 5.801320990232761458e-04
1.700000000000000000e+01 5.805072861555132021e-04
1.800000000000000000e+01 -4.234508856773761855e-04
1.900000000000000000e+01 1.930394909542507273e-03
1.000000000000000000e+00 -4.023384660275301197e-04
2.000000000000000000e+00 4.916752730808741142e-04
3.000000000000000000e+00 -4.085681977868486892e-04
4.000000000000000000e+00 -4.084878043241022970e-04
5.000000000000000000e+00 -4.085681977868486892e-04
6.000000000000000000e+00 -4.064456471348862755e-04
7.000000000000000000e+00 -4.060160813691860576e-04
8.000000000000000000e+00 -2.658870159512550981e-04
9.000000000000000000e+00 -4.042345684532193438e-04
1.000000000000000000e+01 3.644847916747688066e-04
1.100000000000000000e+01 1.962965230928230098e-04
1.200000000000000000e+01 5.765181923835911932e-04
1.300000000000000000e+01 1.033874909837973789e-03
1.400000000000000000e+01 -2.923170697918551835e-04
1.500000000000000000e+01 -3.606379296895432011e-04
1.600000000000000000e+01 1.539159611591882837e-04
1.700000000000000000e+01 1.254980924369444861e-03
1.800000000000000000e+01 -3.956301398908076018e-04
1.900000000000000000e+01 4.125208515668350739e-05
1.000000000000000000e+00 -4.623374932796765475e-04
2.000000000000000000e+00 3.514309046366452310e-04
3.000000000000000000e+00 -4.709192619104647605e-04
4.000000000000000000e+00 -4.707921714472398564e-04
5.000000000000000000e+00 -4.708838602206512867e-04
6.000000000000000000e+00 -4.676375147386615475e-04
7.000000000000000000e+00 -4.701520261117163530e-04
8.000000000000000000e+00 -4.618803610118052644e-04
9.000000000000000000e+00 -4.675721755364176243e-04
1.000000000000000000e+01 7.119012738255017965e-04
1.100000000000000000e+01 9.154047517512485781e-04
1.200000000000000000e+01 2.943511194441501421e-04
1.300000000000000000e+01 1.715458553257741270e-04
1.400000000000000000e+01 -1.205639239664806956e-04
1.500000000000000000e+01 1.937457873136139508e-05
1.600000000000000000e+01 4.497835317101608042e-04
1.700000000000000000e+01 3.767259774680274263e-04
1.800000000000000000e+01 -3.807339881498491251e-04
1.900000000000000000e+01 9.023976841834983626e-04
1.000000000000000000e+00 -4.603532695825246946e-04
2.000000000000000000e+00 3.255438046909972364e-04
3.000000000000000000e+00 -4.664167455427093161e-04
4.000000000000000000e+00 -4.653338959304479522e-04
5.000000000000000000e+00 -4.664167455427093161e-04
6.000000000000000000e+00 -4.649003192363670750e-04
7.000000000000000000e+00 -4.646122523779220442e-04
8.000000000000000000e+00 -4.649024014600879398e-04
9.000000000000000000e+00 -4.651020037692840995e-04
1.000000000000000000e+01 6.684806884084791437e-04
1.100000000000000000e+01 4.447097270384921274e-04
1.200000000000000000e+01 3.738239992215035149e-04
1.300000000000000000e+01 2.944680816901082778e-04
1.400000000000000000e+01 -4.395158984387810227e-04
1.500000000000000000e+01 6.939254108899987504e-05
1.600000000000000000e+01 7.367960025847557172e-04
1.700000000000000000e+01 8.331191255207587212e-04
1.800000000000000000e+01 -4.598894204842218238e-04
1.900000000000000000e+01 8.117190594569627079e-04
1.000000000000000000e+00 -5.075187580859427498e-04
2.000000000000000000e+00 1.091011477753003195e-03
3.000000000000000000e+00 -5.210955359221743251e-04
4.000000000000000000e+00 -5.210339825517973670e-04
5.000000000000000000e+00 -5.210693502342238735e-04
6.000000000000000000e+00 -5.173847246745983969e-04
7.000000000000000000e+00 -5.176743150639786812e-04
8.000000000000000000e+00 -5.171315782204714958e-04
9.000000000000000000e+00 -5.183272083114097472e-04
1.000000000000000000e+01 -2.736134811549028917e-04
1.100000000000000000e+01 2.014486014858284698e-04
1.200000000000000000e+01 2.328413291421931714e-04
1.300000000000000000e+01 -2.884966024741512534e-04
1.400000000000000000e+01 -4.426218667986154176e-05
1.500000000000000000e+01 1.960186304914544343e-04
1.600000000000000000e+01 1.752725118782350825e-03
1.700000000000000000e+01 -1.160355209954457288e-04
1.800000000000000000e+01 -4.823745884652324754e-04
1.900000000000000000e+01 1.804617562018719437e-03
1.000000000000000000e+00 -5.174357644004731575e-04
2.000000000000000000e+00 6.529202576161124462e-04
3.000000000000000000e+00 -5.292388900472612791e-04
4.000000000000000000e+00 -5.292388900472612791e-04
5.000000000000000000e+00 -5.292388900472612791e-04
6.000000000000000000e+00 -5.269149259498377095e-04
7.000000000000000000e+00 -5.175750183343698742e-04
8.000000000000000000e+00 -5.227139445342204307e-04
9.000000000000000000e+00 -5.261648943262067042e-04
1.000000000000000000e+01 6.042450684639197539e-04
1.100000000000000000e+01 9.462634412059713106e-04
1.200000000000000000e+01 9.528675327327423698e-05
1.300000000000000000e+01 3.865900630902123860e-04
1.400000000000000000e+01 -4.912703514922381245e-04
1.500000000000000000e+01 2.449081372312050919e-05
1.600000000000000000e+01 5.263072242524898968e-04
1.700000000000000000e+01 6.292182023595003235e-04
1.800000000000000000e+01 -5.074034545651170134e-04
1.900000000000000000e+01 1.280484071771201965e-03
1.000000000000000000e+00 -4.206377236106890734e-04
2.000000000000000000e+00 3.424135238243117968e-04
3.000000000000000000e+00 -4.228365803613665509e-04
4.000000000000000000e+00 -4.227482971848480994e-04
5.000000000000000000e+00 -4.228365803613665509e-04
6.000000000000000000e+00 -4.214891396756905990e-04
7.000000000000000000e+00 -4.216196600267991959e-04
8.000000000000000000e+00 -4.213860506545343259e-04
9.000000000000000000e+00 -4.198221267166607983e-04
1.000000000000000000e+01 1.274342021395316214e-03
1.100000000000000000e+01 5.698382819300922561e-04
1.200000000000000000e+01 6.182971474757926111e-04
1.300000000000000000e+01 7.985940399312985204e-04
1.400000000000000000e+01 -2.308306913054075150e-04
1.500000000000000000e+01 -2.880239120928159238e-04
1.600000000000000000e+01 -1.191320021819985026e-04
1.700000000000000000e+01 7.347578780384139479e-04
1.800000000000000000e+01 -4.179952479465047434e-04
1.900000000000000000e+01 4.890808649009296028e-05
1.000000000000000000e+00 -3.966056562946069998e-04
2.000000000000000000e+00 6.666192657000579792e-05
3.000000000000000000e+00 -3.974331240338394478e-04
4.000000000000000000e+00 -3.973874861205544773e-04
5.000000000000000000e+00 -3.974331240338394478e-04
6.000000000000000000e+00 -3.960337803025629688e-04
7.000000000000000000e+00 -3.965625472353914846e-04
8.000000000000000000e+00 -3.945987307582697243e-04
9.000000000000000000e+00 -3.961711099041782726e-04
1.000000000000000000e+01 4.894592662026456785e-04
1.100000000000000000e+01 4.299059597573471757e-04
1.200000000000000000e+01 1.415052470003555474e-04
1.300000000000000000e+01 -1.917546887773229720e-04
1.400000000000000000e+01 -3.651996281361278803e-04
1.500000000000000000e+01 4.247777467758070882e-04
1.600000000000000000e+01 7.041723007372253582e-04
1.700000000000000000e+01 2.025118613273789404e-04
1.800000000000000000e+01 -3.511002933445455635e-04
1.900000000000000000e+01 1.588776405952669127e-03
1.000000000000000000e+00 -4.139866885065709599e-04
2.000000000000000000e+00 5.302589399378748790e-05
3.000000000000000000e+00 -4.151801132994355540e-04
4.000000000000000000e+00 -4.150693852475310398e-04
5.000000000000000000e+00 -4.151801132994355540e-04
6.000000000000000000e+00 -4.110763321210745311e-04
7.000000000000000000e+00 -4.130235222247772490e-04
8.000000000000000000e+00 -4.129911718072727580e-04
9.000000000000000000e+00 -4.126914012256394332e-04
1.000000000000000000e+01 5.789015148898991013e-04
1.100000000000000000e+01 9.183622865296936760e-04
1.200000000000000000e+01 7.436763604638580620e-04
1.300000000000000000e+01 6.466755684069785872e-04
1.400000000000000000e+01 -2.103667532558584291e-04
1.500000000000000000e+01 3.742085251706799123e-05
1.600000000000000000e+01 2.082479469072331252e-04
1.700000000000000000e+01 4.794599495853361492e-04
1.800000000000000000e+01 -3.705972640905098934e-04
1.900000000000000000e+01 1.556806207150874025e-04
1.000000000000000000e+00 -5.045101095627747660e-04
2.000000000000000000e+00 6.485970325150909859e-04
3.000000000000000000e+00 -5.127158983532974180e-04
4.000000000000000000e+00 -5.126723008832293968e-04
5.000000000000000000e+00 -5.127158983532974180e-04
6.000000000000000000e+00 -5.117434781756951623e-04
7.000000000000000000e+00 -5.073731840207371070e-04
8.000000000000000000e+00 -5.084519951748284368e-04
9.000000000000000000e+00 -5.092195691041669948e-04
1.000000000000000000e+01 4.224686379205077127e-04
1.100000000000000000e+01 1.049221067191511851e-04
1.200000000000000000e+01 2.001824200540492174e-04
1.300000000000000000e+01 9.590753046960821013e-05
1.400000000000000000e+01 -4.689179983010206354e-04
1.500000000000000000e+01 4.460077828931563915e-04
1.600000000000000000e+01 8.965754065545086327e-04
1.700000000000000000e+01 1.821424139612988252e-04
1.800000000000000000e+01 -4.930697327775099541e-04
1.900000000000000000e+01 2.004663271277906667e-03
1.000000000000000000e+00 -4.919193980766156746e-04
2.000000000000000000e+00 9.136734656400121628e-04
3.000000000000000000e+00 -5.112330488153364735e-04
4.000000000000000000e+00 -5.111584366083713653e-04
5.000000000000000000e+00 -5.108245520833103832e-04
6.000000000000000000e+00 -5.097498046500194540e-04
7.000000000000000000e+00 -5.068402634701702067e-04
8.000000000000000000e+00 -5.082394854226134117e-04
9.000000000000000000e+00 -5.081060647272179738e-04
1.000000000000000000e+01 2.385672243812572485e-04
1.100000000000000000e+01 2.797786164196519251e-04
1.200000000000000000e+01 4.896757223913273836e-04
1.300000000000000000e+01 -1.746767746605976988e-05
1.400000000000000000e+01 3.212354511666161211e-04
1.500000000000000000e+01 -1.538809659039698009e-04
1.600000000000000000e+01 6.526814733928978061e-04
1.700000000000000000e+01 5.783601516728294461e-04
1.800000000000000000e+01 -4.963929239985236498e-04
1.900000000000000000e+01 1.180430731053845389e-03
1.000000000000000000e+00 -4.575377465209422246e-04
2.000000000000000000e+00 1.256964101012120714e-03
3.000000000000000000e+00 -4.695747090656078246e-04
4.000000000000000000e+00 -4.695328119648872430e-04
5.000000000000000000e+00 -4.695747090656078246e-04
6.000000000000000000e+00 -4.683513137245654662e-04
7.000000000000000000e+00 -4.685512538404719646e-04
8.000000000000000000e+00 -4.655088526012919788e-04
9.000000000000000000e+00 -4.682601059127694055e-04
1.000000000000000000e+01 6.453594012149730004e-04
1.100000000000000000e+01 2.203540223573760397e-04
1.200000000000000000e+01 5.588390128684633416e-04
1.300000000000000000e+01 6.417440615012260687e-05
1.400000000000000000e+01 -4.168960871117757881e-04
1.500000000000000000e+01 7.218781447984942831e-05
1.600000000000000000e+01 9.022060673963540290e-04
1.700000000000000000e+01 6.072450624143650895e-04
1.800000000000000000e+01 -4.518576494367834923e-04
1.900000000000000000e+01 2.285141923806271905e-04
1.000000000000000000e+00 -4.778214154500884663e-04
2.000000000000000000e+00 6.103020079020380316e-05
3.000000000000000000e+00 -4.838204998805454714e-04
4.000000000000000000e+00 -4.837637075443413227e-04
5.000000000000000000e+00 -4.837882608777182149e-04
6.000000000000000000e+00 -4.825387614664540937e-04
7.000000000000000000e+00 -4.817186001333375678e-04
8.000000000000000000e+00 -4.827031726077560128e-04
9.000000000000000000e+00 -4.825763120992427940e-04
1.000000000000000000e+01 9.491794872742381848e-04
1.100000000000000000e+01 9.126235329014666543e-04
1.200000000000000000e+01 8.093871653933687677e-04
1.300000000000000000e+01 7.302643500022768354e-04
1.400000000000000000e+01 -3.532521255024413101e-04
1.500000000000000000e+01 -2.823414274539783270e-04
1.600000000000000000e+01 2.780703492868589837e-04
1.700000000000000000e+01 9.007204500005090058e-04
1.800000000000000000e+01 -4.663090910175959501e-04
1.900000000000000000e+01 2.577816115672035128e-04
1.000000000000000000e+00 -4.622033502707281727e-04
2.000000000000000000e+00 4.930797274977910668e-04
3.000000000000000000e+00 -4.727030675106414902e-04
4.000000000000000000e+00 -4.727030675106414902e-04
5.000000000000000000e+00 -4.727030675106414902e-04
6.000000000000000000e+00 -4.714162798092879909e-04
7.000000000000000000e+00 -4.705755925890489438e-04
8.000000000000000000e+00 -4.615738275473679330e-04
9.000000000000000000e+00 -4.721782655152512425e-04
1.000000000000000000e+01 3.411005760997041255e-04
1.100000000000000000e+01 2.045283017323446396e-04
1.200000000000000000e+01 1.461454693217064478e-04
1.300000000000000000e+01 -2.161704233443777136e-04
1.400000000000000000e+01 -3.937025593172061629e-04
1.500000000000000000e+01 1.102157373873239535e-03
1.600000000000000000e+01 1.506681625404037534e-03
1.700000000000000000e+01 1.311715536549091588e-04
1.800000000000000000e+01 -4.019007294814127326e-04
1.900000000000000000e+01 8.108649802635666155e-04
1.000000000000000000e+00 -4.640639296760939395e-04
2.000000000000000000e+00 1.239946306826475702e-03
3.000000000000000000e+00 -4.821595575931504336e-04
4.000000000000000000e+00 -4.820883461248801505e-04
5.000000000000000000e+00 -4.821595575931504336e-04
6.000000000000000000e+00 -4.808593871753329575e-04
7.000000000000000000e+00 -4.791652654707070328e-04
8.000000000000000000e+00 -3.957631766502008540e-04
9.000000000000000000e+00 -4.794903236213954203e-04
1.000000000000000000e+01 1.442688688267799112e-04
1.100000000000000000e+01 1.526428523398573915e-04
1.200000000000000000e+01 -1.032287257916850886e-04
1.300000000000000000e+01 2.874164610799431340e-04
1.400000000000000000e+01 -4.552902414906410283e-04
1.500000000000000000e+01 3.103602952287740210e-04
1.600000000000000000e+01 9.123219546493786542e-04
1.700000000000000000e+01 2.184093309018411407e-04
1.800000000000000000e+01 -4.023884870307633177e-04
1.900000000000000000e+01 1.362311834365877985e-03
1.000000000000000000e+00 -4.849493206424385799e-04
2.000000000000000000e+00 1.126198678605175437e-03
3.000000000000000000e+00 -5.086006223312052347e-04
4.000000000000000000e+00 -5.085305671140912410e-04
5.000000000000000000e+00 -5.085684513431519126e-04
6.000000000000000000e+00 -5.071326866720930835e-04
7.000000000000000000e+00 -5.075304552071165359e-04
8.000000000000000000e+00 -4.691989143450414558e-04
9.000000000000000000e+00 -5.058748114033634596e-04
1.000000000000000000e+01 2.814856267918551189e-04
1.100000000000000000e+01 8.366178112950099083e-05
1.200000000000000000e+01 2.758795527907044118e-04
1.300000000000000000e+01 -1.579531746856937093e-04
1.400000000000000000e+01 -2.799053518117050371e-04
1.500000000000000000e+01 8.068268938802156045e-05
1.600000000000000000e+01 1.348223451699691279e-03
1.700000000000000000e+01 6.915079336208141813e-04
1.800000000000000000e+01 -4.961835090212347518e-04
1.900000000000000000e+01 1.005498274320092969e-03
1.000000000000000000e+00 -5.243492694771524154e-04
2.000000000000000000e+00 4.839679008596050355e-04
3.000000000000000000e+00 -5.472849530746007806e-04
4.000000000000000000e+00 -5.469555439216621700e-04
5.000000000000000000e+00 -5.472849530746007806e-04
6.000000000000000000e+00 -5.429892351759416699e-04
7.000000000000000000e+00 -5.450358130015811250e-04
8.000000000000000000e+00 -4.085406882098877751e-04
9.000000000000000000e+00 -5.450307254964936688e-04
1.000000000000000000e+01 7.275327261862727084e-04
1.100000000000000000e+01 9.632090330632824991e-04
1.200000000000000000e+01 5.477307148201450947e-04
1.300000000000000000e+01 4.091066134759190000e-04
1.400000000000000000e+01 -5.099827247004288687e-04
1.500000000000000000e+01 8.441444198831493412e-05
1.600000000000000000e+01 1.033084717076101491e-03
1.700000000000000000e+01 5.479236007511381450e-04
1.800000000000000000e+01 -5.128625888815782630e-04
1.900000000000000000e+01 3.808696403069385897e-04
1.000000000000000000e+00 -4.478565875397217387e-04
2.000000000000000000e+00 -5.070746662484455232e-05
3.000000000000000000e+00 -4.507575212879944134e-04
4.000000000000000000e+00 -4.507365727376340956e-04
5.000000000000000000e+00 -4.507575212879944134e-04
6.000000000000000000e+00 -4.493626062901382367e-04
7.000000000000000000e+00 -4.500999000421379071e-04
8.000000000000000000e+00 -4.462919283945303880e-04
9.000000000000000000e+00 -4.476450700137784536e-04
1.000000000000000000e+01 3.887514835090140277e-04
1.100000000000000000e+01 4.047628347931006110e-04
1.200000000000000000e+01 4.694466020600857503e-04
1.300000000000000000e+01 5.982940998512987531e-04
1.400000000000000000e+01 -3.885793770668859691e-04
1.500000000000000000e+01 2.285857894849392365e-04
1.600000000000000000e+01 4.864513829229466014e-04
1.700000000000000000e+01 1.775575061865071599e-04
1.800000000000000000e+01 -4.279887595486444349e-04
1.900000000000000000e+01 1.673328724430958115e-03
1.000000000000000000e+00 -4.311557180336455229e-04
2.000000000000000000e+00 3.857446738921125077e-04
3.000000000000000000e+00 -4.404229874899906493e-04
4.000000000000000000e+00 -4.402099360689560171e-04
5.000000000000000000e+00 -4.404229874899906493e-04
6.000000000000000000e+00 -4.373535358035921666e-04
7.000000000000000000e+00 -4.387571191224415800e-04
8.000000000000000000e+00 -4.297371134900410095e-04
9.000000000000000000e+00 -4.375736073209326050e-04
1.000000000000000000e+01 8.239496027873810264e-04
1.100000000000000000e+01 6.090317701687536457e-04
1.200000000000000000e+01 7.427788654706693429e-04
1.300000000000000000e+01 -2.383009449483979231e-04
1.400000000000000000e+01 -5.454092222453504278e-05
1.500000000000000000e+01 2.367495575671929226e-05
1.600000000000000000e+01 6.448270874925523177e-04
1.700000000000000000e+01 4.118951675649364943e-05
1.800000000000000000e+01 -4.263934161950131948e-04
1.900000000000000000e+01 8.978206691413712385e-04
1.000000000000000000e+00 -4.862885870951073148e-04
2.000000000000000000e+00 6.452765173506198838e-04
3.000000000000000000e+00 -4.911995028341043217e-04
4.000000000000000000e+00 -4.911995028341043217e-04
5.000000000000000000e+00 -4.911995028341043217e-04
6.000000000000000000e+00 -4.899624705308955330e-04
7.000000000000000000e+00 -4.897520532248899727e-04
8.000000000000000000e+00 -4.773803394526159862e-04
9.000000000000000000e+00 -4.889888821185816182e-04
1.000000000000000000e+01 1.398242118941271173e-03
1.100000000000000000e+01 8.801276544333578450e-04
1.200000000000000000e+01 8.307301120767470902e-04
1.300000000000000000e+01 1.860236806102440307e-04
1.400000000000000000e+01 -2.973077159976396139e-04
1.500000000000000000e+01 -2.669009589539777854e-04
1.600000000000000000e+01 1.046369426609546039e-04
1.700000000000000000e+01 4.674676266050839025e-04
1.800000000000000000e+01 -4.589267760148088527e-04
1.900000000000000000e+01 3.376954611662756297e-04
1.000000000000000000e+00 -5.038640275994803446e-04
2.000000000000000000e+00 1.233026273260351543e-03
3.000000000000000000e+00 -5.183631440681346842e-04
4.000000000000000000e+00 -5.183631440681346842e-04
5.000000000000000000e+00 -5.183631440681346842e-04
6.000000000000000000e+00 -5.135445920682101071e-04
7.000000000000000000e+00 -5.170837453622653939e-04
8.000000000000000000e+00 -5.048543343670980300e-04
9.000000000000000000e+00 -5.126175435746349986e-04
1.000000000000000000e+01 6.668176111999143518e-04
1.100000000000000000e+01 9.534873593281042049e-04
1.200000000000000000e+01 1.708364643972257277e-04
1.300000000000000000e+01 1.059986538661360916e-03
1.400000000000000000e+01 -7.593290776949576659e-05
1.500000000000000000e+01 -3.999786406157224681e-04
1.600000000000000000e+01 -3.241818200002023341e-04
1.700000000000000000e+01 1.263513445703855730e-03
1.800000000000000000e+01 -4.989226862610801399e-04
1.900000000000000000e+01 -3.356600559160794160e-06
1.000000000000000000e+00 -4.946565068697009442e-04
2.000000000000000000e+00 1.085765687679614923e-04
3.000000000000000000e+00 -4.965179624076270382e-04
4.000000000000000000e+00 -4.965179624076270382e-04
5.000000000000000000e+00 -4.965179624076270382e-04
6.000000000000000000e+00 -4.927450468700056516e-04
7.000000000000000000e+00 -4.953224667268372712e-04
8.000000000000000000e+00 -4.950250023318588386e-04
9.000000000000000000e+00 -4.956730168147822826e-04
1.000000000000000000e+01 4.026696885657381490e-04
1.100000000000000000e+01 6.348636892558872247e-04
1.200000000000000000e+01 5.922103338836943705e-04
1.300000000000000000e+01 2.797658486280993947e-04
1.400000000000000000e+01 -4.061971334689235597e-06
1.500000000000000000e+01 5.212586997297204573e-05
1.600000000000000000e+01 8.018566775286374571e-04
1.700000000000000000e+01 4.355529160145859809e-04
1.800000000000000000e+01 -4.647757466142907992e-04
1.900000000000000000e+01 1.080392546804589352e-03
1.000000000000000000e+00 -4.068286245332389554e-04
2.000000000000000000e+00 4.673429086293054077e-04
3.000000000000000000e+00 -4.184052670128308483e-04
4.000000000000000000e+00 -4.183183441317903269e-04
5.000000000000000000e+00 -4.184052670128308483e-04
6.000000000000000000e+00 -4.174950252937656035e-04
7.000000000000000000e+00 -4.170646686134089182e-04
8.000000000000000000e+00 -3.904245588886683105e-04
9.000000000000000000e+00 -4.179267461561587743e-04
1.000000000000000000e+01 3.123228076356795481e-04
1.100000000000000000e+01 8.817653691127173452e-04
1.200000000000000000e+01 8.444256825165021843e-04
1.300000000000000000e+01 7.554304570712703408e-04
1.400000000000000000e+01 -3.139886531774495359e-04
1.500000000000000000e+01 -2.653282066511500272e-04
1.600000000000000000e+01 -1.723604959849701389e-05
1.700000000000000000e+01 3.512442533558316079e-04
1.800000000000000000e+01 -4.080295543086868071e-04
1.900000000000000000e+01 6.273856293050098475e-04
1.000000000000000000e+00 -5.094742420973485649e-04
2.000000000000000000e+00 3.657936428268813512e-04
3.000000000000000000e+00 -5.256912812310544003e-04
4.000000000000000000e+00 -5.255640061563003618e-04
5.000000000000000000e+00 -5.256912812310544003e-04
6.000000000000000000e+00 -5.204358214325274399e-04
7.000000000000000000e+00 -5.219178805213792226e-04
8.000000000000000000e+00 -5.052069090309958908e-04
9.000000000000000000e+00 -5.051492852951508777e-04
1.000000000000000000e+01 6.608029328593246381e-05
1.100000000000000000e+01 -3.617913117638580896e-04
1.200000000000000000e+01 -1.311837084741304844e-04
1.300000000000000000e+01 -2.440614953545331149e-04
1.400000000000000000e+01 -3.347804428280941975e-04
1.500000000000000000e+01 1.316961335647893550e-03
1.600000000000000000e+01 1.733880212807486620e-03
1.700000000000000000e+01 -3.912439968951536605e-04
1.800000000000000000e+01 -4.945553413591201536e-04
1.900000000000000000e+01 2.484184561256187751e-03
1.000000000000000000e+00 -5.212035946885292459e-04
2.000000000000000000e+00 4.499704833251633694e-04
3.000000000000000000e+00 -5.274804346138286344e-04
4.000000000000000000e+00 -5.274804346138286344e-04
5.000000000000000000e+00 -5.271534875957050630e-04
6.000000000000000000e+00 -5.263258158121509201e-04
7.000000000000000000e+00 -5.266405901290261435e-04
8.000000000000000000e+00 -5.113613020993879304e-04
9.000000000000000000e+00 -5.241746681865635605e-04
1.000000000000000000e+01 -3.023574958524197849e-04
1.100000000000000000e+01 4.735164813929302902e-04
1.200000000000000000e+01 5.920707395067408788e-04
1.300000000000000000e+01 8.208644366847828774e-04
1.400000000000000000e+01 -4.625319850571239983e-04
1.500000000000000000e+01 1.203036751039593248e-04
1.600000000000000000e+01 1.605374072979063021e-03
1.700000000000000000e+01 -1.385538760369532635e-06
1.800000000000000000e+01 -5.145544208387251624e-04
1.900000000000000000e+01 1.375071624724768724e-03
1.000000000000000000e+00 -4.102715595262851974e-04
2.000000000000000000e+00 1.130477821316418316e-04
3.000000000000000000e+00 -4.244209190888100555e-04
4.000000000000000000e+00 -4.244209190888100555e-04
5.000000000000000000e+00 -4.243517888726209848e-04
6.000000000000000000e+00 -4.236701448086239823e-04
7.000000000000000000e+00 -4.217307307368569724e-04
8.000000000000000000e+00 -4.108075693847740425e-04
9.000000000000000000e+00 -4.229734804915114780e-04
1.000000000000000000e+01 -4.204905419929997912e-05
1.100000000000000000e+01 1.779118510928643683e-04
1.200000000000000000e+01 1.305673162101447099e-04
1.300000000000000000e+01 4.634089099424320917e-05
1.400000000000000000e+01 -1.798436803326497328e-04
1.500000000000000000e+01 3.442638667361038211e-04
1.600000000000000000e+01 1.263317929306667338e-03
1.700000000000000000e+01 1.306896680124776855e-04
1.800000000000000000e+01 -4.125369693809807824e-04
1.900000000000000000e+01 1.728360674651189047e-03
1.000000000000000000e+00 -4.954381386195403887e-04
2.000000000000000000e+00 5.944251865159508520e-05
3.000000000000000000e+00 -4.978714364660035210e-04
4.000000000000000000e+00 -4.978523923293122835e-04
5.000000000000000000e+00 -4.978714364660035210e-04
6.000000000000000000e+00 -4.922658142637426721e-04
7.000000000000000000e+00 -4.934300037157472165e-04
8.000000000000000000e+00 -3.300722263261071003e-04
9.000000000000000000e+00 -4.935629428017675527e-04
1.000000000000000000e+01 2.995112765707748804e-04
1.100000000000000000e+01 9.902504793228032644e-04
1.200000000000000000e+01 -1.635720859840035122e-04
1.300000000000000000e+01 8.924179138861741516e-04
1.400000000000000000e+01 1.416232089467540597e-04
1.500000000000000000e+01 3.345638783221304281e-04
1.600000000000000000e+01 8.857078303296167044e-04
1.700000000000000000e+01 2.931634107578672661e-04
1.800000000000000000e+01 -4.882991777515879525e-04
1.900000000000000000e+01 4.951521567753973570e-04
1.000000000000000000e+00 -4.576854709455866659e-04
2.000000000000000000e+00 6.096496242036642107e-04
3.000000000000000000e+00 -4.605380857029633631e-04
4.000000000000000000e+00 -4.605380857029633631e-04
5.000000000000000000e+00 -4.605380857029633631e-04
6.000000000000000000e+00 -4.585903135871240263e-04
7.000000000000000000e+00 -4.580439509084083759e-04
8.000000000000000000e+00 -4.554566426750917716e-04
9.000000000000000000e+00 -4.591130531154657816e-04
1.000000000000000000e+01 2.834456924107166612e-04
1.100000000000000000e+01 6.987215923765935453e-04
1.200000000000000000e+01 -1.462178201507576642e-04
1.300000000000000000e+01 2.441822695134145300e-04
1.400000000000000000e+01 -4.271543247492773929e-04
1.500000000000000000e+01 8.220084933252229517e-04
1.600000000000000000e+01 1.212199579320474797e-03
1.700000000000000000e+01 -2.300596655440541544e-04
1.800000000000000000e+01 -4.361212979669508438e-04
1.900000000000000000e+01 9.937144961386357427e-04
1.000000000000000000e+00 -4.694794506281656102e-04
2.000000000000000000e+00 1.087949598131402238e-04
3.000000000000000000e+00 -4.766294538566002038e-04
4.000000000000000000e+00 -4.765266155184677489e-04
5.000000000000000000e+00 -4.764327007186705825e-04
6.000000000000000000e+00 -4.746784850463876826e-04
7.000000000000000000e+00 -4.750505588953522805e-04
8.000000000000000000e+00 -4.586200511833319563e-04
9.000000000000000000e+00 -4.755198945187495306e-04
1.000000000000000000e+01 7.830267913962733100e-04
1.100000000000000000e+01 9.902842048225880562e-04
1.200000000000000000e+01 3.935710897590176047e-04
1.300000000000000000e+01 3.314191306162032977e-04
1.400000000000000000e+01 -4.511314456526787286e-04
1.500000000000000000e+01 -9.289788365844454173e-05
1.600000000000000000e+01 5.969381720273700875e-04
1.700000000000000000e+01 7.285647338767641673e-04
1.800000000000000000e+01 -4.618108609830352991e-04
1.900000000000000000e+01 8.040193359734878554e-04
1.000000000000000000e+00 -4.504883391947013256e-04
2.000000000000000000e+00 3.247510356390947246e-05
3.000000000000000000e+00 -4.563412559894948744e-04
4.000000000000000000e+00 -4.563412559894948744e-04
5.000000000000000000e+00 -4.563412559894948744e-04
6.000000000000000000e+00 -4.552507751196022178e-04
7.000000000000000000e+00 -4.550757459004553768e-04
8.000000000000000000e+00 -4.534504914215594143e-04
9.000000000000000000e+00 -4.532192168993185322e-04
1.000000000000000000e+01 7.195607071002418052e-04
1.100000000000000000e+01 5.577135810412236442e-04
1.200000000000000000e+01 1.213360717403538563e-04
1.300000000000000000e+01 5.832223430567342725e-04
1.400000000000000000e+01 -3.695096659978908582e-04
1.500000000000000000e+01 -5.316695433753010884e-05
1.600000000000000000e+01 7.470107686000687815e-04
1.700000000000000000e+01 4.260568586660447494e-04
1.800000000000000000e+01 -3.650891957248295462e-04
1.900000000000000000e+01 1.175777019079907821e-03
1.000000000000000000e+00 -5.334673530935868466e-04
2.000000000000000000e+00 7.205410458830256758e-04
3.000000000000000000e+00 -5.481711276362968973e-04
4.000000000000000000e+00 -5.479836789194364455e-04
5.000000000000000000e+00 -5.472779032136607493e-04
6.000000000000000000e+00 -5.457398462659398663e-04
7.000000000000000000e+00 -5.467491945792097522e-04
8.000000000000000000e+00 -5.453079462979755010e-04
9.000000000000000000e+00 -5.464461641466275164e-04
1.000000000000000000e+01 8.583422687128899951e-05
1.100000000000000000e+01 1.479584541923129189e-04
1.200000000000000000e+01 1.693939672033938418e-04
1.300000000000000000e+01 1.339959327162655036e-04
1.400000000000000000e+01 1.678578228595396438e-05
1.500000000000000000e+01 3.359289015759992815e-04
1.600000000000000000e+01 1.535822079964114595e-03
1.700000000000000000e+01 -2.627679127106112588e-04
1.800000000000000000e+01 -4.155524413071558253e-04
1.900000000000000000e+01 1.865080093360973112e-03
1.000000000000000000e+00 -4.188835378077355683e-04
2.000000000000000000e+00 8.832701573867632544e-04
3.000000000000000000e+00 -4.203155564841520430e-04
4.000000000000000000e+00 -4.203155564841520430e-04
5.000000000000000000e+00 -4.203155564841520430e-04
6.000000000000000000e+00 -4.178591417115608058e-04
7.000000000000000000e+00 -4.045796603385920379e-04
8.000000000000000000e+00 -3.988593584260632409e-04
9.000000000000000000e+00 -4.154897421257746303e-04
1.000000000000000000e+01 5.561702047803000672e-04
1.100000000000000000e+01 1.097228640747413818e-04
1.200000000000000000e+01 4.076194639289412312e-04
1.300000000000000000e+01 1.303406428493335549e-04
1.400000000000000000e+01 -1.702230939642243406e-04
1.500000000000000000e+01 5.929825246837187224e-05
1.600000000000000000e+01 4.265064662238713029e-04
1.700000000000000000e+01 6.771230181142202627e-04
1.800000000000000000e+01 -3.653471174120715174e-04
1.900000000000000000e+01 5.716703458268574192e-04
1.000000000000000000e+00 -5.220185189559879528e-04
2.000000000000000000e+00 6.638166549219028578e-04
3.000000000000000000e+00 -5.364326357423036254e-04
4.000000000000000000e+00 -5.364326357423036254e-04
5.000000000000000000e+00 -5.364326357423036254e-04
6.000000000000000000e+00 -5.324352578478669124e-04
7.000000000000000000e+00 -5.335845384614332438e-04
8.000000000000000000e+00 -5.333618444887392373e-04
9.000000000000000000e+00 -5.304551573383546820e-04
1.000000000000000000e+01 8.504710256243665299e-05
1.100000000000000000e+01 -4.101785580265732075e-05
1.200000000000000000e+01 4.015267977311906523e-04
1.300000000000000000e+01 -2.483903175611652694e-04
1.400000000000000000e+01 -4.206407116170462254e-04
1.500000000000000000e+01 7.168686999701581785e-04
1.600000000000000000e+01 1.848046403075639813e-03
1.700000000000000000e+01 9.062905215796689931e-05
1.800000000000000000e+01 -5.038999159721888662e-04
1.900000000000000000e+01 1.593531861889171605e-03
1.000000000000000000e+00 -4.669402891911854825e-04
2.000000000000000000e+00 2.770002250361643559e-04
3.000000000000000000e+00 -4.733913583523387237e-04
4.000000000000000000e+00 -4.733913583523387237e-04
5.000000000000000000e+00 -4.733913583523387237e-04
6.000000000000000000e+00 -4.715888385876340649e-04
7.000000000000000000e+00 -4.723222976019054217e-04
8.000000000000000000e+00 -4.639770952047072021e-04
9.000000000000000000e+00 -4.690774863388868414e-04
1.000000000000000000e+01 7.343067006042730549e-04
1.100000000000000000e+01 9.177252303624300724e-04
1.200000000000000000e+01 7.331864017015369802e-04
1.300000000000000000e+01 8.727422246566697052e-04
1.400000000000000000e+01 -3.903832959968756163e-04
1.500000000000000000e+01 -2.784427537811577056e-05
1.600000000000000000e+01 1.991643967345983182e-04
1.700000000000000000e+01 8.447703883563510967e-04
1.800000000000000000e+01 -4.593703310084822490e-04
1.900000000000000000e+01 2.914782968564440049e-05
1.000000000000000000e+00 -3.960347320400171151e-04
2.000000000000000000e+00 3.158782253211194694e-04
3.000000000000000000e+00 -3.975542507514125763e-04
4.000000000000000000e+00 -3.975542507514125763e-04
5.000000000000000000e+00 -3.975542507514125763e-04
6.000000000000000000e+00 -3.948074605046222852e-04
7.000000000000000000e+00 -3.955790142698735468e-04
8.000000000000000000e+00 -3.916457169804838084e-04
9.000000000000000000e+00 -3.968809763911634045e-04
1.000000000000000000e+01 5.231798688225834573e-04
1.100000000000000000e+01 3.434790525100172177e-04
1.200000000000000000e+01 2.505261051283130033e-04
1.300000000000000000e+01 7.770733343370673412e-04
1.400000000000000000e+01 -3.707084440602853711e-04
1.500000000000000000e+01 -1.042015810769641884e-04
1.600000000000000000e+01 6.396701225138901525e-04
1.700000000000000000e+01 5.469015549508537445e-04
1.800000000000000000e+01 -3.896027050722758608e-04
1.900000000000000000e+01 5.965805055285694014e-04
