1.000000000000000000e+00 3.995458000000000176e+00
2.000000000000000000e+00 1.928494999999999848e+01
3.000000000000000000e+00 0.000000000000000000e+00
4.000000000000000000e+00 4.252574000000000076e-01
5.000000000000000000e+00 2.156146999999999925e-01
6.000000000000000000e+00 1.095938000000000079e+00
7.000000000000000000e+00 1.678738999999999981e+00
8.000000000000000000e+00 3.761528000000000205e+00
9.000000000000000000e+00 2.483429000000000109e+00
1.000000000000000000e+01 8.792268999999999224e+00
1.100000000000000000e+01 9.413498000000000587e+00
1.200000000000000000e+01 7.194626000000000410e+00
1.300000000000000000e+01 5.911499000000000059e+00
1.400000000000000000e+01 5.528463999999999601e+00
1.500000000000000000e+01 2.209372999999999809e+00
1.600000000000000000e+01 1.048691999999999958e+01
1.700000000000000000e+01 7.697529000000000288e+00
1.800000000000000000e+01 8.244225000000000136e+00
1.900000000000000000e+01 1.861777999999999977e+01
1.000000000000000000e+00 2.934315999999999924e+00
2.000000000000000000e+00 1.891590000000000060e+01
3.000000000000000000e+00 0.000000000000000000e+00
4.000000000000000000e+00 0.000000000000000000e+00
5.000000000000000000e+00 2.836511999999999922e-01
6.000000000000000000e+00 1.545606000000000035e+00
7.000000000000000000e+00 8.894007000000000440e-01
8.000000000000000000e+00 3.719101999999999908e+00
9.000000000000000000e+00 2.475680000000000103e+00
1.000000000000000000e+01 8.594276000000000693e+00
1.100000000000000000e+01 1.015075000000000038e+01
1.200000000000000000e+01 7.241967999999999961e+00
1.300000000000000000e+01 6.759221000000000146e+00
1.400000000000000000e+01 4.964851999999999599e+00
1.500000000000000000e+01 5.157032000000000060e+00
1.600000000000000000e+01 9.853609999999999758e+00
1.700000000000000000e+01 1.005507000000000062e+01
1.800000000000000000e+01 3.767192999999999792e+00
1.900000000000000000e+01 1.996759000000000128e+01
1.000000000000000000e+00 2.281852000000000213e+00
2.000000000000000000e+00 1.557582000000000022e+01
3.000000000000000000e+00 0.000000000000000000e+00
4.000000000000000000e+00 0.000000000000000000e+00
5.000000000000000000e+00 3.621362000000000192e-01
6.000000000000000000e+00 1.111309000000000102e+00
7.000000000000000000e+00 1.691038999999999959e+00
8.000000000000000000e+00 4.134229999999999627e+00
9.000000000000000000e+00 3.036226000000000091e+00
1.000000000000000000e+01 7.655129999999999768e+00
1.100000000000000000e+01 1.050707000000000058e+01
1.200000000000000000e+01 1.051262999999999970e+01
1.300000000000000000e+01 6.367637000000000214e+00
1.400000000000000000e+01 5.073490999999999751e+00
1.500000000000000000e+01 6.098609999999999864e+00
1.600000000000000000e+01 9.663638999999999868e+00
1.700000000000000000e+01 7.862892999999999688e+00
1.800000000000000000e+01 5.341510999999999676e+00
1.900000000000000000e+01 1.971637000000000128e+01
1.000000000000000000e+00 1.800502000000000047e+00
2.000000000000000000e+00 1.402912000000000070e+01
3.000000000000000000e+00 0.000000000000000000e+00
4.000000000000000000e+00 5.090685999999999822e-02
5.000000000000000000e+00 2.098642000000000007e-01
6.000000000000000000e+00 1.595561999999999925e+00
7.000000000000000000e+00 1.692965000000000053e+00
8.000000000000000000e+00 4.644809999999999661e+00
9.000000000000000000e+00 2.839392000000000138e+00
1.000000000000000000e+01 9.292453000000000074e+00
1.100000000000000000e+01 9.905706000000000344e+00
1.200000000000000000e+01 9.342714000000000851e+00
1.300000000000000000e+01 7.660455999999999932e+00
1.400000000000000000e+01 5.899874999999999758e+00
1.500000000000000000e+01 5.632528999999999897e+00
1.600000000000000000e+01 8.946113000000000426e+00
1.700000000000000000e+01 8.638037000000000631e+00
1.800000000000000000e+01 7.103099000000000274e+00
1.900000000000000000e+01 1.792661999999999978e+01
1.000000000000000000e+00 2.775726999999999833e+00
2.000000000000000000e+00 1.613093999999999895e+01
3.000000000000000000e+00 0.000000000000000000e+00
4.000000000000000000e+00 1.377570999999999934e-01
5.000000000000000000e+00 1.308116000000000001e-01
6.000000000000000000e+00 9.725243000000000082e-01
7.000000000000000000e+00 1.357960999999999974e+00
8.000000000000000000e+00 2.876952000000000176e+00
9.000000000000000000e+00 2.000830999999999804e+00
1.000000000000000000e+01 7.088144999999999918e+00
1.100000000000000000e+01 1.155705000000000027e+01
1.200000000000000000e+01 1.083294000000000068e+01
1.300000000000000000e+01 7.636497000000000313e+00
1.400000000000000000e+01 6.951153999999999833e+00
1.500000000000000000e+01 3.370499000000000134e+00
1.600000000000000000e+01 1.055594999999999928e+01
1.700000000000000000e+01 7.983687999999999896e+00
1.800000000000000000e+01 6.329603999999999786e+00
1.900000000000000000e+01 1.865110999999999919e+01
1.000000000000000000e+00 3.893460000000000143e+00
2.000000000000000000e+00 1.731826999999999828e+01
3.000000000000000000e+00 0.000000000000000000e+00
4.000000000000000000e+00 5.129870000000000263e-02
5.000000000000000000e+00 2.465070000000000039e-01
6.000000000000000000e+00 1.676212999999999953e+00
7.000000000000000000e+00 1.910161999999999916e+00
8.000000000000000000e+00 3.888046999999999809e+00
9.000000000000000000e+00 1.818048000000000108e+00
1.000000000000000000e+01 6.952696999999999683e+00
1.100000000000000000e+01 9.550344000000000833e+00
1.200000000000000000e+01 8.236572000000000671e+00
1.300000000000000000e+01 7.070429999999999993e+00
1.400000000000000000e+01 5.930931000000000175e+00
1.500000000000000000e+01 7.595138999999999641e+00
1.600000000000000000e+01 9.876744999999999663e+00
1.700000000000000000e+01 7.368487000000000009e+00
1.800000000000000000e+01 6.560522999999999882e+00
1.900000000000000000e+01 1.712236000000000047e+01
1.000000000000000000e+00 4.117863999999999969e+00
2.000000000000000000e+00 1.643657999999999930e+01
3.000000000000000000e+00 0.000000000000000000e+00
4.000000000000000000e+00 3.429830999999999852e-01
5.000000000000000000e+00 5.006399000000000266e-01
6.000000000000000000e+00 6.993314000000000474e-01
7.000000000000000000e+00 1.084143999999999997e+00
8.000000000000000000e+00 3.890302999999999845e+00
9.000000000000000000e+00 2.778340000000000032e+00
1.000000000000000000e+01 1.036754999999999960e+01
1.100000000000000000e+01 9.658568999999999960e+00
1.200000000000000000e+01 7.874488999999999628e+00
1.300000000000000000e+01 6.877680999999999933e+00
1.400000000000000000e+01 4.831216000000000399e+00
1.500000000000000000e+01 4.160644999999999705e+00
1.600000000000000000e+01 1.219602000000000075e+01
1.700000000000000000e+01 6.129849000000000103e+00
1.800000000000000000e+01 2.705243999999999982e+00
1.900000000000000000e+01 2.263056999999999874e+01
1.000000000000000000e+00 5.410331000000000223e+00
2.000000000000000000e+00 1.746405000000000030e+01
3.000000000000000000e+00 0.000000000000000000e+00
4.000000000000000000e+00 1.464754000000000056e-01
5.000000000000000000e+00 2.251356999999999942e-01
6.000000000000000000e+00 1.620441000000000020e+00
7.000000000000000000e+00 1.371266000000000096e+00
8.000000000000000000e+00 2.261376999999999970e+00
9.000000000000000000e+00 2.115404999999999980e+00
1.000000000000000000e+01 6.567197000000000173e+00
1.100000000000000000e+01 8.440621000000000151e+00
1.200000000000000000e+01 6.810616999999999699e+00
1.300000000000000000e+01 6.901144000000000389e+00
1.400000000000000000e+01 7.258521000000000001e+00
1.500000000000000000e+01 5.373213999999999935e+00
1.600000000000000000e+01 1.241990999999999978e+01
1.700000000000000000e+01 7.608550000000000146e+00
1.800000000000000000e+01 7.423714000000000368e+00
1.900000000000000000e+01 1.783710999999999913e+01
1.000000000000000000e+00 3.036996999999999947e+00
2.000000000000000000e+00 2.023707999999999885e+01
3.000000000000000000e+00 0.000000000000000000e+00
4.000000000000000000e+00 1.770016000000000089e-01
5.000000000000000000e+00 8.126983999999999597e-02
6.000000000000000000e+00 1.119863000000000053e+00
7.000000000000000000e+00 1.245746999999999938e+00
8.000000000000000000e+00 3.407681000000000182e+00
9.000000000000000000e+00 2.617894000000000165e+00
1.000000000000000000e+01 9.629550999999999306e+00
1.100000000000000000e+01 9.777284999999999116e+00
1.200000000000000000e+01 7.394021000000000399e+00
1.300000000000000000e+01 5.672727000000000075e+00
1.400000000000000000e+01 5.644770000000000287e+00
1.500000000000000000e+01 5.145355999999999597e+00
1.600000000000000000e+01 8.422622000000000497e+00
1.700000000000000000e+01 7.612235000000000085e+00
1.800000000000000000e+01 6.202378000000000391e+00
1.900000000000000000e+01 1.982377999999999929e+01
1.000000000000000000e+00 2.421854000000000173e+00
2.000000000000000000e+00 1.607867999999999853e+01
3.000000000000000000e+00 0.000000000000000000e+00
4.000000000000000000e+00 2.597323999999999744e-01
5.000000000000000000e+00 2.260337000000000041e-01
6.000000000000000000e+00 1.305272999999999906e+00
7.000000000000000000e+00 6.872243999999999575e-01
8.000000000000000000e+00 2.328596999999999806e+00
9.000000000000000000e+00 2.794741000000000142e+00
1.000000000000000000e+01 7.371100000000000207e+00
1.100000000000000000e+01 8.999774000000000385e+00
1.200000000000000000e+01 8.143962000000000145e+00
1.300000000000000000e+01 6.184196000000000026e+00
1.400000000000000000e+01 6.803878000000000092e+00
1.500000000000000000e+01 4.659370000000000012e+00
1.600000000000000000e+01 1.402388000000000012e+01
1.700000000000000000e+01 7.869798000000000293e+00
1.800000000000000000e+01 4.223193000000000197e+00
1.900000000000000000e+01 2.275581999999999994e+01
1.000000000000000000e+00 4.172060000000000102e+00
2.000000000000000000e+00 1.529983000000000004e+01
3.000000000000000000e+00 0.000000000000000000e+00
4.000000000000000000e+00 1.649350999999999942e-02
5.000000000000000000e+00 3.652173999999999698e-02
6.000000000000000000e+00 1.554327999999999932e+00
7.000000000000000000e+00 1.713549999999999907e+00
8.000000000000000000e+00 3.735399999999999832e+00
9.000000000000000000e+00 3.134867999999999988e+00
1.000000000000000000e+01 8.186412999999999940e+00
1.100000000000000000e+01 8.057840000000000558e+00
1.200000000000000000e+01 8.684473000000000553e+00
1.300000000000000000e+01 7.206706999999999752e+00
1.400000000000000000e+01 5.590112000000000414e+00
1.500000000000000000e+01 5.581856000000000151e+00
1.600000000000000000e+01 1.135814000000000057e+01
1.700000000000000000e+01 7.937755000000000116e+00
1.800000000000000000e+01 6.646951999999999749e+00
1.900000000000000000e+01 1.816728000000000165e+01
1.000000000000000000e+00 3.631142000000000092e+00
2.000000000000000000e+00 1.389564999999999984e+01
3.000000000000000000e+00 0.000000000000000000e+00
4.000000000000000000e+00 0.000000000000000000e+00
5.000000000000000000e+00 4.127433999999999825e-01
6.000000000000000000e+00 1.523632000000000097e+00
7.000000000000000000e+00 2.104572000000000109e+00
8.000000000000000000e+00 5.068736999999999604e+00
9.000000000000000000e+00 2.570634999999999781e+00
1.000000000000000000e+01 7.767434999999999867e+00
1.100000000000000000e+01 1.175023999999999980e+01
1.200000000000000000e+01 7.482166999999999568e+00
1.300000000000000000e+01 6.313191999999999915e+00
1.400000000000000000e+01 5.051619999999999777e+00
1.500000000000000000e+01 3.530346999999999902e+00
1.600000000000000000e+01 1.573070000000000057e+01
1.700000000000000000e+01 7.823955999999999911e+00
1.800000000000000000e+01 3.765500999999999987e+00
1.900000000000000000e+01 1.865613000000000099e+01
1.000000000000000000e+00 1.996390000000000109e+00
2.000000000000000000e+00 1.702928999999999959e+01
3.000000000000000000e+00 0.000000000000000000e+00
4.000000000000000000e+00 1.827703999999999995e-01
5.000000000000000000e+00 9.787522999999999362e-02
6.000000000000000000e+00 1.751594000000000095e+00
7.000000000000000000e+00 1.336945000000000050e+00
8.000000000000000000e+00 3.140048999999999868e+00
9.000000000000000000e+00 2.531798999999999911e+00
1.000000000000000000e+01 5.717355000000000409e+00
1.100000000000000000e+01 9.261751000000000289e+00
1.200000000000000000e+01 9.191262000000000043e+00
1.300000000000000000e+01 6.800493999999999595e+00
1.400000000000000000e+01 4.506478999999999679e+00
1.500000000000000000e+01 4.385747000000000284e+00
1.600000000000000000e+01 1.924067000000000149e+01
1.700000000000000000e+01 7.728360000000000340e+00
1.800000000000000000e+01 4.024891000000000219e+00
1.900000000000000000e+01 1.822875000000000156e+01
1.000000000000000000e+00 6.079593000000000025e+00
2.000000000000000000e+00 1.782680999999999827e+01
3.000000000000000000e+00 0.000000000000000000e+00
4.000000000000000000e+00 0.000000000000000000e+00
5.000000000000000000e+00 2.126539000000000068e-01
6.000000000000000000e+00 1.928215000000000012e+00
7.000000000000000000e+00 1.815079000000000109e+00
8.000000000000000000e+00 2.584948999999999941e+00
9.000000000000000000e+00 1.434690999999999939e+00
1.000000000000000000e+01 1.042773000000000039e+01
1.100000000000000000e+01 7.799306999999999768e+00
1.200000000000000000e+01 7.554498999999999853e+00
1.300000000000000000e+01 7.330372999999999806e+00
1.400000000000000000e+01 5.454534999999999911e+00
1.500000000000000000e+01 4.417345000000000077e+00
1.600000000000000000e+01 1.170087999999999973e+01
1.700000000000000000e+01 7.945539000000000129e+00
1.800000000000000000e+01 5.715666999999999831e+00
1.900000000000000000e+01 1.699764000000000053e+01
1.000000000000000000e+00 3.019212000000000007e+00
2.000000000000000000e+00 1.681822000000000017e+01
3.000000000000000000e+00 0.000000000000000000e+00
4.000000000000000000e+00 2.163923000000000096e-01
5.000000000000000000e+00 1.536996999999999947e-01
6.000000000000000000e+00 1.736099999999999977e+00
7.000000000000000000e+00 1.461637000000000075e+00
8.000000000000000000e+00 3.235565999999999942e+00
9.000000000000000000e+00 3.119117000000000139e+00
1.000000000000000000e+01 8.896036999999999750e+00
1.100000000000000000e+01 9.660322999999999993e+00
1.200000000000000000e+01 7.054858000000000295e+00
1.300000000000000000e+01 6.444932999999999801e+00
1.400000000000000000e+01 6.455245999999999817e+00
1.500000000000000000e+01 5.634383999999999837e+00
1.600000000000000000e+01 1.010269000000000084e+01
1.700000000000000000e+01 8.267272999999999428e+00
1.800000000000000000e+01 5.428218000000000210e+00
1.900000000000000000e+01 1.966782999999999859e+01
1.000000000000000000e+00 3.741566000000000169e+00
2.000000000000000000e+00 1.528913999999999973e+01
3.000000000000000000e+00 0.000000000000000000e+00
4.000000000000000000e+00 2.317249999999999865e-01
5.000000000000000000e+00 2.517445999999999851e-01
6.000000000000000000e+00 1.927267999999999981e+00
7.000000000000000000e+00 1.247055000000000025e+00
8.000000000000000000e+00 2.301423999999999914e+00
9.000000000000000000e+00 1.804580999999999991e+00
1.000000000000000000e+01 5.432015999999999956e+00
1.100000000000000000e+01 8.946986000000000772e+00
1.200000000000000000e+01 6.351567000000000185e+00
1.300000000000000000e+01 6.283202000000000176e+00
1.400000000000000000e+01 4.707678999999999725e+00
1.500000000000000000e+01 5.013749999999999929e+00
1.600000000000000000e+01 1.244349000000000061e+01
1.700000000000000000e+01 7.779777000000000164e+00
1.800000000000000000e+01 5.285163999999999973e+00
1.900000000000000000e+01 2.804693999999999932e+01
1.000000000000000000e+00 2.741735999999999951e+00
2.000000000000000000e+00 1.718995999999999924e+01
3.000000000000000000e+00 0.000000000000000000e+00
4.000000000000000000e+00 2.333281000000000105e-01
5.000000000000000000e+00 2.766681999999999753e-01
6.000000000000000000e+00 1.441362000000000032e+00
7.000000000000000000e+00 2.178319999999999812e+00
8.000000000000000000e+00 4.820484999999999687e+00
9.000000000000000000e+00 3.147638000000000158e+00
1.000000000000000000e+01 8.365462000000000842e+00
1.100000000000000000e+01 6.866437000000000346e+00
1.200000000000000000e+01 9.475946999999999676e+00
1.300000000000000000e+01 6.844317000000000206e+00
1.400000000000000000e+01 5.493361000000000161e+00
1.500000000000000000e+01 5.105299999999999727e+00
1.600000000000000000e+01 1.001111000000000040e+01
1.700000000000000000e+01 1.207764000000000060e+01
1.800000000000000000e+01 5.156659999999999577e+00
1.900000000000000000e+01 1.570499000000000045e+01
1.000000000000000000e+00 3.005808000000000035e+00
2.000000000000000000e+00 1.601943999999999946e+01
3.000000000000000000e+00 0.000000000000000000e+00
4.000000000000000000e+00 2.244279000000000135e-01
5.000000000000000000e+00 4.835522999999999905e-02
6.000000000000000000e+00 1.285698000000000008e+00
7.000000000000000000e+00 1.321336999999999984e+00
8.000000000000000000e+00 3.278925000000000090e+00
9.000000000000000000e+00 2.851732999999999851e+00
1.000000000000000000e+01 8.445847999999999800e+00
1.100000000000000000e+01 9.143701000000000079e+00
1.200000000000000000e+01 8.307871999999999701e+00
1.300000000000000000e+01 5.582518999999999565e+00
1.400000000000000000e+01 5.782547000000000104e+00
1.500000000000000000e+01 5.000306000000000139e+00
1.600000000000000000e+01 1.158981999999999957e+01
1.700000000000000000e+01 7.688532000000000366e+00
1.800000000000000000e+01 6.749257000000000062e+00
1.900000000000000000e+01 2.087096999999999980e+01
1.000000000000000000e+00 2.958098999999999812e+00
2.000000000000000000e+00 1.701238000000000028e+01
3.000000000000000000e+00 0.000000000000000000e+00
4.000000000000000000e+00 4.296263000000000165e-01
5.000000000000000000e+00 1.390573999999999977e-01
6.000000000000000000e+00 1.456493999999999955e+00
7.000000000000000000e+00 1.524337999999999971e+00
8.000000000000000000e+00 2.569621999999999851e+00
9.000000000000000000e+00 1.867088000000000081e+00
1.000000000000000000e+01 9.825592999999999577e+00
1.100000000000000000e+01 8.283564999999999401e+00
1.200000000000000000e+01 8.679788000000000281e+00
1.300000000000000000e+01 7.534373000000000431e+00
1.400000000000000000e+01 5.602591000000000321e+00
1.500000000000000000e+01 5.870752999999999666e+00
1.600000000000000000e+01 1.270969999999999978e+01
1.700000000000000000e+01 8.777459999999999596e+00
1.800000000000000000e+01 5.177176000000000222e+00
1.900000000000000000e+01 1.672041000000000111e+01
1.000000000000000000e+00 4.221494999999999997e+00
2.000000000000000000e+00 2.006821000000000055e+01
3.000000000000000000e+00 0.000000000000000000e+00
4.000000000000000000e+00 1.682211000000000123e-01
5.000000000000000000e+00 2.520011999999999808e-01
6.000000000000000000e+00 1.353544999999999998e+00
7.000000000000000000e+00 1.289789000000000074e+00
8.000000000000000000e+00 3.749794000000000072e+00
9.000000000000000000e+00 2.154911999999999939e+00
1.000000000000000000e+01 5.930228999999999751e+00
1.100000000000000000e+01 1.004049000000000014e+01
1.200000000000000000e+01 6.768606000000000122e+00
1.300000000000000000e+01 6.926150999999999947e+00
1.400000000000000000e+01 5.873503999999999614e+00
1.500000000000000000e+01 4.381596000000000046e+00
1.600000000000000000e+01 1.240099000000000018e+01
1.700000000000000000e+01 5.185680999999999763e+00
1.800000000000000000e+01 6.286253999999999564e+00
1.900000000000000000e+01 1.973375000000000057e+01
1.000000000000000000e+00 3.977743999999999946e+00
2.000000000000000000e+00 1.605673000000000172e+01
3.000000000000000000e+00 0.000000000000000000e+00
4.000000000000000000e+00 0.000000000000000000e+00
5.000000000000000000e+00 1.814057000000000031e-01
6.000000000000000000e+00 2.113681000000000143e+00
7.000000000000000000e+00 1.690077000000000051e+00
8.000000000000000000e+00 3.780371999999999844e+00
9.000000000000000000e+00 1.898144000000000053e+00
1.000000000000000000e+01 1.076505000000000045e+01
1.100000000000000000e+01 9.735597999999999530e+00
1.200000000000000000e+01 6.246425999999999590e+00
1.300000000000000000e+01 5.651851999999999876e+00
1.400000000000000000e+01 6.771041000000000309e+00
1.500000000000000000e+01 4.325217999999999563e+00
1.600000000000000000e+01 1.091516000000000020e+01
1.700000000000000000e+01 8.141792999999999836e+00
1.800000000000000000e+01 4.535009999999999764e+00
1.900000000000000000e+01 2.029440999999999917e+01
1.000000000000000000e+00 1.648870000000000058e+00
2.000000000000000000e+00 1.708474999999999966e+01
3.000000000000000000e+00 0.000000000000000000e+00
4.000000000000000000e+00 3.825953999999999744e-01
5.000000000000000000e+00 1.115714000000000011e-01
6.000000000000000000e+00 1.130225999999999953e+00
7.000000000000000000e+00 1.290867999999999904e+00
8.000000000000000000e+00 2.589588000000000001e+00
9.000000000000000000e+00 1.889669000000000043e+00
1.000000000000000000e+01 1.192985000000000007e+01
1.100000000000000000e+01 8.054646999999999224e+00
1.200000000000000000e+01 7.220034000000000063e+00
1.300000000000000000e+01 9.526376000000000843e+00
1.400000000000000000e+01 6.083071000000000339e+00
1.500000000000000000e+01 5.596093999999999902e+00
1.600000000000000000e+01 1.061941999999999986e+01
1.700000000000000000e+01 7.122232000000000340e+00
1.800000000000000000e+01 3.378308999999999784e+00
1.900000000000000000e+01 2.138703999999999894e+01
1.000000000000000000e+00 8.506593999999999545e-01
2.000000000000000000e+00 1.780265999999999948e+01
3.000000000000000000e+00 0.000000000000000000e+00
4.000000000000000000e+00 1.900435000000000041e-01
5.000000000000000000e+00 2.419243000000000088e-01
6.000000000000000000e+00 1.842284999999999950e+00
7.000000000000000000e+00 1.958973000000000075e+00
8.000000000000000000e+00 2.987776000000000209e+00
9.000000000000000000e+00 2.912863999999999898e+00
1.000000000000000000e+01 8.638768999999999920e+00
1.100000000000000000e+01 9.876198000000000476e+00
1.200000000000000000e+01 6.431693000000000104e+00
1.300000000000000000e+01 5.295348999999999862e+00
1.400000000000000000e+01 4.138175999999999632e+00
1.500000000000000000e+01 5.715463999999999878e+00
1.600000000000000000e+01 1.300674000000000063e+01
1.700000000000000000e+01 8.024487000000000592e+00
1.800000000000000000e+01 4.216187999999999825e+00
1.900000000000000000e+01 2.299409999999999954e+01
1.000000000000000000e+00 1.597890999999999950e+00
2.000000000000000000e+00 1.557849000000000039e+01
3.000000000000000000e+00 0.000000000000000000e+00
4.000000000000000000e+00 2.857958999999999916e-01
5.000000000000000000e+00 2.373104000000000047e-01
6.000000000000000000e+00 1.486016999999999921e+00
7.000000000000000000e+00 1.733849999999999891e+00
8.000000000000000000e+00 4.162039000000000044e+00
9.000000000000000000e+00 3.041840000000000099e+00
1.000000000000000000e+01 7.359022000000000396e+00
1.100000000000000000e+01 1.106108000000000047e+01
1.200000000000000000e+01 8.244678999999999647e+00
1.300000000000000000e+01 8.046352999999999867e+00
1.400000000000000000e+01 5.737915000000000099e+00
1.500000000000000000e+01 6.742605000000000182e+00
1.600000000000000000e+01 9.784283999999999537e+00
1.700000000000000000e+01 6.927811000000000163e+00
1.800000000000000000e+01 7.227511999999999937e+00
1.900000000000000000e+01 1.792913000000000068e+01
1.000000000000000000e+00 3.502841000000000093e+00
2.000000000000000000e+00 1.420682000000000045e+01
3.000000000000000000e+00 0.000000000000000000e+00
4.000000000000000000e+00 4.083822999999999759e-01
5.000000000000000000e+00 1.474324999999999941e-01
6.000000000000000000e+00 1.353955000000000020e+00
7.000000000000000000e+00 1.556024999999999991e+00
8.000000000000000000e+00 3.984599999999999920e+00
9.000000000000000000e+00 1.923845999999999945e+00
1.000000000000000000e+01 6.864395000000000024e+00
1.100000000000000000e+01 9.119021999999999295e+00
1.200000000000000000e+01 9.040333000000000396e+00
1.300000000000000000e+01 7.026351000000000013e+00
1.400000000000000000e+01 6.346765999999999686e+00
1.500000000000000000e+01 5.445987999999999829e+00
1.600000000000000000e+01 1.008150999999999975e+01
1.700000000000000000e+01 9.850443000000000282e+00
1.800000000000000000e+01 5.923775000000000013e+00
1.900000000000000000e+01 2.027461999999999875e+01
1.000000000000000000e+00 3.556998999999999800e+00
2.000000000000000000e+00 1.742135999999999996e+01
3.000000000000000000e+00 0.000000000000000000e+00
4.000000000000000000e+00 2.351960999999999913e-01
5.000000000000000000e+00 2.010750000000000037e-01
6.000000000000000000e+00 1.377985000000000015e+00
7.000000000000000000e+00 1.808124999999999982e+00
8.000000000000000000e+00 2.955959000000000003e+00
9.000000000000000000e+00 1.418687000000000031e+00
1.000000000000000000e+01 5.959463000000000399e+00
1.100000000000000000e+01 9.489489999999999981e+00
1.200000000000000000e+01 8.883978000000000819e+00
1.300000000000000000e+01 5.465950000000000308e+00
1.400000000000000000e+01 7.600429000000000102e+00
1.500000000000000000e+01 4.304783999999999722e+00
1.600000000000000000e+01 1.142172000000000054e+01
1.700000000000000000e+01 7.898698000000000441e+00
1.800000000000000000e+01 5.590149000000000257e+00
1.900000000000000000e+01 2.148009000000000057e+01
1.000000000000000000e+00 3.743532000000000082e+00
2.000000000000000000e+00 1.918213000000000079e+01
3.000000000000000000e+00 0.000000000000000000e+00
4.000000000000000000e+00 1.843962000000000101e-01
5.000000000000000000e+00 4.773278000000000243e-01
6.000000000000000000e+00 1.239506999999999914e+00
7.000000000000000000e+00 1.431233999999999895e+00
8.000000000000000000e+00 3.766306999999999849e+00
9.000000000000000000e+00 1.955133999999999928e+00
1.000000000000000000e+01 1.020940000000000047e+01
1.100000000000000000e+01 9.062296999999999159e+00
1.200000000000000000e+01 1.086124000000000045e+01
1.300000000000000000e+01 5.624970000000000248e+00
1.400000000000000000e+01 6.313890999999999920e+00
1.500000000000000000e+01 4.106249000000000038e+00
1.600000000000000000e+01 1.092270000000000074e+01
1.700000000000000000e+01 9.335720999999999492e+00
1.800000000000000000e+01 3.960973000000000077e+00
1.900000000000000000e+01 1.491602999999999923e+01
1.000000000000000000e+00 3.320713000000000026e+00
2.000000000000000000e+00 1.747513999999999967e+01
3.000000000000000000e+00 0.000000000000000000e+00
4.000000000000000000e+00 1.573215000000000030e-01
5.000000000000000000e+00 2.223952999999999902e-01
6.000000000000000000e+00 1.381432999999999911e+00
7.000000000000000000e+00 1.385769999999999946e+00
8.000000000000000000e+00 2.939902000000000015e+00
9.000000000000000000e+00 2.339442000000000021e+00
1.000000000000000000e+01 8.789123000000000019e+00
1.100000000000000000e+01 9.945691999999999311e+00
1.200000000000000000e+01 9.083513999999999200e+00
1.300000000000000000e+01 7.080415000000000347e+00
1.400000000000000000e+01 6.159265999999999686e+00
1.500000000000000000e+01 4.098294000000000104e+00
1.600000000000000000e+01 1.114434999999999931e+01
1.700000000000000000e+01 9.047026999999999930e+00
1.800000000000000000e+01 4.320389999999999731e+00
1.900000000000000000e+01 1.829894000000000176e+01
1.000000000000000000e+00 3.272248999999999963e+00
2.000000000000000000e+00 1.776852999999999838e+01
3.000000000000000000e+00 0.000000000000000000e+00
4.000000000000000000e+00 3.170279000000000152e-02
5.000000000000000000e+00 2.024529999999999941e-01
6.000000000000000000e+00 1.104009000000000018e+00
7.000000000000000000e+00 1.885876000000000108e+00
8.000000000000000000e+00 3.513641999999999932e+00
9.000000000000000000e+00 1.539973999999999954e+00
1.000000000000000000e+01 8.238718999999999681e+00
1.100000000000000000e+01 1.034333999999999953e+01
1.200000000000000000e+01 8.087688999999999240e+00
1.300000000000000000e+01 7.927253000000000327e+00
1.400000000000000000e+01 5.323855000000000004e+00
1.500000000000000000e+01 6.854350000000000165e+00
1.600000000000000000e+01 1.042413999999999952e+01
1.700000000000000000e+01 8.502219000000000193e+00
1.800000000000000000e+01 6.385580000000000034e+00
1.900000000000000000e+01 1.548731000000000080e+01
1.000000000000000000e+00 2.761276000000000064e+00
2.000000000000000000e+00 1.743349999999999866e+01
3.000000000000000000e+00 0.000000000000000000e+00
4.000000000000000000e+00 3.682275999999999883e-01
5.000000000000000000e+00 1.661275999999999864e-01
6.000000000000000000e+00 1.048818000000000028e+00
7.000000000000000000e+00 1.568645999999999985e+00
8.000000000000000000e+00 4.105920000000000236e+00
9.000000000000000000e+00 2.340498999999999885e+00
1.000000000000000000e+01 9.508238000000000412e+00
1.100000000000000000e+01 9.153838000000000363e+00
1.200000000000000000e+01 6.569035000000000402e+00
1.300000000000000000e+01 9.457492999999999483e+00
1.400000000000000000e+01 4.508721999999999674e+00
1.500000000000000000e+01 4.772899999999999920e+00
1.600000000000000000e+01 1.173232999999999926e+01
1.700000000000000000e+01 6.389941000000000315e+00
1.800000000000000000e+01 4.575804999999999900e+00
1.900000000000000000e+01 2.055245999999999995e+01
1.000000000000000000e+00 4.973202999999999818e+00
2.000000000000000000e+00 1.417534999999999989e+01
3.000000000000000000e+00 0.000000000000000000e+00
4.000000000000000000e+00 1.871395999999999893e-01
5.000000000000000000e+00 4.264566000000000190e-01
6.000000000000000000e+00 1.347142999999999979e+00
7.000000000000000000e+00 1.115957000000000088e+00
8.000000000000000000e+00 5.305080000000000240e+00
9.000000000000000000e+00 2.514647000000000077e+00
1.000000000000000000e+01 7.696610999999999869e+00
1.100000000000000000e+01 7.366621000000000308e+00
1.200000000000000000e+01 8.374864000000000530e+00
1.300000000000000000e+01 5.444890000000000008e+00
1.400000000000000000e+01 6.185160999999999909e+00
1.500000000000000000e+01 4.846656000000000297e+00
1.600000000000000000e+01 1.202649000000000079e+01
1.700000000000000000e+01 8.760208000000000439e+00
1.800000000000000000e+01 4.611519999999999619e+00
1.900000000000000000e+01 2.159765000000000157e+01
1.000000000000000000e+00 5.309293000000000262e+00
2.000000000000000000e+00 1.949825999999999837e+01
3.000000000000000000e+00 0.000000000000000000e+00
4.000000000000000000e+00 2.226917999999999953e-01
5.000000000000000000e+00 2.857142999999999836e-02
6.000000000000000000e+00 1.799002999999999908e+00
7.000000000000000000e+00 1.457327000000000039e+00
8.000000000000000000e+00 3.281629000000000129e+00
9.000000000000000000e+00 1.487454000000000054e+00
1.000000000000000000e+01 9.529158000000000683e+00
1.100000000000000000e+01 1.069486999999999988e+01
1.200000000000000000e+01 7.700300000000000367e+00
1.300000000000000000e+01 7.409712999999999994e+00
1.400000000000000000e+01 5.515209999999999724e+00
1.500000000000000000e+01 5.201399999999999579e+00
1.600000000000000000e+01 1.007377999999999929e+01
1.700000000000000000e+01 9.363053999999999988e+00
1.800000000000000000e+01 4.199889999999999901e+00
1.900000000000000000e+01 1.415332000000000079e+01
1.000000000000000000e+00 2.175517999999999841e+00
2.000000000000000000e+00 1.597883000000000031e+01
3.000000000000000000e+00 0.000000000000000000e+00
4.000000000000000000e+00 1.803610999999999964e-01
5.000000000000000000e+00 7.762621999999999578e-02
6.000000000000000000e+00 1.219038000000000066e+00
7.000000000000000000e+00 1.245730999999999922e+00
8.000000000000000000e+00 3.197108000000000061e+00
9.000000000000000000e+00 2.074279999999999902e+00
1.000000000000000000e+01 9.750208000000000652e+00
1.100000000000000000e+01 1.051533000000000051e+01
1.200000000000000000e+01 7.557671000000000028e+00
1.300000000000000000e+01 8.653496000000000521e+00
1.400000000000000000e+01 6.908318000000000403e+00
1.500000000000000000e+01 4.545431999999999917e+00
1.600000000000000000e+01 8.939833000000000141e+00
1.700000000000000000e+01 7.422494999999999621e+00
1.800000000000000000e+01 7.015405999999999587e+00
1.900000000000000000e+01 1.966288000000000125e+01
1.000000000000000000e+00 2.469831000000000110e+00
2.000000000000000000e+00 1.502406000000000041e+01
3.000000000000000000e+00 0.000000000000000000e+00
4.000000000000000000e+00 3.486831000000000236e-01
5.000000000000000000e+00 1.093182999999999933e-01
6.000000000000000000e+00 1.284324999999999939e+00
7.000000000000000000e+00 2.102881000000000000e+00
8.000000000000000000e+00 3.371929000000000176e+00
9.000000000000000000e+00 3.142605000000000093e+00
1.000000000000000000e+01 8.679836999999999136e+00
1.100000000000000000e+01 9.114895999999999887e+00
1.200000000000000000e+01 8.789315000000000211e+00
1.300000000000000000e+01 5.986415000000000042e+00
1.400000000000000000e+01 7.648602000000000345e+00
1.500000000000000000e+01 4.273222999999999772e+00
1.600000000000000000e+01 1.123210000000000086e+01
1.700000000000000000e+01 5.687467999999999968e+00
1.800000000000000000e+01 6.906909999999999883e+00
1.900000000000000000e+01 2.092354999999999876e+01
1.000000000000000000e+00 3.180883000000000127e+00
2.000000000000000000e+00 1.692608999999999853e+01
3.000000000000000000e+00 0.000000000000000000e+00
4.000000000000000000e+00 1.874999999999999931e-02
5.000000000000000000e+00 1.371345999999999954e-01
6.000000000000000000e+00 1.477810999999999986e+00
7.000000000000000000e+00 1.169472000000000067e+00
8.000000000000000000e+00 4.316505000000000258e+00
9.000000000000000000e+00 1.608000000000000096e+00
1.000000000000000000e+01 9.444281000000000148e+00
1.100000000000000000e+01 1.347508999999999979e+01
1.200000000000000000e+01 7.871127999999999680e+00
1.300000000000000000e+01 6.565636999999999723e+00
1.400000000000000000e+01 5.460617000000000054e+00
1.500000000000000000e+01 4.186486000000000374e+00
1.600000000000000000e+01 9.807349000000000316e+00
1.700000000000000000e+01 7.186422999999999561e+00
1.800000000000000000e+01 5.370817999999999870e+00
1.900000000000000000e+01 1.895853999999999928e+01
1.000000000000000000e+00 5.206744999999999735e+00
2.000000000000000000e+00 1.827560000000000073e+01
3.000000000000000000e+00 0.000000000000000000e+00
4.000000000000000000e+00 1.619952000000000059e-01
5.000000000000000000e+00 1.717902000000000040e-01
6.000000000000000000e+00 1.362281999999999993e+00
7.000000000000000000e+00 1.637753000000000014e+00
8.000000000000000000e+00 5.313285999999999731e+00
9.000000000000000000e+00 2.211441000000000212e+00
1.000000000000000000e+01 1.007564999999999955e+01
1.100000000000000000e+01 8.371693000000000495e+00
1.200000000000000000e+01 6.458383999999999681e+00
1.300000000000000000e+01 9.066207999999999601e+00
1.400000000000000000e+01 6.537296999999999692e+00
1.500000000000000000e+01 3.995141999999999971e+00
1.600000000000000000e+01 7.587966999999999906e+00
1.700000000000000000e+01 9.958681999999999590e+00
1.800000000000000000e+01 4.819676000000000293e+00
1.900000000000000000e+01 1.580058999999999969e+01
1.000000000000000000e+00 1.723546999999999940e+00
2.000000000000000000e+00 1.664517000000000024e+01
3.000000000000000000e+00 0.000000000000000000e+00
4.000000000000000000e+00 3.500000000000000333e-02
5.000000000000000000e+00 2.781065999999999816e-01
6.000000000000000000e+00 1.052183000000000090e+00
7.000000000000000000e+00 1.021090999999999971e+00
8.000000000000000000e+00 2.084489000000000036e+00
9.000000000000000000e+00 2.500131000000000103e+00
1.000000000000000000e+01 7.967177000000000398e+00
1.100000000000000000e+01 1.030418000000000056e+01
1.200000000000000000e+01 8.565082000000000306e+00
1.300000000000000000e+01 7.605011000000000188e+00
1.400000000000000000e+01 7.079689000000000121e+00
1.500000000000000000e+01 4.402714999999999712e+00
1.600000000000000000e+01 1.045545000000000080e+01
1.700000000000000000e+01 9.559558000000000888e+00
1.800000000000000000e+01 7.441926999999999737e+00
1.900000000000000000e+01 1.872759999999999891e+01
1.000000000000000000e+00 3.324120000000000186e+00
2.000000000000000000e+00 1.803006999999999849e+01
3.000000000000000000e+00 0.000000000000000000e+00
4.000000000000000000e+00 2.589603999999999795e-01
5.000000000000000000e+00 1.976410000000000111e-01
6.000000000000000000e+00 1.289925999999999906e+00
7.000000000000000000e+00 1.938547000000000020e+00
8.000000000000000000e+00 4.873160999999999632e+00
9.000000000000000000e+00 1.476537999999999906e+00
1.000000000000000000e+01 7.913992999999999611e+00
1.100000000000000000e+01 1.112768999999999942e+01
1.200000000000000000e+01 6.936545999999999879e+00
1.300000000000000000e+01 6.684041999999999817e+00
1.400000000000000000e+01 7.652598000000000233e+00
1.500000000000000000e+01 4.661095000000000432e+00
1.600000000000000000e+01 1.010127999999999915e+01
1.700000000000000000e+01 6.026229999999999976e+00
1.800000000000000000e+01 4.816447000000000145e+00
1.900000000000000000e+01 2.003591000000000122e+01
1.000000000000000000e+00 3.155892999999999837e+00
2.000000000000000000e+00 1.603778000000000148e+01
3.000000000000000000e+00 0.000000000000000000e+00
4.000000000000000000e+00 2.975299000000000138e-01
5.000000000000000000e+00 1.985941999999999985e-01
6.000000000000000000e+00 1.793730999999999964e+00
7.000000000000000000e+00 1.325695999999999986e+00
8.000000000000000000e+00 4.054734999999999978e+00
9.000000000000000000e+00 2.339210000000000012e+00
1.000000000000000000e+01 7.531536000000000008e+00
1.100000000000000000e+01 6.885087000000000401e+00
1.200000000000000000e+01 5.716453999999999702e+00
1.300000000000000000e+01 6.090637000000000079e+00
1.400000000000000000e+01 6.399337000000000053e+00
1.500000000000000000e+01 7.641485000000000305e+00
1.600000000000000000e+01 1.245058000000000042e+01
1.700000000000000000e+01 5.576235999999999748e+00
1.800000000000000000e+01 5.417816000000000187e+00
1.900000000000000000e+01 2.393737000000000137e+01
1.000000000000000000e+00 4.131816999999999851e+00
2.000000000000000000e+00 1.510051999999999950e+01
3.000000000000000000e+00 0.000000000000000000e+00
4.000000000000000000e+00 5.655555999999999778e-02
5.000000000000000000e+00 8.248282999999999310e-02
6.000000000000000000e+00 1.473314000000000012e+00
7.000000000000000000e+00 7.884158999999999473e-01
8.000000000000000000e+00 4.857160000000000366e+00
9.000000000000000000e+00 2.078790999999999833e+00
1.000000000000000000e+01 6.560738999999999876e+00
1.100000000000000000e+01 9.808365000000000222e+00
1.200000000000000000e+01 7.132263000000000019e+00
1.300000000000000000e+01 7.492731000000000030e+00
1.400000000000000000e+01 6.630460000000000242e+00
1.500000000000000000e+01 5.400972000000000328e+00
1.600000000000000000e+01 1.276661999999999964e+01
1.700000000000000000e+01 7.337837999999999639e+00
1.800000000000000000e+01 4.748113000000000028e+00
1.900000000000000000e+01 2.078603000000000023e+01
1.000000000000000000e+00 3.893422999999999856e+00
2.000000000000000000e+00 1.496552999999999933e+01
3.000000000000000000e+00 0.000000000000000000e+00
4.000000000000000000e+00 1.983749999999999958e-01
5.000000000000000000e+00 8.234428000000000580e-02
6.000000000000000000e+00 1.348826999999999998e+00
7.000000000000000000e+00 1.222879000000000049e+00
8.000000000000000000e+00 3.838089999999999780e+00
9.000000000000000000e+00 2.070803000000000171e+00
1.000000000000000000e+01 6.670706000000000024e+00
1.100000000000000000e+01 9.363469999999999516e+00
1.200000000000000000e+01 7.247846000000000011e+00
1.300000000000000000e+01 6.604445000000000121e+00
1.400000000000000000e+01 6.286220000000000141e+00
1.500000000000000000e+01 3.890216000000000118e+00
1.600000000000000000e+01 1.331589999999999918e+01
1.700000000000000000e+01 8.005376999999999299e+00
1.800000000000000000e+01 4.040517000000000358e+00
1.900000000000000000e+01 2.409402000000000044e+01
1.000000000000000000e+00 2.035190000000000055e+00
2.000000000000000000e+00 1.413371000000000066e+01
3.000000000000000000e+00 0.000000000000000000e+00
4.000000000000000000e+00 1.827805000000000124e-01
5.000000000000000000e+00 1.804990999999999957e-01
6.000000000000000000e+00 2.269233999999999973e+00
7.000000000000000000e+00 1.817433000000000076e+00
8.000000000000000000e+00 4.882655999999999885e+00
9.000000000000000000e+00 3.011337999999999848e+00
1.000000000000000000e+01 6.721779999999999866e+00
1.100000000000000000e+01 1.055564999999999998e+01
1.200000000000000000e+01 5.788306999999999647e+00
1.300000000000000000e+01 7.240744000000000291e+00
1.400000000000000000e+01 5.320950999999999986e+00
1.500000000000000000e+01 6.119855000000000267e+00
1.600000000000000000e+01 1.389893000000000001e+01
1.700000000000000000e+01 5.489118000000000386e+00
1.800000000000000000e+01 5.368204999999999671e+00
1.900000000000000000e+01 2.221290000000000120e+01
1.000000000000000000e+00 1.791326999999999892e+00
2.000000000000000000e+00 1.670196999999999932e+01
3.000000000000000000e+00 0.000000000000000000e+00
4.000000000000000000e+00 8.841672999999999893e-02
5.000000000000000000e+00 1.095002999999999949e-01
6.000000000000000000e+00 1.628786999999999985e+00
7.000000000000000000e+00 1.457581000000000016e+00
8.000000000000000000e+00 3.196763999999999939e+00
9.000000000000000000e+00 2.026193000000000133e+00
1.000000000000000000e+01 8.892172999999999661e+00
1.100000000000000000e+01 1.027311000000000085e+01
1.200000000000000000e+01 6.057602000000000153e+00
1.300000000000000000e+01 8.451695000000000846e+00
1.400000000000000000e+01 4.720890999999999948e+00
1.500000000000000000e+01 7.750764000000000209e+00
1.600000000000000000e+01 1.301976999999999940e+01
1.700000000000000000e+01 5.461414999999999687e+00
1.800000000000000000e+01 4.424077999999999733e+00
1.900000000000000000e+01 2.104085999999999856e+01
1.000000000000000000e+00 3.908491000000000160e+00
2.000000000000000000e+00 1.364683999999999919e+01
3.000000000000000000e+00 0.000000000000000000e+00
4.000000000000000000e+00 4.592507000000000117e-01
5.000000000000000000e+00 7.085439000000000043e-01
6.000000000000000000e+00 1.441106999999999916e+00
7.000000000000000000e+00 1.444107000000000030e+00
8.000000000000000000e+00 5.048547000000000118e+00
9.000000000000000000e+00 2.735587000000000213e+00
1.000000000000000000e+01 1.012495000000000012e+01
1.100000000000000000e+01 1.118990999999999936e+01
1.200000000000000000e+01 5.147350999999999566e+00
1.300000000000000000e+01 7.405306999999999640e+00
1.400000000000000000e+01 7.442890000000000228e+00
1.500000000000000000e+01 3.071689999999999809e+00
1.600000000000000000e+01 1.120506999999999920e+01
1.700000000000000000e+01 8.883592000000000155e+00
1.800000000000000000e+01 5.229840000000000266e+00
1.900000000000000000e+01 1.806925000000000026e+01
1.000000000000000000e+00 2.652308999999999806e+00
2.000000000000000000e+00 1.505971000000000082e+01
3.000000000000000000e+00 0.000000000000000000e+00
4.000000000000000000e+00 1.909090999999999913e-02
5.000000000000000000e+00 1.945872999999999908e-01
6.000000000000000000e+00 1.489509999999999890e+00
7.000000000000000000e+00 1.208776999999999990e+00
8.000000000000000000e+00 2.879408000000000190e+00
9.000000000000000000e+00 2.157061000000000117e+00
1.000000000000000000e+01 8.123939999999999273e+00
1.100000000000000000e+01 1.138264999999999993e+01
1.200000000000000000e+01 5.172004000000000268e+00
1.300000000000000000e+01 1.169614999999999938e+01
1.400000000000000000e+01 4.658392000000000088e+00
1.500000000000000000e+01 4.626019000000000325e+00
1.600000000000000000e+01 1.070204999999999984e+01
1.700000000000000000e+01 7.725113999999999592e+00
1.800000000000000000e+01 4.702963999999999700e+00
1.900000000000000000e+01 2.279259000000000057e+01
1.000000000000000000e+00 4.986289000000000193e+00
2.000000000000000000e+00 1.715270999999999901e+01
3.000000000000000000e+00 0.000000000000000000e+00
4.000000000000000000e+00 2.361443000000000014e-01
5.000000000000000000e+00 3.917961999999999834e-01
6.000000000000000000e+00 1.964007000000000058e+00
7.000000000000000000e+00 1.012312000000000101e+00
8.000000000000000000e+00 3.296622000000000163e+00
9.000000000000000000e+00 2.363046000000000202e+00
1.000000000000000000e+01 8.175333000000000183e+00
1.100000000000000000e+01 7.651444999999999830e+00
1.200000000000000000e+01 7.213625000000000398e+00
1.300000000000000000e+01 8.269178999999999391e+00
1.400000000000000000e+01 9.324320999999999415e+00
1.500000000000000000e+01 4.675796000000000063e+00
1.600000000000000000e+01 1.246200999999999937e+01
1.700000000000000000e+01 6.062378999999999962e+00
1.800000000000000000e+01 4.478958000000000439e+00
1.900000000000000000e+01 1.762722000000000122e+01
1.000000000000000000e+00 2.141363000000000127e+00
2.000000000000000000e+00 1.734907000000000110e+01
3.000000000000000000e+00 0.000000000000000000e+00
4.000000000000000000e+00 5.277778000000000330e-02
5.000000000000000000e+00 1.436504000000000114e-01
6.000000000000000000e+00 1.357102999999999948e+00
7.000000000000000000e+00 1.300807000000000047e+00
8.000000000000000000e+00 4.030523999999999774e+00
9.000000000000000000e+00 3.102520000000000167e+00
1.000000000000000000e+01 8.342731999999999815e+00
1.100000000000000000e+01 1.152960999999999991e+01
1.200000000000000000e+01 6.816226000000000340e+00
1.300000000000000000e+01 6.344980999999999760e+00
1.400000000000000000e+01 6.772293999999999592e+00
1.500000000000000000e+01 4.799241999999999564e+00
1.600000000000000000e+01 8.979820999999999387e+00
1.700000000000000000e+01 9.471932999999999936e+00
1.800000000000000000e+01 4.243409999999999904e+00
1.900000000000000000e+01 2.053062999999999860e+01
1.000000000000000000e+00 2.124975000000000058e+00
2.000000000000000000e+00 1.653237000000000023e+01
3.000000000000000000e+00 0.000000000000000000e+00
4.000000000000000000e+00 3.549999999999999684e-02
5.000000000000000000e+00 2.751626999999999823e-01
6.000000000000000000e+00 1.219003000000000059e+00
7.000000000000000000e+00 1.561868000000000034e+00
8.000000000000000000e+00 3.457448999999999995e+00
9.000000000000000000e+00 1.627054999999999918e+00
1.000000000000000000e+01 6.198806000000000260e+00
1.100000000000000000e+01 1.028041999999999945e+01
1.200000000000000000e+01 7.986755999999999744e+00
1.300000000000000000e+01 6.504234000000000293e+00
1.400000000000000000e+01 5.824365000000000236e+00
1.500000000000000000e+01 5.867892999999999581e+00
1.600000000000000000e+01 1.192413999999999952e+01
1.700000000000000000e+01 6.717239000000000182e+00
1.800000000000000000e+01 3.914181000000000132e+00
1.900000000000000000e+01 2.494988000000000028e+01
1.000000000000000000e+00 2.804692999999999881e+00
2.000000000000000000e+00 1.590227999999999930e+01
3.000000000000000000e+00 0.000000000000000000e+00
4.000000000000000000e+00 6.638595999999999386e-02
5.000000000000000000e+00 2.397245000000000070e-01
6.000000000000000000e+00 1.192974999999999897e+00
7.000000000000000000e+00 1.883013999999999966e+00
8.000000000000000000e+00 5.089879999999999960e+00
9.000000000000000000e+00 3.358238000000000056e+00
1.000000000000000000e+01 9.525887000000000882e+00
1.100000000000000000e+01 1.027985999999999933e+01
1.200000000000000000e+01 8.886689999999999756e+00
1.300000000000000000e+01 7.996209999999999596e+00
1.400000000000000000e+01 5.224986999999999604e+00
1.500000000000000000e+01 5.452454999999999607e+00
1.600000000000000000e+01 1.142544999999999966e+01
1.700000000000000000e+01 7.480776999999999788e+00
1.800000000000000000e+01 4.086083999999999605e+00
1.900000000000000000e+01 1.638644000000000034e+01
1.000000000000000000e+00 1.968239999999999990e+00
2.000000000000000000e+00 1.430244000000000071e+01
3.000000000000000000e+00 0.000000000000000000e+00
4.000000000000000000e+00 2.800414999999999988e-01
5.000000000000000000e+00 2.774048000000000069e-01
6.000000000000000000e+00 2.021701000000000192e+00
7.000000000000000000e+00 1.852408999999999972e+00
8.000000000000000000e+00 4.707366999999999635e+00
9.000000000000000000e+00 2.757969999999999811e+00
1.000000000000000000e+01 9.544586000000000681e+00
1.100000000000000000e+01 1.001101000000000063e+01
1.200000000000000000e+01 6.582615999999999801e+00
1.300000000000000000e+01 8.272192999999999685e+00
1.400000000000000000e+01 4.867770000000000152e+00
1.500000000000000000e+01 4.545678999999999803e+00
1.600000000000000000e+01 1.408362999999999943e+01
1.700000000000000000e+01 9.133414000000000144e+00
1.800000000000000000e+01 5.855661999999999701e+00
1.900000000000000000e+01 1.600789999999999935e+01
