1.000000000000000000e+00 8.746875329692666706e-04
2.000000000000000000e+00 -1.797764928569881937e-04
3.000000000000000000e+00 -1.797373163472234451e-04
4.000000000000000000e+00 -1.796044942329771998e-04
5.000000000000000000e+00 -1.787240107673544070e-04
6.000000000000000000e+00 -1.787964787190793250e-04
7.000000000000000000e+00 -1.760075150168029375e-04
8.000000000000000000e+00 -1.684661657571874180e-04
9.000000000000000000e+00 7.377688530939304867e-05
1.000000000000000000e+01 3.774188487810778225e-05
1.100000000000000000e+01 -5.837935714096704608e-05
1.200000000000000000e+01 1.051300780402947581e-05
1.300000000000000000e+01 -1.707040379640998651e-04
1.400000000000000000e+01 1.442643484826147291e-03
1.500000000000000000e+01 6.988202329146601249e-03
1.600000000000000000e+01 1.053783248055693828e-04
1.700000000000000000e+01 -1.374332152195929173e-04
1.800000000000000000e+01 8.596540413490876692e-03
1.900000000000000000e+01 -1.797764928569881937e-04
1.000000000000000000e+00 7.266828888345915191e-04
2.000000000000000000e+00 -1.221071669988078639e-04
3.000000000000000000e+00 -1.221071669988078639e-04
4.000000000000000000e+00 -1.221071669988078639e-04
5.000000000000000000e+00 -1.185892281093519360e-04
6.000000000000000000e+00 -1.210988014393587098e-04
7.000000000000000000e+00 -1.160683142107290643e-04
8.000000000000000000e+00 -1.212647002120686215e-04
9.000000000000000000e+00 -2.285996597142107956e-05
1.000000000000000000e+01 2.010104188896758503e-04
1.100000000000000000e+01 2.303956793120879643e-05
1.200000000000000000e+01 -5.954485830646820582e-06
1.300000000000000000e+01 -1.178627444107320217e-04
1.400000000000000000e+01 3.799334824102625682e-03
1.500000000000000000e+01 3.231779486423448991e-03
1.600000000000000000e+01 2.359159588261755276e-04
1.700000000000000000e+01 -1.142739269674254075e-04
1.800000000000000000e+01 3.957051161772523820e-03
1.900000000000000000e+01 -1.221071669988078639e-04
1.000000000000000000e+00 3.949997371050002369e-04
2.000000000000000000e+00 -8.502733077036481743e-05
3.000000000000000000e+00 -8.502733077036481743e-05
4.000000000000000000e+00 -8.494936436112906662e-05
5.000000000000000000e+00 -8.483673189555541788e-05
6.000000000000000000e+00 -8.476658360559288297e-05
7.000000000000000000e+00 -8.353759243852122457e-05
8.000000000000000000e+00 -8.387729401661289208e-05
9.000000000000000000e+00 7.056917970230663234e-05
1.000000000000000000e+01 2.012519644098591297e-04
1.100000000000000000e+01 2.682227902816137848e-04
1.200000000000000000e+01 4.891109922069674233e-05
1.300000000000000000e+01 -8.016656546068309699e-05
1.400000000000000000e+01 3.874448049370649884e-03
1.500000000000000000e+01 6.611435133493956916e-03
1.600000000000000000e+01 2.946861789741046377e-04
1.700000000000000000e+01 -8.403395709897257216e-05
1.800000000000000000e+01 9.705838451194487640e-03
1.900000000000000000e+01 -8.502733077036481743e-05
1.000000000000000000e+00 2.641809944441523314e-04
2.000000000000000000e+00 -6.547490177521136511e-05
3.000000000000000000e+00 -6.536858394443532895e-05
4.000000000000000000e+00 -6.547490177521136511e-05
5.000000000000000000e+00 -6.499846902323682394e-05
6.000000000000000000e+00 -6.523391469211902100e-05
7.000000000000000000e+00 -6.340812610162454449e-05
8.000000000000000000e+00 -6.418731767028979993e-05
9.000000000000000000e+00 1.361821013523799848e-04
1.000000000000000000e+01 5.210192284495690019e-05
1.100000000000000000e+01 1.682290877337316751e-04
1.200000000000000000e+01 8.784645007555223859e-05
1.300000000000000000e+01 -2.828900545618811670e-05
1.400000000000000000e+01 4.353550817947102712e-03
1.500000000000000000e+01 8.499997465554741047e-03
1.600000000000000000e+01 1.146870415446266746e-04
1.700000000000000000e+01 -6.031593105896510877e-05
1.800000000000000000e+01 1.032593146447635495e-02
1.900000000000000000e+01 -6.547490177521136511e-05
1.000000000000000000e+00 2.744574826618170131e-04
2.000000000000000000e+00 -8.366135068921445449e-05
3.000000000000000000e+00 -8.366135068921445449e-05
4.000000000000000000e+00 -8.359992260921053002e-05
5.000000000000000000e+00 -8.321554606384326752e-05
6.000000000000000000e+00 -7.867961931429423475e-05
7.000000000000000000e+00 -8.166519582928251635e-05
8.000000000000000000e+00 -8.312202932945965904e-05
9.000000000000000000e+00 4.816678849186588796e-05
1.000000000000000000e+01 2.976027670300116098e-04
1.100000000000000000e+01 2.576187572317602996e-04
1.200000000000000000e+01 1.502122748252778959e-04
1.300000000000000000e+01 -7.711092656913089529e-05
1.400000000000000000e+01 1.712782659377086502e-03
1.500000000000000000e+01 7.225392168890620859e-03
1.600000000000000000e+01 4.037272497024818688e-05
1.700000000000000000e+01 -5.245747544509154331e-05
1.800000000000000000e+01 5.569937501439048769e-03
1.900000000000000000e+01 -8.366135068921445449e-05
1.000000000000000000e+00 3.505424314247843173e-04
2.000000000000000000e+00 -8.236740899279598965e-05
3.000000000000000000e+00 -8.202341174477396110e-05
4.000000000000000000e+00 -8.236740899279598965e-05
5.000000000000000000e+00 -8.212620712620711529e-05
6.000000000000000000e+00 -8.154551846502310368e-05
7.000000000000000000e+00 -7.606050640106367430e-05
8.000000000000000000e+00 -8.110963683719101252e-05
9.000000000000000000e+00 1.728531186735520983e-04
1.000000000000000000e+01 1.587688197595318168e-04
1.100000000000000000e+01 2.244673541113169335e-04
1.200000000000000000e+01 1.320143135158614791e-04
1.300000000000000000e+01 -6.794211979970492699e-05
1.400000000000000000e+01 3.035368784981787998e-03
1.500000000000000000e+01 3.363008680346141633e-03
1.600000000000000000e+01 1.263230233818469041e-04
1.700000000000000000e+01 2.387962914278703683e-07
1.800000000000000000e+01 2.773148549077341339e-03
1.900000000000000000e+01 -8.236740899279598965e-05
1.000000000000000000e+00 3.002429716826001478e-04
2.000000000000000000e+00 -9.957964292329616110e-05
3.000000000000000000e+00 -9.955129150175588931e-05
4.000000000000000000e+00 -9.955129150175588931e-05
5.000000000000000000e+00 -9.945678676328829860e-05
6.000000000000000000e+00 -9.945678676328829860e-05
7.000000000000000000e+00 -9.808127029489257262e-05
8.000000000000000000e+00 -9.901544963464467520e-05
9.000000000000000000e+00 9.495836121223116789e-05
1.000000000000000000e+01 1.550657374960780351e-04
1.100000000000000000e+01 1.755912216438532071e-04
1.200000000000000000e+01 -1.006758978895201652e-05
1.300000000000000000e+01 -9.812805014043403395e-05
1.400000000000000000e+01 3.693625088361930046e-03
1.500000000000000000e+01 1.254193317002914518e-02
1.600000000000000000e+01 1.277515054604837750e-04
1.700000000000000000e+01 -6.919400688750533849e-05
1.800000000000000000e+01 9.650720882145030419e-03
1.900000000000000000e+01 -9.957964292329616110e-05
1.000000000000000000e+00 3.840145063055279526e-04
2.000000000000000000e+00 -1.193148526739857971e-04
3.000000000000000000e+00 -1.193148526739857971e-04
4.000000000000000000e+00 -1.192368862647500327e-04
5.000000000000000000e+00 -1.190334862935482055e-04
6.000000000000000000e+00 -1.150784629886797010e-04
7.000000000000000000e+00 -1.185688236771828091e-04
8.000000000000000000e+00 -1.176541896356137802e-04
9.000000000000000000e+00 1.264087649536565702e-04
1.000000000000000000e+01 -4.305807711380466073e-06
1.100000000000000000e+01 3.204475263298792198e-05
1.200000000000000000e+01 4.732835963486118242e-05
1.300000000000000000e+01 -1.142887470286851003e-04
1.400000000000000000e+01 4.394939211115680977e-03
1.500000000000000000e+01 1.181400573970233306e-02
1.600000000000000000e+01 2.323761120200748423e-04
1.700000000000000000e+01 -1.089939042725420371e-04
1.800000000000000000e+01 1.016779861865001015e-02
1.900000000000000000e+01 -1.193148526739857971e-04
1.000000000000000000e+00 6.796001126496482208e-04
2.000000000000000000e+00 -1.599676982803917692e-04
3.000000000000000000e+00 -1.599391320753549672e-04
4.000000000000000000e+00 -1.599676982803917692e-04
5.000000000000000000e+00 -1.589425796082142585e-04
6.000000000000000000e+00 -1.597648567462808908e-04
7.000000000000000000e+00 -1.585521891249445285e-04
8.000000000000000000e+00 -1.591874327942439167e-04
9.000000000000000000e+00 9.427354551193560127e-05
1.000000000000000000e+01 1.512652294386040302e-04
1.100000000000000000e+01 3.087461214396198768e-05
1.200000000000000000e+01 -7.786962779222840903e-05
1.300000000000000000e+01 -1.586254732539561991e-04
1.400000000000000000e+01 4.317700187669227217e-03
1.500000000000000000e+01 8.351951540032034535e-03
1.600000000000000000e+01 -6.871903466330710002e-05
1.700000000000000000e+01 -1.581835347315223262e-04
1.800000000000000000e+01 8.262755003854073410e-03
1.900000000000000000e+01 -1.599676982803917692e-04
1.000000000000000000e+00 5.208386814423965729e-04
2.000000000000000000e+00 -9.735100640673395903e-05
3.000000000000000000e+00 -9.735100640673395903e-05
4.000000000000000000e+00 -9.710104137348718717e-05
5.000000000000000000e+00 -9.686881745705274056e-05
6.000000000000000000e+00 -9.329095397206851859e-05
7.000000000000000000e+00 -9.067523463808292467e-05
8.000000000000000000e+00 -9.534475672246569547e-05
9.000000000000000000e+00 1.865729729506819101e-04
1.000000000000000000e+01 8.094038744193542145e-05
1.100000000000000000e+01 1.470235560792836180e-04
1.200000000000000000e+01 3.251066099363312465e-05
1.300000000000000000e+01 -8.212736695708831359e-05
1.400000000000000000e+01 4.749873965044243244e-03
1.500000000000000000e+01 1.032509110256788105e-02
1.600000000000000000e+01 1.491834189202610001e-04
1.700000000000000000e+01 -9.242877006034899993e-05
1.800000000000000000e+01 6.133033890773828371e-03
1.900000000000000000e+01 -9.735100640673395903e-05
1.000000000000000000e+00 2.205690336495289862e-04
2.000000000000000000e+00 -8.510890554234206502e-05
3.000000000000000000e+00 -8.510890554234206502e-05
4.000000000000000000e+00 -8.510890554234206502e-05
5.000000000000000000e+00 -8.433920740422287199e-05
6.000000000000000000e+00 -8.459222236312019180e-05
7.000000000000000000e+00 -8.400783942579606860e-05
8.000000000000000000e+00 -8.397785564968226449e-05
9.000000000000000000e+00 6.892144663042495180e-06
1.000000000000000000e+01 -3.246972325919694188e-05
1.100000000000000000e+01 9.445606852727595404e-05
1.200000000000000000e+01 -2.807894719659425492e-05
1.300000000000000000e+01 -8.344764111017979869e-05
1.400000000000000000e+01 6.868667452258782682e-03
1.500000000000000000e+01 1.223038171838481368e-02
1.600000000000000000e+01 9.258719436738011422e-05
1.700000000000000000e+01 -2.109281327547581384e-05
1.800000000000000000e+01 1.379277490655199563e-02
1.900000000000000000e+01 -8.510890554234206502e-05
1.000000000000000000e+00 3.719750751484497209e-04
2.000000000000000000e+00 -9.102601904459488628e-05
3.000000000000000000e+00 -9.102601904459488628e-05
4.000000000000000000e+00 -9.102601904459488628e-05
5.000000000000000000e+00 -9.063790526638822512e-05
6.000000000000000000e+00 -9.046362993731413521e-05
7.000000000000000000e+00 -8.163821902211994600e-05
8.000000000000000000e+00 -8.987456471976594530e-05
9.000000000000000000e+00 4.403362375498597948e-05
1.000000000000000000e+01 2.704393559656717376e-04
1.100000000000000000e+01 1.351646289726785011e-04
1.200000000000000000e+01 -6.807691792211915716e-06
1.300000000000000000e+01 -5.974340417064875197e-05
1.400000000000000000e+01 2.119995974098141077e-03
1.500000000000000000e+01 1.554787141822745397e-02
1.600000000000000000e+01 2.786674110203521938e-05
1.700000000000000000e+01 -8.541883812781644512e-05
1.800000000000000000e+01 8.656991529282549377e-03
1.900000000000000000e+01 -9.102601904459488628e-05
1.000000000000000000e+00 3.872564484019592199e-04
2.000000000000000000e+00 -8.873445096355312930e-05
3.000000000000000000e+00 -8.865648455431736493e-05
4.000000000000000000e+00 -8.868956121278101761e-05
5.000000000000000000e+00 -8.834251403910845467e-05
6.000000000000000000e+00 -8.841575521142083815e-05
7.000000000000000000e+00 -8.782870895873991332e-05
8.000000000000000000e+00 -8.770873089758538270e-05
9.000000000000000000e+00 1.060428649437937244e-04
1.000000000000000000e+01 1.782782061419832065e-04
1.100000000000000000e+01 2.085955839825808845e-04
1.200000000000000000e+01 1.913257880750140756e-04
1.300000000000000000e+01 -8.796337821105622127e-05
1.400000000000000000e+01 2.215668361566194150e-03
1.500000000000000000e+01 8.758376126797178668e-03
1.600000000000000000e+01 3.224362067241323877e-04
1.700000000000000000e+01 -5.128819409005166903e-05
1.800000000000000000e+01 5.412670190146969852e-03
1.900000000000000000e+01 -8.873445096355312930e-05
1.000000000000000000e+00 4.047937356760885957e-04
2.000000000000000000e+00 -9.612459264162050100e-05
3.000000000000000000e+00 -9.612459264162050100e-05
4.000000000000000000e+00 -9.610805431238867466e-05
5.000000000000000000e+00 -9.573510424903612485e-05
6.000000000000000000e+00 -9.158497161593135664e-05
7.000000000000000000e+00 -9.207248719632620546e-05
8.000000000000000000e+00 -9.515969926186644296e-05
9.000000000000000000e+00 9.440911685493727664e-05
1.000000000000000000e+01 1.573516782495110438e-04
1.100000000000000000e+01 1.266029721912074666e-04
1.200000000000000000e+01 -5.178043490736988350e-06
1.300000000000000000e+01 -6.417309900282035663e-05
1.400000000000000000e+01 3.240064673888203017e-03
1.500000000000000000e+01 7.243658517265327834e-03
1.600000000000000000e+01 9.046474681149603288e-05
1.700000000000000000e+01 -9.521842106981425163e-05
1.800000000000000000e+01 8.665979874958202114e-03
1.900000000000000000e+01 -9.612459264162050100e-05
1.000000000000000000e+00 4.664907246176595640e-04
2.000000000000000000e+00 -1.177611518168793665e-04
3.000000000000000000e+00 -1.177611518168793665e-04
4.000000000000000000e+00 -1.175813780302944301e-04
5.000000000000000000e+00 -8.793880697905464877e-05
6.000000000000000000e+00 -1.175740753914128489e-04
7.000000000000000000e+00 -1.169554989214431889e-04
8.000000000000000000e+00 -1.163811678517560769e-04
9.000000000000000000e+00 1.184783998251490492e-04
1.000000000000000000e+01 2.062156539710719198e-04
1.100000000000000000e+01 1.019550195246789610e-04
1.200000000000000000e+01 2.815364889668295126e-05
1.300000000000000000e+01 -1.086372777549248105e-04
1.400000000000000000e+01 2.874449681725223422e-03
1.500000000000000000e+01 8.253333182125750095e-03
1.600000000000000000e+01 5.530627782949763707e-05
1.700000000000000000e+01 -8.715368738588552707e-05
1.800000000000000000e+01 7.923867669997700786e-03
1.900000000000000000e+01 -1.177611518168793665e-04
1.000000000000000000e+00 2.850210075442273353e-04
2.000000000000000000e+00 -6.766496317579908163e-05
3.000000000000000000e+00 -6.766496317579908163e-05
4.000000000000000000e+00 -6.760924833680250672e-05
5.000000000000000000e+00 -6.402708918188793725e-05
6.000000000000000000e+00 -6.676321614402109519e-05
7.000000000000000000e+00 -6.298113651054826627e-05
8.000000000000000000e+00 -6.597998664562130958e-05
9.000000000000000000e+00 6.841945464236484913e-05
1.000000000000000000e+01 1.070758017352444510e-04
1.100000000000000000e+01 1.059028690607637861e-04
1.200000000000000000e+01 6.318363439106472609e-05
1.300000000000000000e+01 -2.872291107585225019e-05
1.400000000000000000e+01 5.342633243949033127e-03
1.500000000000000000e+01 5.560168160013360950e-03
1.600000000000000000e+01 1.324257527817899267e-04
1.700000000000000000e+01 -3.644738474459836180e-05
1.800000000000000000e+01 1.296668965709213243e-02
1.900000000000000000e+01 -6.766496317579908163e-05
1.000000000000000000e+00 5.423130790777848983e-04
2.000000000000000000e+00 -8.141712089080509413e-05
3.000000000000000000e+00 -8.140629580258063091e-05
4.000000000000000000e+00 -8.085576274430762592e-05
5.000000000000000000e+00 -8.087496438889626744e-05
6.000000000000000000e+00 -8.070846422239610636e-05
7.000000000000000000e+00 -6.904705201918823752e-05
8.000000000000000000e+00 -7.620484091072326073e-05
9.000000000000000000e+00 9.345719639837286234e-05
1.000000000000000000e+01 1.324807803135976509e-04
1.100000000000000000e+01 1.587730724727628637e-04
1.200000000000000000e+01 5.912667483874914099e-05
1.300000000000000000e+01 -4.047027963436631876e-05
1.400000000000000000e+01 2.288498395309540774e-04
1.500000000000000000e+01 3.426812394691651324e-03
1.600000000000000000e+01 3.350886729369701323e-04
1.700000000000000000e+01 -7.287604036830042965e-05
1.800000000000000000e+01 1.245351311914779388e-03
1.900000000000000000e+01 -8.141712089080509413e-05
1.000000000000000000e+00 3.247138138779005322e-04
2.000000000000000000e+00 -7.945644826449779297e-05
3.000000000000000000e+00 -7.933359210448993047e-05
4.000000000000000000e+00 -7.936194352603020226e-05
5.000000000000000000e+00 -7.841577926717245171e-05
6.000000000000000000e+00 -7.929441559472518190e-05
7.000000000000000000e+00 -7.793281709690378126e-05
8.000000000000000000e+00 -7.744169315376744922e-05
9.000000000000000000e+00 7.554283521775780530e-05
1.000000000000000000e+01 1.597156713255784316e-04
1.100000000000000000e+01 9.525390330343889200e-06
1.200000000000000000e+01 6.171919755511085708e-05
1.300000000000000000e+01 -6.721817054634391243e-05
1.400000000000000000e+01 3.407364135692308917e-03
1.500000000000000000e+01 7.038094817119584616e-03
1.600000000000000000e+01 1.616771171724731848e-04
1.700000000000000000e+01 -4.359125566555906644e-05
1.800000000000000000e+01 5.488371879238751819e-03
1.900000000000000000e+01 -7.945644826449779297e-05
1.000000000000000000e+00 2.277500191586878805e-04
2.000000000000000000e+00 -7.122955304069854190e-05
3.000000000000000000e+00 -7.001611219877472761e-05
4.000000000000000000e+00 -7.118466328992644377e-05
5.000000000000000000e+00 -7.083387888341448216e-05
6.000000000000000000e+00 -7.028669644768715662e-05
7.000000000000000000e+00 -7.007328756554761877e-05
8.000000000000000000e+00 -7.001993534501274109e-05
9.000000000000000000e+00 2.053287270005535990e-04
1.000000000000000000e+01 1.034458317740051374e-04
1.100000000000000000e+01 1.607878275834932074e-04
1.200000000000000000e+01 2.085983761680356016e-04
1.300000000000000000e+01 -6.648837918187763287e-05
1.400000000000000000e+01 3.030076476670903740e-03
1.500000000000000000e+01 6.576367346104187474e-03
1.600000000000000000e+01 2.367145668229259548e-04
1.700000000000000000e+01 -6.998630024945813957e-05
1.800000000000000000e+01 8.085753513772088452e-03
1.900000000000000000e+01 -7.122955304069854190e-05
1.000000000000000000e+00 6.944300539501777709e-04
2.000000000000000000e+00 -1.301228441321320448e-04
3.000000000000000000e+00 -1.300614160521281067e-04
4.000000000000000000e+00 -1.300659265055549845e-04
5.000000000000000000e+00 -1.294329595413186516e-04
6.000000000000000000e+00 -1.300496029598196613e-04
7.000000000000000000e+00 -1.291478129713423742e-04
8.000000000000000000e+00 -1.293535755610058851e-04
9.000000000000000000e+00 -2.744675345294540108e-05
1.000000000000000000e+01 1.012476515572490734e-04
1.100000000000000000e+01 5.659631046627950073e-05
1.200000000000000000e+01 -3.435930254815703331e-05
1.300000000000000000e+01 -6.400427917455779896e-05
1.400000000000000000e+01 4.768890079648592864e-03
1.500000000000000000e+01 1.281038049497801659e-02
1.600000000000000000e+01 2.990817232303300197e-05
1.700000000000000000e+01 -8.766328270972233573e-05
1.800000000000000000e+01 1.126292897848625400e-02
1.900000000000000000e+01 -1.301228441321320448e-04
1.000000000000000000e+00 2.826910361740082953e-04
2.000000000000000000e+00 -9.428802191960086189e-05
3.000000000000000000e+00 -9.428802191960086189e-05
4.000000000000000000e+00 -9.422659383959692387e-05
5.000000000000000000e+00 -9.046032227146776994e-05
6.000000000000000000e+00 -9.287792530826585280e-05
7.000000000000000000e+00 -9.296151904511036547e-05
8.000000000000000000e+00 -9.373259179760727350e-05
9.000000000000000000e+00 2.225212438060735214e-04
1.000000000000000000e+01 3.468605697707864829e-04
1.100000000000000000e+01 7.544313271867450984e-06
1.200000000000000000e+01 7.019176214222653252e-05
1.300000000000000000e+01 -8.949886542765799261e-05
1.400000000000000000e+01 3.350310680032041969e-03
1.500000000000000000e+01 6.039190943215710233e-03
1.600000000000000000e+01 1.961287336674333412e-04
1.700000000000000000e+01 -9.078700796967050662e-05
1.800000000000000000e+01 9.257218271924152683e-03
1.900000000000000000e+01 -9.428802191960086189e-05
1.000000000000000000e+00 3.269419778707703867e-04
2.000000000000000000e+00 -6.855704495023380314e-05
3.000000000000000000e+00 -6.827825597175441190e-05
4.000000000000000000e+00 -6.849561687022986511e-05
5.000000000000000000e+00 -6.766208507694574975e-05
6.000000000000000000e+00 -6.836094761791355716e-05
7.000000000000000000e+00 -6.649542408056339680e-05
8.000000000000000000e+00 -6.690604716920505119e-05
9.000000000000000000e+00 3.518411413148254908e-04
1.000000000000000000e+01 8.859393960013154279e-05
1.100000000000000000e+01 1.797456499468883364e-04
1.200000000000000000e+01 2.139974748333881352e-04
1.300000000000000000e+01 -2.389883078737567581e-05
1.400000000000000000e+01 8.819021535739801935e-04
1.500000000000000000e+01 2.377378684267229120e-03
1.600000000000000000e+01 1.130196343044640253e-04
1.700000000000000000e+01 -6.757088800432452431e-05
1.800000000000000000e+01 2.539567243901608932e-03
1.900000000000000000e+01 -6.855704495023380314e-05
1.000000000000000000e+00 2.588003242028009466e-04
2.000000000000000000e+00 -8.851794919906374288e-05
3.000000000000000000e+00 -8.840411394590960877e-05
4.000000000000000000e+00 -8.846124635598318574e-05
5.000000000000000000e+00 -8.834367386998965297e-05
6.000000000000000000e+00 -8.836493743614486020e-05
7.000000000000000000e+00 -8.745696168296786244e-05
8.000000000000000000e+00 -8.739321394120155493e-05
9.000000000000000000e+00 2.410605820048544387e-04
1.000000000000000000e+01 1.609898529403173332e-04
1.100000000000000000e+01 9.592819461240513707e-05
1.200000000000000000e+01 -4.614580465973654644e-05
1.300000000000000000e+01 -5.849486770539401992e-05
1.400000000000000000e+01 4.967991502821223621e-03
1.500000000000000000e+01 8.258673172372861873e-03
1.600000000000000000e+01 1.435168288883458996e-04
1.700000000000000000e+01 -5.843343962539008867e-05
1.800000000000000000e+01 1.345469417063844229e-02
1.900000000000000000e+01 -8.851794919906374288e-05
1.000000000000000000e+00 2.105991273947930187e-04
2.000000000000000000e+00 -5.168193519586707850e-05
3.000000000000000000e+00 -5.123162011706902734e-05
4.000000000000000000e+00 -5.101945697920929582e-05
5.000000000000000000e+00 -5.151869973851397528e-05
6.000000000000000000e+00 -5.130133884003852885e-05
7.000000000000000000e+00 -4.817890228106945814e-05
8.000000000000000000e+00 -5.022707770385788671e-05
9.000000000000000000e+00 1.515839681474356220e-04
1.000000000000000000e+01 1.820934483473182893e-04
1.100000000000000000e+01 1.008234111949282116e-04
1.200000000000000000e+01 1.743974549702103684e-04
1.300000000000000000e+01 -4.179085448435293536e-05
1.400000000000000000e+01 2.420900736690210272e-03
1.500000000000000000e+01 3.385242251728319725e-03
1.600000000000000000e+01 1.479219954452152392e-04
1.700000000000000000e+01 -4.171933158001269224e-05
1.800000000000000000e+01 3.510717567606112290e-03
1.900000000000000000e+01 -5.168193519586707850e-05
1.000000000000000000e+00 3.692056997010557213e-04
2.000000000000000000e+00 -6.828504313024435851e-05
3.000000000000000000e+00 -6.790019406118476199e-05
4.000000000000000000e+00 -6.815015909443153386e-05
5.000000000000000000e+00 -6.768004097725459172e-05
6.000000000000000000e+00 -6.783077603511039198e-05
7.000000000000000000e+00 -6.598252109088022287e-05
8.000000000000000000e+00 -6.700712428266607180e-05
9.000000000000000000e+00 1.267987258699332940e-04
1.000000000000000000e+01 1.661696146990264628e-04
1.100000000000000000e+01 1.857818823763095943e-04
1.200000000000000000e+01 2.824845433204566331e-05
1.300000000000000000e+01 -6.781166030392036528e-05
1.400000000000000000e+01 5.398339104995450964e-03
1.500000000000000000e+01 8.688607144489495990e-03
1.600000000000000000e+01 1.317599668992857720e-04
1.700000000000000000e+01 -6.703835380305967547e-05
1.800000000000000000e+01 1.513902501866897995e-02
1.900000000000000000e+01 -6.828504313024435851e-05
1.000000000000000000e+00 5.186429927142000539e-04
2.000000000000000000e+00 -1.004785118562208292e-04
3.000000000000000000e+00 -1.004785118562208292e-04
4.000000000000000000e+00 -1.004619735269890029e-04
5.000000000000000000e+00 -1.003197868522945834e-04
6.000000000000000000e+00 -1.000573214195505154e-04
7.000000000000000000e+00 -9.944729333274223619e-05
8.000000000000000000e+00 -9.996397651196412297e-05
9.000000000000000000e+00 7.408656015467159788e-05
1.000000000000000000e+01 7.083014165057508350e-05
1.100000000000000000e+01 1.460368406962834174e-04
1.200000000000000000e+01 3.248106382781305331e-05
1.300000000000000000e+01 8.322753098294892904e-05
1.400000000000000000e+01 1.744445569909966074e-03
1.500000000000000000e+01 7.113182697935019685e-03
1.600000000000000000e+01 3.013219150990048635e-05
1.700000000000000000e+01 -9.273930403961362949e-05
1.800000000000000000e+01 7.209817745034463252e-03
1.900000000000000000e+01 -1.004785118562208292e-04
1.000000000000000000e+00 6.126706970360220553e-04
2.000000000000000000e+00 -1.381679895611784086e-04
3.000000000000000000e+00 -1.381679895611784086e-04
4.000000000000000000e+00 -1.381679895611784086e-04
5.000000000000000000e+00 -1.379761878987885101e-04
6.000000000000000000e+00 -1.370197999454965323e-04
7.000000000000000000e+00 -1.369992666432294764e-04
8.000000000000000000e+00 -1.375601522660346106e-04
9.000000000000000000e+00 4.049124250362640126e-05
1.000000000000000000e+01 1.405264412230356494e-04
1.100000000000000000e+01 1.243842586721843467e-04
1.200000000000000000e+01 -1.519850978055312411e-05
1.300000000000000000e+01 -1.326064286590602169e-04
1.400000000000000000e+01 3.162692012150216097e-03
1.500000000000000000e+01 9.045818259827547239e-03
1.600000000000000000e+01 1.093148337730380965e-04
1.700000000000000000e+01 -1.356059661013221381e-04
1.800000000000000000e+01 5.020019368316581791e-03
1.900000000000000000e+01 -1.381679895611784086e-04
1.000000000000000000e+00 1.976719960466090278e-04
2.000000000000000000e+00 -5.598314654042207912e-05
3.000000000000000000e+00 -5.596660821119025278e-05
4.000000000000000000e+00 -5.584095986572766644e-05
5.000000000000000000e+00 -5.572068110767801108e-05
6.000000000000000000e+00 -5.453541986049725929e-05
7.000000000000000000e+00 -5.461291374604067609e-05
8.000000000000000000e+00 -5.350338515973190688e-05
9.000000000000000000e+00 1.784913143272276264e-04
1.000000000000000000e+01 2.075331788954079884e-04
1.100000000000000000e+01 2.012590093085448936e-04
1.200000000000000000e+01 1.896872047800840185e-04
1.300000000000000000e+01 -3.688154810445831938e-05
1.400000000000000000e+01 1.313140162211369521e-03
1.500000000000000000e+01 5.018622115758338172e-03
1.600000000000000000e+01 1.751101066116545857e-04
1.700000000000000000e+01 -2.005493646360519304e-05
1.800000000000000000e+01 2.504452891449795385e-03
1.900000000000000000e+01 -5.598314654042207912e-05
1.000000000000000000e+00 4.394844491593717195e-04
2.000000000000000000e+00 -1.124941020451856262e-04
3.000000000000000000e+00 -1.122937519996343469e-04
4.000000000000000000e+00 -1.123925094513329709e-04
5.000000000000000000e+00 -1.123696564873035456e-04
6.000000000000000000e+00 -1.123308665878325298e-04
7.000000000000000000e+00 -1.113832847578977500e-04
8.000000000000000000e+00 -1.118385398571156988e-04
9.000000000000000000e+00 1.971678562235837514e-04
1.000000000000000000e+01 1.759326414899170217e-04
1.100000000000000000e+01 3.070630779609107144e-05
1.200000000000000000e+01 -7.277431890434985895e-05
1.300000000000000000e+01 -8.179990803829812493e-05
1.400000000000000000e+01 9.549721778049949719e-03
1.500000000000000000e+01 1.125038635255353435e-02
1.600000000000000000e+01 1.216760965212977549e-04
1.700000000000000000e+01 -1.035180419855342380e-04
1.800000000000000000e+01 9.021478564435220227e-03
1.900000000000000000e+01 -1.124941020451856262e-04
1.000000000000000000e+00 5.913230646202781394e-04
2.000000000000000000e+00 -1.148808192151845375e-04
3.000000000000000000e+00 -1.146025027603974939e-04
4.000000000000000000e+00 -1.147910397136403277e-04
5.000000000000000000e+00 -1.112778260611077942e-04
6.000000000000000000e+00 -1.143121584298054881e-04
7.000000000000000000e+00 -1.100433793932245900e-04
8.000000000000000000e+00 -1.109879972109074231e-04
9.000000000000000000e+00 1.220071208461301262e-04
1.000000000000000000e+01 1.791803397840549528e-04
1.100000000000000000e+01 4.477664578283772689e-05
1.200000000000000000e+01 1.354212952510166048e-04
1.300000000000000000e+01 -1.141451857396129794e-04
1.400000000000000000e+01 3.949747148276559414e-03
1.500000000000000000e+01 8.092373699571841356e-03
1.600000000000000000e+01 2.237476146144876652e-04
1.700000000000000000e+01 -7.602120102120101029e-05
1.800000000000000000e+01 1.030763371475445708e-02
1.900000000000000000e+01 -1.148808192151845375e-04
1.000000000000000000e+00 6.274884386339494137e-04
2.000000000000000000e+00 -9.010159087558467699e-05
3.000000000000000000e+00 -9.010159087558467699e-05
4.000000000000000000e+00 -9.010159087558467699e-05
5.000000000000000000e+00 -8.943236845713625511e-05
6.000000000000000000e+00 -8.996219638634498814e-05
7.000000000000000000e+00 -8.054561537533672913e-05
8.000000000000000000e+00 -8.518816065255692958e-05
9.000000000000000000e+00 9.113521497422425431e-05
1.000000000000000000e+01 1.776720871148115691e-04
1.100000000000000000e+01 5.862064492095451492e-05
1.200000000000000000e+01 2.103855896425555857e-05
1.300000000000000000e+01 -7.647405054525797474e-05
1.400000000000000000e+01 3.777632670047530433e-03
1.500000000000000000e+01 1.127455417819194818e-02
1.600000000000000000e+01 1.769137295453084740e-04
1.700000000000000000e+01 -8.452873236154968806e-05
1.800000000000000000e+01 5.740475941327333881e-03
1.900000000000000000e+01 -9.010159087558467699e-05
1.000000000000000000e+00 4.978128166982655851e-04
2.000000000000000000e+00 -1.185024126200596729e-04
3.000000000000000000e+00 -1.184409845400557349e-04
4.000000000000000000e+00 -1.183304139960486654e-04
5.000000000000000000e+00 -1.177948298691332686e-04
6.000000000000000000e+00 -1.175311616488087016e-04
7.000000000000000000e+00 -8.448105042532285931e-05
8.000000000000000000e+00 -1.175956826111624747e-04
9.000000000000000000e+00 1.414195969149529273e-04
1.000000000000000000e+01 2.552027435928364485e-04
1.100000000000000000e+01 8.890047860636095636e-05
1.200000000000000000e+01 8.208406660419043360e-05
1.300000000000000000e+01 -1.159856225645699326e-04
1.400000000000000000e+01 2.784293750625019791e-03
1.500000000000000000e+01 8.703523299885527337e-03
1.600000000000000000e+01 1.722595000458777435e-04
1.700000000000000000e+01 -1.091604473957415123e-04
1.800000000000000000e+01 4.957979241260974251e-03
1.900000000000000000e+01 -1.185024126200596729e-04
1.000000000000000000e+00 1.152922584811129581e-04
2.000000000000000000e+00 -6.780027677860493967e-05
3.000000000000000000e+00 -6.756685007459000769e-05
4.000000000000000000e+00 -6.726018219826269224e-05
5.000000000000000000e+00 -6.739437892688666617e-05
6.000000000000000000e+00 -6.688783352870039190e-05
7.000000000000000000e+00 -6.573466093589931734e-05
8.000000000000000000e+00 -6.215267360778196394e-05
9.000000000000000000e+00 1.518263728016049953e-04
1.000000000000000000e+01 1.375084324000732652e-04
1.100000000000000000e+01 1.601231585751709504e-04
1.200000000000000000e+01 1.883354433664031124e-04
1.300000000000000000e+01 -3.656246574203230224e-05
1.400000000000000000e+01 4.242052624018568217e-03
1.500000000000000000e+01 6.636222437693025701e-03
1.600000000000000000e+01 1.199591172501389137e-04
1.700000000000000000e+01 -5.742743668440262501e-05
1.800000000000000000e+01 1.252852604052294427e-02
1.900000000000000000e+01 -6.780027677860493967e-05
1.000000000000000000e+00 3.088283405620866474e-04
2.000000000000000000e+00 -8.188461864932452172e-05
3.000000000000000000e+00 -8.187379356110005850e-05
4.000000000000000000e+00 -8.187259077351955957e-05
5.000000000000000000e+00 -8.089334985619814279e-05
6.000000000000000000e+00 -8.100422109710034377e-05
7.000000000000000000e+00 -7.709821138613708242e-05
8.000000000000000000e+00 -7.691594611099254698e-05
9.000000000000000000e+00 1.090229859579704738e-04
1.000000000000000000e+01 1.666759882704155074e-04
1.100000000000000000e+01 1.873366141941993214e-04
1.200000000000000000e+01 -6.134083494764608921e-05
1.300000000000000000e+01 7.696276891323330894e-05
1.400000000000000000e+01 2.779450769388849656e-03
1.500000000000000000e+01 8.104259646442308479e-03
1.600000000000000000e+01 1.309887223199916581e-05
1.700000000000000000e+01 -7.987759574446880618e-05
1.800000000000000000e+01 8.711712479127338427e-03
1.900000000000000000e+01 -8.188461864932452172e-05
1.000000000000000000e+00 4.163499469227022990e-04
2.000000000000000000e+00 -8.353961140338848966e-05
3.000000000000000000e+00 -8.336761277937748216e-05
4.000000000000000000e+00 -8.327783327783327234e-05
5.000000000000000000e+00 -8.302932877236281672e-05
6.000000000000000000e+00 -8.258416849748117985e-05
7.000000000000000000e+00 -8.040665045309007368e-05
8.000000000000000000e+00 -8.271063302023053912e-05
9.000000000000000000e+00 1.695576525297887507e-04
1.000000000000000000e+01 2.862440277300958404e-04
1.100000000000000000e+01 2.199738256239804133e-04
1.200000000000000000e+01 4.509937946470454144e-05
1.300000000000000000e+01 -2.274454132039271036e-05
1.400000000000000000e+01 1.217193195521368721e-03
1.500000000000000000e+01 3.478970161245702620e-03
1.600000000000000000e+01 1.138540252317342074e-04
1.700000000000000000e+01 -7.363182053584529734e-05
1.800000000000000000e+01 4.021782397169393515e-03
1.900000000000000000e+01 -8.353961140338848966e-05
1.000000000000000000e+00 5.871606463711726053e-04
2.000000000000000000e+00 -1.060967756014195509e-04
3.000000000000000000e+00 -1.058349974758643472e-04
4.000000000000000000e+00 -1.060967756014195509e-04
5.000000000000000000e+00 -1.055566810210773035e-04
6.000000000000000000e+00 -1.052183970140626381e-04
7.000000000000000000e+00 -9.706856610881378395e-05
8.000000000000000000e+00 -1.024432653689619612e-04
9.000000000000000000e+00 2.226758449668666357e-04
1.000000000000000000e+01 9.451758252067849332e-05
1.100000000000000000e+01 -5.605492718495813957e-05
1.200000000000000000e+01 3.053950693269578563e-05
1.300000000000000000e+01 -7.780927362970705449e-05
1.400000000000000000e+01 5.340961927649233443e-04
1.500000000000000000e+01 2.357818050542508678e-04
1.600000000000000000e+01 2.196182300671464696e-04
1.700000000000000000e+01 -9.935940392596738957e-05
1.800000000000000000e+01 1.703226812746936551e-03
1.900000000000000000e+01 -1.060967756014195509e-04
1.000000000000000000e+00 1.816849301369425013e-04
2.000000000000000000e+00 -7.859069894673609172e-05
3.000000000000000000e+00 -7.841870032272508422e-05
4.000000000000000000e+00 -7.859069894673609172e-05
5.000000000000000000e+00 -7.817590905826199172e-05
6.000000000000000000e+00 -7.829850747807403689e-05
7.000000000000000000e+00 -7.755076021329890181e-05
8.000000000000000000e+00 -7.755660232440418037e-05
9.000000000000000000e+00 1.884528440255994427e-04
1.000000000000000000e+01 3.289202627437921248e-04
1.100000000000000000e+01 1.283038856568268155e-04
1.200000000000000000e+01 1.442918536571787230e-04
1.300000000000000000e+01 2.535312984229392893e-05
1.400000000000000000e+01 3.277977784169734416e-03
1.500000000000000000e+01 7.802658340971034036e-03
1.600000000000000000e+01 1.210658536509929590e-04
1.700000000000000000e+01 -7.271920545914353350e-05
1.800000000000000000e+01 8.427801902260105560e-03
1.900000000000000000e+01 -7.859069894673609172e-05
1.000000000000000000e+00 3.502611939144446547e-04
2.000000000000000000e+00 -7.741046363337384555e-05
3.000000000000000000e+00 -7.717703692935890003e-05
4.000000000000000000e+00 -7.716475131335812055e-05
5.000000000000000000e+00 -7.635677875615955992e-05
6.000000000000000000e+00 -7.609448515021269440e-05
7.000000000000000000e+00 -7.377185937557453627e-05
8.000000000000000000e+00 -7.354521983004955090e-05
9.000000000000000000e+00 6.942292313809340627e-05
1.000000000000000000e+01 2.280767907702892184e-04
1.100000000000000000e+01 8.744239936190400055e-05
1.200000000000000000e+01 1.851785125778933599e-04
1.300000000000000000e+01 -5.627430704830085109e-05
1.400000000000000000e+01 7.728087186291519991e-04
1.500000000000000000e+01 2.836493528830990110e-03
1.600000000000000000e+01 1.537903530937586617e-04
1.700000000000000000e+01 -6.816884525862852717e-05
1.800000000000000000e+01 4.452856955565933500e-03
1.900000000000000000e+01 -7.741046363337384555e-05
1.000000000000000000e+00 2.504528065673576284e-04
2.000000000000000000e+00 -1.254591212021552383e-04
3.000000000000000000e+00 -1.254591212021552383e-04
4.000000000000000000e+00 -1.254591212021552383e-04
5.000000000000000000e+00 -1.251421007612958072e-04
6.000000000000000000e+00 -1.252016387465303821e-04
7.000000000000000000e+00 -1.236002989098964233e-04
8.000000000000000000e+00 -1.212771146981673164e-04
9.000000000000000000e+00 4.675789466811138456e-05
1.000000000000000000e+01 -5.183769618754138439e-05
1.100000000000000000e+01 -2.103469286131824786e-05
1.200000000000000000e+01 -8.523322223012624378e-05
1.300000000000000000e+01 -1.124979251914236397e-04
1.400000000000000000e+01 1.109030503380348427e-02
1.500000000000000000e+01 1.368368701302137731e-02
1.600000000000000000e+01 -4.258533863797021082e-05
1.700000000000000000e+01 -8.814899410874642261e-05
1.800000000000000000e+01 1.285962596914609277e-02
1.900000000000000000e+01 -1.254591212021552383e-04
1.000000000000000000e+00 2.865719591725783360e-04
2.000000000000000000e+00 -8.120371200866555628e-05
3.000000000000000000e+00 -8.106431751942586744e-05
4.000000000000000000e+00 -8.119168413286059413e-05
5.000000000000000000e+00 -8.098416031852563547e-05
6.000000000000000000e+00 -8.094743234062118538e-05
7.000000000000000000e+00 -7.639896223487554225e-05
8.000000000000000000e+00 -8.023263286421180110e-05
9.000000000000000000e+00 -3.237508965063144251e-05
1.000000000000000000e+01 1.257815541871269282e-04
1.100000000000000000e+01 2.050742515138799765e-04
1.200000000000000000e+01 2.347919108755022039e-04
1.300000000000000000e+01 -7.535687566647318537e-05
1.400000000000000000e+01 3.925143655793809742e-03
1.500000000000000000e+01 1.193414746588121120e-02
1.600000000000000000e+01 8.098806937816225020e-05
1.700000000000000000e+01 -8.003606300819922110e-05
1.800000000000000000e+01 9.850105347009370516e-03
1.900000000000000000e+01 -8.120371200866555628e-05
1.000000000000000000e+00 3.070954673121855435e-04
2.000000000000000000e+00 -9.332531933151127146e-05
3.000000000000000000e+00 -9.332531933151127146e-05
4.000000000000000000e+00 -9.329696790997099966e-05
5.000000000000000000e+00 -9.297354692091534117e-05
6.000000000000000000e+00 -9.241979211019458573e-05
7.000000000000000000e+00 -9.227154854089838457e-05
8.000000000000000000e+00 -9.221836814716070940e-05
9.000000000000000000e+00 5.185410564667530207e-05
1.000000000000000000e+01 2.165201499566824547e-04
1.100000000000000000e+01 1.264243582355037421e-04
1.200000000000000000e+01 -1.894115516406538036e-05
1.300000000000000000e+01 -5.755308502986521135e-05
1.400000000000000000e+01 4.222949865751723063e-03
1.500000000000000000e+01 1.233365873033055553e-02
1.600000000000000000e+01 4.164364187584001706e-05
1.700000000000000000e+01 -9.147362785133682163e-05
1.800000000000000000e+01 1.489462223363152010e-02
1.900000000000000000e+01 -9.332531933151127146e-05
1.000000000000000000e+00 1.842903398630952802e-04
2.000000000000000000e+00 -6.450717325330327582e-05
3.000000000000000000e+00 -6.450717325330327582e-05
4.000000000000000000e+00 -6.446228350253117769e-05
5.000000000000000000e+00 -6.385216950232429725e-05
6.000000000000000000e+00 -6.339571161552584957e-05
7.000000000000000000e+00 -3.258909992656122305e-05
8.000000000000000000e+00 -6.313066878082356761e-05
9.000000000000000000e+00 1.359117748436633867e-04
1.000000000000000000e+01 1.874143658199385555e-04
1.100000000000000000e+01 1.548318812250700698e-04
1.200000000000000000e+01 1.124678984586105214e-04
1.300000000000000000e+01 3.768771648028613840e-05
1.400000000000000000e+01 4.506761899950754297e-03
1.500000000000000000e+01 9.269582369814566292e-03
1.600000000000000000e+01 8.794052524702678235e-05
1.700000000000000000e+01 -5.535602168729103153e-05
1.800000000000000000e+01 2.946291367730996015e-03
1.900000000000000000e+01 -6.450717325330327582e-05
1.000000000000000000e+00 3.623340024268816299e-04
2.000000000000000000e+00 -1.200950322467350212e-04
3.000000000000000000e+00 -1.198493199267192962e-04
4.000000000000000000e+00 -1.199721760867271587e-04
5.000000000000000000e+00 -1.190523013278431142e-04
6.000000000000000000e+00 -1.193792877229409689e-04
7.000000000000000000e+00 -1.159425369951685693e-04
8.000000000000000000e+00 -1.187810297717418345e-04
9.000000000000000000e+00 2.236673715001888117e-05
1.000000000000000000e+01 2.835234940498097865e-04
1.100000000000000000e+01 -2.304476569182451474e-05
1.200000000000000000e+01 1.076704942804013892e-04
1.300000000000000000e+01 -1.152848699288327756e-04
1.400000000000000000e+01 8.164768581951243470e-03
1.500000000000000000e+01 1.021669717451451076e-02
1.600000000000000000e+01 -4.990601933326391189e-05
1.700000000000000000e+01 -4.935411166061320546e-05
1.800000000000000000e+01 8.667092023903168879e-03
1.900000000000000000e+01 -1.200950322467350212e-04
1.000000000000000000e+00 2.385582254003306584e-04
2.000000000000000000e+00 -6.130638367480472153e-05
3.000000000000000000e+00 -6.095581405178928340e-05
4.000000000000000000e+00 -6.111028634248447556e-05
5.000000000000000000e+00 -6.057611978664610117e-05
6.000000000000000000e+00 -6.121759217734449394e-05
7.000000000000000000e+00 -5.195359336226209099e-05
8.000000000000000000e+00 -6.032310482774878814e-05
9.000000000000000000e+00 2.051392020432268100e-04
1.000000000000000000e+01 3.173233715029380561e-04
1.100000000000000000e+01 1.470232983390877871e-04
1.200000000000000000e+01 1.084712501121169834e-04
1.300000000000000000e+01 -5.831788610426380743e-05
1.400000000000000000e+01 2.700372683731816752e-03
1.500000000000000000e+01 6.883467968220289418e-03
1.600000000000000000e+01 3.255895291499006435e-04
1.700000000000000000e+01 -5.933630353134996600e-05
1.800000000000000000e+01 6.930297128052545323e-03
1.900000000000000000e+01 -6.130638367480472153e-05
1.000000000000000000e+00 1.940225237438859547e-04
2.000000000000000000e+00 -6.621465909391605466e-05
3.000000000000000000e+00 -6.619812076468422832e-05
4.000000000000000000e+00 -6.602612214067322082e-05
5.000000000000000000e+00 -6.588367772578298403e-05
6.000000000000000000e+00 -6.596164413501873485e-05
7.000000000000000000e+00 -6.491105214015429779e-05
8.000000000000000000e+00 -6.505770631157626726e-05
9.000000000000000000e+00 2.280718937065686215e-04
1.000000000000000000e+01 8.827880925404144779e-05
1.100000000000000000e+01 7.710289366636114913e-05
1.200000000000000000e+01 1.460706046619359073e-04
1.300000000000000000e+01 -6.143207497696661528e-05
1.400000000000000000e+01 2.821435229716963075e-03
1.500000000000000000e+01 7.665785667720651821e-03
1.600000000000000000e+01 1.983002807306212805e-04
1.700000000000000000e+01 -3.114592665676256804e-05
1.800000000000000000e+01 7.705501713628648379e-03
1.900000000000000000e+01 -6.621465909391605466e-05
1.000000000000000000e+00 4.237718765582542367e-04
2.000000000000000000e+00 -1.152774384198532789e-04
3.000000000000000000e+00 -1.152774384198532789e-04
4.000000000000000000e+00 -1.152774384198532789e-04
5.000000000000000000e+00 -1.149072805419554597e-04
6.000000000000000000e+00 -1.148022084554592231e-04
7.000000000000000000e+00 -1.142070004299106366e-04
8.000000000000000000e+00 -1.135023387345368649e-04
9.000000000000000000e+00 1.059879233253846150e-04
1.000000000000000000e+01 2.817237801757925536e-05
1.100000000000000000e+01 1.429242412214548413e-04
1.200000000000000000e+01 -2.803074977997578474e-05
1.300000000000000000e+01 -7.373294060600561859e-05
1.400000000000000000e+01 6.280505141573252716e-03
1.500000000000000000e+01 1.034272194953309368e-02
1.600000000000000000e+01 -3.515954289948097929e-05
1.700000000000000000e+01 -1.025946877340066122e-04
1.800000000000000000e+01 1.063081788352686179e-02
1.900000000000000000e+01 -1.152774384198532789e-04
1.000000000000000000e+00 5.527633701008313359e-04
2.000000000000000000e+00 -1.188146648672964360e-04
3.000000000000000000e+00 -1.187248853657522262e-04
4.000000000000000000e+00 -1.186918087072885735e-04
5.000000000000000000e+00 -1.186360938682919986e-04
6.000000000000000000e+00 -8.906581894197993269e-05
7.000000000000000000e+00 -1.157301161171130137e-04
8.000000000000000000e+00 -1.177867969663635224e-04
9.000000000000000000e+00 1.507638388443341838e-04
1.000000000000000000e+01 1.640728552493258110e-04
1.100000000000000000e+01 -2.068459576199514036e-05
1.200000000000000000e+01 -3.426819138893442268e-05
1.300000000000000000e+01 -1.075242696759724532e-04
1.400000000000000000e+01 2.827474683898832490e-03
1.500000000000000000e+01 5.474887986110895527e-03
1.600000000000000000e+01 1.992574419045007239e-04
1.700000000000000000e+01 -1.084069868899590141e-04
1.800000000000000000e+01 6.047856727036293040e-03
1.900000000000000000e+01 -1.188146648672964360e-04
1.000000000000000000e+00 3.477002443720709677e-04
2.000000000000000000e+00 -9.966620067239262046e-05
3.000000000000000000e+00 -9.962582137504737297e-05
4.000000000000000000e+00 -9.965417279658764476e-05
5.000000000000000000e+00 -9.930686788271926449e-05
6.000000000000000000e+00 -9.892700179077887975e-05
7.000000000000000000e+00 -9.858236019226730110e-05
8.000000000000000000e+00 -9.762360962051363957e-05
9.000000000000000000e+00 1.009417998582085241e-05
1.000000000000000000e+01 -3.852313836833960340e-05
1.100000000000000000e+01 1.757046702867136084e-04
1.200000000000000000e+01 -7.784269394176513931e-06
1.300000000000000000e+01 -6.580695706082701922e-05
1.400000000000000000e+01 6.981193170434656092e-03
1.500000000000000000e+01 1.080799446511520809e-02
1.600000000000000000e+01 6.544478912899964556e-05
1.700000000000000000e+01 -9.444494274215635931e-05
1.800000000000000000e+01 1.024003043739885738e-02
1.900000000000000000e+01 -9.966620067239262046e-05
1.000000000000000000e+00 3.536718269690405643e-04
2.000000000000000000e+00 -8.092178719113702940e-05
3.000000000000000000e+00 -8.051636186311107637e-05
4.000000000000000000e+00 -8.041476926925842110e-05
5.000000000000000000e+00 -8.054144857550429707e-05
6.000000000000000000e+00 -7.927822091908778770e-05
7.000000000000000000e+00 -7.065079743098318056e-05
8.000000000000000000e+00 -7.888851774300689485e-05
9.000000000000000000e+00 1.878194474943700764e-04
1.000000000000000000e+01 1.867995265828083077e-04
1.100000000000000000e+01 1.814582476347182153e-04
1.200000000000000000e+01 1.866720740559749798e-04
1.300000000000000000e+01 -4.412421943381695545e-05
1.400000000000000000e+01 2.413048724581231923e-03
1.500000000000000000e+01 4.183027799513867190e-03
1.600000000000000000e+01 2.632105166934888257e-04
1.700000000000000000e+01 -7.503371241761334421e-05
1.800000000000000000e+01 2.886379873995972931e-03
1.900000000000000000e+01 -8.092178719113702940e-05
1.000000000000000000e+00 2.845519203878336761e-04
2.000000000000000000e+00 -6.663486152650238627e-05
3.000000000000000000e+00 -6.657794389992531244e-05
4.000000000000000000e+00 -6.654607002904215868e-05
5.000000000000000000e+00 -6.598093169300599118e-05
6.000000000000000000e+00 -6.539719310617143162e-05
7.000000000000000000e+00 -6.502690635817569699e-05
8.000000000000000000e+00 -6.588840296270636492e-05
9.000000000000000000e+00 2.329998003372616160e-04
1.000000000000000000e+01 8.860184363280337351e-05
1.100000000000000000e+01 1.987295470267606411e-04
1.200000000000000000e+01 2.502744503518497077e-04
1.300000000000000000e+01 -6.114014124850037778e-05
1.400000000000000000e+01 2.371386181757698369e-03
1.500000000000000000e+01 8.750177497081521386e-03
1.600000000000000000e+01 2.730583829655036697e-04
1.700000000000000000e+01 -6.117012502461418189e-05
1.800000000000000000e+01 7.210345897652398542e-03
1.900000000000000000e+01 -6.663486152650238627e-05
