1.000000000000000000e+00 8.368205581827872644e-05
2.000000000000000000e+00 -2.816438807150881322e-05
3.000000000000000000e+00 -2.700829442315510277e-05
4.000000000000000000e+00 -2.473906382575112974e-05
5.000000000000000000e+00 -2.078996854538650170e-05
6.000000000000000000e+00 -2.026048426977219402e-05
7.000000000000000000e+00 -4.470847350104315983e-06
8.000000000000000000e+00 9.792967610305070895e-06
9.000000000000000000e+00 2.661189000198287813e-05
1.000000000000000000e+01 2.482386035017613795e-05
1.100000000000000000e+01 1.502243027010828750e-05
1.200000000000000000e+01 2.973376812386100001e-06
1.300000000000000000e+01 -1.857580843648955009e-05
1.400000000000000000e+01 -2.019716609499890974e-05
1.500000000000000000e+01 1.100078112462013348e-06
1.600000000000000000e+01 1.302494375249793161e-05
1.700000000000000000e+01 9.987432588051782647e-08
1.800000000000000000e+01 2.243048489178519885e-05
1.900000000000000000e+01 -2.816438807150881322e-05
1.000000000000000000e+00 3.379459377911389921e-05
2.000000000000000000e+00 -1.670616105600625492e-05
3.000000000000000000e+00 -1.670616105600625492e-05
4.000000000000000000e+00 -1.401277600968003322e-05
5.000000000000000000e+00 -9.271172583866080629e-06
6.000000000000000000e+00 -1.423443257808582884e-05
7.000000000000000000e+00 2.279840902131923795e-06
8.000000000000000000e+00 2.589859401004911496e-07
9.000000000000000000e+00 1.566407448760389804e-05
1.000000000000000000e+01 2.289347219687776902e-05
1.100000000000000000e+01 8.014474345743695448e-06
1.200000000000000000e+01 6.098562600110587144e-06
1.300000000000000000e+01 -7.963699527167018128e-06
1.400000000000000000e+01 2.128719233982391608e-06
1.500000000000000000e+01 9.813457955872816408e-07
1.600000000000000000e+01 3.618878541479160108e-05
1.700000000000000000e+01 4.086298977939844198e-06
1.800000000000000000e+01 2.338687284507717670e-05
1.900000000000000000e+01 -1.670616105600625492e-05
1.000000000000000000e+00 1.641921030465921902e-05
2.000000000000000000e+00 -1.376143636205555652e-05
3.000000000000000000e+00 -1.376143636205555652e-05
4.000000000000000000e+00 -1.194505528870853947e-05
5.000000000000000000e+00 -9.256180695809178573e-06
6.000000000000000000e+00 -8.494816157354856431e-06
7.000000000000000000e+00 -7.106756332762524332e-07
8.000000000000000000e+00 1.843143097013066049e-06
9.000000000000000000e+00 9.848639492602340092e-06
1.000000000000000000e+01 1.044316021096206732e-05
1.100000000000000000e+01 1.138038947636470768e-05
1.200000000000000000e+01 -2.990215838513051814e-07
1.300000000000000000e+01 -6.032151542987455983e-06
1.400000000000000000e+01 -5.890738088880502904e-06
1.500000000000000000e+01 9.050546976243569980e-07
1.600000000000000000e+01 1.115344923394458911e-05
1.700000000000000000e+01 8.599072066564326452e-07
1.800000000000000000e+01 2.124324763643648938e-05
1.900000000000000000e+01 -1.376143636205555652e-05
1.000000000000000000e+00 2.265282876737985027e-05
2.000000000000000000e+00 -1.537312876322163938e-05
3.000000000000000000e+00 -1.511135063766642545e-05
4.000000000000000000e+00 -1.326000281108640099e-05
5.000000000000000000e+00 -7.785214441561190448e-06
6.000000000000000000e+00 -9.549617908751034646e-06
7.000000000000000000e+00 2.767528309323974711e-06
8.000000000000000000e+00 -4.727384758344510135e-06
9.000000000000000000e+00 1.267579170055950232e-05
1.000000000000000000e+01 7.493882106885202412e-06
1.100000000000000000e+01 3.990118928199423082e-06
1.200000000000000000e+01 2.306602925797971943e-06
1.300000000000000000e+01 -8.056271214165950092e-06
1.400000000000000000e+01 -6.671604968818590236e-07
1.500000000000000000e+01 -9.984425619100540628e-07
1.600000000000000000e+01 1.787913668718622045e-05
1.700000000000000000e+01 -1.603745411794947277e-06
1.800000000000000000e+01 8.907243427367265984e-06
1.900000000000000000e+01 -1.537312876322163938e-05
1.000000000000000000e+00 3.079050292672583358e-05
2.000000000000000000e+00 -1.743663972766139875e-05
3.000000000000000000e+00 -1.720995722543709920e-05
4.000000000000000000e+00 -1.635645056697688018e-05
5.000000000000000000e+00 -1.482676250478108000e-05
6.000000000000000000e+00 -1.348243260007965875e-05
7.000000000000000000e+00 -2.050752824746632534e-07
8.000000000000000000e+00 -9.038647970536514378e-06
9.000000000000000000e+00 1.184599714011478563e-05
1.000000000000000000e+01 2.050297483734016179e-05
1.100000000000000000e+01 2.647893901763870715e-05
1.200000000000000000e+01 1.095181048741420116e-05
1.300000000000000000e+01 -3.655615110723469644e-06
1.400000000000000000e+01 -1.055038013242347598e-05
1.500000000000000000e+01 -2.383366547453234420e-06
1.600000000000000000e+01 -1.376719255976221730e-06
1.700000000000000000e+01 5.272462315805968484e-06
1.800000000000000000e+01 8.290256355271834288e-06
1.900000000000000000e+01 -1.743663972766139875e-05
1.000000000000000000e+00 2.231969956428160590e-05
2.000000000000000000e+00 -1.930143300112340099e-05
3.000000000000000000e+00 -1.801144332104084135e-05
4.000000000000000000e+00 -1.780967570441254643e-05
5.000000000000000000e+00 -1.194436798151968366e-05
6.000000000000000000e+00 -1.369150285558954170e-05
7.000000000000000000e+00 4.781682026264069421e-06
8.000000000000000000e+00 -1.038143143406301134e-05
9.000000000000000000e+00 7.627047874725892636e-06
1.000000000000000000e+01 7.721509656494175092e-06
1.100000000000000000e+01 2.122408894854715188e-05
1.200000000000000000e+01 5.371004984008079198e-06
1.300000000000000000e+01 -7.929548951220776877e-06
1.400000000000000000e+01 -5.838159088933082278e-06
1.500000000000000000e+01 -3.266556285132136206e-06
1.600000000000000000e+01 1.749927059524582554e-05
1.700000000000000000e+01 3.565406042186227331e-08
1.800000000000000000e+01 3.947591795889009465e-06
1.900000000000000000e+01 -1.930143300112340099e-05
1.000000000000000000e+00 2.618322509963376697e-05
2.000000000000000000e+00 -1.734668839931997626e-05
3.000000000000000000e+00 -1.657192137068298036e-05
4.000000000000000000e+00 -1.393742995910178509e-05
5.000000000000000000e+00 -1.474888200894392706e-05
6.000000000000000000e+00 -1.461885208015238857e-05
7.000000000000000000e+00 -4.251811140356031519e-06
8.000000000000000000e+00 -5.515210623569756118e-06
9.000000000000000000e+00 1.519537394150397152e-05
1.000000000000000000e+01 4.724979183183517367e-06
1.100000000000000000e+01 2.608158954908180514e-06
1.200000000000000000e+01 1.112565624949525768e-05
1.300000000000000000e+01 -7.664806813413623039e-06
1.400000000000000000e+01 -6.509572299045982769e-06
1.500000000000000000e+01 8.539577038029049288e-06
1.600000000000000000e+01 3.923621957677684733e-06
1.700000000000000000e+01 -1.076765511750031777e-05
1.800000000000000000e+01 2.768026607035894786e-05
1.900000000000000000e+01 -1.734668839931997626e-05
1.000000000000000000e+00 1.312133858573487027e-05
2.000000000000000000e+00 -1.607190539079083875e-05
3.000000000000000000e+00 -1.585647754378404260e-05
4.000000000000000000e+00 -1.531638296344178500e-05
5.000000000000000000e+00 -1.135667737834920366e-05
6.000000000000000000e+00 -1.200493692753754643e-05
7.000000000000000000e+00 -8.755090798434450093e-06
8.000000000000000000e+00 -3.894110705256215492e-06
9.000000000000000000e+00 9.443128251177785806e-06
1.000000000000000000e+01 9.886054777695643864e-07
1.100000000000000000e+01 1.084050967951896679e-05
1.200000000000000000e+01 -2.100067115546991697e-06
1.300000000000000000e+01 -7.414798823467553930e-06
1.400000000000000000e+01 -8.232866205002426432e-06
1.500000000000000000e+01 7.255257642254546206e-06
1.600000000000000000e+01 1.967932308489583907e-06
1.700000000000000000e+01 7.735642410565010359e-06
1.800000000000000000e+01 5.763586258942295448e-06
1.900000000000000000e+01 -1.607190539079083875e-05
1.000000000000000000e+00 7.092133872319629538e-05
2.000000000000000000e+00 -1.785349153770206108e-05
3.000000000000000000e+00 -1.728178082667246706e-05
4.000000000000000000e+00 -1.654129324407961938e-05
5.000000000000000000e+00 -1.463324257441904456e-05
6.000000000000000000e+00 -1.504609941142448750e-05
7.000000000000000000e+00 2.090960295294660358e-06
8.000000000000000000e+00 -3.360846240103205983e-06
9.000000000000000000e+00 3.174650426972407867e-05
1.000000000000000000e+01 3.929996731854316840e-05
1.100000000000000000e+01 2.904908129366333527e-05
1.200000000000000000e+01 1.082139394832893161e-05
1.300000000000000000e+01 -3.127419536088266385e-06
1.400000000000000000e+01 -2.963453814847003349e-06
1.500000000000000000e+01 -2.308707804063840827e-06
1.600000000000000000e+01 2.713905461583479938e-05
1.700000000000000000e+01 -1.061932563480551027e-06
1.800000000000000000e+01 2.126107466664741929e-05
1.900000000000000000e+01 -1.785349153770206108e-05
1.000000000000000000e+00 2.030365575257215858e-05
2.000000000000000000e+00 -2.384908692958228474e-05
3.000000000000000000e+00 -2.338554118739877250e-05
4.000000000000000000e+00 -2.317273369904948750e-05
5.000000000000000000e+00 -1.950543436611547769e-05
6.000000000000000000e+00 -2.172870129526476232e-05
7.000000000000000000e+00 -1.402656511015643974e-05
8.000000000000000000e+00 -5.138308543881298573e-06
9.000000000000000000e+00 -2.272581219949640626e-06
1.000000000000000000e+01 4.839286960029993974e-06
1.100000000000000000e+01 9.452063244632902771e-06
1.200000000000000000e+01 -8.208252016301551609e-06
1.300000000000000000e+01 -5.857532560318937323e-06
1.400000000000000000e+01 -1.555668273934527501e-05
1.500000000000000000e+01 3.109850246073155916e-06
1.600000000000000000e+01 1.380155791920497779e-06
1.700000000000000000e+01 -9.430713765079089199e-06
1.800000000000000000e+01 1.764016856896113804e-05
1.900000000000000000e+01 -2.384908692958228474e-05
1.000000000000000000e+00 -6.633760116732252858e-06
2.000000000000000000e+00 -5.165242394344561519e-05
3.000000000000000000e+00 -5.161874589119170626e-05
4.000000000000000000e+00 -5.115721911387545912e-05
5.000000000000000000e+00 -4.604743381833164840e-05
6.000000000000000000e+00 -4.651033521002561054e-05
7.000000000000000000e+00 -3.339320638082247635e-05
8.000000000000000000e+00 -3.358887414614968216e-05
9.000000000000000000e+00 -2.768460469698859599e-05
1.000000000000000000e+01 -2.914435925271838474e-05
1.100000000000000000e+01 -2.543534896476072661e-05
1.200000000000000000e+01 -2.291752794848770009e-05
1.300000000000000000e+01 -4.264242809134449394e-05
1.400000000000000000e+01 -3.614475479800556974e-05
1.500000000000000000e+01 -2.603450900664522840e-05
1.600000000000000000e+01 -2.378817432996999491e-05
1.700000000000000000e+01 -9.840005196042346164e-06
1.800000000000000000e+01 -1.607224904438526411e-05
1.900000000000000000e+01 -5.165242394344561519e-05
1.000000000000000000e+00 2.936232154498408063e-05
2.000000000000000000e+00 -2.060594204557052528e-05
3.000000000000000000e+00 -2.060594204557052528e-05
4.000000000000000000e+00 -1.798983610129120875e-05
5.000000000000000000e+00 -1.549551239953716447e-05
6.000000000000000000e+00 -1.534799909412912482e-05
7.000000000000000000e+00 -4.373077902489666564e-06
8.000000000000000000e+00 -6.159002676030539555e-06
9.000000000000000000e+00 1.442885459913323679e-05
1.000000000000000000e+01 1.605081365143284420e-05
1.100000000000000000e+01 2.117352891346699126e-05
1.200000000000000000e+01 -4.353833301201721876e-06
1.300000000000000000e+01 -1.412321768358919911e-05
1.400000000000000000e+01 -7.397186576753139868e-06
1.500000000000000000e+01 7.981182903783522680e-06
1.600000000000000000e+01 8.560926517582862860e-06
1.700000000000000000e+01 -3.208178130778749934e-06
1.800000000000000000e+01 5.549103459320177501e-06
1.900000000000000000e+01 -2.060594204557052528e-05
1.000000000000000000e+00 3.170904602793147046e-05
2.000000000000000000e+00 -1.365503261788091402e-05
3.000000000000000000e+00 -1.315755108324767723e-05
4.000000000000000000e+00 -1.252385385512320482e-05
5.000000000000000000e+00 -9.331956313380461787e-06
6.000000000000000000e+00 -7.195118263229717680e-06
7.000000000000000000e+00 1.040230838992448750e-05
8.000000000000000000e+00 -5.325771579641547658e-07
9.000000000000000000e+00 7.528376336425871564e-06
1.000000000000000000e+01 1.939958905903178233e-05
1.100000000000000000e+01 4.083347852697697528e-05
1.200000000000000000e+01 6.862762280718936297e-06
1.300000000000000000e+01 -8.835806436425630895e-06
1.400000000000000000e+01 -5.406659044429941564e-06
1.500000000000000000e+01 1.446983529026872527e-05
1.600000000000000000e+01 1.709719588976554857e-05
1.700000000000000000e+01 -6.353725393973071597e-07
1.800000000000000000e+01 1.554310842236538518e-05
1.900000000000000000e+01 -1.365503261788091402e-05
1.000000000000000000e+00 3.411251631065872483e-05
2.000000000000000000e+00 -1.565874785689027107e-05
3.000000000000000000e+00 -1.565874785689027107e-05
4.000000000000000000e+00 -1.497217093192325331e-05
5.000000000000000000e+00 -1.049518077381854420e-05
6.000000000000000000e+00 -9.147156592977024914e-06
7.000000000000000000e+00 -7.580525769380257948e-06
8.000000000000000000e+00 -8.191370033475296519e-06
9.000000000000000000e+00 1.884407302363958590e-05
1.000000000000000000e+01 5.909338339678896653e-06
1.100000000000000000e+01 2.889138725052037657e-06
1.200000000000000000e+01 9.439004408044654378e-06
1.300000000000000000e+01 -8.529052646699705080e-07
1.400000000000000000e+01 -6.207500789544132769e-06
1.500000000000000000e+01 6.546214363551824822e-06
1.600000000000000000e+01 1.523996299538095170e-05
1.700000000000000000e+01 -2.433368145442448750e-06
1.800000000000000000e+01 1.501233544577197732e-05
1.900000000000000000e+01 -1.565874785689027107e-05
1.000000000000000000e+00 9.317308078917985092e-06
2.000000000000000000e+00 -2.398087808304526420e-05
3.000000000000000000e+00 -2.368374659396331179e-05
4.000000000000000000e+00 -2.289171097220632804e-05
5.000000000000000000e+00 -1.788695480645944991e-05
6.000000000000000000e+00 -2.026430741601020072e-05
7.000000000000000000e+00 -1.139310465935852902e-05
8.000000000000000000e+00 9.397594149916130806e-06
9.000000000000000000e+00 1.099476718671764945e-06
1.000000000000000000e+01 1.161407392057546715e-05
1.100000000000000000e+01 8.947279071118079645e-06
1.200000000000000000e+01 -3.748702278114042612e-06
1.300000000000000000e+01 -1.667690754378060554e-05
1.400000000000000000e+01 -1.722632372787171286e-05
1.500000000000000000e+01 -6.395393392297416519e-06
1.600000000000000000e+01 6.682644840539577144e-06
1.700000000000000000e+01 -2.615203853593946139e-06
1.800000000000000000e+01 7.291727879963173885e-06
1.900000000000000000e+01 -2.398087808304526420e-05
1.000000000000000000e+00 2.775788882600028009e-05
2.000000000000000000e+00 -1.279723028949035090e-05
3.000000000000000000e+00 -1.256565072354545947e-05
4.000000000000000000e+00 -1.057048386769748831e-05
5.000000000000000000e+00 -9.633297558994151968e-06
6.000000000000000000e+00 -1.041609749040089572e-05
7.000000000000000000e+00 -1.535272433105250402e-06
8.000000000000000000e+00 -7.637915919649664110e-06
9.000000000000000000e+00 9.936743682873712726e-07
1.000000000000000000e+01 1.169594938944784116e-05
1.100000000000000000e+01 4.850498658548193350e-06
1.200000000000000000e+01 3.392462370790544108e-06
1.300000000000000000e+01 -6.604334777709389957e-06
1.400000000000000000e+01 -7.152634087618607234e-06
1.500000000000000000e+01 6.088081165480545894e-06
1.600000000000000000e+01 3.241942096431260113e-06
1.700000000000000000e+01 -4.075731629911196290e-07
1.800000000000000000e+01 2.312681298749409974e-05
1.900000000000000000e+01 -1.279723028949035090e-05
1.000000000000000000e+00 4.664839804158689180e-05
2.000000000000000000e+00 -2.039094376555676590e-05
3.000000000000000000e+00 -1.999080211154514260e-05
4.000000000000000000e+00 -1.608341778620416286e-05
5.000000000000000000e+00 -1.162339552432431688e-05
6.000000000000000000e+00 -7.424850691104560939e-06
7.000000000000000000e+00 1.313929448604371054e-05
8.000000000000000000e+00 7.743933053530575538e-06
9.000000000000000000e+00 1.659524685840474992e-05
1.000000000000000000e+01 -3.104265875163707813e-06
1.100000000000000000e+01 4.477144802222201198e-05
1.200000000000000000e+01 2.074353235343947251e-05
1.300000000000000000e+01 -1.099700093508142911e-05
1.400000000000000000e+01 -1.277179992350270822e-05
1.500000000000000000e+01 1.271561256081379844e-06
1.600000000000000000e+01 4.775878576188173456e-05
1.700000000000000000e+01 -5.121125864159919599e-06
1.800000000000000000e+01 4.679187341726040805e-06
1.900000000000000000e+01 -2.039094376555676590e-05
1.000000000000000000e+00 4.594326382252078599e-05
2.000000000000000000e+00 -2.166396554941446581e-05
3.000000000000000000e+00 -2.109242666518208108e-05
4.000000000000000000e+00 -2.133543271314169027e-05
5.000000000000000000e+00 -1.839899866215655367e-05
6.000000000000000000e+00 -1.465381883338539599e-05
7.000000000000000000e+00 -1.185106603063259357e-05
8.000000000000000000e+00 -6.701245091337970046e-06
9.000000000000000000e+00 1.970178943863154099e-05
1.000000000000000000e+01 2.420889224294796795e-05
1.100000000000000000e+01 2.475375501691291045e-05
1.200000000000000000e+01 6.318586813942850448e-06
1.300000000000000000e+01 -5.138566284077119287e-06
1.400000000000000000e+01 -9.777803895450952771e-06
1.500000000000000000e+01 2.457724593947504130e-06
1.600000000000000000e+01 1.857791331475541982e-05
1.700000000000000000e+01 -5.954915397639855671e-06
1.800000000000000000e+01 3.310745841705593599e-05
1.900000000000000000e+01 -2.166396554941446581e-05
1.000000000000000000e+00 3.468392632479319751e-05
2.000000000000000000e+00 -1.596816496197300974e-05
3.000000000000000000e+00 -1.474587503999268652e-05
4.000000000000000000e+00 -1.475472412004919715e-05
5.000000000000000000e+00 -1.038899181314041840e-05
6.000000000000000000e+00 -8.882801065463603841e-06
7.000000000000000000e+00 -1.044449186864047534e-06
8.000000000000000000e+00 1.412459229796691072e-06
9.000000000000000000e+00 1.094197340327371170e-05
1.000000000000000000e+01 8.907028643870747593e-06
1.100000000000000000e+01 1.667523223250777259e-05
1.200000000000000000e+01 7.067536866298475983e-06
1.300000000000000000e+01 -8.244765210709481610e-06
1.400000000000000000e+01 7.057785695556592859e-07
1.500000000000000000e+01 7.999954981379129109e-06
1.600000000000000000e+01 1.827064404463785152e-05
1.700000000000000000e+01 -5.936486973638676296e-06
1.800000000000000000e+01 6.300201346640975090e-06
1.900000000000000000e+01 -1.596816496197300974e-05
1.000000000000000000e+00 2.616582763641587045e-05
2.000000000000000000e+00 -1.481181357342348027e-05
3.000000000000000000e+00 -1.360674928786383750e-05
4.000000000000000000e+00 -1.344510322838496090e-05
5.000000000000000000e+00 -1.067091663066895206e-05
6.000000000000000000e+00 -1.210403803283060090e-05
7.000000000000000000e+00 8.287635996614324611e-07
8.000000000000000000e+00 -1.018924316137938348e-05
9.000000000000000000e+00 -4.675106455292213394e-06
1.000000000000000000e+01 1.138842237913445215e-05
1.100000000000000000e+01 5.028339393664470938e-06
1.200000000000000000e+01 6.929645861534405716e-06
1.300000000000000000e+01 1.153731029892020425e-06
1.400000000000000000e+01 -7.239320706812966787e-06
1.500000000000000000e+01 2.826980381159947434e-06
1.600000000000000000e+01 6.520569214067665448e-06
1.700000000000000000e+01 -1.911401292206245380e-06
1.800000000000000000e+01 8.980441642980342056e-06
1.900000000000000000e+01 -1.481181357342348027e-05
1.000000000000000000e+00 2.322810488445163366e-05
2.000000000000000000e+00 -1.977369895326551349e-05
3.000000000000000000e+00 -1.977369895326551349e-05
4.000000000000000000e+00 -1.797196611438097482e-05
5.000000000000000000e+00 -1.267695153144069384e-05
6.000000000000000000e+00 -1.405315530702527563e-05
7.000000000000000000e+00 -1.869088943392348884e-06
8.000000000000000000e+00 -2.281516213404758014e-06
9.000000000000000000e+00 1.229330524996159625e-05
1.000000000000000000e+01 1.195502124294693929e-05
1.100000000000000000e+01 7.949566773096184555e-06
1.200000000000000000e+01 -1.711308986850782355e-06
1.300000000000000000e+01 -9.626381530406296700e-06
1.400000000000000000e+01 -6.353381740378644331e-06
1.500000000000000000e+01 -1.280453292837193639e-06
1.600000000000000000e+01 1.198899999209596616e-05
1.700000000000000000e+01 -3.744922088575339086e-06
1.800000000000000000e+01 8.818280103109824020e-06
1.900000000000000000e+01 -1.977369895326551349e-05
1.000000000000000000e+00 3.209587110515902466e-05
2.000000000000000000e+00 -1.345107420958814134e-05
3.000000000000000000e+00 -1.201632045285296018e-05
4.000000000000000000e+00 -1.245430695895092107e-05
5.000000000000000000e+00 -6.355057051651478127e-06
6.000000000000000000e+00 -1.097840068428303706e-05
7.000000000000000000e+00 1.139168708828151551e-06
8.000000000000000000e+00 -5.437416041131211206e-06
9.000000000000000000e+00 1.430591252572676625e-05
1.000000000000000000e+01 6.193582818969815047e-06
1.100000000000000000e+01 1.758733182881789543e-06
1.200000000000000000e+01 8.197383971377779287e-06
1.300000000000000000e+01 -8.114047974729089019e-06
1.400000000000000000e+01 -8.391848949124489557e-06
1.500000000000000000e+01 3.813781677558767032e-06
1.600000000000000000e+01 9.511472359769572324e-06
1.700000000000000000e+01 -7.278540173277015135e-06
1.800000000000000000e+01 1.795748970671571081e-05
1.900000000000000000e+01 -1.345107420958814134e-05
1.000000000000000000e+00 2.475512963129061867e-05
2.000000000000000000e+00 -1.147463647463647429e-05
3.000000000000000000e+00 -1.108007919153429866e-05
4.000000000000000000e+00 -1.069355481120186920e-05
5.000000000000000000e+00 -7.787448189924968842e-06
6.000000000000000000e+00 -7.588515715450699243e-06
7.000000000000000000e+00 -2.962766507658148393e-06
8.000000000000000000e+00 5.585273000133680448e-06
9.000000000000000000e+00 1.828164095965953420e-05
1.000000000000000000e+01 1.085219390172950527e-05
1.100000000000000000e+01 3.615643902021610653e-05
1.200000000000000000e+01 4.441851578074488170e-06
1.300000000000000000e+01 -5.943703699121655448e-06
1.400000000000000000e+01 -1.674752835743547701e-06
1.500000000000000000e+01 9.500217704552068931e-06
1.600000000000000000e+01 2.566645600701328233e-05
1.700000000000000000e+01 3.800916146117383921e-05
1.800000000000000000e+01 2.002911948732382099e-05
1.900000000000000000e+01 -1.147463647463647429e-05
1.000000000000000000e+00 1.601430045702491420e-05
2.000000000000000000e+00 -1.760163640968594295e-05
3.000000000000000000e+00 -1.646083534628426268e-05
4.000000000000000000e+00 -1.578194767049255894e-05
5.000000000000000000e+00 -1.393107236760487527e-05
6.000000000000000000e+00 1.540087879097166849e-05
7.000000000000000000e+00 1.026579199953812884e-05
8.000000000000000000e+00 1.111246854280909978e-06
9.000000000000000000e+00 9.940781612608236967e-06
1.000000000000000000e+01 2.354478167171665295e-05
1.100000000000000000e+01 1.133897921823618411e-05
1.200000000000000000e+01 9.272332414747273843e-06
1.300000000000000000e+01 -9.699794529515891163e-06
1.400000000000000000e+01 2.348034662276148117e-05
1.500000000000000000e+01 7.060792664507833819e-07
1.600000000000000000e+01 9.212665559414785269e-06
1.700000000000000000e+01 1.842069179530479811e-06
1.800000000000000000e+01 1.389314160211992965e-05
1.900000000000000000e+01 -1.760163640968594295e-05
1.000000000000000000e+00 3.173537848460449072e-05
2.000000000000000000e+00 -1.390864897056847482e-05
3.000000000000000000e+00 -1.090142227913125661e-05
4.000000000000000000e+00 -1.289886584004231018e-05
5.000000000000000000e+00 -8.773648092533539825e-06
6.000000000000000000e+00 -9.337583640989213484e-06
7.000000000000000000e+00 -4.307998503044942144e-06
8.000000000000000000e+00 -3.849435737980628975e-06
9.000000000000000000e+00 9.019274499150658486e-06
1.000000000000000000e+01 1.118558084502356866e-05
1.100000000000000000e+01 2.041319533579595197e-05
1.200000000000000000e+01 1.072199214614075157e-06
1.300000000000000000e+01 -7.918680906297004556e-06
1.400000000000000000e+01 -1.575050336660243773e-06
1.500000000000000000e+01 2.793431199003954375e-06
1.600000000000000000e+01 1.691024833439693965e-05
1.700000000000000000e+01 5.559885590845342635e-06
1.800000000000000000e+01 1.942802639397066554e-05
1.900000000000000000e+01 -1.390864897056847482e-05
1.000000000000000000e+00 2.038321155968214786e-05
2.000000000000000000e+00 -1.686892398966702072e-05
3.000000000000000000e+00 -1.651427348021775179e-05
4.000000000000000000e+00 -1.572120689767748518e-05
5.000000000000000000e+00 -1.455110936535084983e-05
6.000000000000000000e+00 -1.334303811083996822e-05
7.000000000000000000e+00 3.414155503938785581e-06
8.000000000000000000e+00 -9.555975500247944468e-06
9.000000000000000000e+00 -1.673721874960264844e-06
1.000000000000000000e+01 8.629270626174649378e-06
1.100000000000000000e+01 6.309179296795395225e-06
1.200000000000000000e+01 4.162504162504161971e-08
1.300000000000000000e+01 -3.586154127949793505e-06
1.400000000000000000e+01 -1.224961828676998857e-05
1.500000000000000000e+01 3.518368456448951586e-06
1.600000000000000000e+01 1.183001724797390304e-05
1.700000000000000000e+01 -4.965665569380739287e-06
1.800000000000000000e+01 1.158069656521668804e-05
1.900000000000000000e+01 -1.686892398966702072e-05
1.000000000000000000e+00 5.415297636659865385e-05
2.000000000000000000e+00 -2.090981773644312028e-05
3.000000000000000000e+00 -2.063545329799199536e-05
4.000000000000000000e+00 -1.390701661599494250e-05
5.000000000000000000e+00 -1.546844967897599286e-05
6.000000000000000000e+00 -1.650636944754591768e-05
7.000000000000000000e+00 3.729500633525401200e-07
8.000000000000000000e+00 -1.284293621754922027e-05
9.000000000000000000e+00 1.382011521330406625e-05
1.000000000000000000e+01 7.922976576227348664e-06
1.100000000000000000e+01 2.692719217487019259e-05
1.200000000000000000e+01 8.528623079706670627e-06
1.300000000000000000e+01 -4.974085082444214823e-06
1.400000000000000000e+01 -1.411948045074980045e-05
1.500000000000000000e+01 5.213998248053975447e-06
1.600000000000000000e+01 1.759802804694445295e-05
1.700000000000000000e+01 -1.176038443840301295e-05
1.800000000000000000e+01 5.551852688075598171e-06
1.900000000000000000e+01 -2.090981773644312028e-05
1.000000000000000000e+00 2.124251737254833125e-05
2.000000000000000000e+00 -1.791904346083912376e-05
3.000000000000000000e+00 -1.699328363415050688e-05
4.000000000000000000e+00 -1.711674118794861545e-05
5.000000000000000000e+00 -9.497940999488986520e-06
6.000000000000000000e+00 -1.216898856217741581e-05
7.000000000000000000e+00 1.065455012823433839e-06
8.000000000000000000e+00 -1.255194753646765918e-07
9.000000000000000000e+00 1.439723846844589866e-05
1.000000000000000000e+01 1.857645278697910018e-05
1.100000000000000000e+01 1.615240624528549947e-05
1.200000000000000000e+01 6.140273555134235448e-06
1.300000000000000000e+01 -5.734375703415950938e-06
1.400000000000000000e+01 -8.922578969018596788e-06
1.500000000000000000e+01 -3.943854563049609320e-07
1.600000000000000000e+01 1.407008024655083473e-05
1.700000000000000000e+01 -4.019028786830643707e-06
1.800000000000000000e+01 9.210217027554488484e-06
1.900000000000000000e+01 -1.791904346083912376e-05
1.000000000000000000e+00 3.033168242146570224e-05
2.000000000000000000e+00 -3.146732868095096822e-05
3.000000000000000000e+00 -3.123390197693602947e-05
4.000000000000000000e+00 -3.007149369378471322e-05
5.000000000000000000e+00 -2.865362191987578884e-05
6.000000000000000000e+00 -2.485277020880735858e-05
7.000000000000000000e+00 -1.909618589185152474e-05
8.000000000000000000e+00 -2.170606311473184349e-05
9.000000000000000000e+00 -1.408215107905510259e-05
1.000000000000000000e+01 9.405068615594929825e-06
1.100000000000000000e+01 6.858896177781626006e-07
1.200000000000000000e+01 4.144505305496017367e-06
1.300000000000000000e+01 -2.077227038527348045e-05
1.400000000000000000e+01 -1.766950799458539206e-05
1.500000000000000000e+01 -6.214030207838256966e-06
1.600000000000000000e+01 7.190564853103552011e-06
1.700000000000000000e+01 -6.655668033377011029e-06
1.800000000000000000e+01 -2.405317420797296608e-06
1.900000000000000000e+01 -3.146732868095096822e-05
1.000000000000000000e+00 1.654640509129672965e-05
2.000000000000000000e+00 -2.533951256861473509e-05
3.000000000000000000e+00 -2.393491441479057242e-05
4.000000000000000000e+00 -2.499671810817321563e-05
5.000000000000000000e+00 -2.008088230998447715e-05
6.000000000000000000e+00 -1.156531806686605322e-05
7.000000000000000000e+00 -1.472925079736225215e-05
8.000000000000000000e+00 -1.862499385719199911e-05
9.000000000000000000e+00 2.225157023918633650e-08
1.000000000000000000e+01 -3.854118018204705001e-06
1.100000000000000000e+01 -1.176051330850092331e-05
1.200000000000000000e+01 5.903925795566661654e-06
1.300000000000000000e+01 -1.991030125705048188e-05
1.400000000000000000e+01 -1.682188640392974545e-05
1.500000000000000000e+01 -6.636938912480707769e-06
1.600000000000000000e+01 -9.220440721988709020e-06
1.700000000000000000e+01 -1.021158064501717590e-05
1.800000000000000000e+01 1.759991814171380599e-05
1.900000000000000000e+01 -2.533951256861473509e-05
1.000000000000000000e+00 3.607452059464443358e-05
2.000000000000000000e+00 -2.278272982607347670e-05
3.000000000000000000e+00 -2.249406080675430384e-05
4.000000000000000000e+00 -1.876795375247387393e-05
5.000000000000000000e+00 -1.853899454518649536e-05
6.000000000000000000e+00 -1.995252769246577161e-05
7.000000000000000000e+00 -3.244218801494342947e-06
8.000000000000000000e+00 -9.235346696647004735e-06
9.000000000000000000e+00 3.161183501740776987e-06
1.000000000000000000e+01 -4.820643752532297055e-06
1.100000000000000000e+01 1.477611655630231473e-05
1.200000000000000000e+01 -1.397424385040483940e-06
1.300000000000000000e+01 -8.440046365742959734e-06
1.400000000000000000e+01 -6.014882949867469822e-06
1.500000000000000000e+01 1.412845840090421931e-06
1.600000000000000000e+01 1.181214726106366911e-05
1.700000000000000000e+01 -1.022992315561974893e-05
1.800000000000000000e+01 2.593686842912848849e-05
1.900000000000000000e+01 -2.278272982607347670e-05
1.000000000000000000e+00 1.132928818687332559e-04
2.000000000000000000e+00 -1.182486244405749045e-05
3.000000000000000000e+00 -1.125212077224461018e-05
4.000000000000000000e+00 -1.176343436405355750e-05
5.000000000000000000e+00 -1.282944781396793594e-06
6.000000000000000000e+00 -7.577175146834589510e-06
7.000000000000000000e+00 2.100110072246294867e-06
8.000000000000000000e+00 -7.330904389727919064e-06
9.000000000000000000e+00 4.839012037154451484e-05
1.000000000000000000e+01 6.117313199356542921e-05
1.100000000000000000e+01 3.437622748768259242e-05
1.200000000000000000e+01 2.630655378333396688e-05
1.300000000000000000e+01 -1.108454668826185715e-06
1.400000000000000000e+01 -2.459485818618945536e-06
1.500000000000000000e+01 5.128557373139416296e-06
1.600000000000000000e+01 5.829344374236015037e-05
1.700000000000000000e+01 9.807014450977298128e-06
1.800000000000000000e+01 1.535891009575219947e-05
1.900000000000000000e+01 -1.182486244405749045e-05
1.000000000000000000e+00 5.892456356852641394e-05
2.000000000000000000e+00 -9.799840682193622146e-06
3.000000000000000000e+00 -9.641888898854841878e-06
4.000000000000000000e+00 -8.770211556589264199e-06
5.000000000000000000e+00 -5.042042580742271117e-06
6.000000000000000000e+00 -5.035126552154415849e-06
7.000000000000000000e+00 2.295262357181861786e-06
8.000000000000000000e+00 2.036259234401649072e-05
9.000000000000000000e+00 5.100051307481647840e-05
1.000000000000000000e+01 3.608053453254691465e-05
1.100000000000000000e+01 2.910037159263165402e-05
1.200000000000000000e+01 2.594490133189823465e-05
1.300000000000000000e+01 -4.260445436916024600e-06
1.400000000000000000e+01 -1.317481967636766392e-07
1.500000000000000000e+01 1.286785110314521982e-05
1.600000000000000000e+01 1.702107661859983661e-05
1.700000000000000000e+01 8.663292332022981966e-06
1.800000000000000000e+01 2.435799494623023929e-05
1.900000000000000000e+01 -9.799840682193622146e-06
1.000000000000000000e+00 3.056708513364859867e-05
2.000000000000000000e+00 -1.510830071201588090e-05
3.000000000000000000e+00 -1.435857743907279491e-05
4.000000000000000000e+00 -1.400826555625317072e-05
5.000000000000000000e+00 -1.231968066333391375e-05
6.000000000000000000e+00 -1.020449278963210795e-05
7.000000000000000000e+00 -3.563601860815482702e-06
8.000000000000000000e+00 -5.576423920077170671e-06
9.000000000000000000e+00 1.742791951770279849e-05
1.000000000000000000e+01 6.775474267734328975e-06
1.100000000000000000e+01 1.014289288283096232e-05
1.200000000000000000e+01 9.692405977235698484e-06
1.300000000000000000e+01 -2.564514948415876854e-06
1.400000000000000000e+01 -9.947869467993306609e-06
1.500000000000000000e+01 1.674022571855388993e-07
1.600000000000000000e+01 -2.093537697252867500e-06
1.700000000000000000e+01 -1.261638258542283192e-06
1.800000000000000000e+01 1.699556033921358929e-05
1.900000000000000000e+01 -1.510830071201588090e-05
1.000000000000000000e+00 3.655121108681479885e-05
2.000000000000000000e+00 -2.258800710813094572e-05
3.000000000000000000e+00 -2.194301226808966420e-05
4.000000000000000000e+00 -2.141945601697923634e-05
5.000000000000000000e+00 -1.297236475255051098e-05
6.000000000000000000e+00 -1.822601203406156733e-05
7.000000000000000000e+00 -1.790821837261465715e-06
8.000000000000000000e+00 -1.155913230216635777e-05
9.000000000000000000e+00 1.168082863129302706e-05
1.000000000000000000e+01 2.620066551955096750e-05
1.100000000000000000e+01 9.713841370188118396e-06
1.200000000000000000e+01 6.982740341873468617e-06
1.300000000000000000e+01 -1.076331649087066965e-05
1.400000000000000000e+01 -1.092801247600009081e-05
1.500000000000000000e+01 -4.298290289002363037e-06
1.600000000000000000e+01 -9.659243405373434379e-07
1.700000000000000000e+01 -4.777472269732330805e-06
1.800000000000000000e+01 1.739359711495934286e-06
1.900000000000000000e+01 -2.258800710813094572e-05
1.000000000000000000e+00 3.119824791651416965e-05
2.000000000000000000e+00 -2.188012366030941670e-05
3.000000000000000000e+00 -2.079787257805833581e-05
4.000000000000000000e+00 -1.991253500541426027e-05
5.000000000000000000e+00 -1.573680017952463670e-05
6.000000000000000000e+00 -1.280736807052596509e-05
7.000000000000000000e+00 4.828247088309007278e-06
8.000000000000000000e+00 -1.184831680187717333e-06
9.000000000000000000e+00 1.404958990098308964e-05
1.000000000000000000e+01 2.588953014649608849e-05
1.100000000000000000e+01 2.512644734006962938e-05
1.200000000000000000e+01 2.244006423572986929e-05
1.300000000000000000e+01 -8.500916008655945539e-06
1.400000000000000000e+01 -1.067353698932646152e-05
1.500000000000000000e+01 -6.259435439002002456e-06
1.600000000000000000e+01 1.721476837575908474e-05
1.700000000000000000e+01 4.811966499273000804e-06
1.800000000000000000e+01 1.146007415357260393e-05
1.900000000000000000e+01 -2.188012366030941670e-05
1.000000000000000000e+00 2.708123489857235813e-05
2.000000000000000000e+00 -1.934224186546167849e-05
3.000000000000000000e+00 -1.869724702542039697e-05
4.000000000000000000e+00 -1.662011878730144715e-05
5.000000000000000000e+00 -1.789954111935535751e-05
6.000000000000000000e+00 -1.696377238172903679e-05
7.000000000000000000e+00 -1.224343252207029143e-05
8.000000000000000000e+00 -9.067085305475397592e-06
9.000000000000000000e+00 8.153267441193136521e-06
1.000000000000000000e+01 5.292222397485554600e-06
1.100000000000000000e+01 1.103669292523781572e-05
1.200000000000000000e+01 -4.714111138259745045e-06
1.300000000000000000e+01 -8.431841636176000895e-06
1.400000000000000000e+01 -8.979109985301934467e-06
1.500000000000000000e+01 -5.492142876043804733e-06
1.600000000000000000e+01 -8.998139803093362670e-07
1.700000000000000000e+01 -4.281837873169142189e-06
1.800000000000000000e+01 8.833830428257671521e-06
1.900000000000000000e+01 -1.934224186546167849e-05
1.000000000000000000e+00 2.406472956008559420e-05
2.000000000000000000e+00 -3.362512960036179822e-05
3.000000000000000000e+00 -3.233084425034888769e-05
4.000000000000000000e+00 -3.035101293615225242e-05
5.000000000000000000e+00 -2.623021972867173822e-05
6.000000000000000000e+00 -2.314128939515936375e-05
7.000000000000000000e+00 -1.241113547615095482e-05
8.000000000000000000e+00 -2.148307488864764197e-05
9.000000000000000000e+00 2.923332257697582501e-06
1.000000000000000000e+01 2.165636221363775304e-05
1.100000000000000000e+01 8.035351301605169914e-06
1.200000000000000000e+01 3.836376901392380582e-06
1.300000000000000000e+01 -2.550201776207968018e-05
1.400000000000000000e+01 -2.738304866787838742e-05
1.500000000000000000e+01 -1.603607950357176286e-05
1.600000000000000000e+01 3.108518588394749175e-06
1.700000000000000000e+01 -1.239743228907315465e-05
1.800000000000000000e+01 2.708213698925772894e-05
1.900000000000000000e+01 -3.362512960036179822e-05
1.000000000000000000e+00 1.253549512063443929e-05
2.000000000000000000e+00 -2.493365767359575206e-05
3.000000000000000000e+00 -2.416928616619018938e-05
4.000000000000000000e+00 -2.369753569443971831e-05
5.000000000000000000e+00 -1.803567089944798849e-05
6.000000000000000000e+00 -2.070719098582875518e-05
7.000000000000000000e+00 -1.396049770662773732e-05
8.000000000000000000e+00 -1.373720878364841107e-05
9.000000000000000000e+00 3.423004583995295782e-06
1.000000000000000000e+01 -4.066624809658865269e-06
1.100000000000000000e+01 -2.692611825738760403e-06
1.200000000000000000e+01 -9.315375027449329735e-06
1.300000000000000000e+01 -1.670835184767073268e-05
1.400000000000000000e+01 -8.757754113791265269e-06
1.500000000000000000e+01 -3.131972946214432054e-06
1.600000000000000000e+01 -7.813995430094500716e-06
1.700000000000000000e+01 -1.214635038164449866e-05
1.800000000000000000e+01 1.034633581073209527e-05
1.900000000000000000e+01 -2.493365767359575206e-05
1.000000000000000000e+00 2.077652309850452054e-05
2.000000000000000000e+00 -1.409490921874822795e-05
3.000000000000000000e+00 -1.372256054918593607e-05
4.000000000000000000e+00 -1.360421484260493438e-05
5.000000000000000000e+00 -1.156398640918764732e-05
6.000000000000000000e+00 -1.214321454259534608e-05
7.000000000000000000e+00 4.006227690438216028e-06
8.000000000000000000e+00 -9.636519311441910896e-06
9.000000000000000000e+00 -1.318598841818655960e-06
1.000000000000000000e+01 9.835365872517575002e-06
1.100000000000000000e+01 7.974567572090790450e-06
1.200000000000000000e+01 8.589707506116174823e-06
1.300000000000000000e+01 -4.828290045008310448e-06
1.400000000000000000e+01 5.141487339629753908e-07
1.500000000000000000e+01 4.899082685460393752e-06
1.600000000000000000e+01 1.080975268281769715e-05
1.700000000000000000e+01 -3.711888386810987032e-06
1.800000000000000000e+01 8.328745557847723664e-06
1.900000000000000000e+01 -1.409490921874822795e-05
1.000000000000000000e+00 2.232751768355483197e-05
2.000000000000000000e+00 -1.789438631543894661e-05
3.000000000000000000e+00 -1.742083166231772715e-05
4.000000000000000000e+00 -1.729286365509275438e-05
5.000000000000000000e+00 -1.350245042195506474e-05
6.000000000000000000e+00 -1.329196259536816786e-05
7.000000000000000000e+00 -8.417923665601684019e-06
8.000000000000000000e+00 -7.328713598063442992e-06
9.000000000000000000e+00 4.173458120826541162e-06
1.000000000000000000e+01 6.716322892793480983e-06
1.100000000000000000e+01 6.207758529739953484e-06
1.200000000000000000e+01 -2.594026200837346094e-06
1.300000000000000000e+01 -7.419481103691629956e-06
1.400000000000000000e+01 -1.003103363784478250e-05
1.500000000000000000e+01 -1.707528797312078935e-07
1.600000000000000000e+01 2.989442617925589778e-06
1.700000000000000000e+01 -1.076825651129056554e-05
1.800000000000000000e+01 9.182896566797494467e-06
1.900000000000000000e+01 -1.789438631543894661e-05
1.000000000000000000e+00 1.075047243777893795e-05
2.000000000000000000e+00 -1.838404973079895563e-05
3.000000000000000000e+00 -1.762749634266661902e-05
4.000000000000000000e+00 -1.796350364461819527e-05
5.000000000000000000e+00 -1.050871213409913000e-05
6.000000000000000000e+00 -1.487959924492432134e-05
7.000000000000000000e+00 -4.785977696194414376e-06
8.000000000000000000e+00 -8.404005695027365449e-06
9.000000000000000000e+00 -5.355540572258838037e-06
1.000000000000000000e+01 7.559219246525747546e-06
1.100000000000000000e+01 -6.604248864310783617e-06
1.200000000000000000e+01 6.062049405702656296e-06
1.300000000000000000e+01 -1.048212193723029581e-05
1.400000000000000000e+01 -9.256696176200820001e-06
1.500000000000000000e+01 4.244422588075838840e-06
1.600000000000000000e+01 -9.078039263797776677e-07
1.700000000000000000e+01 -6.810054410673605314e-06
1.800000000000000000e+01 1.825247336083249286e-05
1.900000000000000000e+01 -1.838404973079895563e-05
1.000000000000000000e+00 5.268102210826668689e-05
2.000000000000000000e+00 -2.001747822181258483e-05
3.000000000000000000e+00 -1.956716314301453367e-05
4.000000000000000000e+00 -1.946084531223850090e-05
5.000000000000000000e+00 -1.146802114294374206e-05
6.000000000000000000e+00 -1.618462376976308536e-05
7.000000000000000000e+00 -3.139275585096018499e-07
8.000000000000000000e+00 -3.916491145593312768e-06
9.000000000000000000e+00 2.622570927524487742e-05
1.000000000000000000e+01 3.612095678659145599e-05
1.100000000000000000e+01 6.919336253701577993e-06
1.200000000000000000e+01 4.816391039301255270e-06
1.300000000000000000e+01 -6.709879387897963127e-06
1.400000000000000000e+01 -6.406347350619796028e-06
1.500000000000000000e+01 4.289999646036797011e-06
1.600000000000000000e+01 -3.999698272144092467e-07
1.700000000000000000e+01 -9.053639858593418127e-06
1.800000000000000000e+01 1.925843334512064911e-05
1.900000000000000000e+01 -2.001747822181258483e-05
1.000000000000000000e+00 1.996696114343173161e-05
2.000000000000000000e+00 -1.525684497820720679e-05
3.000000000000000000e+00 -1.355133514576238902e-05
4.000000000000000000e+00 -1.042056498712845420e-05
5.000000000000000000e+00 -9.469890274843834377e-06
6.000000000000000000e+00 -1.323646253986811134e-05
7.000000000000000000e+00 4.919229377433711786e-06
8.000000000000000000e+00 -4.194206206590106966e-06
9.000000000000000000e+00 8.945388976348728305e-06
1.000000000000000000e+01 1.914910854539337242e-05
1.100000000000000000e+01 4.658267429165261475e-06
1.200000000000000000e+01 4.475443716929784822e-06
1.300000000000000000e+01 -7.749345597642810538e-06
1.400000000000000000e+01 -8.001673249351267769e-06
1.500000000000000000e+01 2.564686775213090804e-06
1.600000000000000000e+01 5.519678120297314600e-06
1.700000000000000000e+01 -3.395039772748750827e-06
1.800000000000000000e+01 5.560229244439770537e-06
1.900000000000000000e+01 -1.525684497820720679e-05
1.000000000000000000e+00 2.242571669816251733e-05
2.000000000000000000e+00 -3.105451480064482590e-05
3.000000000000000000e+00 -3.102616337910455411e-05
4.000000000000000000e+00 -2.870370943126360867e-05
5.000000000000000000e+00 -2.743524105753207697e-05
6.000000000000000000e+00 -2.695657455719375063e-05
7.000000000000000000e+00 -1.635035071567579108e-05
8.000000000000000000e+00 -5.322850524088913885e-06
9.000000000000000000e+00 1.183933885172275108e-05
1.000000000000000000e+01 1.671982128638475277e-05
1.100000000000000000e+01 -7.145417362135628082e-06
1.200000000000000000e+01 1.384193721655021808e-06
1.300000000000000000e+01 -2.181225207540996760e-05
1.400000000000000000e+01 -2.131691837574190286e-05
1.500000000000000000e+01 -1.064780592644369581e-05
1.600000000000000000e+01 1.993835198169563148e-06
1.700000000000000000e+01 -1.588311069735218081e-05
1.800000000000000000e+01 3.320063149784511911e-05
1.900000000000000000e+01 -3.105451480064482590e-05
1.000000000000000000e+00 9.235303739947702412e-06
2.000000000000000000e+00 -2.961318866891621992e-05
3.000000000000000000e+00 -2.929943293720383313e-05
4.000000000000000000e+00 -2.675253023550236992e-05
5.000000000000000000e+00 -1.952210156544521608e-05
6.000000000000000000e+00 -2.562349930770983108e-05
7.000000000000000000e+00 -1.836106789667161143e-05
8.000000000000000000e+00 -2.238525148741866858e-05
9.000000000000000000e+00 2.144827996221184978e-06
1.000000000000000000e+01 -1.470742879411609947e-05
1.100000000000000000e+01 -6.531523172390044957e-06
1.200000000000000000e+01 -6.011790067517621040e-07
1.300000000000000000e+01 -1.643282757833841286e-05
1.400000000000000000e+01 -1.979702444098728644e-05
1.500000000000000000e+01 -3.045329283719376518e-06
1.600000000000000000e+01 -1.634317694689211509e-05
1.700000000000000000e+01 -1.400388397292422027e-05
1.800000000000000000e+01 1.417893252258577232e-05
1.900000000000000000e+01 -2.961318866891621992e-05
1.000000000000000000e+00 3.777096656353621894e-05
2.000000000000000000e+00 -2.057570052926090045e-05
3.000000000000000000e+00 -2.034227382524595831e-05
4.000000000000000000e+00 -1.812330256602702117e-05
5.000000000000000000e+00 -1.630666375248418509e-05
6.000000000000000000e+00 -1.591489865483673331e-05
7.000000000000000000e+00 7.777353365588658663e-06
8.000000000000000000e+00 -3.473693489173365068e-06
9.000000000000000000e+00 3.074075906893243912e-05
1.000000000000000000e+01 1.225275412581914116e-05
1.100000000000000000e+01 2.201045428599607992e-05
1.200000000000000000e+01 3.756563354086573550e-07
1.300000000000000000e+01 -1.753793162461893014e-06
1.400000000000000000e+01 -1.477040331529495500e-05
1.500000000000000000e+01 -5.266877944896519957e-06
1.600000000000000000e+01 2.951743818616883304e-05
1.700000000000000000e+01 -6.523876879914031563e-06
1.800000000000000000e+01 1.232651077852316099e-05
1.900000000000000000e+01 -2.057570052926090045e-05
1.000000000000000000e+00 5.171866317377152858e-05
2.000000000000000000e+00 -2.096802406399929429e-05
3.000000000000000000e+00 -2.090659598399536304e-05
4.000000000000000000e+00 -1.914833532480591027e-05
5.000000000000000000e+00 -1.789404266184451786e-05
6.000000000000000000e+00 -1.506890941875461902e-05
7.000000000000000000e+00 -5.052395145274402010e-06
8.000000000000000000e+00 -1.292000053609960706e-05
9.000000000000000000e+00 5.120438556971064644e-06
1.000000000000000000e+01 2.400562114184404938e-05
1.100000000000000000e+01 2.019467460643931063e-05
1.200000000000000000e+01 6.100753391775063216e-06
1.300000000000000000e+01 -3.008128782122589867e-06
1.400000000000000000e+01 -4.332311994850693930e-06
1.500000000000000000e+01 1.011900895801824563e-05
1.600000000000000000e+01 2.300889684790613483e-06
1.700000000000000000e+01 -6.203462859809608528e-06
1.800000000000000000e+01 1.948881012348504331e-05
1.900000000000000000e+01 -2.096802406399929429e-05
1.000000000000000000e+00 2.875701869509918911e-05
2.000000000000000000e+00 -1.692816127800647759e-05
3.000000000000000000e+00 -1.587774110993924983e-05
4.000000000000000000e+00 -1.535371233513648117e-05
5.000000000000000000e+00 -1.392982662332507402e-05
6.000000000000000000e+00 -8.906985687171445270e-06
7.000000000000000000e+00 2.302698161831288545e-05
8.000000000000000000e+00 1.601975595783644983e-05
9.000000000000000000e+00 2.656128701020341688e-05
1.000000000000000000e+01 2.587582695941829000e-05
1.100000000000000000e+01 3.353058190519490688e-05
1.200000000000000000e+01 1.580226618926309134e-05
1.300000000000000000e+01 -7.878817089343403575e-06
1.400000000000000000e+01 -9.650823892309958843e-06
1.500000000000000000e+01 7.015902913735731028e-06
1.600000000000000000e+01 2.611578308172735126e-05
1.700000000000000000e+01 -1.631151785950547422e-06
1.800000000000000000e+01 5.798037531783661430e-06
1.900000000000000000e+01 -1.692816127800647759e-05
1.000000000000000000e+00 2.402744314509020206e-05
2.000000000000000000e+00 -1.453641817418907081e-05
3.000000000000000000e+00 -1.409289025388096456e-05
4.000000000000000000e+00 -1.393330611596865366e-05
5.000000000000000000e+00 -8.337165070911200894e-06
6.000000000000000000e+00 -8.282824846292337592e-06
7.000000000000000000e+00 1.839405864173665904e-06
8.000000000000000000e+00 -7.025782954575523662e-06
9.000000000000000000e+00 1.622384323622713456e-05
1.000000000000000000e+01 1.072448363470035152e-05
1.100000000000000000e+01 6.335941320461443796e-06
1.200000000000000000e+01 9.857703356155367414e-06
1.300000000000000000e+01 -8.008589277939123037e-06
1.400000000000000000e+01 -2.377266696152144889e-06
1.500000000000000000e+01 7.910648003527260091e-06
1.600000000000000000e+01 7.363852178093663930e-06
1.700000000000000000e+01 -5.460655615454376965e-06
1.800000000000000000e+01 1.250280507246451429e-05
1.900000000000000000e+01 -1.453641817418907081e-05
