1.000000000000000000e+00 4.923170654594802124e-04
2.000000000000000000e+00 -2.845520492579315983e-05
3.000000000000000000e+00 -2.809200603318250331e-05
4.000000000000000000e+00 -2.845520492579315983e-05
5.000000000000000000e+00 -2.701868994438653599e-05
6.000000000000000000e+00 -2.542718719189307179e-05
7.000000000000000000e+00 -1.484952955541190750e-05
8.000000000000000000e+00 -2.211247644684176858e-05
9.000000000000000000e+00 7.934819308658317511e-04
1.000000000000000000e+01 2.880841982235170674e-03
1.100000000000000000e+01 2.433198380566801294e-03
1.200000000000000000e+01 1.194077980842686570e-03
1.300000000000000000e+01 -2.003268489336600697e-05
1.400000000000000000e+01 1.007721208959598929e-05
1.500000000000000000e+01 8.866730964254182815e-05
1.600000000000000000e+01 2.314580156685419523e-03
1.700000000000000000e+01 4.911454214859787189e-06
1.800000000000000000e+01 1.406813860374231688e-04
1.900000000000000000e+01 -2.845520492579315983e-05
1.000000000000000000e+00 4.690913231934903472e-04
2.000000000000000000e+00 -2.485032167694706349e-05
3.000000000000000000e+00 -2.485032167694706349e-05
4.000000000000000000e+00 -2.480994237960181938e-05
5.000000000000000000e+00 -1.924597590232265018e-05
6.000000000000000000e+00 -2.420988024703194679e-05
7.000000000000000000e+00 -1.787157630810881509e-05
8.000000000000000000e+00 -2.224834848673857884e-05
9.000000000000000000e+00 6.462031518533066336e-03
1.000000000000000000e+01 4.877214503762491299e-03
1.100000000000000000e+01 6.014071411904228781e-03
1.200000000000000000e+01 3.911707143905285636e-03
1.300000000000000000e+01 1.296862751971111063e-05
1.400000000000000000e+01 8.203277630522212162e-05
1.500000000000000000e+01 5.303614514140829662e-05
1.600000000000000000e+01 3.867455257161139283e-03
1.700000000000000000e+01 -1.982632090991223983e-05
1.800000000000000000e+01 2.013751642234614108e-04
1.900000000000000000e+01 -2.485032167694706349e-05
1.000000000000000000e+00 2.828571926869140243e-04
2.000000000000000000e+00 -1.600201484102412795e-05
3.000000000000000000e+00 -1.600201484102412795e-05
4.000000000000000000e+00 -1.597344863598733268e-05
5.000000000000000000e+00 -1.124962928368501107e-05
6.000000000000000000e+00 -1.496512603323748768e-05
7.000000000000000000e+00 -1.316184675317802134e-05
8.000000000000000000e+00 -1.470845975489938232e-05
9.000000000000000000e+00 3.943227137499582570e-03
1.000000000000000000e+01 7.538017623930936585e-03
1.100000000000000000e+01 7.108375370759271485e-03
1.200000000000000000e+01 2.837499531771977418e-03
1.300000000000000000e+01 -9.416581011008253932e-06
1.400000000000000000e+01 1.630395318475813787e-04
1.500000000000000000e+01 2.116286706069987788e-04
1.600000000000000000e+01 5.842506392815989720e-03
1.700000000000000000e+01 -4.990193844683008617e-06
1.800000000000000000e+01 3.596495523740105438e-04
1.900000000000000000e+01 -1.600201484102412795e-05
1.000000000000000000e+00 1.028611910964852104e-04
2.000000000000000000e+00 -1.918467669241662760e-05
3.000000000000000000e+00 -1.918467669241662760e-05
4.000000000000000000e+00 -1.912797384933607724e-05
5.000000000000000000e+00 -1.794838288646338116e-05
6.000000000000000000e+00 -1.749836850456045473e-05
7.000000000000000000e+00 -1.645924594841003438e-05
8.000000000000000000e+00 -1.719664064865303009e-05
9.000000000000000000e+00 5.414566255897524522e-03
1.000000000000000000e+01 3.918344684211557023e-03
1.100000000000000000e+01 5.556212621228100688e-03
1.200000000000000000e+01 3.278291239204551583e-03
1.300000000000000000e+01 5.184301852258507790e-04
1.400000000000000000e+01 1.188189605372267835e-04
1.500000000000000000e+01 3.458409065994205180e-04
1.600000000000000000e+01 7.540420320993075805e-03
1.700000000000000000e+01 -9.926863642033920091e-06
1.800000000000000000e+01 4.281072814354548012e-04
1.900000000000000000e+01 -1.918467669241662760e-05
1.000000000000000000e+00 1.865657991818982307e-04
2.000000000000000000e+00 -2.224534151778733492e-05
3.000000000000000000e+00 -2.214392075073189572e-05
4.000000000000000000e+00 -2.220045176701523340e-05
5.000000000000000000e+00 -2.069683842129662260e-05
6.000000000000000000e+00 -2.085066636150227144e-05
7.000000000000000000e+00 -2.028033026485038563e-05
8.000000000000000000e+00 -2.049141948522753366e-05
9.000000000000000000e+00 4.817384026362354216e-03
1.000000000000000000e+01 7.070585675074838802e-03
1.100000000000000000e+01 9.609218997376892113e-03
1.200000000000000000e+01 7.526135500206707421e-03
1.300000000000000000e+01 4.471332760806444599e-05
1.400000000000000000e+01 9.687444478466150242e-05
1.500000000000000000e+01 2.011771338396725281e-04
1.600000000000000000e+01 2.773732201750777216e-03
1.700000000000000000e+01 -1.356185953709173429e-05
1.800000000000000000e+01 1.861433200442488302e-04
1.900000000000000000e+01 -2.224534151778733492e-05
1.000000000000000000e+00 1.869065317207731810e-04
2.000000000000000000e+00 -2.138728144920095108e-05
3.000000000000000000e+00 -2.138728144920095108e-05
4.000000000000000000e+00 -2.135420479073729840e-05
5.000000000000000000e+00 -2.038432843386403536e-05
6.000000000000000000e+00 -1.986665725055817652e-05
7.000000000000000000e+00 -1.830634106175901536e-05
8.000000000000000000e+00 -1.976502170000621724e-05
9.000000000000000000e+00 5.376768097743329575e-03
1.000000000000000000e+01 5.980029387537126942e-03
1.100000000000000000e+01 6.550630612937114253e-03
1.200000000000000000e+01 5.963229967486933028e-03
1.300000000000000000e+01 1.643037904647811438e-05
1.400000000000000000e+01 1.890102071990616814e-04
1.500000000000000000e+01 8.166188816343613753e-05
1.600000000000000000e+01 9.056115839784570007e-03
1.700000000000000000e+01 1.698018184086295447e-05
1.800000000000000000e+01 7.667848147724308483e-05
1.900000000000000000e+01 -2.138728144920095108e-05
1.000000000000000000e+00 2.877010760137694591e-04
2.000000000000000000e+00 -1.140861202780707420e-05
3.000000000000000000e+00 -1.112557033609665134e-05
4.000000000000000000e+00 -1.132355776318624527e-05
5.000000000000000000e+00 -1.081705532169928349e-05
6.000000000000000000e+00 -1.033581141940275000e-05
7.000000000000000000e+00 -7.514200625655733974e-06
8.000000000000000000e+00 -8.779017679946472501e-06
9.000000000000000000e+00 5.126947613789718458e-03
1.000000000000000000e+01 3.922784344997967167e-03
1.100000000000000000e+01 4.558286227016876586e-03
1.200000000000000000e+01 4.360365082114307268e-03
1.300000000000000000e+01 2.416116735002183858e-05
1.400000000000000000e+01 1.444623917534134142e-04
1.500000000000000000e+01 4.551512299190317232e-04
1.600000000000000000e+01 2.754992599419844000e-03
1.700000000000000000e+01 2.345908305660627394e-05
1.800000000000000000e+01 2.278661740736043976e-04
1.900000000000000000e+01 -1.140861202780707420e-05
1.000000000000000000e+00 3.676642415032507424e-04
2.000000000000000000e+00 -1.886065430957071626e-05
3.000000000000000000e+00 -1.877044524103347304e-05
4.000000000000000000e+00 -1.877658804903386617e-05
5.000000000000000000e+00 -1.666462192777981929e-05
6.000000000000000000e+00 -1.800641738722233911e-05
7.000000000000000000e+00 -1.636405390275359295e-05
8.000000000000000000e+00 -1.727275991981874206e-05
9.000000000000000000e+00 2.977621063147378559e-03
1.000000000000000000e+01 1.831991022393498992e-03
1.100000000000000000e+01 2.416290537807565600e-03
1.200000000000000000e+01 3.842700857793736758e-03
1.300000000000000000e+01 5.126134185731708948e-04
1.400000000000000000e+01 5.937865883686317117e-05
1.500000000000000000e+01 2.605778724199776320e-04
1.600000000000000000e+01 5.370953307098817221e-03
1.700000000000000000e+01 4.956829376334020206e-05
1.800000000000000000e+01 3.147136231501556562e-04
1.900000000000000000e+01 -1.886065430957071626e-05
1.000000000000000000e+00 4.086168389573962222e-04
2.000000000000000000e+00 -1.745682937633401911e-05
3.000000000000000000e+00 -1.727013956116123090e-05
4.000000000000000000e+00 -1.739540129633008786e-05
5.000000000000000000e+00 -1.553155307025276045e-05
6.000000000000000000e+00 -1.568954781029084135e-05
7.000000000000000000e+00 -1.396135684061380581e-05
8.000000000000000000e+00 -1.429375577982389036e-05
9.000000000000000000e+00 3.384584498748585343e-03
1.000000000000000000e+01 2.820795046027244155e-03
1.100000000000000000e+01 3.374126948043356354e-03
1.200000000000000000e+01 2.224594978464947397e-03
1.300000000000000000e+01 6.577418109925849805e-05
1.400000000000000000e+01 5.442270148152500930e-05
1.500000000000000000e+01 1.899086465649933025e-04
1.600000000000000000e+01 3.435879394083728080e-03
1.700000000000000000e+01 -1.205390756474347706e-05
1.800000000000000000e+01 1.786833737298133557e-04
1.900000000000000000e+01 -1.745682937633401911e-05
1.000000000000000000e+00 2.918579528486649004e-04
2.000000000000000000e+00 -2.001653317442791000e-05
3.000000000000000000e+00 -1.982408716154846143e-05
4.000000000000000000e+00 -1.995940076435432286e-05
5.000000000000000000e+00 -1.789524544942501340e-05
6.000000000000000000e+00 -1.891894655052549492e-05
7.000000000000000000e+00 -1.830256087222031268e-05
8.000000000000000000e+00 1.217766581543671206e-05
9.000000000000000000e+00 3.363865494670448004e-03
1.000000000000000000e+01 3.390664933621589591e-03
1.100000000000000000e+01 3.512611786218597289e-03
1.200000000000000000e+01 1.754384933951497411e-03
1.300000000000000000e+01 1.400366489375777046e-04
1.400000000000000000e+01 1.395034274291240186e-04
1.500000000000000000e+01 2.812868675871771796e-04
1.600000000000000000e+01 5.442652333906203115e-03
1.700000000000000000e+01 -1.750627253723228884e-05
1.800000000000000000e+01 2.302693866161358211e-04
1.900000000000000000e+01 -2.001653317442791000e-05
1.000000000000000000e+00 1.281715790229722048e-04
2.000000000000000000e+00 -1.899184406924344965e-05
3.000000000000000000e+00 -1.897981619343848411e-05
4.000000000000000000e+00 -1.899184406924344965e-05
5.000000000000000000e+00 -1.807347279483502206e-05
6.000000000000000000e+00 -1.716459495097265688e-05
7.000000000000000000e+00 -1.299676415775486911e-05
8.000000000000000000e+00 -1.631224812339363277e-05
9.000000000000000000e+00 3.028627461289999569e-03
1.000000000000000000e+01 6.630908221465495926e-04
1.100000000000000000e+01 3.821573120721727303e-03
1.200000000000000000e+01 2.767828232998511499e-03
1.300000000000000000e+01 -1.135388519289447982e-05
1.400000000000000000e+01 1.751889321548764033e-04
1.500000000000000000e+01 2.153203693451371213e-04
1.600000000000000000e+01 2.411366411366411278e-03
1.700000000000000000e+01 -8.157906764717909377e-07
1.800000000000000000e+01 3.529040618823900215e-04
1.900000000000000000e+01 -1.899184406924344965e-05
1.000000000000000000e+00 2.824616903564271535e-04
2.000000000000000000e+00 -1.628445513894429965e-05
3.000000000000000000e+00 -1.628445513894429965e-05
4.000000000000000000e+00 -1.621121396663192295e-05
5.000000000000000000e+00 -1.460605098375996090e-05
6.000000000000000000e+00 -1.455815426403661545e-05
7.000000000000000000e+00 -8.783055609680995895e-06
8.000000000000000000e+00 -1.138090495675634911e-05
9.000000000000000000e+00 2.331550501442142091e-03
1.000000000000000000e+01 5.052278131225499541e-03
1.100000000000000000e+01 2.382986079967504105e-03
1.200000000000000000e+01 4.357453949559212357e-03
1.300000000000000000e+01 -4.221569624046404152e-06
1.400000000000000000e+01 5.249424637969529403e-05
1.500000000000000000e+01 4.407200556581361084e-04
1.600000000000000000e+01 2.876289216459495049e-03
1.700000000000000000e+01 -5.921409172183165359e-06
1.800000000000000000e+01 2.210670736212531668e-04
1.900000000000000000e+01 -1.628445513894429965e-05
1.000000000000000000e+00 3.391532787817617511e-04
2.000000000000000000e+00 -1.361207591857746616e-05
3.000000000000000000e+00 -1.354231423890866572e-05
4.000000000000000000e+00 -1.358922295454803063e-05
5.000000000000000000e+00 -8.712134099131002235e-06
6.000000000000000000e+00 -1.213354928525207098e-05
7.000000000000000000e+00 -1.217577572066736072e-05
8.000000000000000000e+00 -1.192847400277740741e-05
9.000000000000000000e+00 4.407968321668011627e-03
1.000000000000000000e+01 6.470219108377002828e-03
1.100000000000000000e+01 7.544850359478842174e-03
1.200000000000000000e+01 5.968342544967931637e-03
1.300000000000000000e+01 -7.329959342343242547e-06
1.400000000000000000e+01 5.352503533618084688e-05
1.500000000000000000e+01 2.545653950452711803e-04
1.600000000000000000e+01 4.971273781258301119e-03
1.700000000000000000e+01 1.873796997636006643e-05
1.800000000000000000e+01 2.549025621781039210e-04
1.900000000000000000e+01 -1.361207591857746616e-05
1.000000000000000000e+00 3.246739930176462336e-04
2.000000000000000000e+00 -1.793880354251871072e-05
3.000000000000000000e+00 -1.793880354251871072e-05
4.000000000000000000e+00 -1.792226521328688438e-05
5.000000000000000000e+00 -1.308113111518684223e-05
6.000000000000000000e+00 -1.672055155027291090e-05
7.000000000000000000e+00 -1.247136076857439054e-05
8.000000000000000000e+00 -1.710020285871678911e-05
9.000000000000000000e+00 7.628760128760128482e-03
1.000000000000000000e+01 4.824320459382378488e-03
1.100000000000000000e+01 4.853041738103656966e-03
1.200000000000000000e+01 5.387777341337712279e-03
1.300000000000000000e+01 2.107528694216000527e-05
1.400000000000000000e+01 1.218363679663989182e-04
1.500000000000000000e+01 2.345462415121857659e-04
1.600000000000000000e+01 4.964280215828203134e-03
1.700000000000000000e+01 -1.355988352892377491e-05
1.800000000000000000e+01 2.210134636605224582e-04
1.900000000000000000e+01 -1.793880354251871072e-05
1.000000000000000000e+00 4.000894616219693393e-04
2.000000000000000000e+00 -1.725703776787367849e-05
3.000000000000000000e+00 -1.706893038162387804e-05
4.000000000000000000e+00 -1.725703776787367849e-05
5.000000000000000000e+00 -1.308620000570464849e-05
6.000000000000000000e+00 -1.635168237335419866e-05
7.000000000000000000e+00 -1.420840081830793840e-05
8.000000000000000000e+00 -1.573843253409816563e-05
9.000000000000000000e+00 3.924708160776271479e-03
1.000000000000000000e+01 5.981118168037671996e-03
1.100000000000000000e+01 3.351276690285977938e-03
1.200000000000000000e+01 3.293852776050918297e-03
1.300000000000000000e+01 -1.038516866690241170e-05
1.400000000000000000e+01 9.085986253168914378e-06
1.500000000000000000e+01 2.164034366046749887e-04
1.600000000000000000e+01 6.480571028558644239e-03
1.700000000000000000e+01 -1.284336578454225366e-05
1.800000000000000000e+01 1.805721797981859884e-04
1.900000000000000000e+01 -1.725703776787367849e-05
1.000000000000000000e+00 1.348566294386727713e-04
2.000000000000000000e+00 -2.433084631227045965e-05
3.000000000000000000e+00 -2.415824629446920268e-05
4.000000000000000000e+00 -2.431881843646549411e-05
5.000000000000000000e+00 -2.179317930091923813e-05
6.000000000000000000e+00 -2.282663157276160277e-05
7.000000000000000000e+00 -1.725712368127228652e-05
8.000000000000000000e+00 -2.273964425667212018e-05
9.000000000000000000e+00 1.693725778865097726e-03
1.000000000000000000e+01 3.832837827806867721e-03
1.100000000000000000e+01 5.526888874799091439e-03
1.200000000000000000e+01 3.887746927994605722e-03
1.300000000000000000e+01 -1.500915665002352241e-05
1.400000000000000000e+01 1.592212397165957479e-04
1.500000000000000000e+01 1.208771019142536085e-04
1.600000000000000000e+01 7.034981358510769729e-03
1.700000000000000000e+01 1.376959813492321134e-05
1.800000000000000000e+01 5.348017135942831693e-04
1.900000000000000000e+01 -2.433084631227045965e-05
1.000000000000000000e+00 1.874735171948794111e-04
2.000000000000000000e+00 -1.920276146282338161e-05
3.000000000000000000e+00 -1.903669086331624715e-05
4.000000000000000000e+00 -1.914133338281945036e-05
5.000000000000000000e+00 -1.480562780872378313e-05
6.000000000000000000e+00 -1.721648664373122509e-05
7.000000000000000000e+00 1.716455199427335625e-05
8.000000000000000000e+00 -1.665508554053445625e-05
9.000000000000000000e+00 4.880083624665667620e-03
1.000000000000000000e+01 4.352962783690337602e-03
1.100000000000000000e+01 3.953840277369688981e-03
1.200000000000000000e+01 8.643025790858608129e-03
1.300000000000000000e+01 1.041720706194390394e-03
1.400000000000000000e+01 -1.611984506721348822e-05
1.500000000000000000e+01 8.900980340608822627e-05
1.600000000000000000e+01 9.736103207078438890e-03
1.700000000000000000e+01 -1.395293732755033027e-05
1.800000000000000000e+01 8.348110437893718414e-05
1.900000000000000000e+01 -1.920276146282338161e-05
1.000000000000000000e+00 1.537041819549559351e-04
2.000000000000000000e+00 -3.289224535354565653e-05
3.000000000000000000e+00 -3.276225838145342207e-05
4.000000000000000000e+00 -3.286367914850886804e-05
5.000000000000000000e+00 -3.127376579388962876e-05
6.000000000000000000e+00 -3.203633311992444983e-05
7.000000000000000000e+00 -3.012579096170427251e-05
8.000000000000000000e+00 -2.651553812544524518e-05
9.000000000000000000e+00 7.464031797236131589e-03
1.000000000000000000e+01 7.091226240220047800e-03
1.100000000000000000e+01 3.467755842368845133e-03
1.200000000000000000e+01 4.347918206664335913e-03
1.300000000000000000e+01 8.104941154476757342e-05
1.400000000000000000e+01 6.550007440100318707e-05
1.500000000000000000e+01 1.939699447439385425e-04
1.600000000000000000e+01 3.816416340797145704e-03
1.700000000000000000e+01 3.642040793743579822e-06
1.800000000000000000e+01 2.247626814190281511e-04
1.900000000000000000e+01 -3.289224535354565653e-05
1.000000000000000000e+00 1.382240480537694021e-04
2.000000000000000000e+00 -1.087659330693386340e-05
3.000000000000000000e+00 -1.059436779251020670e-05
4.000000000000000000e+00 -1.084802710189706982e-05
5.000000000000000000e+00 -9.667405178241090895e-06
6.000000000000000000e+00 -9.303476021742274556e-06
7.000000000000000000e+00 -9.801043469774119377e-06
8.000000000000000000e+00 -9.467098089389110538e-06
9.000000000000000000e+00 7.110040028770678311e-03
1.000000000000000000e+01 5.322853659927962756e-03
1.100000000000000000e+01 5.000243564485050418e-03
1.200000000000000000e+01 4.999121020018852495e-03
1.300000000000000000e+01 2.555790442787346777e-05
1.400000000000000000e+01 1.121996768281597896e-04
1.500000000000000000e+01 2.393600981062281232e-04
1.600000000000000000e+01 7.587774110993924376e-03
1.700000000000000000e+01 -8.101633488630392412e-06
1.800000000000000000e+01 3.255396564220093200e-04
1.900000000000000000e+01 -1.087659330693386340e-05
1.000000000000000000e+00 2.619312661882321246e-04
2.000000000000000000e+00 -3.847180511267198403e-05
3.000000000000000000e+00 -3.839323730964597697e-05
4.000000000000000000e+00 -3.844444169521568769e-05
5.000000000000000000e+00 -3.639257199628716108e-05
6.000000000000000000e+00 -3.654485349531788564e-05
7.000000000000000000e+00 -3.507401611116780956e-05
8.000000000000000000e+00 -3.672651737667217162e-05
9.000000000000000000e+00 1.175390957511700469e-03
1.000000000000000000e+01 1.907291410000388219e-03
1.100000000000000000e+01 2.314511125269638845e-03
1.200000000000000000e+01 7.010959456779889288e-04
1.300000000000000000e+01 3.406616603211030367e-05
1.400000000000000000e+01 9.912193929221792743e-05
1.500000000000000000e+01 1.944243836658697251e-04
1.600000000000000000e+01 1.723885634489349603e-03
1.700000000000000000e+01 -3.026656006532167295e-05
1.800000000000000000e+01 1.927345959853699574e-04
1.900000000000000000e+01 -3.847180511267198403e-05
1.000000000000000000e+00 2.388560012399021609e-04
2.000000000000000000e+00 -1.706304531381930563e-05
3.000000000000000000e+00 -1.706304531381930563e-05
4.000000000000000000e+00 -1.706304531381930563e-05
5.000000000000000000e+00 -1.573319181678314670e-05
6.000000000000000000e+00 -1.489712557824012822e-05
7.000000000000000000e+00 -1.418769568924367661e-05
8.000000000000000000e+00 -1.519619011879073768e-05
9.000000000000000000e+00 5.568838497244069270e-03
1.000000000000000000e+01 8.010492603371858686e-03
1.100000000000000000e+01 2.805878203324023348e-03
1.200000000000000000e+01 4.298647087346777439e-03
1.300000000000000000e+01 -7.233693379204215090e-06
1.400000000000000000e+01 5.611309055581501296e-05
1.500000000000000000e+01 2.095321688974939578e-04
1.600000000000000000e+01 6.431719424366482731e-03
1.700000000000000000e+01 -1.249412781920521804e-05
1.800000000000000000e+01 2.535187550667426315e-04
1.900000000000000000e+01 -1.706304531381930563e-05
1.000000000000000000e+00 2.019105335668802909e-04
2.000000000000000000e+00 -1.591648805271096161e-05
3.000000000000000000e+00 -1.577937026853435518e-05
4.000000000000000000e+00 -1.591648805271096161e-05
5.000000000000000000e+00 -1.504816133299105322e-05
6.000000000000000000e+00 -1.405775167385074447e-05
7.000000000000000000e+00 -1.445398426822575304e-05
8.000000000000000000e+00 -1.423353048740045634e-05
9.000000000000000000e+00 1.122187689331652014e-02
1.000000000000000000e+01 6.362695955575212517e-03
1.100000000000000000e+01 6.449511015300488960e-03
1.200000000000000000e+01 8.527390265393361077e-03
1.300000000000000000e+01 1.040131265363463320e-03
1.400000000000000000e+01 -1.254945604790806018e-05
1.500000000000000000e+01 8.017760533240409046e-05
1.600000000000000000e+01 7.887083075163569407e-03
1.700000000000000000e+01 -1.314517955384828295e-05
1.800000000000000000e+01 1.241755750269682033e-04
1.900000000000000000e+01 -1.591648805271096161e-05
1.000000000000000000e+00 1.751215760503685990e-04
2.000000000000000000e+00 -9.051620893726156430e-06
3.000000000000000000e+00 -8.983663395428100984e-06
4.000000000000000000e+00 -9.023054688689362859e-06
5.000000000000000000e+00 -8.011768073687577948e-06
6.000000000000000000e+00 -8.041021585913225628e-06
7.000000000000000000e+00 -7.629281623089671877e-06
8.000000000000000000e+00 -8.060781667592812591e-06
9.000000000000000000e+00 6.152391253397444630e-03
1.000000000000000000e+01 5.094481412979864378e-03
1.100000000000000000e+01 4.389849099988418074e-03
1.200000000000000000e+01 1.814325552328648191e-03
1.300000000000000000e+01 -3.403373372413620023e-06
1.400000000000000000e+01 2.048067171906180954e-04
1.500000000000000000e+01 2.736965047336564305e-04
1.600000000000000000e+01 3.926528107255661260e-03
1.700000000000000000e+01 2.329949891869396474e-05
1.800000000000000000e+01 5.504286734936889285e-04
1.900000000000000000e+01 -9.051620893726156430e-06
1.000000000000000000e+00 1.171945959097661833e-04
2.000000000000000000e+00 -1.698078323465320054e-05
3.000000000000000000e+00 -1.681020218171920866e-05
4.000000000000000000e+00 -1.691935515464926929e-05
5.000000000000000000e+00 -1.534477734168136420e-05
6.000000000000000000e+00 1.337031561489765822e-05
7.000000000000000000e+00 -1.505924416141134393e-05
8.000000000000000000e+00 -1.402153917633793750e-05
9.000000000000000000e+00 5.875677083494420735e-03
1.000000000000000000e+01 1.113190202470388211e-02
1.100000000000000000e+01 6.513044961574373029e-03
1.200000000000000000e+01 7.630056175334812285e-03
1.300000000000000000e+01 1.043667374936724755e-03
1.400000000000000000e+01 5.650068885363002591e-05
1.500000000000000000e+01 1.425170546687574405e-04
1.600000000000000000e+01 5.318106472131239881e-03
1.700000000000000000e+01 -8.565179230813904646e-06
1.800000000000000000e+01 1.233450072459360211e-04
1.900000000000000000e+01 -1.698078323465320054e-05
1.000000000000000000e+00 2.068542912196162881e-04
2.000000000000000000e+00 -1.413876800873704831e-05
3.000000000000000000e+00 -1.402080891244977768e-05
4.000000000000000000e+00 -1.413876800873704831e-05
5.000000000000000000e+00 -1.328779579553573241e-05
6.000000000000000000e+00 -1.256749786161550848e-05
7.000000000000000000e+00 -1.242342109215174107e-05
8.000000000000000000e+00 -1.243879959050237590e-05
9.000000000000000000e+00 5.426195235792758559e-03
1.000000000000000000e+01 3.910752903786959313e-03
1.100000000000000000e+01 3.892429637785674735e-03
1.200000000000000000e+01 2.398697965261432398e-03
1.300000000000000000e+01 4.418397220254804867e-06
1.400000000000000000e+01 1.783723672268563651e-04
1.500000000000000000e+01 3.080452828904841050e-04
1.600000000000000000e+01 3.466243251072972237e-03
1.700000000000000000e+01 -8.981859214057355984e-06
1.800000000000000000e+01 5.323196325518306411e-04
1.900000000000000000e+01 -1.413876800873704831e-05
1.000000000000000000e+00 3.073064706191641106e-04
2.000000000000000000e+00 -2.798272419015453063e-05
3.000000000000000000e+00 -2.788559909302943215e-05
4.000000000000000000e+00 -2.794213010931276983e-05
5.000000000000000000e+00 -2.712616760604376367e-05
6.000000000000000000e+00 -2.533027687826449340e-05
7.000000000000000000e+00 -2.626591674579290545e-05
8.000000000000000000e+00 -2.620023595255793072e-05
9.000000000000000000e+00 4.810445273680567790e-03
1.000000000000000000e+01 4.474646870157705965e-03
1.100000000000000000e+01 5.438376767711132487e-03
1.200000000000000000e+01 3.321476768845189626e-03
1.300000000000000000e+01 5.933658704556537319e-04
1.400000000000000000e+01 4.232472034329619180e-05
1.500000000000000000e+01 1.974406312641606616e-04
1.600000000000000000e+01 4.436580361502961978e-03
1.700000000000000000e+01 -1.971192721966715688e-05
1.800000000000000000e+01 2.424713229666789979e-04
1.900000000000000000e+01 -2.798272419015453063e-05
1.000000000000000000e+00 3.750345801429392232e-04
2.000000000000000000e+00 -1.690260204192092625e-05
3.000000000000000000e+00 -1.677570795217854036e-05
4.000000000000000000e+00 -1.690260204192092625e-05
5.000000000000000000e+00 -1.617641904019612991e-05
6.000000000000000000e+00 -1.594140293830696286e-05
7.000000000000000000e+00 -1.397136575155150965e-05
8.000000000000000000e+00 -1.598109492846334947e-05
9.000000000000000000e+00 6.597447229413173561e-03
1.000000000000000000e+01 2.763615512454521608e-03
1.100000000000000000e+01 4.380585444826930706e-03
1.200000000000000000e+01 2.718847286184747272e-03
1.300000000000000000e+01 2.385518678088337384e-05
1.400000000000000000e+01 5.337992760593379492e-05
1.500000000000000000e+01 1.920045898374071747e-04
1.600000000000000000e+01 4.925864769905016760e-03
1.700000000000000000e+01 -1.171738478240026107e-05
1.800000000000000000e+01 1.005918745856826293e-04
1.900000000000000000e+01 -1.690260204192092625e-05
1.000000000000000000e+00 1.199373382035920718e-04
2.000000000000000000e+00 -1.392686261107313581e-05
3.000000000000000000e+00 -1.380340505727502554e-05
4.000000000000000000e+00 -1.390400964704370197e-05
5.000000000000000000e+00 1.613518060886481902e-05
6.000000000000000000e+00 -1.301557919204977956e-05
7.000000000000000000e+00 -1.231757578506804402e-05
8.000000000000000000e+00 -1.222968637829318893e-05
9.000000000000000000e+00 8.470200465169504256e-03
1.000000000000000000e+01 8.501221430787993597e-03
1.100000000000000000e+01 9.008844870299978144e-03
1.200000000000000000e+01 6.921457283686385797e-03
1.300000000000000000e+01 7.973369080180225314e-05
1.400000000000000000e+01 -5.272032748812934242e-06
1.500000000000000000e+01 1.155459177904998280e-04
1.600000000000000000e+01 7.945430257736758872e-03
1.700000000000000000e+01 -1.058852568140493831e-05
1.800000000000000000e+01 1.759403307390923358e-04
1.900000000000000000e+01 -1.392686261107313581e-05
1.000000000000000000e+00 2.732916378427213992e-04
2.000000000000000000e+00 -1.810010594840316027e-05
3.000000000000000000e+00 -1.810010594840316027e-05
4.000000000000000000e+00 -1.810010594840316027e-05
5.000000000000000000e+00 -1.697816287599569277e-05
6.000000000000000000e+00 -1.691420035073285840e-05
7.000000000000000000e+00 -1.329806244666925697e-05
8.000000000000000000e+00 -1.711025472635379697e-05
9.000000000000000000e+00 3.346483324037503350e-03
1.000000000000000000e+01 1.873822599828791702e-03
1.100000000000000000e+01 2.315754421017578602e-03
1.200000000000000000e+01 7.036153990488355249e-04
1.300000000000000000e+01 5.487946006521857763e-04
1.400000000000000000e+01 1.901013932747678691e-04
1.500000000000000000e+01 9.538616698059421226e-05
1.600000000000000000e+01 2.324778291883554653e-03
1.700000000000000000e+01 4.477978162188687948e-06
1.800000000000000000e+01 2.618316925592467344e-04
1.900000000000000000e+01 -1.810010594840316027e-05
1.000000000000000000e+00 3.671308911246991681e-04
2.000000000000000000e+00 -2.406112119734410420e-05
3.000000000000000000e+00 -2.396459749400925857e-05
4.000000000000000000e+00 -2.404909332153913867e-05
5.000000000000000000e+00 -2.360178521169233143e-05
6.000000000000000000e+00 -2.185602495200018161e-05
7.000000000000000000e+00 1.148919879570034295e-05
8.000000000000000000e+00 -2.143943088215534000e-05
9.000000000000000000e+00 2.983343840541982650e-03
1.000000000000000000e+01 3.476177846920880648e-03
1.100000000000000000e+01 1.261794663884447092e-03
1.200000000000000000e+01 4.899335958159486970e-03
1.300000000000000000e+01 -1.563537941246919411e-05
1.400000000000000000e+01 5.884883090765443135e-05
1.500000000000000000e+01 2.349872349872349708e-04
1.600000000000000000e+01 3.386956395857324345e-03
1.700000000000000000e+01 1.257428502010545339e-05
1.800000000000000000e+01 3.073976247350859812e-04
1.900000000000000000e+01 -2.406112119734410420e-05
1.000000000000000000e+00 3.922371917727954845e-04
2.000000000000000000e+00 -1.955431908992280197e-05
3.000000000000000000e+00 -1.944147184085264331e-05
4.000000000000000000e+00 -1.921032184190078697e-05
5.000000000000000000e+00 -1.789425744534103456e-05
6.000000000000000000e+00 -1.861180615050583867e-05
7.000000000000000000e+00 -7.121748220819428082e-06
8.000000000000000000e+00 -1.762491894070841188e-05
9.000000000000000000e+00 3.012371228702497711e-03
1.000000000000000000e+01 3.329361943526030175e-03
1.100000000000000000e+01 3.902505904827885917e-03
1.200000000000000000e+01 1.808080722167409310e-03
1.300000000000000000e+01 5.519740407511304408e-04
1.400000000000000000e+01 1.143023213456649935e-04
1.500000000000000000e+01 3.967536161808607443e-04
1.600000000000000000e+01 6.107822475082536409e-03
1.700000000000000000e+01 -1.534301611700992322e-05
1.800000000000000000e+01 3.405946908268889651e-04
1.900000000000000000e+01 -1.955431908992280197e-05
1.000000000000000000e+00 1.430574069892955188e-04
2.000000000000000000e+00 -1.925065818254672706e-05
3.000000000000000000e+00 -1.907006821867502795e-05
4.000000000000000000e+00 -1.925065818254672706e-05
5.000000000000000000e+00 -1.690028238015853983e-05
6.000000000000000000e+00 -9.316835555225647680e-06
7.000000000000000000e+00 1.436854339331119473e-05
8.000000000000000000e+00 -1.787990990777368259e-05
9.000000000000000000e+00 4.638804607844855023e-03
1.000000000000000000e+01 4.022029269320290777e-03
1.100000000000000000e+01 3.805673514651842712e-03
1.200000000000000000e+01 3.757012208637595593e-03
1.300000000000000000e+01 2.039360708091358108e-05
1.400000000000000000e+01 5.825920725301529939e-05
1.500000000000000000e+01 1.624267545320176695e-04
1.600000000000000000e+01 2.980961676782109809e-03
1.700000000000000000e+01 -1.078445118692796652e-05
1.800000000000000000e+01 1.271938845468257055e-04
1.900000000000000000e+01 -1.925065818254672706e-05
1.000000000000000000e+00 7.987201137355935850e-05
2.000000000000000000e+00 -1.552163007271366126e-05
3.000000000000000000e+00 -1.543081961038617197e-05
4.000000000000000000e+00 -1.552163007271366126e-05
5.000000000000000000e+00 -1.481417619188516902e-05
6.000000000000000000e+00 -1.479153801135225188e-05
7.000000000000000000e+00 -1.324793197858213313e-05
8.000000000000000000e+00 -1.471730883495589295e-05
9.000000000000000000e+00 6.023048202227767982e-03
1.000000000000000000e+01 4.419407261125526780e-03
1.100000000000000000e+01 5.417436966198575440e-03
1.200000000000000000e+01 6.926813640435931264e-03
1.300000000000000000e+01 -4.895173625823779868e-06
1.400000000000000000e+01 2.023448257968381639e-04
1.500000000000000000e+01 2.251575823557247589e-04
1.600000000000000000e+01 3.941707071738031337e-03
1.700000000000000000e+01 -5.915309320882076251e-06
1.800000000000000000e+01 4.131652661064425512e-04
1.900000000000000000e+01 -1.552163007271366126e-05
1.000000000000000000e+00 1.357246984181968556e-04
2.000000000000000000e+00 -3.125877390583272670e-05
3.000000000000000000e+00 -3.102332823695052287e-05
4.000000000000000000e+00 -3.124674603002775778e-05
5.000000000000000000e+00 -3.017849883174960349e-05
6.000000000000000000e+00 -2.991766575357906438e-05
7.000000000000000000e+00 -2.454124822545875018e-05
8.000000000000000000e+00 -2.881548276285118384e-05
9.000000000000000000e+00 7.479441267366963506e-03
1.000000000000000000e+01 5.878062769703635768e-03
1.100000000000000000e+01 7.542958761225015095e-03
1.200000000000000000e+01 1.218063154595662142e-03
1.300000000000000000e+01 5.245545648022427281e-04
1.400000000000000000e+01 4.673332343610981206e-05
1.500000000000000000e+01 2.367127626415551928e-04
1.600000000000000000e+01 2.738440738827735508e-03
1.700000000000000000e+01 -2.299674010200325724e-05
1.800000000000000000e+01 2.889248694202254568e-04
1.900000000000000000e+01 -3.125877390583272670e-05
1.000000000000000000e+00 3.042839513427748215e-04
2.000000000000000000e+00 -1.443035808360885706e-05
3.000000000000000000e+00 -1.443035808360885706e-05
4.000000000000000000e+00 -1.440200666206858018e-05
5.000000000000000000e+00 -1.000122168852818938e-05
6.000000000000000000e+00 -1.354545007795781661e-05
7.000000000000000000e+00 -1.032928200110862581e-05
8.000000000000000000e+00 -1.327203068689136652e-05
9.000000000000000000e+00 1.116507241468541606e-02
1.000000000000000000e+01 8.069061528426853258e-03
1.100000000000000000e+01 6.546409515836760021e-03
1.200000000000000000e+01 4.233398352593398251e-03
1.300000000000000000e+01 5.727697654942236639e-04
1.400000000000000000e+01 5.045745448222227752e-05
1.500000000000000000e+01 1.415288787579809101e-04
1.600000000000000000e+01 6.368348026242762541e-03
1.700000000000000000e+01 -9.987088934457354110e-06
1.800000000000000000e+01 9.734031018860739770e-05
1.900000000000000000e+01 -1.443035808360885706e-05
1.000000000000000000e+00 4.791418591728189213e-04
2.000000000000000000e+00 -1.729252000149832902e-05
3.000000000000000000e+00 -1.721133183981481081e-05
4.000000000000000000e+00 -1.723109192149439777e-05
5.000000000000000000e+00 -1.624149843964085179e-05
6.000000000000000000e+00 -1.591416839094857518e-05
7.000000000000000000e+00 -1.286200899203995143e-05
8.000000000000000000e+00 -1.570191933969023563e-05
9.000000000000000000e+00 7.509734031018859904e-03
1.000000000000000000e+01 6.896989190719840165e-03
1.100000000000000000e+01 3.729821777809393633e-03
1.200000000000000000e+01 8.595054584218669511e-03
1.300000000000000000e+01 1.079479902622317326e-03
1.400000000000000000e+01 -1.434925583532394518e-05
1.500000000000000000e+01 1.832528496615183617e-05
1.600000000000000000e+01 9.122851563641036152e-03
1.700000000000000000e+01 -9.749624300707891966e-06
1.800000000000000000e+01 3.385215575618052313e-05
1.900000000000000000e+01 -1.729252000149832902e-05
1.000000000000000000e+00 1.390304741697930317e-04
2.000000000000000000e+00 -1.932377048476119509e-05
3.000000000000000000e+00 -1.932377048476119509e-05
4.000000000000000000e+00 -1.928437919149993322e-05
5.000000000000000000e+00 -1.828731124396758991e-05
6.000000000000000000e+00 -1.824895091148961090e-05
7.000000000000000000e+00 -1.736567526041210108e-05
8.000000000000000000e+00 -1.832141886321452884e-05
9.000000000000000000e+00 5.875353748418763421e-03
1.000000000000000000e+01 7.487294224523326387e-03
1.100000000000000000e+01 4.960177034867436704e-03
1.200000000000000000e+01 3.880097113069249162e-03
1.300000000000000000e+01 1.630240416618125446e-03
1.400000000000000000e+01 7.885243411559200841e-05
1.500000000000000000e+01 2.317182301702425454e-04
1.600000000000000000e+01 4.974708083454212719e-03
1.700000000000000000e+01 -1.007824305037927215e-05
1.800000000000000000e+01 2.728550259510011296e-04
1.900000000000000000e+01 -1.932377048476119509e-05
1.000000000000000000e+00 2.401714642426716639e-04
2.000000000000000000e+00 -1.847382923234316206e-05
3.000000000000000000e+00 -1.834813793018127170e-05
4.000000000000000000e+00 -1.846180135653819652e-05
5.000000000000000000e+00 -1.714221451063556215e-05
6.000000000000000000e+00 -1.641796456037941947e-05
7.000000000000000000e+00 -9.419416153162281789e-06
8.000000000000000000e+00 -1.756830201102646617e-05
9.000000000000000000e+00 5.400780634913761313e-03
1.000000000000000000e+01 9.124064489002568779e-03
1.100000000000000000e+01 6.985057469190595475e-03
1.200000000000000000e+01 8.528655512014643794e-03
1.300000000000000000e+01 5.204960588087522051e-04
1.400000000000000000e+01 1.363385496512431482e-05
1.500000000000000000e+01 5.171595690171541278e-05
1.600000000000000000e+01 3.326803957995908435e-03
1.700000000000000000e+01 -1.336503194088333357e-05
1.800000000000000000e+01 2.134468558617165425e-04
1.900000000000000000e+01 -1.847382923234316206e-05
1.000000000000000000e+00 1.428040913335030810e-04
2.000000000000000000e+00 -3.011960519700457536e-05
3.000000000000000000e+00 -2.989700358121410661e-05
4.000000000000000000e+00 -2.935647943387881224e-05
5.000000000000000000e+00 -2.316384166229367456e-05
6.000000000000000000e+00 -2.844545375505127670e-05
7.000000000000000000e+00 -1.922114693012525697e-05
8.000000000000000000e+00 -2.695133383987872831e-05
9.000000000000000000e+00 1.727980481850450870e-04
1.000000000000000000e+01 6.085309599241487712e-04
1.100000000000000000e+01 1.211314786005188463e-03
1.200000000000000000e+01 6.769153618998819625e-04
1.300000000000000000e+01 -1.057705624269091652e-05
1.400000000000000000e+01 1.282379041666967126e-04
1.500000000000000000e+01 1.262976789292578526e-04
1.600000000000000000e+01 7.456526961170923502e-05
1.700000000000000000e+01 -1.717756787416230063e-05
1.800000000000000000e+01 8.211658482556315100e-05
1.900000000000000000e+01 -3.011960519700457536e-05
1.000000000000000000e+00 2.035878638045820631e-04
2.000000000000000000e+00 -1.413395685841506108e-05
3.000000000000000000e+00 -1.413395685841506108e-05
4.000000000000000000e+00 -1.411741852918323473e-05
5.000000000000000000e+00 -1.307125107434704875e-05
6.000000000000000000e+00 -1.331288250792894634e-05
7.000000000000000000e+00 -1.077779289853593197e-05
8.000000000000000000e+00 -1.298662637671925491e-05
9.000000000000000000e+00 1.299866327343107480e-03
1.000000000000000000e+01 4.519618066831689041e-03
1.100000000000000000e+01 4.507375321616807068e-03
1.200000000000000000e+01 7.599742405856956158e-03
1.300000000000000000e+01 3.258523382362391572e-05
1.400000000000000000e+01 1.132000953982378123e-04
1.500000000000000000e+01 4.236744078075347264e-04
1.600000000000000000e+01 2.320984528027871321e-03
1.700000000000000000e+01 -1.037013382214620563e-05
1.800000000000000000e+01 3.771504553238298882e-04
1.900000000000000000e+01 -1.413395685841506108e-05
1.000000000000000000e+00 1.708856159320555363e-04
2.000000000000000000e+00 -2.912584491531859733e-05
3.000000000000000000e+00 -2.898834052084825813e-05
4.000000000000000000e+00 -2.909727871028180545e-05
5.000000000000000000e+00 -2.804402340006054983e-05
6.000000000000000000e+00 -2.694080944854938643e-05
7.000000000000000000e+00 -2.450082597141420545e-05
8.000000000000000000e+00 -2.694527694527694322e-05
9.000000000000000000e+00 1.733439591024730272e-03
1.000000000000000000e+01 2.904951859286224441e-03
1.100000000000000000e+01 2.874224846361069213e-03
1.200000000000000000e+01 3.355554404316014004e-03
1.300000000000000000e+01 -7.743890096831273215e-06
1.400000000000000000e+01 2.623644845007073938e-05
1.500000000000000000e+01 4.181073914046049889e-04
1.600000000000000000e+01 2.793271056428950870e-03
1.700000000000000000e+01 -2.352218644788304152e-05
1.800000000000000000e+01 3.752378512440431892e-04
1.900000000000000000e+01 -2.912584491531859733e-05
1.000000000000000000e+00 1.056224906844101767e-04
2.000000000000000000e+00 -3.853542398434038965e-05
3.000000000000000000e+00 -3.840822919770287903e-05
4.000000000000000000e+00 -3.851888565510856331e-05
5.000000000000000000e+00 -3.590252197063341930e-05
6.000000000000000000e+00 -3.647633755992888983e-05
7.000000000000000000e+00 -2.681271257122650161e-05
8.000000000000000000e+00 -3.595561645097248644e-05
9.000000000000000000e+00 5.379051289268007262e-03
1.000000000000000000e+01 8.610118038136613597e-03
1.100000000000000000e+01 3.200136722582542972e-03
1.200000000000000000e+01 7.520509375385535898e-03
1.300000000000000000e+01 2.288582590440175563e-05
1.400000000000000000e+01 4.208192907883309930e-05
1.500000000000000000e+01 2.575379127236712305e-04
1.600000000000000000e+01 4.257656816867343152e-03
1.700000000000000000e+01 -3.460312477340340867e-05
1.800000000000000000e+01 1.736753528549194164e-04
1.900000000000000000e+01 -3.853542398434038965e-05
1.000000000000000000e+00 1.096024718315739865e-04
2.000000000000000000e+00 -2.322389512791989420e-05
3.000000000000000000e+00 -2.322389512791989420e-05
4.000000000000000000e+00 -2.319554370637961902e-05
5.000000000000000000e+00 -1.645426297129083277e-05
6.000000000000000000e+00 -2.023376520280544777e-05
7.000000000000000000e+00 -7.873920025622811698e-06
8.000000000000000000e+00 -2.172337466455113197e-05
9.000000000000000000e+00 2.355760295775775545e-03
1.000000000000000000e+01 1.450416972088798507e-03
1.100000000000000000e+01 1.314202438428444582e-03
1.200000000000000000e+01 4.916657345062917100e-03
1.300000000000000000e+01 1.925439541538612572e-05
1.400000000000000000e+01 1.426905567772440784e-04
1.500000000000000000e+01 1.611047621109540373e-04
1.600000000000000000e+01 6.846591231266153542e-04
1.700000000000000000e+01 -1.773712183928902045e-05
1.800000000000000000e+01 2.177489692969569106e-04
1.900000000000000000e+01 -2.322389512791989420e-05
1.000000000000000000e+00 1.058768373009858973e-04
2.000000000000000000e+00 -1.236530067799417509e-05
3.000000000000000000e+00 -1.217697850824785795e-05
4.000000000000000000e+00 -1.233673447295738152e-05
5.000000000000000000e+00 -1.110065545050065009e-05
6.000000000000000000e+00 -1.123085720608940295e-05
7.000000000000000000e+00 -9.204976310239467859e-06
8.000000000000000000e+00 -1.105709735740695447e-05
9.000000000000000000e+00 8.015797283212142826e-03
1.000000000000000000e+01 8.164345286636306639e-03
1.100000000000000000e+01 4.764363044935799631e-03
1.200000000000000000e+01 3.864878929120415130e-03
1.300000000000000000e+01 2.081466864748598286e-05
1.400000000000000000e+01 1.387841604559870707e-04
1.500000000000000000e+01 1.868899504348420541e-04
1.600000000000000000e+01 8.069929898103272298e-03
1.700000000000000000e+01 -5.057635862589422635e-06
1.800000000000000000e+01 2.407867330467949451e-04
1.900000000000000000e+01 -1.236530067799417509e-05
1.000000000000000000e+00 1.014136792000569005e-04
2.000000000000000000e+00 -1.869329500908448161e-05
3.000000000000000000e+00 -1.869329500908448161e-05
4.000000000000000000e+00 -1.804830016904320010e-05
5.000000000000000000e+00 -1.785435067168813125e-05
6.000000000000000000e+00 -1.799640847628463527e-05
7.000000000000000000e+00 1.524666424047228858e-05
8.000000000000000000e+00 -1.620983935225421134e-05
9.000000000000000000e+00 4.938983831785689026e-03
1.000000000000000000e+01 5.431944603384231650e-03
1.100000000000000000e+01 3.360852425867905720e-03
1.200000000000000000e+01 6.493467574736924014e-03
1.300000000000000000e+01 5.405076949194596164e-04
1.400000000000000000e+01 7.888456572667097949e-05
1.500000000000000000e+01 2.388952207063661966e-04
1.600000000000000000e+01 6.604863316937620125e-03
1.700000000000000000e+01 1.578297863127584179e-05
1.800000000000000000e+01 4.508029809887394981e-04
1.900000000000000000e+01 -1.869329500908448161e-05
1.000000000000000000e+00 2.819242161347424477e-04
2.000000000000000000e+00 -1.803197662330789045e-05
3.000000000000000000e+00 -1.790198965121565599e-05
4.000000000000000000e+00 -1.789730737099157911e-05
5.000000000000000000e+00 -1.366907945855314125e-05
6.000000000000000000e+00 -1.727984777520381001e-05
7.000000000000000000e+00 -1.612143446508771313e-05
8.000000000000000000e+00 -1.659563346869848268e-05
9.000000000000000000e+00 2.430777340994059229e-03
1.000000000000000000e+01 2.843105896511469079e-03
1.100000000000000000e+01 2.260264932865551843e-03
1.200000000000000000e+01 2.854070765835471646e-03
1.300000000000000000e+01 9.836693234526051172e-05
1.400000000000000000e+01 1.469862696642882326e-04
1.500000000000000000e+01 2.880072713664044541e-04
1.600000000000000000e+01 8.363788344438498812e-04
1.700000000000000000e+01 -3.136827053235721608e-06
1.800000000000000000e+01 2.429836245625719088e-04
1.900000000000000000e+01 -1.803197662330789045e-05
1.000000000000000000e+00 3.815576408455665335e-04
2.000000000000000000e+00 -2.103374781393356965e-05
3.000000000000000000e+00 -2.103374781393356965e-05
4.000000000000000000e+00 -2.092742998315753688e-05
5.000000000000000000e+00 -1.903364093766570260e-05
6.000000000000000000e+00 -1.887418566985130206e-05
7.000000000000000000e+00 -1.418228314513144161e-05
8.000000000000000000e+00 -1.742426819826200447e-05
9.000000000000000000e+00 3.249850983210116062e-03
1.000000000000000000e+01 3.047062028099179788e-03
1.100000000000000000e+01 5.546031539839588707e-03
1.200000000000000000e+01 3.763312452940935620e-03
1.300000000000000000e+01 6.139601282790136966e-04
1.400000000000000000e+01 7.528638372291621833e-05
1.500000000000000000e+01 1.426076933042877306e-04
1.600000000000000000e+01 7.625523942861403906e-03
1.700000000000000000e+01 1.198792607461338098e-05
1.800000000000000000e+01 2.151294697734326038e-04
1.900000000000000000e+01 -2.103374781393356965e-05
1.000000000000000000e+00 1.494466575735925473e-04
2.000000000000000000e+00 -2.259745758197770411e-05
3.000000000000000000e+00 -2.258091925274587777e-05
4.000000000000000000e+00 -2.252872686309218483e-05
5.000000000000000000e+00 -2.048798294928325635e-05
6.000000000000000000e+00 -2.077944415405715643e-05
7.000000000000000000e+00 -1.965354906531377018e-05
8.000000000000000000e+00 -2.058399117222646393e-05
9.000000000000000000e+00 2.327721341266232764e-03
1.000000000000000000e+01 1.231466117302030573e-03
1.100000000000000000e+01 1.850938277408865516e-03
1.200000000000000000e+01 7.069097483184170290e-04
1.300000000000000000e+01 -2.548406186177083907e-06
1.400000000000000000e+01 4.204103430109621715e-05
1.500000000000000000e+01 1.684305116967655649e-04
1.600000000000000000e+01 2.877033011707934296e-03
1.700000000000000000e+01 -1.467473874594617616e-05
1.800000000000000000e+01 2.487479840421016647e-04
1.900000000000000000e+01 -2.259745758197770411e-05
1.000000000000000000e+00 2.504936583883951963e-04
2.000000000000000000e+00 -1.167782166234178482e-05
3.000000000000000000e+00 -1.164947024080150965e-05
4.000000000000000000e+00 -1.167782166234178482e-05
5.000000000000000000e+00 -1.072499911509199295e-05
6.000000000000000000e+00 1.878668287337017804e-05
7.000000000000000000e+00 -5.801302240930723528e-06
8.000000000000000000e+00 -9.924672850369444020e-06
9.000000000000000000e+00 7.492587306054798030e-03
1.000000000000000000e+01 8.012308812618409298e-03
1.100000000000000000e+01 6.494176832799123007e-03
1.200000000000000000e+01 8.537513054540916968e-03
1.300000000000000000e+01 2.042518025490161688e-05
1.400000000000000000e+01 2.702496162248484117e-05
1.500000000000000000e+01 6.679689419627499734e-05
1.600000000000000000e+01 6.347955879689625575e-03
1.700000000000000000e+01 -5.084226059458256832e-06
1.800000000000000000e+01 1.472974909507417129e-04
1.900000000000000000e+01 -1.167782166234178482e-05
1.000000000000000000e+00 1.868437290263915416e-04
2.000000000000000000e+00 -1.252046027587823152e-05
3.000000000000000000e+00 -1.238153831033087840e-05
4.000000000000000000e+00 -1.250963518765376322e-05
5.000000000000000000e+00 -1.158030995492295697e-05
6.000000000000000000e+00 -1.101908067852340250e-05
7.000000000000000000e+00 -1.068947392476804179e-05
8.000000000000000000e+00 -1.153146818781493670e-05
9.000000000000000000e+00 7.042473479392983259e-03
1.000000000000000000e+01 4.825208116616784906e-03
1.100000000000000000e+01 5.439292174973289415e-03
1.200000000000000000e+01 8.179595859936416788e-03
1.300000000000000000e+01 -2.250759216703488795e-06
1.400000000000000000e+01 1.064667616525201540e-04
1.500000000000000000e+01 3.576696781031145876e-04
1.600000000000000000e+01 6.489199397094133799e-03
1.700000000000000000e+01 -9.239986020171777592e-06
1.800000000000000000e+01 3.023555821543437482e-04
1.900000000000000000e+01 -1.252046027587823152e-05
