1.000000000000000000e+00 7.956100487060238137e-05
2.000000000000000000e+00 -3.159022779765813813e-05
3.000000000000000000e+00 -3.097212385138081215e-05
4.000000000000000000e+00 -3.071038868252490224e-05
5.000000000000000000e+00 -2.873055736832826358e-05
6.000000000000000000e+00 -2.792095245655617063e-05
7.000000000000000000e+00 -2.524165720760147849e-05
8.000000000000000000e+00 -2.309867634945034126e-05
9.000000000000000000e+00 -1.159972638300811518e-05
1.000000000000000000e+01 2.154003547192401643e-05
1.100000000000000000e+01 -6.044351245589635046e-06
1.200000000000000000e+01 -1.245306121467112152e-05
1.300000000000000000e+01 4.959325160563550055e-05
1.400000000000000000e+01 -2.660716476505950063e-05
1.500000000000000000e+01 -1.040742023714159777e-05
1.600000000000000000e+01 -1.441437819146797447e-05
1.700000000000000000e+01 -2.082785635417214331e-05
1.800000000000000000e+01 3.392440892440892438e-05
1.900000000000000000e+01 -3.159022779765813813e-05
1.000000000000000000e+00 1.943382554837662992e-05
2.000000000000000000e+00 -2.294424701545444295e-05
3.000000000000000000e+00 -2.294424701545444295e-05
4.000000000000000000e+00 -2.230707029468639090e-05
5.000000000000000000e+00 -1.682639685735660965e-05
6.000000000000000000e+00 -2.133087930301552545e-05
7.000000000000000000e+00 -1.475962118376978902e-05
8.000000000000000000e+00 -1.750811967530233447e-05
9.000000000000000000e+00 1.564525945330898717e-06
1.000000000000000000e+01 2.364517147798881269e-05
1.100000000000000000e+01 -5.332215084537065938e-06
1.200000000000000000e+01 -1.866382671336231596e-06
1.300000000000000000e+01 3.435320269685594421e-05
1.400000000000000000e+01 2.658813494726807179e-05
1.500000000000000000e+01 2.491961083292352483e-05
1.600000000000000000e+01 -2.074808576356563817e-06
1.700000000000000000e+01 -8.955784497580161521e-06
1.800000000000000000e+01 1.733725081248300873e-04
1.900000000000000000e+01 -2.294424701545444295e-05
1.000000000000000000e+00 9.076149169028424913e-06
2.000000000000000000e+00 -1.553988666991762795e-05
3.000000000000000000e+00 -1.553988666991762795e-05
4.000000000000000000e+00 -1.492775370484348750e-05
5.000000000000000000e+00 -1.268558582800068777e-05
6.000000000000000000e+00 -1.379369684323244643e-05
7.000000000000000000e+00 -7.692900494758079198e-06
8.000000000000000000e+00 -1.137789798780510688e-05
9.000000000000000000e+00 3.134765131669156318e-06
1.000000000000000000e+01 5.403909815674520894e-06
1.100000000000000000e+01 4.182693811176783176e-07
1.200000000000000000e+01 -6.503085837451161743e-06
1.300000000000000000e+01 1.036575223881725348e-05
1.400000000000000000e+01 -1.190931531488806864e-06
1.500000000000000000e+01 6.279195520681588573e-06
1.600000000000000000e+01 8.319638737595392325e-06
1.700000000000000000e+01 5.959812461360448606e-07
1.800000000000000000e+01 3.879844785417540653e-05
1.900000000000000000e+01 -1.553988666991762795e-05
1.000000000000000000e+00 1.367599548714099652e-05
2.000000000000000000e+00 -1.545225500333859188e-05
3.000000000000000000e+00 -1.534593717256255911e-05
4.000000000000000000e+00 -1.499012683223209527e-05
5.000000000000000000e+00 -1.269172863600108090e-05
6.000000000000000000e+00 -1.372208802549359697e-05
7.000000000000000000e+00 -7.560293164008333573e-06
8.000000000000000000e+00 -1.147403508084622483e-05
9.000000000000000000e+00 6.018963836301297233e-06
1.000000000000000000e+01 3.017695239057467920e-05
1.100000000000000000e+01 7.217283920070297412e-06
1.200000000000000000e+01 -1.817798644424031407e-06
1.300000000000000000e+01 4.377618425606041028e-05
1.400000000000000000e+01 -2.813363107480754442e-06
1.500000000000000000e+01 4.485194887671667100e-06
1.600000000000000000e+01 7.541649956510637501e-06
1.700000000000000000e+01 -6.288688951227650136e-06
1.800000000000000000e+01 2.609357446818746920e-05
1.900000000000000000e+01 -1.545225500333859188e-05
1.000000000000000000e+00 9.032419249137514913e-06
2.000000000000000000e+00 -1.922076031983152420e-05
3.000000000000000000e+00 -1.908957056015879420e-05
4.000000000000000000e+00 -1.890180682750341911e-05
5.000000000000000000e+00 -1.418842595313183474e-05
6.000000000000000000e+00 -1.770984433523132876e-05
7.000000000000000000e+00 -1.238364318859674813e-05
8.000000000000000000e+00 -1.313383898523217322e-05
9.000000000000000000e+00 3.011466517658468116e-05
1.000000000000000000e+01 1.344630601596545770e-06
1.100000000000000000e+01 -3.144430389012432255e-07
1.200000000000000000e+01 -2.104276872078729465e-06
1.300000000000000000e+01 6.443088215534035796e-05
1.400000000000000000e+01 -1.144929202204743964e-05
1.500000000000000000e+01 1.053156509812856554e-05
1.600000000000000000e+01 2.485624970145093653e-05
1.700000000000000000e+01 -6.584231042435376787e-06
1.800000000000000000e+01 1.570093133560625679e-05
1.900000000000000000e+01 -1.922076031983152420e-05
1.000000000000000000e+00 1.826123652749039715e-05
2.000000000000000000e+00 -1.824139053241220215e-05
3.000000000000000000e+00 -1.789739328439018715e-05
4.000000000000000000e+00 -1.788510766838940090e-05
5.000000000000000000e+00 -1.519356976013322652e-05
6.000000000000000000e+00 -1.553318542482628938e-05
7.000000000000000000e+00 -1.009611303728950777e-05
8.000000000000000000e+00 -1.438168814329804947e-05
9.000000000000000000e+00 1.037150843652391554e-05
1.000000000000000000e+01 3.537080394665533662e-05
1.100000000000000000e+01 3.904076659494615314e-06
1.200000000000000000e+01 -3.941835598182346564e-06
1.300000000000000000e+01 8.883943713665075109e-05
1.400000000000000000e+01 -6.832563721108612100e-06
1.500000000000000000e+01 3.462340033547463367e-05
1.600000000000000000e+01 9.976435673030100180e-06
1.700000000000000000e+01 -5.978885235851179555e-06
1.800000000000000000e+01 3.123222666566319652e-05
1.900000000000000000e+01 -1.824139053241220215e-05
1.000000000000000000e+00 1.244584448918814152e-06
2.000000000000000000e+00 -1.784502906793928152e-05
3.000000000000000000e+00 -1.725957221313258161e-05
4.000000000000000000e+00 -1.709277134973729242e-05
5.000000000000000000e+00 -1.650447935277656465e-05
6.000000000000000000e+00 -1.563641037325247697e-05
7.000000000000000000e+00 -1.186214885905288259e-05
8.000000000000000000e+00 -1.324410883234412643e-05
9.000000000000000000e+00 1.075120270166709777e-06
1.000000000000000000e+01 -4.408345352617797859e-06
1.100000000000000000e+01 -8.059578880012315360e-06
1.200000000000000000e+01 -4.305678841282555716e-06
1.300000000000000000e+01 -4.348034146795756652e-06
1.400000000000000000e+01 -1.231379559552934134e-05
1.500000000000000000e+01 8.353789313541635269e-07
1.600000000000000000e+01 -7.872502454545797769e-06
1.700000000000000000e+01 -1.380233113979243866e-05
1.800000000000000000e+01 6.909670996358302056e-06
1.900000000000000000e+01 -1.784502906793928152e-05
1.000000000000000000e+00 2.878833412889140420e-05
2.000000000000000000e+00 -1.368613326817661072e-05
3.000000000000000000e+00 -1.356327710816874822e-05
4.000000000000000000e+00 -1.345163264667908509e-05
5.000000000000000000e+00 -8.056142344068039734e-06
6.000000000000000000e+00 -1.129181276240099679e-05
7.000000000000000000e+00 -1.022665844647268768e-05
8.000000000000000000e+00 -9.569077293535496878e-06
9.000000000000000000e+00 3.641714322828873358e-05
1.000000000000000000e+01 9.915050549725471253e-06
1.100000000000000000e+01 6.945926450570413037e-06
1.200000000000000000e+01 -5.149477285700195626e-06
1.300000000000000000e+01 6.712783260770876733e-05
1.400000000000000000e+01 9.590083119494883819e-07
1.500000000000000000e+01 1.677304463682172518e-05
1.600000000000000000e+01 -1.541672981301464241e-06
1.700000000000000000e+01 3.608577524986193528e-06
1.800000000000000000e+01 3.165058196017947912e-05
1.900000000000000000e+01 -1.368613326817661072e-05
1.000000000000000000e+00 1.964285284718721224e-05
2.000000000000000000e+00 -2.762124356551601108e-05
3.000000000000000000e+00 -2.730456677825098840e-05
4.000000000000000000e+00 -2.732638878149713769e-05
5.000000000000000000e+00 -2.578918329692323277e-05
6.000000000000000000e+00 -2.528006049677876152e-05
7.000000000000000000e+00 -2.150863412473319331e-05
8.000000000000000000e+00 -2.267877461375913099e-05
9.000000000000000000e+00 -3.511409471161792724e-06
1.000000000000000000e+01 -1.847825377237141864e-06
1.100000000000000000e+01 -5.895377412405275760e-06
1.200000000000000000e+01 -1.296888525990693134e-05
1.300000000000000000e+01 2.377610349746572367e-06
1.400000000000000000e+01 -1.856189046591523152e-05
1.500000000000000000e+01 -1.017919129374237732e-05
1.600000000000000000e+01 -8.415045566748352145e-06
1.700000000000000000e+01 -1.599269323727527822e-05
1.800000000000000000e+01 6.854858248047102189e-06
1.900000000000000000e+01 -2.762124356551601108e-05
1.000000000000000000e+00 3.979469962442098367e-05
2.000000000000000000e+00 -1.801453620339068992e-05
3.000000000000000000e+00 -1.772462143979171750e-05
4.000000000000000000e+00 -1.779086067011763429e-05
5.000000000000000000e+00 -1.594037197752368000e-05
6.000000000000000000e+00 -1.714285886112511224e-05
7.000000000000000000e+00 -1.123047059579567188e-05
8.000000000000000000e+00 -8.654743948861594378e-06
9.000000000000000000e+00 6.868776218621419700e-07
1.000000000000000000e+01 3.283137571063267411e-06
1.100000000000000000e+01 3.588482381052040144e-05
1.200000000000000000e+01 9.530330350763786788e-06
1.300000000000000000e+01 4.669118291409313036e-05
1.400000000000000000e+01 9.341793397520951675e-07
1.500000000000000000e+01 8.068114376163911742e-05
1.600000000000000000e+01 3.174487191515054635e-05
1.700000000000000000e+01 -1.217341310220567027e-05
1.800000000000000000e+01 1.214884187020409879e-04
1.900000000000000000e+01 -1.801453620339068992e-05
1.000000000000000000e+00 5.702759572728612813e-06
2.000000000000000000e+00 -1.773364234664544250e-05
3.000000000000000000e+00 -1.772161447084047697e-05
4.000000000000000000e+00 -1.758243476509730143e-05
5.000000000000000000e+00 -1.533489730084157241e-05
6.000000000000000000e+00 -1.402102369594629607e-05
7.000000000000000000e+00 -1.185544761396154572e-05
8.000000000000000000e+00 -1.199591602068382143e-05
9.000000000000000000e+00 2.485818275291959442e-06
1.000000000000000000e+01 -1.429727822916677233e-06
1.100000000000000000e+01 -8.341761437736669310e-07
1.200000000000000000e+01 7.837879354907217414e-06
1.300000000000000000e+01 3.531985730128144577e-06
1.400000000000000000e+01 -8.890962838331258663e-06
1.500000000000000000e+01 1.030239110734466688e-05
1.600000000000000000e+01 -3.158391316286052724e-06
1.700000000000000000e+01 -9.059825623293115269e-06
1.800000000000000000e+01 7.498650300507885626e-06
1.900000000000000000e+01 -1.773364234664544250e-05
1.000000000000000000e+00 2.730757374720222724e-06
2.000000000000000000e+00 -1.967180566251773349e-05
3.000000000000000000e+00 -1.967180566251773349e-05
4.000000000000000000e+00 -1.906298036328996000e-05
5.000000000000000000e+00 -1.758161858781053527e-05
6.000000000000000000e+00 -1.719689838884885081e-05
7.000000000000000000e+00 -9.930557918174016431e-06
8.000000000000000000e+00 -1.511066333047757134e-05
9.000000000000000000e+00 2.589807852965747608e-05
1.000000000000000000e+01 1.180407140159462020e-06
1.100000000000000000e+01 -3.165994652062763371e-06
1.200000000000000000e+01 4.684857626034096095e-07
1.300000000000000000e+01 5.606609163110710080e-04
1.400000000000000000e+01 -9.466367825500952412e-06
1.500000000000000000e+01 1.284306508764713063e-05
1.600000000000000000e+01 -3.276651109468446809e-06
1.700000000000000000e+01 -1.001513965910250625e-05
1.800000000000000000e+01 3.921560036111119019e-06
1.900000000000000000e+01 -1.967180566251773349e-05
1.000000000000000000e+00 3.845591113392970778e-05
2.000000000000000000e+00 -2.083773639501193509e-05
3.000000000000000000e+00 -2.061556434621449974e-05
4.000000000000000000e+00 -2.048596398441599465e-05
5.000000000000000000e+00 -1.604574476091503795e-05
6.000000000000000000e+00 -1.876120955068323473e-05
7.000000000000000000e+00 -1.420105522272704804e-05
8.000000000000000000e+00 -1.260109000047080429e-05
9.000000000000000000e+00 -7.464628594659553886e-06
1.000000000000000000e+01 -7.490359657542319600e-06
1.100000000000000000e+01 7.250403535233255806e-06
1.200000000000000000e+01 5.473972192238445649e-07
1.300000000000000000e+01 -9.876174736855851229e-07
1.400000000000000000e+01 -1.601047731078690750e-05
1.500000000000000000e+01 1.376861013083923250e-05
1.600000000000000000e+01 -1.510400504208553594e-06
1.700000000000000000e+01 -1.547287421900424902e-05
1.800000000000000000e+01 4.934401683627689358e-05
1.900000000000000000e+01 -2.083773639501193509e-05
1.000000000000000000e+00 6.881835055209667457e-06
2.000000000000000000e+00 -1.703357701809713956e-05
3.000000000000000000e+00 -1.703357701809713956e-05
4.000000000000000000e+00 -1.683275444885351947e-05
5.000000000000000000e+00 -1.462134356871198938e-05
6.000000000000000000e+00 -1.459166048949330661e-05
7.000000000000000000e+00 -1.345945076595231286e-05
8.000000000000000000e+00 -1.431128211313969724e-05
9.000000000000000000e+00 -7.075827509264040739e-07
1.000000000000000000e+01 1.278176587774110804e-06
1.100000000000000000e+01 -4.324837529171894064e-06
1.200000000000000000e+01 -1.898299498918693817e-06
1.300000000000000000e+01 8.165810797389743485e-06
1.400000000000000000e+01 -8.590480726703635271e-06
1.500000000000000000e+01 5.552196341670025225e-06
1.600000000000000000e+01 -1.239214861505883170e-06
1.700000000000000000e+01 -9.516111683294345181e-06
1.800000000000000000e+01 1.133189136285111447e-05
1.900000000000000000e+01 -1.703357701809713956e-05
1.000000000000000000e+00 1.554340911926050992e-05
2.000000000000000000e+00 -1.719917509391193322e-05
3.000000000000000000e+00 -1.698503594788424402e-05
4.000000000000000000e+00 -1.685165539654703625e-05
5.000000000000000000e+00 -1.039028051411952197e-05
6.000000000000000000e+00 -1.533756061619838420e-05
7.000000000000000000e+00 -1.073406297864502197e-05
8.000000000000000000e+00 -9.113994021114762503e-06
9.000000000000000000e+00 7.223985165161635136e-06
1.000000000000000000e+01 6.341998215063229734e-06
1.100000000000000000e+01 2.154665080361674443e-06
1.200000000000000000e+01 -1.559328184715181606e-08
1.300000000000000000e+01 5.511835515705484695e-04
1.400000000000000000e+01 -4.206019298898555804e-06
1.500000000000000000e+01 1.587855728722601599e-05
1.600000000000000000e+01 1.182082451432296536e-05
1.700000000000000000e+01 -9.018544235262500360e-06
1.800000000000000000e+01 3.045080134863416269e-05
1.900000000000000000e+01 -1.719917509391193322e-05
1.000000000000000000e+00 2.119011019939812500e-05
2.000000000000000000e+00 -1.463238344043297438e-05
3.000000000000000000e+00 -1.442219631074120223e-05
4.000000000000000000e+00 -1.407394634948814375e-05
5.000000000000000000e+00 -1.208853066438205741e-05
6.000000000000000000e+00 -9.644895867806084109e-06
7.000000000000000000e+00 -1.011810686733287313e-05
8.000000000000000000e+00 -8.470373795451194288e-06
9.000000000000000000e+00 -3.825594769867215447e-06
1.000000000000000000e+01 4.319291819291819153e-05
1.100000000000000000e+01 3.199449329480288608e-05
1.200000000000000000e+01 2.975782387547093193e-06
1.300000000000000000e+01 6.000060311205821732e-04
1.400000000000000000e+01 9.152826877285080628e-06
1.500000000000000000e+01 6.733243536649109349e-05
1.600000000000000000e+01 2.019952871346059934e-06
1.700000000000000000e+01 -6.814478950701860626e-06
1.800000000000000000e+01 1.534764255352490385e-04
1.900000000000000000e+01 -1.463238344043297438e-05
1.000000000000000000e+00 1.160436570653288804e-05
2.000000000000000000e+00 -2.708707700967762652e-05
3.000000000000000000e+00 -2.685137360059960536e-05
4.000000000000000000e+00 -2.606359069207366170e-05
5.000000000000000000e+00 -2.344207220368211018e-05
6.000000000000000000e+00 -2.276494575256185081e-05
7.000000000000000000e+00 1.342126226027154652e-05
8.000000000000000000e+00 -1.821089127590675322e-05
9.000000000000000000e+00 -4.374925040559714734e-06
1.000000000000000000e+01 -1.685848551173628349e-05
1.100000000000000000e+01 4.609554532155150716e-06
1.200000000000000000e+01 -1.485227878416732902e-06
1.300000000000000000e+01 2.787223955954605902e-05
1.400000000000000000e+01 -1.620747673379252090e-05
1.500000000000000000e+01 6.247712555762090529e-05
1.600000000000000000e+01 5.040753879763167546e-06
1.700000000000000000e+01 -2.073378118269758938e-05
1.800000000000000000e+01 6.566580134691589617e-05
1.900000000000000000e+01 -2.708707700967762652e-05
1.000000000000000000e+00 6.720872007249715065e-05
2.000000000000000000e+00 -2.572251449960428259e-05
3.000000000000000000e+00 -2.539561401790503938e-05
4.000000000000000000e+00 -2.560846446295362501e-05
5.000000000000000000e+00 -2.254500745212819384e-05
6.000000000000000000e+00 -2.335907986062784697e-05
7.000000000000000000e+00 -1.764489380588451554e-05
8.000000000000000000e+00 -2.068755977424708027e-05
9.000000000000000000e+00 4.875628327640711296e-06
1.000000000000000000e+01 2.615603350897468331e-05
1.100000000000000000e+01 -1.351031149792759610e-06
1.200000000000000000e+01 1.935830767100116742e-05
1.300000000000000000e+01 1.807141946460831647e-04
1.400000000000000000e+01 -1.493784852917979768e-05
1.500000000000000000e+01 3.312279395870727018e-05
1.600000000000000000e+01 1.890537223354560510e-05
1.700000000000000000e+01 -1.575067519339965125e-05
1.800000000000000000e+01 7.670829342655967288e-05
1.900000000000000000e+01 -2.572251449960428259e-05
1.000000000000000000e+00 9.134742106878328307e-06
2.000000000000000000e+00 -1.953520335873276849e-05
3.000000000000000000e+00 -1.886310284143101473e-05
4.000000000000000000e+00 -1.924485902814075929e-05
5.000000000000000000e+00 -1.680019327078150483e-05
6.000000000000000000e+00 -1.712868315035497634e-05
7.000000000000000000e+00 -1.497479129058076277e-05
8.000000000000000000e+00 -1.484974433890842420e-05
9.000000000000000000e+00 -4.078094248372885359e-06
1.000000000000000000e+01 1.025032758778888683e-06
1.100000000000000000e+01 3.341726213243240742e-05
1.200000000000000000e+01 -3.755145783009560045e-06
1.300000000000000000e+01 3.533278726777178635e-05
1.400000000000000000e+01 -4.111514560430968484e-06
1.500000000000000000e+01 5.959984288157662769e-06
1.600000000000000000e+01 9.755466411813160995e-08
1.700000000000000000e+01 -1.463405875170580902e-05
1.800000000000000000e+01 8.190210202594103305e-06
1.900000000000000000e+01 -1.953520335873276849e-05
1.000000000000000000e+00 9.078692205627189181e-05
2.000000000000000000e+00 -1.464196278437764482e-05
3.000000000000000000e+00 -1.421939773332962107e-05
4.000000000000000000e+00 -1.426024955436720090e-05
5.000000000000000000e+00 -1.094429306503609813e-05
6.000000000000000000e+00 -9.749022906917642503e-06
7.000000000000000000e+00 -8.365559449150780091e-06
8.000000000000000000e+00 -1.079003555783741420e-05
9.000000000000000000e+00 2.863966099260216626e-05
1.000000000000000000e+01 1.585634867368613393e-05
1.100000000000000000e+01 5.912517135427351564e-06
1.200000000000000000e+01 2.739877081982345099e-05
1.300000000000000000e+01 1.519406805784514634e-04
1.400000000000000000e+01 2.207523298854568045e-05
1.500000000000000000e+01 1.030075016143127477e-04
1.600000000000000000e+01 6.654336375698604287e-06
1.700000000000000000e+01 8.310832614238185717e-06
1.800000000000000000e+01 1.411653362117758215e-04
1.900000000000000000e+01 -1.464196278437764482e-05
1.000000000000000000e+00 6.055949554401566341e-06
2.000000000000000000e+00 -1.802342824014650625e-05
3.000000000000000000e+00 -1.802342824014650625e-05
4.000000000000000000e+00 -1.763454124135238634e-05
5.000000000000000000e+00 -1.459367945436056831e-05
6.000000000000000000e+00 -1.211503494785228527e-05
7.000000000000000000e+00 -9.960112127294788842e-06
8.000000000000000000e+00 -1.001402278492061706e-05
9.000000000000000000e+00 6.546901670740679778e-06
1.000000000000000000e+01 -3.667428203031918059e-06
1.100000000000000000e+01 -1.931848681074686876e-06
1.200000000000000000e+01 2.279797945432620201e-06
1.300000000000000000e+01 1.232891635368415545e-05
1.400000000000000000e+01 -6.997689273231068350e-06
1.500000000000000000e+01 8.734299755971581966e-06
1.600000000000000000e+01 -3.788566095067642746e-06
1.700000000000000000e+01 -1.077495775638190411e-05
1.800000000000000000e+01 7.916017590940191073e-06
1.900000000000000000e+01 -1.802342824014650625e-05
1.000000000000000000e+00 3.880403222508485420e-05
2.000000000000000000e+00 -1.478994861347802358e-05
3.000000000000000000e+00 -1.417364884857144768e-05
4.000000000000000000e+00 -1.451614261211784411e-05
5.000000000000000000e+00 -1.109880831243060277e-05
6.000000000000000000e+00 -1.272673834593339232e-05
7.000000000000000000e+00 -9.917713865082284735e-06
8.000000000000000000e+00 -8.163920702620392145e-06
9.000000000000000000e+00 1.884063648769530858e-05
1.000000000000000000e+01 5.421822759284058841e-06
1.100000000000000000e+01 6.516935077306593377e-05
1.200000000000000000e+01 9.526464247826476074e-06
1.300000000000000000e+01 1.273889509183626686e-04
1.400000000000000000e+01 1.164169507822758505e-06
1.500000000000000000e+01 7.210187473345367306e-05
1.600000000000000000e+01 3.383041966633297510e-05
1.700000000000000000e+01 -1.025934849464261099e-05
1.800000000000000000e+01 1.092680109707973481e-04
1.900000000000000000e+01 -1.478994861347802358e-05
1.000000000000000000e+00 4.324420849188651027e-05
2.000000000000000000e+00 -2.025786391111468286e-05
3.000000000000000000e+00 -2.003075184189734992e-05
4.000000000000000000e+00 -2.003320037375764840e-05
5.000000000000000000e+00 -1.814701466404252688e-05
6.000000000000000000e+00 -1.801036940355825786e-05
7.000000000000000000e+00 -1.628003059891604688e-05
8.000000000000000000e+00 -1.471142376715132054e-05
9.000000000000000000e+00 2.193369066434081786e-06
1.000000000000000000e+01 1.186592904859158527e-06
1.100000000000000000e+01 -6.475679463295562233e-06
1.200000000000000000e+01 -1.224124173040581706e-05
1.300000000000000000e+01 5.035822450683131269e-05
1.400000000000000000e+01 7.835546806135041135e-05
1.500000000000000000e+01 3.778634506188685376e-05
1.600000000000000000e+01 1.850445735894652177e-06
1.700000000000000000e+01 -9.473197940690199646e-06
1.800000000000000000e+01 1.147091642447679486e-04
1.900000000000000000e+01 -2.025786391111468286e-05
1.000000000000000000e+00 6.036490169617104109e-06
2.000000000000000000e+00 -2.314476888780294170e-05
3.000000000000000000e+00 -2.266322428861128349e-05
4.000000000000000000e+00 -2.258530083607482653e-05
5.000000000000000000e+00 -1.762027961718363902e-05
6.000000000000000000e+00 -1.422352157646275250e-05
7.000000000000000000e+00 -1.553172489704997313e-05
8.000000000000000000e+00 -1.734724683641092170e-05
9.000000000000000000e+00 -2.109517589393750090e-06
1.000000000000000000e+01 9.832745513860063842e-06
1.100000000000000000e+01 4.254702126219153582e-05
1.200000000000000000e+01 -5.214642598543527233e-06
1.300000000000000000e+01 5.349234528801092019e-05
1.400000000000000000e+01 3.763569591742966153e-05
1.500000000000000000e+01 2.481913511325275706e-05
1.600000000000000000e+01 -4.524886877828053707e-06
1.700000000000000000e+01 -1.080537109948874500e-05
1.800000000000000000e+01 1.304044682527654537e-04
1.900000000000000000e+01 -2.314476888780294170e-05
1.000000000000000000e+00 6.392549658803528198e-05
2.000000000000000000e+00 -1.731245190997512866e-05
3.000000000000000000e+00 -1.635812587824971652e-05
4.000000000000000000e+00 -1.695311912030177947e-05
5.000000000000000000e+00 -1.527720645367703983e-05
6.000000000000000000e+00 -1.389924145342101875e-05
7.000000000000000000e+00 -1.245138590339828688e-05
8.000000000000000000e+00 -9.905084595487071431e-06
9.000000000000000000e+00 -3.865372673422208394e-06
1.000000000000000000e+01 1.051107475256081875e-06
1.100000000000000000e+01 7.978347761629495035e-07
1.200000000000000000e+01 -2.541790854484352523e-06
1.300000000000000000e+01 6.556661432822422520e-05
1.400000000000000000e+01 -5.657998692054419109e-06
1.500000000000000000e+01 5.793441164958192590e-06
1.600000000000000000e+01 6.006549350202600626e-06
1.700000000000000000e+01 -5.832102194331296340e-06
1.800000000000000000e+01 1.873298699924086822e-05
1.900000000000000000e+01 -1.731245190997512866e-05
1.000000000000000000e+00 5.232426672055154484e-05
2.000000000000000000e+00 -1.451614261211784411e-05
3.000000000000000000e+00 -1.427820545467604286e-05
4.000000000000000000e+00 -1.365876985072031438e-05
5.000000000000000000e+00 -1.297820686365577938e-05
6.000000000000000000e+00 -8.605945138452878126e-06
7.000000000000000000e+00 -8.755477408728181164e-06
8.000000000000000000e+00 -1.095391536568007090e-05
9.000000000000000000e+00 2.850786983913918679e-05
1.000000000000000000e+01 3.855969451944683742e-05
1.100000000000000000e+01 3.496065338170600947e-05
1.200000000000000000e+01 -4.616169863847882099e-06
1.300000000000000000e+01 1.223293605259549374e-03
1.400000000000000000e+01 2.856405720182809911e-05
1.500000000000000000e+01 7.827088632042191645e-05
1.600000000000000000e+01 7.855964125313969734e-06
1.700000000000000000e+01 -7.821684679269818127e-06
1.800000000000000000e+01 8.935384361080954191e-05
1.900000000000000000e+01 -1.451614261211784411e-05
1.000000000000000000e+00 3.982292217586334680e-05
2.000000000000000000e+00 -2.147680321054934018e-05
3.000000000000000000e+00 -2.133087930301552545e-05
4.000000000000000000e+00 -1.997795805845341429e-05
5.000000000000000000e+00 -1.908609106751521286e-05
6.000000000000000000e+00 -1.943537198955155420e-05
7.000000000000000000e+00 -1.487934150472850063e-05
8.000000000000000000e+00 -1.806067169844259438e-05
9.000000000000000000e+00 1.105426221525292661e-05
1.000000000000000000e+01 2.412920756574007255e-06
1.100000000000000000e+01 -2.588570700025807925e-07
1.200000000000000000e+01 -3.468495728557648036e-06
1.300000000000000000e+01 5.699666690378764242e-06
1.400000000000000000e+01 -3.662874792905752389e-06
1.500000000000000000e+01 5.389605234806472947e-06
1.600000000000000000e+01 2.820322092767912880e-06
1.700000000000000000e+01 -1.197426584423488313e-05
1.800000000000000000e+01 3.483521981973993983e-05
1.900000000000000000e+01 -2.147680321054934018e-05
1.000000000000000000e+00 9.868915054673568484e-06
2.000000000000000000e+00 -1.912505279378344135e-05
3.000000000000000000e+00 -1.882246580388994992e-05
4.000000000000000000e+00 -1.886671120417250135e-05
5.000000000000000000e+00 -1.609110703537948027e-05
6.000000000000000000e+00 -1.631718814381353036e-05
7.000000000000000000e+00 -1.429268186234130349e-05
8.000000000000000000e+00 -1.360851051253528018e-05
9.000000000000000000e+00 1.558211310533291853e-06
1.000000000000000000e+01 5.816766652679964689e-06
1.100000000000000000e+01 -3.630399528232345358e-06
1.200000000000000000e+01 3.120679629967555046e-05
1.300000000000000000e+01 4.154887939717660903e-05
1.400000000000000000e+01 -7.102117009237751475e-06
1.500000000000000000e+01 3.197971619024250073e-05
1.600000000000000000e+01 -4.591426805049095225e-06
1.700000000000000000e+01 -8.107862210029391877e-06
1.800000000000000000e+01 7.994774403443132753e-05
1.900000000000000000e+01 -1.912505279378344135e-05
1.000000000000000000e+00 1.071065157752464099e-05
2.000000000000000000e+00 -1.902268697934332393e-05
3.000000000000000000e+00 -1.893290747779911750e-05
4.000000000000000000e+00 -1.860922874854763152e-05
5.000000000000000000e+00 -1.777226041931924224e-05
6.000000000000000000e+00 -1.552098572222411116e-05
7.000000000000000000e+00 -1.212332559081785045e-05
8.000000000000000000e+00 -1.628887967897255581e-05
9.000000000000000000e+00 -5.299353209569927412e-06
1.000000000000000000e+01 -2.836903378699044086e-06
1.100000000000000000e+01 -7.684523938393907256e-07
1.200000000000000000e+01 -4.384590297902990989e-07
1.300000000000000000e+01 3.915069278846368438e-05
1.400000000000000000e+01 2.894138884850959090e-05
1.500000000000000000e+01 4.039476175699085626e-06
1.600000000000000000e+01 -1.670285339015989007e-06
1.700000000000000000e+01 -9.318940433491515717e-06
1.800000000000000000e+01 2.859842256127085537e-06
1.900000000000000000e+01 -1.902268697934332393e-05
1.000000000000000000e+00 9.396176578839116877e-06
2.000000000000000000e+00 -1.481146991982905152e-05
3.000000000000000000e+00 -1.430153094239781411e-05
4.000000000000000000e+00 -1.469763466667491402e-05
5.000000000000000000e+00 -1.186193407555636590e-05
6.000000000000000000e+00 -1.153662299173134929e-05
7.000000000000000000e+00 -6.132326565763098171e-06
8.000000000000000000e+00 -1.111289810980213402e-05
9.000000000000000000e+00 -2.551971592219269889e-06
1.000000000000000000e+01 3.826239120356767233e-06
1.100000000000000000e+01 -3.149112669236507858e-06
1.200000000000000000e+01 4.960253025268505135e-06
1.300000000000000000e+01 4.716645583518647985e-08
1.400000000000000000e+01 -6.414852777081878752e-06
1.500000000000000000e+01 8.518485298671056431e-06
1.600000000000000000e+01 -4.555901614725144063e-06
1.700000000000000000e+01 -9.487545478257551610e-06
1.800000000000000000e+01 4.732767232767232492e-05
1.900000000000000000e+01 -1.481146991982905152e-05
1.000000000000000000e+00 2.590246011298642822e-05
2.000000000000000000e+00 -2.083077740972477581e-05
3.000000000000000000e+00 -2.065869287231516027e-05
4.000000000000000000e+00 -1.991605745475714224e-05
5.000000000000000000e+00 -1.905692346868817152e-05
6.000000000000000000e+00 -1.892079368859554393e-05
7.000000000000000000e+00 -1.167584565417382714e-05
8.000000000000000000e+00 -1.657724800139660732e-05
9.000000000000000000e+00 -7.101816312342627591e-06
1.000000000000000000e+01 -7.796898663771727235e-06
1.100000000000000000e+01 -9.258886967865295649e-07
1.200000000000000000e+01 -9.338185034779461252e-06
1.300000000000000000e+01 7.332665614399360046e-06
1.400000000000000000e+01 -1.214218358181206322e-05
1.500000000000000000e+01 7.984920136622921343e-06
1.600000000000000000e+01 2.173394201257978126e-06
1.700000000000000000e+01 -1.120976546673141009e-05
1.800000000000000000e+01 1.989621145967895063e-05
1.900000000000000000e+01 -2.083077740972477581e-05
1.000000000000000000e+00 1.660370932816752947e-05
2.000000000000000000e+00 -3.411109873958170920e-05
3.000000000000000000e+00 -3.366997639443459572e-05
4.000000000000000000e+00 -3.411109873958170920e-05
5.000000000000000000e+00 -2.948169821234836519e-05
6.000000000000000000e+00 -3.171471631223952617e-05
7.000000000000000000e+00 -2.219456669921066099e-05
8.000000000000000000e+00 -3.165436214971818519e-05
9.000000000000000000e+00 -6.706142155058563617e-06
1.000000000000000000e+01 7.872330627748583395e-06
1.100000000000000000e+01 -1.142927420017203197e-05
1.200000000000000000e+01 -1.618629908103592170e-05
1.300000000000000000e+01 2.113813259324095045e-06
1.400000000000000000e+01 -1.390559904491793027e-05
1.500000000000000000e+01 -2.788705962080574755e-06
1.600000000000000000e+01 -1.541200457609126195e-06
1.700000000000000000e+01 -2.605066072558332536e-05
1.800000000000000000e+01 -2.418118517189724286e-06
1.900000000000000000e+01 -3.411109873958170920e-05
1.000000000000000000e+00 -2.243370664423295693e-06
2.000000000000000000e+00 -2.695446967892788090e-05
3.000000000000000000e+00 -2.682637280160499947e-05
4.000000000000000000e+00 -2.661945038106028688e-05
5.000000000000000000e+00 -2.408010805843622902e-05
6.000000000000000000e+00 -2.529384959725516804e-05
7.000000000000000000e+00 -2.176293778460960992e-05
8.000000000000000000e+00 -1.939946018893387027e-05
9.000000000000000000e+00 -2.681357170521257010e-06
1.000000000000000000e+01 -7.169215373549738439e-06
1.100000000000000000e+01 -7.449336009707526252e-06
1.200000000000000000e+01 -7.815155260975693930e-06
1.300000000000000000e+01 5.518870534350410429e-04
1.400000000000000000e+01 -1.546926585626275902e-05
1.500000000000000000e+01 1.575127658718989733e-05
1.600000000000000000e+01 -1.335931869987597384e-05
1.700000000000000000e+01 -1.658167254142486010e-05
1.800000000000000000e+01 -2.172105500278874554e-06
1.900000000000000000e+01 -2.695446967892788090e-05
1.000000000000000000e+00 1.748045556095091679e-05
2.000000000000000000e+00 -1.637066923444632349e-05
3.000000000000000000e+00 -1.589874693589863634e-05
4.000000000000000000e+00 -1.611318677882145366e-05
5.000000000000000000e+00 -1.400427058321795134e-05
6.000000000000000000e+00 -1.427614353310947715e-05
7.000000000000000000e+00 -1.073066939940004866e-05
8.000000000000000000e+00 -1.238484597617724536e-05
9.000000000000000000e+00 4.689389557810610010e-05
1.000000000000000000e+01 8.019457322862895359e-06
1.100000000000000000e+01 4.016455680542367813e-05
1.200000000000000000e+01 2.080736600860439822e-06
1.300000000000000000e+01 7.056036928327948923e-04
1.400000000000000000e+01 5.315560772217118582e-05
1.500000000000000000e+01 6.660882976672449752e-05
1.600000000000000000e+01 7.616222786501423272e-08
1.700000000000000000e+01 -7.128320595812855448e-06
1.800000000000000000e+01 7.764470651467554369e-05
1.900000000000000000e+01 -1.637066923444632349e-05
1.000000000000000000e+00 4.453793540480846519e-06
2.000000000000000000e+00 -2.077901458706411965e-05
3.000000000000000000e+00 -2.060701596305311215e-05
4.000000000000000000e+00 -2.048888503996863054e-05
5.000000000000000000e+00 -1.800474207594950616e-05
6.000000000000000000e+00 -1.840978079368171965e-05
7.000000000000000000e+00 -1.362612275924969340e-05
8.000000000000000000e+00 -1.676999471117118063e-05
9.000000000000000000e+00 -1.718267972137941005e-06
1.000000000000000000e+01 -2.126743225814433081e-06
1.100000000000000000e+01 -3.596120082188193327e-06
1.200000000000000000e+01 -5.531491212605763439e-06
1.300000000000000000e+01 -1.666591062875892456e-06
1.400000000000000000e+01 -1.663480997846322786e-05
1.500000000000000000e+01 -1.328006358966111183e-06
1.600000000000000000e+01 -7.265953860381104154e-06
1.700000000000000000e+01 -1.316115944598916723e-05
1.800000000000000000e+01 2.696392015277464035e-07
1.900000000000000000e+01 -2.077901458706411965e-05
1.000000000000000000e+00 1.018507636154694973e-05
2.000000000000000000e+00 -2.510763230577472063e-05
3.000000000000000000e+00 -2.476157313618613652e-05
4.000000000000000000e+00 -2.461195495251222715e-05
5.000000000000000000e+00 -1.806290544680637277e-05
6.000000000000000000e+00 -2.206973453103483742e-05
7.000000000000000000e+00 -1.411260737886124750e-05
8.000000000000000000e+00 -1.828894359854111885e-05
9.000000000000000000e+00 -4.107906197689479331e-06
1.000000000000000000e+01 3.279280059465817501e-05
1.100000000000000000e+01 2.879344597610851362e-06
1.200000000000000000e+01 7.542595003895313171e-06
1.300000000000000000e+01 5.941391339998150804e-04
1.400000000000000000e+01 -1.563254427031516625e-05
1.500000000000000000e+01 -7.245291688016145538e-06
1.600000000000000000e+01 2.107013213824359099e-05
1.700000000000000000e+01 -1.583177744168456143e-05
1.800000000000000000e+01 8.343995186100448128e-06
1.900000000000000000e+01 -2.510763230577472063e-05
1.000000000000000000e+00 4.618618395708178885e-06
2.000000000000000000e+00 -1.508927089422445375e-05
3.000000000000000000e+00 -1.491727227021344625e-05
4.000000000000000000e+00 -1.447816888993359447e-05
5.000000000000000000e+00 -8.688379044416195894e-06
6.000000000000000000e+00 -1.336623472846382911e-05
7.000000000000000000e+00 -1.270186641703669509e-05
8.000000000000000000e+00 -1.170900822603608956e-05
9.000000000000000000e+00 2.800347227591809431e-07
1.000000000000000000e+01 -1.630034911768657802e-06
1.100000000000000000e+01 3.555354174549220693e-06
1.200000000000000000e+01 2.985211383044200170e-05
1.300000000000000000e+01 7.025727110866428779e-05
1.400000000000000000e+01 -7.403286428054229823e-06
1.500000000000000000e+01 8.305677810321772491e-07
1.600000000000000000e+01 2.829738201255228822e-05
1.700000000000000000e+01 -7.223040117776959466e-06
1.800000000000000000e+01 1.982541881922686563e-05
1.900000000000000000e+01 -1.508927089422445375e-05
1.000000000000000000e+00 1.290182985229424839e-05
2.000000000000000000e+00 -2.375316462003768179e-05
3.000000000000000000e+00 -2.328124232148999804e-05
4.000000000000000000e+00 -2.295107713064369358e-05
5.000000000000000000e+00 -2.109771033919640403e-05
6.000000000000000000e+00 -2.062746335192155322e-05
7.000000000000000000e+00 -9.991384604387699913e-06
8.000000000000000000e+00 -2.055907628663046607e-05
9.000000000000000000e+00 -2.927241317334196385e-06
1.000000000000000000e+01 7.930451041906149377e-06
1.100000000000000000e+01 4.555858658025840046e-06
1.200000000000000000e+01 -7.027071655554627234e-06
1.300000000000000000e+01 2.158896315243064135e-05
1.400000000000000000e+01 -1.254679273255124500e-05
1.500000000000000000e+01 6.020630556234270734e-05
1.600000000000000000e+01 -3.692987439117470034e-07
1.700000000000000000e+01 -1.694164968158775938e-05
1.800000000000000000e+01 1.322432727231488746e-04
1.900000000000000000e+01 -2.375316462003768179e-05
1.000000000000000000e+00 1.733822592955719670e-05
2.000000000000000000e+00 -1.418782455934158697e-05
3.000000000000000000e+00 -1.382153278438108018e-05
4.000000000000000000e+00 -1.391848605470896429e-05
5.000000000000000000e+00 -6.587624621680348395e-06
6.000000000000000000e+00 -8.951617697747727770e-06
7.000000000000000000e+00 1.961613378022046599e-05
8.000000000000000000e+00 -5.651727013956115626e-06
9.000000000000000000e+00 5.585144130035770091e-06
1.000000000000000000e+01 5.706282022071495626e-06
1.100000000000000000e+01 -2.102257907211467344e-06
1.200000000000000000e+01 5.116142887040719477e-07
1.300000000000000000e+01 5.757130726170972806e-04
1.400000000000000000e+01 9.524917806651551788e-06
1.500000000000000000e+01 3.196493908568211537e-05
1.600000000000000000e+01 -5.721832347219343974e-06
1.700000000000000000e+01 6.644413378159507636e-06
1.800000000000000000e+01 9.588777235836058895e-05
1.900000000000000000e+01 -1.418782455934158697e-05
1.000000000000000000e+00 4.238485972232101609e-05
2.000000000000000000e+00 -1.410955745321070295e-05
3.000000000000000000e+00 -1.397016296397101241e-05
4.000000000000000000e+00 -1.392527321319890920e-05
5.000000000000000000e+00 -1.197070043819269715e-05
6.000000000000000000e+00 -1.318951086752944241e-05
7.000000000000000000e+00 -3.943639779553091564e-06
8.000000000000000000e+00 -1.102084190319484348e-05
9.000000000000000000e+00 -6.494795194485596564e-06
1.000000000000000000e+01 1.181665771449053161e-05
1.100000000000000000e+01 1.055708137751481286e-05
1.200000000000000000e+01 2.491058992606980068e-06
1.300000000000000000e+01 1.744368033067723465e-04
1.400000000000000000e+01 3.058529877415325796e-05
1.500000000000000000e+01 2.096879728458675643e-05
1.600000000000000000e+01 3.437889080303940760e-05
1.700000000000000000e+01 -6.307418072123954242e-06
1.800000000000000000e+01 1.070488678847811948e-04
1.900000000000000000e+01 -1.410955745321070295e-05
1.000000000000000000e+00 1.210459646992154634e-05
2.000000000000000000e+00 -1.363217965385148018e-05
3.000000000000000000e+00 -1.341692363364189840e-05
4.000000000000000000e+00 -1.346421895957499607e-05
5.000000000000000000e+00 -1.155943299906148081e-05
6.000000000000000000e+00 -8.195193179713303216e-06
7.000000000000000000e+00 -5.495020974897135760e-06
8.000000000000000000e+00 -1.011196405933248000e-05
9.000000000000000000e+00 3.756348570590056429e-06
1.000000000000000000e+01 7.308480992691518618e-06
1.100000000000000000e+01 7.603421690108995806e-06
1.200000000000000000e+01 -6.508799078458520203e-07
1.300000000000000000e+01 5.504428921611583718e-04
1.400000000000000000e+01 6.148950808393532546e-06
1.500000000000000000e+01 2.177148616777099411e-05
1.600000000000000000e+01 2.817959474306223494e-07
1.700000000000000000e+01 -9.319370000484550806e-06
1.800000000000000000e+01 7.025331909232837243e-05
1.900000000000000000e+01 -1.363217965385148018e-05
1.000000000000000000e+00 1.338956021618560206e-05
2.000000000000000000e+00 -1.357487541698067866e-05
3.000000000000000000e+00 -1.327714253410847679e-05
4.000000000000000000e+00 -1.345674449389619536e-05
5.000000000000000000e+00 -6.106423676083118082e-06
6.000000000000000000e+00 -1.038972207702857822e-05
7.000000000000000000e+00 2.130098144030032260e-05
8.000000000000000000e+00 -6.398400361248657903e-06
9.000000000000000000e+00 -2.558501010513394086e-07
1.000000000000000000e+01 4.392975445607024180e-05
1.100000000000000000e+01 -1.251672304303883159e-06
1.200000000000000000e+01 3.745961640698482323e-05
1.300000000000000000e+01 6.874912153549923377e-04
1.400000000000000000e+01 3.524562812488508430e-05
1.500000000000000000e+01 5.445504787610050385e-05
1.600000000000000000e+01 3.870746556505069778e-05
1.700000000000000000e+01 -7.072348016620462367e-06
1.800000000000000000e+01 8.056086500358945529e-05
1.900000000000000000e+01 -1.357487541698067866e-05
1.000000000000000000e+00 9.772176567842201075e-06
2.000000000000000000e+00 -2.325942031824384536e-05
3.000000000000000000e+00 -2.309167440746387795e-05
4.000000000000000000e+00 -2.307986131515543250e-05
5.000000000000000000e+00 -1.983031588294745920e-05
6.000000000000000000e+00 -2.096819589079650697e-05
7.000000000000000000e+00 -1.643171070415652197e-05
8.000000000000000000e+00 -1.883157262414228295e-05
9.000000000000000000e+00 -2.503258695209159554e-06
1.000000000000000000e+01 5.655507203494819153e-06
1.100000000000000000e+01 -1.137308683748312134e-05
1.200000000000000000e+01 -2.198395000252585291e-06
1.300000000000000000e+01 -1.128042923708558357e-07
1.400000000000000000e+01 -3.421758839715495804e-06
1.500000000000000000e+01 1.026759618090887384e-05
1.600000000000000000e+01 -8.613161863935856432e-06
1.700000000000000000e+01 -1.360537467348612759e-05
1.800000000000000000e+01 1.300200487506988973e-05
1.900000000000000000e+01 -2.325942031824384536e-05
1.000000000000000000e+00 3.912453215858788527e-06
2.000000000000000000e+00 -1.514468503632590224e-05
3.000000000000000000e+00 -1.447773932294056107e-05
4.000000000000000000e+00 -1.396694121152325349e-05
5.000000000000000000e+00 -1.143881058741739839e-05
6.000000000000000000e+00 -1.294843787103848858e-05
7.000000000000000000e+00 -5.831930367534081966e-06
8.000000000000000000e+00 -1.124748144871983732e-05
9.000000000000000000e+00 8.476001123059945984e-06
1.000000000000000000e+01 1.619729599605760438e-05
1.100000000000000000e+01 -6.618768228675349108e-07
1.200000000000000000e+01 7.712875359934182647e-07
1.300000000000000000e+01 2.471105605780528331e-05
1.400000000000000000e+01 -6.261712144065084867e-06
1.500000000000000000e+01 1.684083030832256626e-05
1.600000000000000000e+01 4.658095602368047947e-06
1.700000000000000000e+01 -7.069684701263648037e-06
1.800000000000000000e+01 1.239923647044389965e-05
1.900000000000000000e+01 -1.514468503632590224e-05
1.000000000000000000e+00 -2.795493120570519666e-06
2.000000000000000000e+00 -2.169618307389205170e-05
3.000000000000000000e+00 -2.167964474466022197e-05
4.000000000000000000e+00 -2.113955016431796438e-05
5.000000000000000000e+00 -1.961802387498981902e-05
6.000000000000000000e+00 -1.965153010044650849e-05
7.000000000000000000e+00 -1.749441648822453599e-05
8.000000000000000000e+00 -1.565784576620489688e-05
9.000000000000000000e+00 -8.816776618634203751e-06
1.000000000000000000e+01 -2.472415785109283148e-06
1.100000000000000000e+01 -1.445342583113480929e-05
1.200000000000000000e+01 -4.847405776198345626e-06
1.300000000000000000e+01 -1.050476011776321295e-05
1.400000000000000000e+01 -1.656032306187104822e-05
1.500000000000000000e+01 -7.200058283649614421e-06
1.600000000000000000e+01 -8.436223219504953037e-06
1.700000000000000000e+01 -1.583542876112535545e-05
1.800000000000000000e+01 5.950147204017172457e-06
1.900000000000000000e+01 -2.169618307389205170e-05
1.000000000000000000e+00 1.896826084132585599e-05
2.000000000000000000e+00 -1.541638615942021197e-05
3.000000000000000000e+00 -1.512062928471597116e-05
4.000000000000000000e+00 -1.405152295245174500e-05
5.000000000000000000e+00 -1.230773870092755456e-05
6.000000000000000000e+00 -1.293911626728964054e-05
7.000000000000000000e+00 -1.122110603534751983e-05
8.000000000000000000e+00 -1.217367084240149099e-05
9.000000000000000000e+00 2.539342322624056161e-06
1.000000000000000000e+01 2.515372484412731853e-06
1.100000000000000000e+01 4.454437890970398305e-06
1.200000000000000000e+01 6.094911280669793975e-06
1.300000000000000000e+01 2.781648520038612713e-03
1.400000000000000000e+01 2.345079241364071045e-05
1.500000000000000000e+01 6.899872573247185868e-05
1.600000000000000000e+01 5.267780035581892457e-06
1.700000000000000000e+01 -9.236678354325412324e-06
1.800000000000000000e+01 6.945763215113059128e-05
1.900000000000000000e+01 -1.541638615942021197e-05
1.000000000000000000e+00 1.591889362787195269e-05
2.000000000000000000e+00 -2.332763555673772322e-05
3.000000000000000000e+00 -2.323785605519351340e-05
4.000000000000000000e+00 -2.275918955485518706e-05
5.000000000000000000e+00 -1.915327534522580786e-05
6.000000000000000000e+00 -1.478698460122608706e-05
7.000000000000000000e+00 1.464260713486719661e-05
8.000000000000000000e+00 -1.435642960410762116e-05
9.000000000000000000e+00 3.555740784842951764e-06
1.000000000000000000e+01 1.705380962346906404e-07
1.100000000000000000e+01 -5.109183901753560404e-06
1.200000000000000000e+01 -6.633846030130859198e-06
1.300000000000000000e+01 5.746342580707905143e-04
1.400000000000000000e+01 -7.910605046827956074e-06
1.500000000000000000e+01 -2.675729842912505313e-06
1.600000000000000000e+01 2.821696707145623215e-06
1.700000000000000000e+01 -1.435849152567418688e-05
1.800000000000000000e+01 1.459853356138185786e-05
1.900000000000000000e+01 -2.332763555673772322e-05
1.000000000000000000e+00 8.252458755554730439e-05
2.000000000000000000e+00 -2.244474651595394616e-05
3.000000000000000000e+00 -2.241618031091715090e-05
4.000000000000000000e+00 -2.200770505724066009e-05
5.000000000000000000e+00 -1.668988046697024929e-05
6.000000000000000000e+00 -1.929365783854947893e-05
7.000000000000000000e+00 -1.637827257022303286e-05
8.000000000000000000e+00 -1.565470992715574429e-05
9.000000000000000000e+00 2.096901206808327313e-05
1.000000000000000000e+01 2.397860137798218179e-05
1.100000000000000000e+01 7.846642521565121698e-06
1.200000000000000000e+01 -9.319327043785246789e-06
1.300000000000000000e+01 5.985336902519564463e-04
1.400000000000000000e+01 5.194581819968816385e-06
1.500000000000000000e+01 3.110086507919324707e-05
1.600000000000000000e+01 -7.614289735032768974e-06
1.700000000000000000e+01 -1.038598484418917786e-05
1.800000000000000000e+01 1.134748464469826599e-04
1.900000000000000000e+01 -2.244474651595394616e-05
1.000000000000000000e+00 9.435868568995503908e-07
2.000000000000000000e+00 -2.513525346342683768e-05
3.000000000000000000e+00 -2.481204725786768911e-05
4.000000000000000000e+00 -2.475534441478713875e-05
5.000000000000000000e+00 -2.359968033342646170e-05
6.000000000000000000e+00 -2.240252008053865304e-05
7.000000000000000000e+00 -1.520877643168664697e-05
8.000000000000000000e+00 -1.654318333884897241e-05
9.000000000000000000e+00 -6.957868412976771386e-06
1.000000000000000000e+01 5.560096078671929778e-05
1.100000000000000000e+01 -2.674698882129222456e-06
1.200000000000000000e+01 -9.724537588314678037e-06
1.300000000000000000e+01 5.747138138779005510e-05
1.400000000000000000e+01 9.566027367884952324e-06
1.500000000000000000e+01 -3.230343787619329242e-07
1.600000000000000000e+01 -8.550530996351429644e-06
1.700000000000000000e+01 -1.821608903652247152e-05
1.800000000000000000e+01 2.118675957685245572e-05
1.900000000000000000e+01 -2.513525346342683768e-05
1.000000000000000000e+00 5.537634020606156564e-06
2.000000000000000000e+00 -1.604295257546031411e-05
3.000000000000000000e+00 -1.582297131832735313e-05
4.000000000000000000e+00 -1.585965633953249920e-05
5.000000000000000000e+00 -1.274714277810252938e-05
6.000000000000000000e+00 -1.336541855117706465e-05
7.000000000000000000e+00 -1.029770882712059170e-05
8.000000000000000000e+00 -1.346782732231648607e-05
9.000000000000000000e+00 3.376310651852447144e-06
1.000000000000000000e+01 7.310800654453904411e-07
1.100000000000000000e+01 -6.802880641889929332e-06
1.200000000000000000e+01 -1.531621113664457232e-06
1.300000000000000000e+01 4.187419048100162584e-07
1.400000000000000000e+01 -7.909187475750942145e-06
1.500000000000000000e+01 7.584391872317568662e-06
1.600000000000000000e+01 -3.289624032658088226e-07
1.700000000000000000e+01 -1.087728061412271920e-05
1.800000000000000000e+01 1.013060726683017607e-05
1.900000000000000000e+01 -1.604295257546031411e-05
