1.000000000000000000e+00 -9.389043189352786400e-04
2.000000000000000000e+00 -1.087030100961989317e-03
3.000000000000000000e+00 -1.086940321460445284e-03
4.000000000000000000e+00 -1.084818690081847765e-03
5.000000000000000000e+00 -1.083988594824507930e-03
6.000000000000000000e+00 -1.081693332467326130e-03
7.000000000000000000e+00 -1.075542921131156238e-03
8.000000000000000000e+00 -1.043206535466597359e-03
9.000000000000000000e+00 -1.037542265096444601e-03
1.000000000000000000e+01 -1.044330798200767199e-03
1.100000000000000000e+01 -1.061113207398036926e-03
1.200000000000000000e+01 -1.050419695543534362e-03
1.300000000000000000e+01 -1.073466609070324040e-03
1.400000000000000000e+01 -9.911849846060370988e-04
1.500000000000000000e+01 -6.489709121288068537e-04
1.600000000000000000e+01 -1.036227790097758944e-03
1.700000000000000000e+01 -9.832437943893051688e-04
1.800000000000000000e+01 -5.201539946121988946e-04
1.900000000000000000e+01 -1.087030100961989317e-03
1.000000000000000000e+00 -6.092525036023487472e-04
2.000000000000000000e+00 -7.334486548882832935e-04
3.000000000000000000e+00 -7.334486548882832935e-04
4.000000000000000000e+00 -7.308956093785814101e-04
5.000000000000000000e+00 -7.296030422965407280e-04
6.000000000000000000e+00 -7.315883291115489158e-04
7.000000000000000000e+00 -7.243247378696294776e-04
8.000000000000000000e+00 -7.293684557616445571e-04
9.000000000000000000e+00 -7.034590796200703312e-04
1.000000000000000000e+01 -6.724560269451909655e-04
1.100000000000000000e+01 -7.004167143486028776e-04
1.200000000000000000e+01 -7.061800858240486513e-04
1.300000000000000000e+01 -7.277723136856263132e-04
1.400000000000000000e+01 -4.934435619420138482e-04
1.500000000000000000e+01 -5.219193001700741553e-04
1.600000000000000000e+01 -6.684646622727117302e-04
1.700000000000000000e+01 -7.233130646443338904e-04
1.800000000000000000e+01 -4.528646448151091644e-04
1.900000000000000000e+01 -7.334486548882832935e-04
1.000000000000000000e+00 -1.163533276149375083e-03
2.000000000000000000e+00 -1.234583442013782381e-03
3.000000000000000000e+00 -1.234583442013782381e-03
4.000000000000000000e+00 -1.232613963264118017e-03
5.000000000000000000e+00 -1.229162478388484431e-03
6.000000000000000000e+00 -1.229829982538960774e-03
7.000000000000000000e+00 -1.228502835313980768e-03
8.000000000000000000e+00 -1.230712484969450791e-03
9.000000000000000000e+00 -1.203645168041452863e-03
1.000000000000000000e+01 -1.183532497773983651e-03
1.100000000000000000e+01 -1.180746669910756521e-03
1.200000000000000000e+01 -1.210291600384479603e-03
1.300000000000000000e+01 -1.221356816558054944e-03
1.400000000000000000e+01 -9.869459745620735424e-04
1.500000000000000000e+01 -8.301852086681807104e-04
1.600000000000000000e+01 -1.180799549607598970e-03
1.700000000000000000e+01 -1.223603451931625126e-03
1.800000000000000000e+01 -6.450174782218125267e-04
1.900000000000000000e+01 -1.234583442013782381e-03
1.000000000000000000e+00 -1.306943314683252626e-03
2.000000000000000000e+00 -1.368208545840124716e-03
3.000000000000000000e+00 -1.368208545840124716e-03
4.000000000000000000e+00 -1.366402560288009198e-03
5.000000000000000000e+00 -1.365210254142142608e-03
6.000000000000000000e+00 -1.361266657319288708e-03
7.000000000000000000e+00 -1.359002237872206737e-03
8.000000000000000000e+00 -1.363720859463893407e-03
9.000000000000000000e+00 -1.327955627104233797e-03
1.000000000000000000e+01 -1.339199328363414919e-03
1.100000000000000000e+01 -1.323409047093257462e-03
1.200000000000000000e+01 -1.339531813216023742e-03
1.300000000000000000e+01 -1.354008736361677441e-03
1.400000000000000000e+01 -1.097792472405475410e-03
1.500000000000000000e+01 -8.698245768679204555e-04
1.600000000000000000e+01 -1.331971004571623615e-03
1.700000000000000000e+01 -1.349749064145348886e-03
1.800000000000000000e+01 -7.486442436132837580e-04
1.900000000000000000e+01 -1.368208545840124716e-03
1.000000000000000000e+00 -8.498364810284314693e-04
2.000000000000000000e+00 -9.095130016182646901e-04
3.000000000000000000e+00 -9.094736103250034790e-04
4.000000000000000000e+00 -9.088741495862238864e-04
5.000000000000000000e+00 -9.078110142351627576e-04
6.000000000000000000e+00 -9.048489779913928199e-04
7.000000000000000000e+00 -9.037644931607778827e-04
8.000000000000000000e+00 -9.069477564059607233e-04
9.000000000000000000e+00 -8.819171025053377340e-04
1.000000000000000000e+01 -8.516125687178317978e-04
1.100000000000000000e+01 -8.456139663570003302e-04
1.200000000000000000e+01 -8.693250763684199451e-04
1.300000000000000000e+01 -9.018624993857191031e-04
1.400000000000000000e+01 -7.919120353330878857e-04
1.500000000000000000e+01 -4.631588741495861849e-04
1.600000000000000000e+01 -8.844904235771108153e-04
1.700000000000000000e+01 -8.563610881722336565e-04
1.800000000000000000e+01 -5.182981363321919992e-04
1.900000000000000000e+01 -9.095130016182646901e-04
1.000000000000000000e+00 -5.493591805511309272e-04
2.000000000000000000e+00 -6.221497370878175488e-04
3.000000000000000000e+00 -6.221497370878175488e-04
4.000000000000000000e+00 -6.209811859966658191e-04
5.000000000000000000e+00 -6.181813972061649684e-04
6.000000000000000000e+00 -6.182918818367733960e-04
7.000000000000000000e+00 -6.095675480350401867e-04
8.000000000000000000e+00 -6.156955359741736597e-04
9.000000000000000000e+00 -5.806654216096940541e-04
1.000000000000000000e+01 -5.726056709028844735e-04
1.100000000000000000e+01 -5.626657913809615837e-04
1.200000000000000000e+01 -5.847969539920003625e-04
1.300000000000000000e+01 -6.087090154427614655e-04
1.400000000000000000e+01 -4.006894378411405937e-04
1.500000000000000000e+01 -3.981737646598327240e-04
1.600000000000000000e+01 -5.786536734679149441e-04
1.700000000000000000e+01 -5.846376275942838808e-04
1.800000000000000000e+01 -4.168910295071285286e-04
1.900000000000000000e+01 -6.221497370878175488e-04
1.000000000000000000e+00 -1.467646775309313896e-03
2.000000000000000000e+00 -1.532160134327316924e-03
3.000000000000000000e+00 -1.532086463588011507e-03
4.000000000000000000e+00 -1.529193158063126912e-03
5.000000000000000000e+00 -1.530278158374133403e-03
6.000000000000000000e+00 -1.529838754296958606e-03
7.000000000000000000e+00 -1.524022717908166819e-03
8.000000000000000000e+00 -1.525114290594166725e-03
9.000000000000000000e+00 -1.476343144299800594e-03
1.000000000000000000e+01 -1.490789740015746124e-03
1.100000000000000000e+01 -1.485331275191956136e-03
1.200000000000000000e+01 -1.506156768927666579e-03
1.300000000000000000e+01 -1.528189990264293635e-03
1.400000000000000000e+01 -1.305504651866880870e-03
1.500000000000000000e+01 -7.788388082505729284e-04
1.600000000000000000e+01 -1.492614282861960814e-03
1.700000000000000000e+01 -1.522469790271647853e-03
1.800000000000000000e+01 -9.279757909788869264e-04
1.900000000000000000e+01 -1.532160134327316924e-03
1.000000000000000000e+00 -1.489230454787730286e-03
2.000000000000000000e+00 -1.564701724144448554e-03
3.000000000000000000e+00 -1.564640296064444616e-03
4.000000000000000000e+00 -1.564052047024183179e-03
5.000000000000000000e+00 -1.561369401152682855e-03
6.000000000000000000e+00 -1.560295913237089637e-03
7.000000000000000000e+00 -1.561427736350336822e-03
8.000000000000000000e+00 -1.562076382509818874e-03
9.000000000000000000e+00 -1.524514529158491798e-03
1.000000000000000000e+01 -1.538076689392478850e-03
1.100000000000000000e+01 -1.534933032224053764e-03
1.200000000000000000e+01 -1.532285610845982287e-03
1.300000000000000000e+01 -1.555496146440418781e-03
1.400000000000000000e+01 -1.285921809528620553e-03
1.500000000000000000e+01 -8.651419100335508384e-04
1.600000000000000000e+01 -1.508811020420927412e-03
1.700000000000000000e+01 -1.537703524545629662e-03
1.800000000000000000e+01 -9.483799654078291534e-04
1.900000000000000000e+01 -1.564701724144448554e-03
1.000000000000000000e+00 -1.160795731616164842e-03
2.000000000000000000e+00 -1.282105149752208427e-03
3.000000000000000000e+00 -1.282088611422976723e-03
4.000000000000000000e+00 -1.281054729584141152e-03
5.000000000000000000e+00 -1.278893878739079896e-03
6.000000000000000000e+00 -1.278911319158997171e-03
7.000000000000000000e+00 -1.275548797607621056e-03
8.000000000000000000e+00 -1.277020064558764172e-03
9.000000000000000000e+00 -1.235473504823349960e-03
1.000000000000000000e+01 -1.228061927752330165e-03
1.100000000000000000e+01 -1.247109271877073523e-03
1.200000000000000000e+01 -1.259249135797123375e-03
1.300000000000000000e+01 -1.267285303276015134e-03
1.400000000000000000e+01 -1.012527719958060445e-03
1.500000000000000000e+01 -7.939023480819146130e-04
1.600000000000000000e+01 -1.252589258007214467e-03
1.700000000000000000e+01 -1.265778983658240537e-03
1.800000000000000000e+01 -7.494611082072381858e-04
1.900000000000000000e+01 -1.282105149752208427e-03
1.000000000000000000e+00 -1.201916633418181326e-03
2.000000000000000000e+00 -1.288656433006278188e-03
3.000000000000000000e+00 -1.288551103179585945e-03
4.000000000000000000e+00 -1.288271798720715122e-03
5.000000000000000000e+00 -1.285245842908381512e-03
6.000000000000000000e+00 -1.286184962268553580e-03
7.000000000000000000e+00 -1.282869778999809821e-03
8.000000000000000000e+00 -1.256807176311820155e-03
9.000000000000000000e+00 -1.234727776523442035e-03
1.000000000000000000e+01 -1.247442615863668305e-03
1.100000000000000000e+01 -1.213163341646313629e-03
1.200000000000000000e+01 -1.264828137119158652e-03
1.300000000000000000e+01 -1.246538334386631391e-03
1.400000000000000000e+01 -1.003277682070251526e-03
1.500000000000000000e+01 -6.647922081358612892e-04
1.600000000000000000e+01 -1.249193745710773518e-03
1.700000000000000000e+01 -1.230487821432093730e-03
1.800000000000000000e+01 -8.827429020927472347e-04
1.900000000000000000e+01 -1.288656433006278188e-03
1.000000000000000000e+00 -1.817651174075322505e-03
2.000000000000000000e+00 -1.887556500946593755e-03
3.000000000000000000e+00 -1.887527934741556898e-03
4.000000000000000000e+00 -1.887323074242578877e-03
5.000000000000000000e+00 -1.882251477452715751e-03
6.000000000000000000e+00 -1.879808529963328603e-03
7.000000000000000000e+00 -1.878941878554881480e-03
8.000000000000000000e+00 -1.881184733738913099e-03
9.000000000000000000e+00 -1.850932435297760305e-03
1.000000000000000000e+01 -1.862429452212733920e-03
1.100000000000000000e+01 -1.848891863210748616e-03
1.200000000000000000e+01 -1.860177318381652607e-03
1.300000000000000000e+01 -1.878143184644732533e-03
1.400000000000000000e+01 -1.478863499761332544e-03
1.500000000000000000e+01 -1.174120770869996810e-03
1.600000000000000000e+01 -1.843719189307424511e-03
1.700000000000000000e+01 -1.324315476405259597e-03
1.800000000000000000e+01 -1.060945117833662519e-03
1.900000000000000000e+01 -1.887556500946593755e-03
1.000000000000000000e+00 -1.455973592970496869e-03
2.000000000000000000e+00 -1.553762499969930239e-03
3.000000000000000000e+00 -1.553762499969930239e-03
4.000000000000000000e+00 -1.551588418461483359e-03
5.000000000000000000e+00 -1.548587893015137456e-03
6.000000000000000000e+00 -1.549611594116237978e-03
7.000000000000000000e+00 -1.542339755188052277e-03
8.000000000000000000e+00 -1.547063230886760229e-03
9.000000000000000000e+00 -1.520247167692987929e-03
1.000000000000000000e+01 -1.487120206934448288e-03
1.100000000000000000e+01 -1.515318230101511720e-03
1.200000000000000000e+01 -1.528692755472941048e-03
1.300000000000000000e+01 -1.540126110559546929e-03
1.400000000000000000e+01 -1.420371639024889778e-03
1.500000000000000000e+01 -6.414690400758511464e-04
1.600000000000000000e+01 -1.524866301569087782e-03
1.700000000000000000e+01 -1.516142483247746343e-03
1.800000000000000000e+01 -1.021355278708219747e-03
1.900000000000000000e+01 -1.553762499969930239e-03
1.000000000000000000e+00 -9.671078835165521645e-04
2.000000000000000000e+00 -1.034556173101064576e-03
3.000000000000000000e+00 -1.034449855270288621e-03
4.000000000000000000e+00 -1.034461668362597012e-03
5.000000000000000000e+00 -1.023932337012832322e-03
6.000000000000000000e+00 -1.031445592591103333e-03
7.000000000000000000e+00 -1.030296543841435417e-03
8.000000000000000000e+00 -1.031234288587229648e-03
9.000000000000000000e+00 -1.002331861464988289e-03
1.000000000000000000e+01 -9.903562210063757056e-04
1.100000000000000000e+01 -9.820938435489518989e-04
1.200000000000000000e+01 -9.922701137871415590e-04
1.300000000000000000e+01 -1.029909847634305703e-03
1.400000000000000000e+01 -8.908703955143583387e-04
1.500000000000000000e+01 -4.640496242663425192e-04
1.600000000000000000e+01 -9.794895077402817306e-04
1.700000000000000000e+01 -1.021396903749844862e-03
1.800000000000000000e+01 -6.862992099060209739e-04
1.900000000000000000e+01 -1.034556173101064576e-03
1.000000000000000000e+00 -1.075662297798520668e-03
2.000000000000000000e+00 -1.158969728242173957e-03
3.000000000000000000e+00 -1.158969728242173957e-03
4.000000000000000000e+00 -1.158474523412603889e-03
5.000000000000000000e+00 -1.154165966472467993e-03
6.000000000000000000e+00 -1.152676872491113910e-03
7.000000000000000000e+00 -1.152905316218009535e-03
8.000000000000000000e+00 -1.155434220062702974e-03
9.000000000000000000e+00 -1.117311395175172055e-03
1.000000000000000000e+01 -1.115149685196124623e-03
1.100000000000000000e+01 -1.117050261400106496e-03
1.200000000000000000e+01 -1.127893821005275955e-03
1.300000000000000000e+01 -1.144479273736239517e-03
1.400000000000000000e+01 -9.577147568633635668e-04
1.500000000000000000e+01 -7.064613233343882597e-04
1.600000000000000000e+01 -1.120603467739690476e-03
1.700000000000000000e+01 -1.149079721448142445e-03
1.800000000000000000e+01 -6.333695973788852369e-04
1.900000000000000000e+01 -1.158969728242173957e-03
1.000000000000000000e+00 -1.077897936257069238e-03
2.000000000000000000e+00 -1.170442474622041158e-03
3.000000000000000000e+00 -1.170359396365588294e-03
4.000000000000000000e+00 -1.170037049294015124e-03
5.000000000000000000e+00 -1.159134252400506127e-03
6.000000000000000000e+00 -1.167506470138048947e-03
7.000000000000000000e+00 -1.131104748364810189e-03
8.000000000000000000e+00 -1.164321016101201815e-03
9.000000000000000000e+00 -1.123610479647631222e-03
1.000000000000000000e+01 -1.107809115549053579e-03
1.100000000000000000e+01 -1.128278584160936990e-03
1.200000000000000000e+01 -1.133345971194268248e-03
1.300000000000000000e+01 -1.161185177052050013e-03
1.400000000000000000e+01 -9.743715177151708899e-04
1.500000000000000000e+01 -6.645926313108975296e-04
1.600000000000000000e+01 -1.133185399052272007e-03
1.700000000000000000e+01 -1.118192651861382421e-03
1.800000000000000000e+01 -6.607118801391246915e-04
1.900000000000000000e+01 -1.170442474622041158e-03
1.000000000000000000e+00 -1.352894955062137550e-03
2.000000000000000000e+00 -1.406221487490837228e-03
3.000000000000000000e+00 -1.406204949161605306e-03
4.000000000000000000e+00 -1.404608291605195618e-03
5.000000000000000000e+00 -1.402537048434881247e-03
6.000000000000000000e+00 -1.404247154634151364e-03
7.000000000000000000e+00 -1.403812432837200485e-03
8.000000000000000000e+00 -1.404329760366911962e-03
9.000000000000000000e+00 -1.385084944295470561e-03
1.000000000000000000e+01 -1.375745513516411301e-03
1.100000000000000000e+01 -1.377973892292777645e-03
1.200000000000000000e+01 -1.381937378067408942e-03
1.300000000000000000e+01 -1.396537501026665030e-03
1.400000000000000000e+01 -1.091740431910710437e-03
1.500000000000000000e+01 -1.054540746491210721e-03
1.600000000000000000e+01 -1.363184931683383578e-03
1.700000000000000000e+01 -1.392315544792324840e-03
1.800000000000000000e+01 -6.273903255327403262e-04
1.900000000000000000e+01 -1.406221487490837228e-03
1.000000000000000000e+00 -2.801964117753591161e-04
2.000000000000000000e+00 -3.910920091260648148e-04
3.000000000000000000e+00 -3.910187679537524314e-04
4.000000000000000000e+00 -3.878670349258584479e-04
5.000000000000000000e+00 -3.870000398638169200e-04
6.000000000000000000e+00 -3.796246752903099540e-04
7.000000000000000000e+00 -3.761977616466780083e-04
8.000000000000000000e+00 -3.832572656102067551e-04
9.000000000000000000e+00 -3.499550844752082881e-04
1.000000000000000000e+01 -3.498966633641555839e-04
1.100000000000000000e+01 -3.324652213971098966e-04
1.200000000000000000e+01 -3.565438259710705291e-04
1.300000000000000000e+01 -3.751914150520961329e-04
1.400000000000000000e+01 -3.464892520620074519e-04
1.500000000000000000e+01 -1.586964806779048143e-04
1.600000000000000000e+01 -3.178562493577973100e-04
1.700000000000000000e+01 -3.720321216451246966e-04
1.800000000000000000e+01 -2.701584621089264801e-04
1.900000000000000000e+01 -3.910920091260648148e-04
1.000000000000000000e+00 -9.116291345393511859e-04
2.000000000000000000e+00 -9.716243938380160526e-04
3.000000000000000000e+00 -9.715837997571743698e-04
4.000000000000000000e+00 -9.712803965899940647e-04
5.000000000000000000e+00 -9.691821766125171102e-04
6.000000000000000000e+00 -9.696031093089916338e-04
7.000000000000000000e+00 -9.677195439579339489e-04
8.000000000000000000e+00 -9.634410996640097860e-04
9.000000000000000000e+00 -9.355088925522361560e-04
1.000000000000000000e+01 -8.967037434529694312e-04
1.100000000000000000e+01 -9.137891262504264835e-04
1.200000000000000000e+01 -9.466754865361675948e-04
1.300000000000000000e+01 -9.554326822128678858e-04
1.400000000000000000e+01 -7.519886374375537880e-04
1.500000000000000000e+01 -5.482723760587537290e-04
1.600000000000000000e+01 -9.266332652555561841e-04
1.700000000000000000e+01 -9.474978066309335412e-04
1.800000000000000000e+01 -5.494510219742417163e-04
1.900000000000000000e+01 -9.716243938380160526e-04
1.000000000000000000e+00 -1.023960001127183607e-03
2.000000000000000000e+00 -1.083904442650572564e-03
3.000000000000000000e+00 -1.083715132476742319e-03
4.000000000000000000e+00 -1.082964593026512507e-03
5.000000000000000000e+00 -1.079331573139622564e-03
6.000000000000000000e+00 -1.078059367533051654e-03
7.000000000000000000e+00 -1.077830193542267823e-03
8.000000000000000000e+00 -1.080255399914842578e-03
9.000000000000000000e+00 -1.035048199134886316e-03
1.000000000000000000e+01 -1.048749796814812127e-03
1.100000000000000000e+01 -1.042121664025688621e-03
1.200000000000000000e+01 -1.038924998290323334e-03
1.300000000000000000e+01 -1.077675463511376793e-03
1.400000000000000000e+01 -8.746026934881423855e-04
1.500000000000000000e+01 -6.748069182279707806e-04
1.600000000000000000e+01 -1.027556636689763410e-03
1.700000000000000000e+01 -1.073078022768425045e-03
1.800000000000000000e+01 -5.918257868722264815e-04
1.900000000000000000e+01 -1.083904442650572564e-03
1.000000000000000000e+00 -1.603541066776360694e-03
2.000000000000000000e+00 -1.711156662395052356e-03
3.000000000000000000e+00 -1.710698572153680416e-03
4.000000000000000000e+00 -1.710138846361756440e-03
5.000000000000000000e+00 -1.705233277214701290e-03
6.000000000000000000e+00 -1.707774080065101695e-03
7.000000000000000000e+00 -1.704638799453040733e-03
8.000000000000000000e+00 -1.707398380772993593e-03
9.000000000000000000e+00 -1.693539475660218660e-03
1.000000000000000000e+01 -1.670184047119031455e-03
1.100000000000000000e+01 -1.678606567151458631e-03
1.200000000000000000e+01 -1.690919718396498468e-03
1.300000000000000000e+01 -1.696241924570097807e-03
1.400000000000000000e+01 -1.423325384625694166e-03
1.500000000000000000e+01 -9.604191388247115000e-04
1.600000000000000000e+01 -1.685071851093522706e-03
1.700000000000000000e+01 -1.685719294465424286e-03
1.800000000000000000e+01 -1.032664016410146440e-03
1.900000000000000000e+01 -1.711156662395052356e-03
1.000000000000000000e+00 -1.081760903355330396e-03
2.000000000000000000e+00 -1.144161866685086421e-03
3.000000000000000000e+00 -1.144161866685086421e-03
4.000000000000000000e+00 -1.142643175537912375e-03
5.000000000000000000e+00 -1.139301273202201863e-03
6.000000000000000000e+00 -1.133651522196413774e-03
7.000000000000000000e+00 -1.138082806426459577e-03
8.000000000000000000e+00 -1.137669820719356198e-03
9.000000000000000000e+00 -1.083923816121958516e-03
1.000000000000000000e+01 -1.074014006289547964e-03
1.100000000000000000e+01 -1.114552028638715738e-03
1.200000000000000000e+01 -1.105799429328840899e-03
1.300000000000000000e+01 -1.135131895967809220e-03
1.400000000000000000e+01 -9.300734954759722192e-04
1.500000000000000000e+01 -7.578694095721959191e-04
1.600000000000000000e+01 -1.092666062867301158e-03
1.700000000000000000e+01 -1.120679973621149924e-03
1.800000000000000000e+01 -5.601307447282679241e-04
1.900000000000000000e+01 -1.144161866685086421e-03
1.000000000000000000e+00 -3.593252722509688050e-04
2.000000000000000000e+00 -4.325411001107595170e-04
3.000000000000000000e+00 -4.322462453267406470e-04
4.000000000000000000e+00 -4.322911350775127722e-04
5.000000000000000000e+00 -4.268065525805463762e-04
6.000000000000000000e+00 -4.284072910233900720e-04
7.000000000000000000e+00 -4.261062724685015261e-04
8.000000000000000000e+00 -4.293388070477853458e-04
9.000000000000000000e+00 -3.639469835290268587e-04
1.000000000000000000e+01 -4.004478064075586859e-04
1.100000000000000000e+01 -3.921951371641773905e-04
1.200000000000000000e+01 -3.782732145735241388e-04
1.300000000000000000e+01 -4.217545870022649797e-04
1.400000000000000000e+01 -3.477547564234870301e-04
1.500000000000000000e+01 -2.629483949143391762e-04
1.600000000000000000e+01 -3.972223596836599443e-04
1.700000000000000000e+01 -4.282160907547904365e-04
1.800000000000000000e+01 -2.314575259621699116e-04
1.900000000000000000e+01 -4.325411001107595170e-04
1.000000000000000000e+00 -1.524917634824755463e-03
2.000000000000000000e+00 -1.574384293037543736e-03
3.000000000000000000e+00 -1.574329566202631184e-03
4.000000000000000000e+00 -1.573745441005502824e-03
5.000000000000000000e+00 -1.570245372102957232e-03
6.000000000000000000e+00 -1.570859309249402098e-03
7.000000000000000000e+00 -1.570066414493658967e-03
8.000000000000000000e+00 -1.570819703172644235e-03
9.000000000000000000e+00 -1.525350767223832178e-03
1.000000000000000000e+01 -1.531478884033063512e-03
1.100000000000000000e+01 -1.543910595768180783e-03
1.200000000000000000e+01 -1.563038397790719736e-03
1.300000000000000000e+01 -1.565397966326758684e-03
1.400000000000000000e+01 -1.269308477899809160e-03
1.500000000000000000e+01 -1.071988168350397272e-03
1.600000000000000000e+01 -1.535199793326728207e-03
1.700000000000000000e+01 -1.564986827757725409e-03
1.800000000000000000e+01 -7.823161960158863792e-04
1.900000000000000000e+01 -1.574384293037543736e-03
1.000000000000000000e+00 -5.457982420056723457e-04
2.000000000000000000e+00 -6.031108124761374928e-04
3.000000000000000000e+00 -6.030822462711007449e-04
4.000000000000000000e+00 -6.026439590681076288e-04
5.000000000000000000e+00 -6.004456070245543352e-04
6.000000000000000000e+00 -5.981497003168829030e-04
7.000000000000000000e+00 -5.963902798268122486e-04
8.000000000000000000e+00 -5.935739956637788722e-04
9.000000000000000000e+00 -5.539654703741390658e-04
1.000000000000000000e+01 -5.529134608081976267e-04
1.100000000000000000e+01 -5.658612972854457947e-04
1.200000000000000000e+01 -5.607773289661834373e-04
1.300000000000000000e+01 -5.945063708221602671e-04
1.400000000000000000e+01 -4.327240097363936025e-04
1.500000000000000000e+01 -3.781897067500782409e-04
1.600000000000000000e+01 -5.611355448816748685e-04
1.700000000000000000e+01 -5.732181045648537506e-04
1.800000000000000000e+01 -3.540300428845319955e-04
1.900000000000000000e+01 -6.031108124761374928e-04
1.000000000000000000e+00 -1.646522251398412377e-03
2.000000000000000000e+00 -1.712930129725795305e-03
3.000000000000000000e+00 -1.712670026911512853e-03
4.000000000000000000e+00 -1.712573846861772551e-03
5.000000000000000000e+00 -1.709238216204160337e-03
6.000000000000000000e+00 -1.709478344153266601e-03
7.000000000000000000e+00 -1.708211637004206605e-03
8.000000000000000000e+00 -1.710780533535951383e-03
9.000000000000000000e+00 -1.674020252193626681e-03
1.000000000000000000e+01 -1.673662036278135250e-03
1.100000000000000000e+01 -1.670469021862210557e-03
1.200000000000000000e+01 -1.693515548778706543e-03
1.300000000000000000e+01 -1.707047037929390696e-03
1.400000000000000000e+01 -1.387077147139066571e-03
1.500000000000000000e+01 -1.195218524165892393e-03
1.600000000000000000e+01 -1.670577874138245641e-03
1.700000000000000000e+01 -1.697657949205936710e-03
1.800000000000000000e+01 -8.156981906981906460e-04
1.900000000000000000e+01 -1.712930129725795305e-03
1.000000000000000000e+00 -9.062208860970469813e-04
2.000000000000000000e+00 -1.000731423719039602e-03
3.000000000000000000e+00 -1.000629616341690634e-03
4.000000000000000000e+00 -9.992855012204856190e-04
5.000000000000000000e+00 -9.979997642536341841e-04
6.000000000000000000e+00 -9.968660080889181051e-04
7.000000000000000000e+00 -9.962984212210216663e-04
8.000000000000000000e+00 -9.982376154976772571e-04
9.000000000000000000e+00 -9.663608665156651943e-04
1.000000000000000000e+01 -9.641264738013963827e-04
1.100000000000000000e+01 -9.558594570204477286e-04
1.200000000000000000e+01 -9.756696262114217732e-04
1.300000000000000000e+01 -9.599348879534637564e-04
1.400000000000000000e+01 -8.773612008906126348e-04
1.500000000000000000e+01 -5.589866359990198650e-04
1.600000000000000000e+01 -9.696729998587582701e-04
1.700000000000000000e+01 -9.841536172805521749e-04
1.800000000000000000e+01 -5.329606324188366660e-04
1.900000000000000000e+01 -1.000731423719039602e-03
1.000000000000000000e+00 -9.581222441129561397e-04
2.000000000000000000e+00 -1.075511262043769628e-03
3.000000000000000000e+00 -1.075422255762812978e-03
4.000000000000000000e+00 -1.070007306075417388e-03
5.000000000000000000e+00 -1.070182741235372811e-03
6.000000000000000000e+00 -1.071316669226885822e-03
7.000000000000000000e+00 -1.064566195758146101e-03
8.000000000000000000e+00 -1.072179626359192738e-03
9.000000000000000000e+00 -1.022785736795024528e-03
1.000000000000000000e+01 -1.027457492627771108e-03
1.100000000000000000e+01 -1.019174281171185154e-03
1.200000000000000000e+01 -1.045423058193955916e-03
1.300000000000000000e+01 -1.064405408832653317e-03
1.400000000000000000e+01 -8.780235931938717552e-04
1.500000000000000000e+01 -5.333463406218823429e-04
1.600000000000000000e+01 -1.021457515652562020e-03
1.700000000000000000e+01 -1.055235270405548934e-03
1.800000000000000000e+01 -7.355519437562780746e-04
1.900000000000000000e+01 -1.075511262043769628e-03
1.000000000000000000e+00 -5.360015801192271039e-04
2.000000000000000000e+00 -5.899597048977853588e-04
3.000000000000000000e+00 -5.897842267811307564e-04
4.000000000000000000e+00 -5.895151030599946572e-04
5.000000000000000000e+00 -5.573894629622182977e-04
6.000000000000000000e+00 -5.847405948025142510e-04
7.000000000000000000e+00 -5.838467947601073960e-04
8.000000000000000000e+00 -5.871978039160701294e-04
9.000000000000000000e+00 -5.446992807673921343e-04
1.000000000000000000e+01 -5.438018723622438638e-04
1.100000000000000000e+01 -5.397791492992731364e-04
1.200000000000000000e+01 -5.467452653985161630e-04
1.300000000000000000e+01 -5.472298169666590245e-04
1.400000000000000000e+01 -4.879859562522100903e-04
1.500000000000000000e+01 -2.735760111921102110e-04
1.600000000000000000e+01 -5.442674370692945733e-04
1.700000000000000000e+01 -5.784784530914561726e-04
1.800000000000000000e+01 -3.950588884799410925e-04
1.900000000000000000e+01 -5.899597048977853588e-04
1.000000000000000000e+00 -1.646043198287780321e-03
2.000000000000000000e+00 -1.758212934296525445e-03
3.000000000000000000e+00 -1.758212934296525445e-03
4.000000000000000000e+00 -1.757463511720477531e-03
5.000000000000000000e+00 -1.754131833079201463e-03
6.000000000000000000e+00 -1.752060246255292579e-03
7.000000000000000000e+00 -1.736244534619147415e-03
8.000000000000000000e+00 -1.754250178785782353e-03
9.000000000000000000e+00 -1.709844807755024404e-03
1.000000000000000000e+01 -1.660529571907280863e-03
1.100000000000000000e+01 -1.720754305893624570e-03
1.200000000000000000e+01 -1.739657143681911343e-03
1.300000000000000000e+01 -1.745077205216523939e-03
1.400000000000000000e+01 -1.189067855089526778e-03
1.500000000000000000e+01 -1.046393664814717446e-03
1.600000000000000000e+01 -1.712230107353946177e-03
1.700000000000000000e+01 -1.684177578527423693e-03
1.800000000000000000e+01 -1.194094776912114214e-03
1.900000000000000000e+01 -1.758212934296525445e-03
1.000000000000000000e+00 -1.270112670267469022e-03
2.000000000000000000e+00 -1.370654414385064470e-03
3.000000000000000000e+00 -1.370400583248880316e-03
4.000000000000000000e+00 -1.370396888972740326e-03
5.000000000000000000e+00 -1.366003836205074550e-03
6.000000000000000000e+00 -1.330077902833320730e-03
7.000000000000000000e+00 -1.362230476781560277e-03
8.000000000000000000e+00 -1.362854122142047710e-03
9.000000000000000000e+00 -1.322541579507523777e-03
1.000000000000000000e+01 -1.317159878305388960e-03
1.100000000000000000e+01 -1.338559402413891505e-03
1.200000000000000000e+01 -1.310028035260233292e-03
1.300000000000000000e+01 -1.363239615561596951e-03
1.400000000000000000e+01 -1.106382652435283906e-03
1.500000000000000000e+01 -8.659821430719263262e-04
1.600000000000000000e+01 -1.320722191465225487e-03
1.700000000000000000e+01 -1.320624808627904496e-03
1.800000000000000000e+01 -7.220430927861267757e-04
1.900000000000000000e+01 -1.370654414385064470e-03
1.000000000000000000e+00 -1.155373822943482360e-03
2.000000000000000000e+00 -1.265079304939985922e-03
3.000000000000000000e+00 -1.264928097358437734e-03
4.000000000000000000e+00 -1.261488124878217638e-03
5.000000000000000000e+00 -1.261873188730773792e-03
6.000000000000000000e+00 -1.263565682683329703e-03
7.000000000000000000e+00 -1.253982945159415633e-03
8.000000000000000000e+00 -1.261054691782245805e-03
9.000000000000000000e+00 -1.224293336522438600e-03
1.000000000000000000e+01 -1.214663733239584441e-03
1.100000000000000000e+01 -1.201444797033032318e-03
1.200000000000000000e+01 -1.241240441704837862e-03
1.300000000000000000e+01 -1.255114080965474008e-03
1.400000000000000000e+01 -1.031190945277632399e-03
1.500000000000000000e+01 -5.887780949700453705e-04
1.600000000000000000e+01 -1.214102503963184875e-03
1.700000000000000000e+01 -1.254654401326227905e-03
1.800000000000000000e+01 -8.198100059555167053e-04
1.900000000000000000e+01 -1.265079304939985922e-03
1.000000000000000000e+00 -9.590157864151671640e-04
2.000000000000000000e+00 -1.039977093769663347e-03
3.000000000000000000e+00 -1.039894015513210482e-03
4.000000000000000000e+00 -1.039743667065648469e-03
5.000000000000000000e+00 -1.034240656144680762e-03
6.000000000000000000e+00 -1.033636427212278460e-03
7.000000000000000000e+00 -1.031201040101968874e-03
8.000000000000000000e+00 -1.038114405374467204e-03
9.000000000000000000e+00 -9.990246251856157826e-04
1.000000000000000000e+01 -9.845153556453864474e-04
1.100000000000000000e+01 -1.006360727335959453e-03
1.200000000000000000e+01 -1.006949320029815187e-03
1.300000000000000000e+01 -1.028707103010508559e-03
1.400000000000000000e+01 -8.569498956495860426e-04
1.500000000000000000e+01 -5.166248440242247842e-04
1.600000000000000000e+01 -9.992077925514456990e-04
1.700000000000000000e+01 -1.031308388893528152e-03
1.800000000000000000e+01 -7.159153625871891337e-04
1.900000000000000000e+01 -1.039977093769663347e-03
1.000000000000000000e+00 -1.357547724033792086e-03
2.000000000000000000e+00 -1.384276284431083109e-03
3.000000000000000000e+00 -1.384198318021847250e-03
4.000000000000000000e+00 -1.384276284431083109e-03
5.000000000000000000e+00 -1.382182231253438519e-03
6.000000000000000000e+00 -1.383170621947711620e-03
7.000000000000000000e+00 -1.381172619949709579e-03
8.000000000000000000e+00 -1.382181844643144827e-03
9.000000000000000000e+00 -1.347121832415949924e-03
1.000000000000000000e+01 -1.350440667004134494e-03
1.100000000000000000e+01 -1.348745767476417423e-03
1.200000000000000000e+01 -1.342341439090665020e-03
1.300000000000000000e+01 -1.375813685798205803e-03
1.400000000000000000e+01 -1.133617414577166825e-03
1.500000000000000000e+01 -9.803685736348274806e-04
1.600000000000000000e+01 -1.355065471164542193e-03
1.700000000000000000e+01 -1.368967290019921504e-03
1.800000000000000000e+01 -6.350538866018741718e-04
1.900000000000000000e+01 -1.384276284431083109e-03
1.000000000000000000e+00 -1.113991744409700922e-03
2.000000000000000000e+00 -1.177100032750187479e-03
3.000000000000000000e+00 -1.176996206407971042e-03
4.000000000000000000e+00 -1.176254687864594769e-03
5.000000000000000000e+00 -1.173934124011523231e-03
6.000000000000000000e+00 -1.171836333601039472e-03
7.000000000000000000e+00 -1.170465886023161397e-03
8.000000000000000000e+00 -1.171735342400977067e-03
9.000000000000000000e+00 -1.133477246867339644e-03
1.000000000000000000e+01 -1.133996765188715521e-03
1.100000000000000000e+01 -1.134274652076509545e-03
1.200000000000000000e+01 -1.159044687682458420e-03
1.300000000000000000e+01 -1.151229919031776603e-03
1.400000000000000000e+01 -1.001623677320271581e-03
1.500000000000000000e+01 -6.943864529003846917e-04
1.600000000000000000e+01 -1.155281122386385504e-03
1.700000000000000000e+01 -1.157776477048922835e-03
1.800000000000000000e+01 -6.333792626362285154e-04
1.900000000000000000e+01 -1.177100032750187479e-03
1.000000000000000000e+00 -5.198335376353951150e-04
2.000000000000000000e+00 -6.007586754490779187e-04
3.000000000000000000e+00 -6.007586754490779187e-04
4.000000000000000000e+00 -5.999908244490286934e-04
5.000000000000000000e+00 -5.985769476481550121e-04
6.000000000000000000e+00 -5.974651853134824815e-04
7.000000000000000000e+00 -5.864702462999675774e-04
8.000000000000000000e+00 -5.985365683508097646e-04
9.000000000000000000e+00 -5.438826309569343587e-04
1.000000000000000000e+01 -5.325552070908107401e-04
1.100000000000000000e+01 -5.382418579013005218e-04
1.200000000000000000e+01 -5.637876485399704804e-04
1.300000000000000000e+01 -5.553274984389535134e-04
1.400000000000000000e+01 -4.794178989225428419e-04
1.500000000000000000e+01 -3.533015402210448568e-04
1.600000000000000000e+01 -5.597453801788166523e-04
1.700000000000000000e+01 -5.708228390116934720e-04
1.800000000000000000e+01 -3.153625270498335389e-04
1.900000000000000000e+01 -6.007586754490779187e-04
1.000000000000000000e+00 -1.481568826770065009e-04
2.000000000000000000e+00 -2.552319111916634864e-04
3.000000000000000000e+00 -2.551584552358546133e-04
4.000000000000000000e+00 -2.538705704340379031e-04
5.000000000000000000e+00 -2.459042505482133840e-04
6.000000000000000000e+00 -2.461559768061316036e-04
7.000000000000000000e+00 -2.393346247835411833e-04
8.000000000000000000e+00 -2.490689994559963389e-04
9.000000000000000000e+00 -1.943454292525499921e-04
1.000000000000000000e+01 -2.104749825338060425e-04
1.100000000000000000e+01 -2.212598632877270475e-04
1.200000000000000000e+01 -2.083876735579521795e-04
1.300000000000000000e+01 -2.346410899042477888e-04
1.400000000000000000e+01 -2.020512597137983941e-04
1.500000000000000000e+01 -2.034108822034518438e-04
1.600000000000000000e+01 -1.890129134711177972e-04
1.700000000000000000e+01 -2.372366195895607454e-04
1.800000000000000000e+01 -9.476767642402316707e-05
1.900000000000000000e+01 -2.552319111916634864e-04
1.000000000000000000e+00 -1.105883409675979335e-03
2.000000000000000000e+00 -1.189997180322257707e-03
3.000000000000000000e+00 -1.189997180322257707e-03
4.000000000000000000e+00 -1.187837532264776706e-03
5.000000000000000000e+00 -1.188439828145710329e-03
6.000000000000000000e+00 -1.187361743863291769e-03
7.000000000000000000e+00 -1.184848905824137984e-03
8.000000000000000000e+00 -1.188419037103247578e-03
9.000000000000000000e+00 -1.134032462205836634e-03
1.000000000000000000e+01 -1.094492753548481070e-03
1.100000000000000000e+01 -1.151768553084342494e-03
1.200000000000000000e+01 -1.152770732879091842e-03
1.300000000000000000e+01 -1.170975266563501838e-03
1.400000000000000000e+01 -9.841885410770859037e-04
1.500000000000000000e+01 -7.103482602708608221e-04
1.600000000000000000e+01 -1.150595792236659004e-03
1.700000000000000000e+01 -1.156949474673932754e-03
1.800000000000000000e+01 -6.533848418523340636e-04
1.900000000000000000e+01 -1.189997180322257707e-03
1.000000000000000000e+00 -4.712802247631968518e-04
2.000000000000000000e+00 -5.484988867341807853e-04
3.000000000000000000e+00 -5.483140011003787354e-04
4.000000000000000000e+00 -5.466031216805210171e-04
5.000000000000000000e+00 -5.453419129889717186e-04
6.000000000000000000e+00 -5.396866635256727159e-04
7.000000000000000000e+00 -5.383203827476272215e-04
8.000000000000000000e+00 -5.450623507899049567e-04
9.000000000000000000e+00 -5.049553559615478551e-04
1.000000000000000000e+01 -4.459966847737745124e-04
1.100000000000000000e+01 -4.780013588063123319e-04
1.200000000000000000e+01 -4.945991401099760019e-04
1.300000000000000000e+01 -5.376289946723382656e-04
1.400000000000000000e+01 -4.730884011069769321e-04
1.500000000000000000e+01 -3.385452696598207235e-04
1.600000000000000000e+01 -4.742883535453194408e-04
1.700000000000000000e+01 -5.334923074861154480e-04
1.800000000000000000e+01 -1.163478764097959075e-04
1.900000000000000000e+01 -5.484988867341807853e-04
1.000000000000000000e+00 -2.096539855053786584e-03
2.000000000000000000e+00 -2.153220231780602918e-03
3.000000000000000000e+00 -2.153044968447444859e-03
4.000000000000000000e+00 -2.151592387660499102e-03
5.000000000000000000e+00 -2.139738529444411459e-03
6.000000000000000000e+00 -2.148338159948067014e-03
7.000000000000000000e+00 -2.143461715443139345e-03
8.000000000000000000e+00 -2.145250002835141865e-03
9.000000000000000000e+00 -2.105763002047831602e-03
1.000000000000000000e+01 -2.127741024025853623e-03
1.100000000000000000e+01 -2.130094063143598334e-03
1.200000000000000000e+01 -2.137230588468978353e-03
1.300000000000000000e+01 -2.137675920570657369e-03
1.400000000000000000e+01 -1.496409163591826044e-03
1.500000000000000000e+01 -1.351891099956115247e-03
1.600000000000000000e+01 -2.120053407205109691e-03
1.700000000000000000e+01 -2.124129482488615241e-03
1.800000000000000000e+01 -1.347141893194524686e-03
1.900000000000000000e+01 -2.153220231780602918e-03
1.000000000000000000e+00 -1.460574083639098976e-03
2.000000000000000000e+00 -1.517952678556393513e-03
3.000000000000000000e+00 -1.517952678556393513e-03
4.000000000000000000e+00 -1.517262793965580255e-03
5.000000000000000000e+00 -1.516341931202612242e-03
6.000000000000000000e+00 -1.515770607101876418e-03
7.000000000000000000e+00 -1.510153417274160293e-03
8.000000000000000000e+00 -1.512971033094872002e-03
9.000000000000000000e+00 -1.499069987460080293e-03
1.000000000000000000e+01 -1.473621321918535494e-03
1.100000000000000000e+01 -1.472442504176250250e-03
1.200000000000000000e+01 -1.469511611539475260e-03
1.300000000000000000e+01 -1.505445577813998691e-03
1.400000000000000000e+01 -1.267476589458013453e-03
1.500000000000000000e+01 -8.099695711924813444e-04
1.600000000000000000e+01 -1.485270663289238978e-03
1.700000000000000000e+01 -1.506012992855097982e-03
1.800000000000000000e+01 -9.180978120606603492e-04
1.900000000000000000e+01 -1.517952678556393513e-03
1.000000000000000000e+00 -1.772091771317777387e-03
2.000000000000000000e+00 -1.831836979669796989e-03
3.000000000000000000e+00 -1.831782252834884221e-03
4.000000000000000000e+00 -1.830675988957722496e-03
5.000000000000000000e+00 -1.829045395608863006e-03
6.000000000000000000e+00 -1.826925654325034986e-03
7.000000000000000000e+00 -1.821983571983571944e-03
8.000000000000000000e+00 -1.828004597741439722e-03
9.000000000000000000e+00 -1.803632126387544202e-03
1.000000000000000000e+01 -1.755321089299417261e-03
1.100000000000000000e+01 -1.793673818441620217e-03
1.200000000000000000e+01 -1.810906070193995729e-03
1.300000000000000000e+01 -1.791201660396706799e-03
1.400000000000000000e+01 -1.580313520329000012e-03
1.500000000000000000e+01 -1.106813422215898856e-03
1.600000000000000000e+01 -1.799903785584900133e-03
1.700000000000000000e+01 -1.821709508242015879e-03
1.800000000000000000e+01 -9.582420503473134408e-04
1.900000000000000000e+01 -1.831836979669796989e-03
1.000000000000000000e+00 -9.704993149265594326e-04
2.000000000000000000e+00 -1.019130207597699700e-03
3.000000000000000000e+00 -1.018911042517853553e-03
4.000000000000000000e+00 -1.018717221890596322e-03
5.000000000000000000e+00 -1.012328615656788843e-03
6.000000000000000000e+00 -1.016007298515038404e-03
7.000000000000000000e+00 -1.010209303939953911e-03
8.000000000000000000e+00 -1.014743340594733648e-03
9.000000000000000000e+00 -9.856461477978505255e-04
1.000000000000000000e+01 -9.687385198221110496e-04
1.100000000000000000e+01 -9.869753139876977829e-04
1.200000000000000000e+01 -9.538670823500544627e-04
1.300000000000000000e+01 -9.976391857196809879e-04
1.400000000000000000e+01 -7.351745261961979477e-04
1.500000000000000000e+01 -4.569461755994263423e-04
1.600000000000000000e+01 -9.910297390947544072e-04
1.700000000000000000e+01 -1.009094448722931518e-03
1.800000000000000000e+01 -7.606721623749486622e-04
1.900000000000000000e+01 -1.019130207597699700e-03
1.000000000000000000e+00 -1.525083576554164648e-03
2.000000000000000000e+00 -1.599969088359181214e-03
3.000000000000000000e+00 -1.599940736937640901e-03
4.000000000000000000e+00 -1.599735661655166119e-03
5.000000000000000000e+00 -1.593887837308889752e-03
6.000000000000000000e+00 -1.595773980061905746e-03
7.000000000000000000e+00 -1.582052321603405172e-03
8.000000000000000000e+00 -1.594652251772994602e-03
9.000000000000000000e+00 -1.563934732278385396e-03
1.000000000000000000e+01 -1.523970396648415210e-03
1.100000000000000000e+01 -1.572027387816861453e-03
1.200000000000000000e+01 -1.558384726728379846e-03
1.300000000000000000e+01 -1.587967072487196174e-03
1.400000000000000000e+01 -1.103446218384298823e-03
1.500000000000000000e+01 -9.902081492638766663e-04
1.600000000000000000e+01 -1.583325515214060010e-03
1.700000000000000000e+01 -1.572031425746595957e-03
1.800000000000000000e+01 -1.056065881143280431e-03
1.900000000000000000e+01 -1.599969088359181214e-03
1.000000000000000000e+00 -9.727446186424513900e-04
2.000000000000000000e+00 -1.026346933080679157e-03
3.000000000000000000e+00 -1.026104141816216011e-03
4.000000000000000000e+00 -1.022055472906866023e-03
5.000000000000000000e+00 -1.021951259954355894e-03
6.000000000000000000e+00 -1.023869534318450547e-03
7.000000000000000000e+00 -1.015571459843905627e-03
8.000000000000000000e+00 -1.022453080115618773e-03
9.000000000000000000e+00 -9.737791448317763754e-04
1.000000000000000000e+01 -9.614112667518239863e-04
1.100000000000000000e+01 -9.899866645222681494e-04
1.200000000000000000e+01 -9.937525924368028306e-04
1.300000000000000000e+01 -1.016325006263086618e-03
1.400000000000000000e+01 -8.591628100142031845e-04
1.500000000000000000e+01 -5.899994828013403704e-04
1.600000000000000000e+01 -9.659562573649260481e-04
1.700000000000000000e+01 -1.013793353189637939e-03
1.800000000000000000e+01 -5.776618462376975757e-04
1.900000000000000000e+01 -1.026346933080679157e-03
1.000000000000000000e+00 -1.042535122256484483e-03
2.000000000000000000e+00 -1.101704539011040453e-03
3.000000000000000000e+00 -1.101704539011040453e-03
4.000000000000000000e+00 -1.100042200661395563e-03
5.000000000000000000e+00 -1.098170190662450547e-03
6.000000000000000000e+00 -1.098826955638101000e-03
7.000000000000000000e+00 -1.094450827809960837e-03
8.000000000000000000e+00 -1.092600725727660687e-03
9.000000000000000000e+00 -1.016608993002181792e-03
1.000000000000000000e+01 -1.049907565774438681e-03
1.100000000000000000e+01 -1.055978979740589607e-03
1.200000000000000000e+01 -1.043761750805094349e-03
1.300000000000000000e+01 -1.095872136119814110e-03
1.400000000000000000e+01 -9.124068226235408380e-04
1.500000000000000000e+01 -6.229926334415498111e-04
1.600000000000000000e+01 -1.016528706931183563e-03
1.700000000000000000e+01 -1.084836216415163614e-03
1.800000000000000000e+01 -5.196345192475223043e-04
1.900000000000000000e+01 -1.101704539011040453e-03
1.000000000000000000e+00 -1.513927592874961129e-03
2.000000000000000000e+00 -1.603440676970088524e-03
3.000000000000000000e+00 -1.603362495777356338e-03
4.000000000000000000e+00 -1.599769640404315315e-03
5.000000000000000000e+00 -1.597244130138866965e-03
6.000000000000000000e+00 -1.600753391775063461e-03
7.000000000000000000e+00 -1.599771917109378289e-03
8.000000000000000000e+00 -1.599755937217237425e-03
9.000000000000000000e+00 -1.556564092941801905e-03
1.000000000000000000e+01 -1.572080052730207358e-03
1.100000000000000000e+01 -1.558843246536744873e-03
1.200000000000000000e+01 -1.545363692035518636e-03
1.300000000000000000e+01 -1.583249052289299958e-03
1.400000000000000000e+01 -1.236514130863975878e-03
1.500000000000000000e+01 -9.455400121034794906e-04
1.600000000000000000e+01 -1.578151552609756859e-03
1.700000000000000000e+01 -1.528699671501528978e-03
1.800000000000000000e+01 -8.927476891873176168e-04
1.900000000000000000e+01 -1.603440676970088524e-03
1.000000000000000000e+00 -8.092290836098885035e-04
2.000000000000000000e+00 -9.112236662546259729e-04
3.000000000000000000e+00 -9.112236662546259729e-04
4.000000000000000000e+00 -9.090552550304871558e-04
5.000000000000000000e+00 -9.082124016334541805e-04
6.000000000000000000e+00 -9.042688907239990713e-04
7.000000000000000000e+00 -9.053270001412415521e-04
8.000000000000000000e+00 -9.029584966117473136e-04
9.000000000000000000e+00 -8.642831626577755734e-04
1.000000000000000000e+01 -8.296125958664657320e-04
1.100000000000000000e+01 -8.847401738268610705e-04
1.200000000000000000e+01 -8.849361852457827016e-04
1.300000000000000000e+01 -9.018069563735197714e-04
1.400000000000000000e+01 -7.220384534626020367e-04
1.500000000000000000e+01 -5.657533471000962804e-04
1.600000000000000000e+01 -8.594589964559004418e-04
1.700000000000000000e+01 -8.963226316167492063e-04
1.800000000000000000e+01 -4.773713128976286857e-04
1.900000000000000000e+01 -9.112236662546259729e-04
1.000000000000000000e+00 -1.556794813373760722e-03
2.000000000000000000e+00 -1.635194870488987937e-03
3.000000000000000000e+00 -1.635166519067447841e-03
4.000000000000000000e+00 -1.633677596912890906e-03
5.000000000000000000e+00 -1.632365269749170471e-03
6.000000000000000000e+00 -1.629623601372827369e-03
7.000000000000000000e+00 -1.628566995440060370e-03
8.000000000000000000e+00 -1.630960070201556249e-03
9.000000000000000000e+00 -1.600044305539661399e-03
1.000000000000000000e+01 -1.605265735296694876e-03
1.100000000000000000e+01 -1.584899276849741122e-03
1.200000000000000000e+01 -1.608350584743773511e-03
1.300000000000000000e+01 -1.621962145181959350e-03
1.400000000000000000e+01 -1.215485967420951814e-03
1.500000000000000000e+01 -9.806923812341768448e-04
1.600000000000000000e+01 -1.597864596703605852e-03
1.700000000000000000e+01 -1.623938539960211643e-03
1.800000000000000000e+01 -9.877246936070465180e-04
1.900000000000000000e+01 -1.635194870488987937e-03
1.000000000000000000e+00 -5.720977079336211565e-04
2.000000000000000000e+00 -6.469052533294018630e-04
3.000000000000000000e+00 -6.469052533294018630e-04
4.000000000000000000e+00 -6.456544831157833356e-04
5.000000000000000000e+00 -6.432041041174167044e-04
6.000000000000000000e+00 -6.424075580422328700e-04
7.000000000000000000e+00 -6.356627978145004991e-04
8.000000000000000000e+00 -6.422729747033151769e-04
9.000000000000000000e+00 -5.895643743940956905e-04
1.000000000000000000e+01 -5.942927471565242125e-04
1.100000000000000000e+01 -5.951235726777521443e-04
1.200000000000000000e+01 -6.016533775821701277e-04
1.300000000000000000e+01 -6.357084178291608299e-04
1.400000000000000000e+01 -4.766586182994851542e-04
1.500000000000000000e+01 -3.521803703692248243e-04
1.600000000000000000e+01 -5.906458092990600527e-04
1.700000000000000000e+01 -6.389979989051196253e-04
1.800000000000000000e+01 -4.332052536386901665e-04
1.900000000000000000e+01 -6.469052533294018630e-04
1.000000000000000000e+00 -1.070535243909856785e-03
2.000000000000000000e+00 -1.127372713286025913e-03
3.000000000000000000e+00 -1.127267383459333886e-03
4.000000000000000000e+00 -1.126955260082194944e-03
5.000000000000000000e+00 -1.122381832134154104e-03
6.000000000000000000e+00 -1.123850779423534634e-03
7.000000000000000000e+00 -1.120178969637173824e-03
8.000000000000000000e+00 -1.123995285759991436e-03
9.000000000000000000e+00 -1.079096428167635553e-03
1.000000000000000000e+01 -1.091971624866361519e-03
1.100000000000000000e+01 -1.085024581541609327e-03
1.200000000000000000e+01 -1.074334849876645327e-03
1.300000000000000000e+01 -1.120919457219766774e-03
1.400000000000000000e+01 -9.646857270696279846e-04
1.500000000000000000e+01 -5.947807782173106282e-04
1.600000000000000000e+01 -1.072269019250443297e-03
1.700000000000000000e+01 -1.108543503280345378e-03
1.800000000000000000e+01 -6.741617515611322831e-04
1.900000000000000000e+01 -1.127372713286025913e-03
