1.000000000000000000e+00 4.244044569121968233e-05
2.000000000000000000e+00 0.000000000000000000e+00
3.000000000000000000e+00 6.398829928241692357e-07
4.000000000000000000e+00 0.000000000000000000e+00
5.000000000000000000e+00 1.758217702490148114e-06
6.000000000000000000e+00 6.747552413187088037e-06
7.000000000000000000e+00 7.155812883367062145e-06
8.000000000000000000e+00 7.400880852893236207e-06
9.000000000000000000e+00 1.692841901820229831e-05
1.000000000000000000e+01 2.199090898781300965e-05
1.100000000000000000e+01 1.513678100365406813e-05
1.200000000000000000e+01 1.163503678983555134e-05
1.300000000000000000e+01 1.023795605838949340e-05
1.400000000000000000e+01 4.309544944219866430e-06
1.500000000000000000e+01 2.331345984596758393e-05
1.600000000000000000e+01 1.696596317339351117e-05
1.700000000000000000e+01 9.075900020172465341e-05
1.800000000000000000e+01 1.030023038536970328e-04
1.900000000000000000e+01 0.000000000000000000e+00
1.000000000000000000e+00 3.482478134180920260e-05
2.000000000000000000e+00 0.000000000000000000e+00
3.000000000000000000e+00 0.000000000000000000e+00
4.000000000000000000e+00 7.796640923575907368e-08
5.000000000000000000e+00 8.867078913518541966e-06
6.000000000000000000e+00 1.671788823491609699e-06
7.000000000000000000e+00 1.071554864124523456e-05
8.000000000000000000e+00 2.869077946477327233e-06
9.000000000000000000e+00 1.083496826530882143e-05
1.000000000000000000e+01 4.767209914268737332e-05
1.100000000000000000e+01 1.197972134504642214e-05
1.200000000000000000e+01 1.563348931769984108e-05
1.300000000000000000e+01 4.020046860604135528e-05
1.400000000000000000e+01 1.702769195029256715e-05
1.500000000000000000e+01 2.125763813070314536e-05
1.600000000000000000e+01 1.847271235816127456e-05
1.700000000000000000e+01 1.314127049421166991e-05
1.800000000000000000e+01 7.162084561465365288e-05
1.900000000000000000e+01 0.000000000000000000e+00
1.000000000000000000e+00 2.004454094237375644e-05
2.000000000000000000e+00 0.000000000000000000e+00
3.000000000000000000e+00 0.000000000000000000e+00
4.000000000000000000e+00 4.488975077210371129e-08
5.000000000000000000e+00 4.921549039196097368e-06
6.000000000000000000e+00 2.422070533525641764e-06
7.000000000000000000e+00 8.875025902889678396e-06
8.000000000000000000e+00 2.857307810868181988e-06
9.000000000000000000e+00 1.287330660395675715e-05
1.000000000000000000e+01 2.269234893073902081e-05
1.100000000000000000e+01 1.269482151835092947e-05
1.200000000000000000e+01 9.250467454801818842e-06
1.300000000000000000e+01 9.665858737066166610e-06
1.400000000000000000e+01 9.445490869639476252e-06
1.500000000000000000e+01 1.871816693798117884e-05
1.600000000000000000e+01 7.763693135210162502e-06
1.700000000000000000e+01 1.209432981878802179e-05
1.800000000000000000e+01 4.286923946366670216e-05
1.900000000000000000e+01 0.000000000000000000e+00
1.000000000000000000e+00 2.470972440012687572e-05
2.000000000000000000e+00 0.000000000000000000e+00
3.000000000000000000e+00 0.000000000000000000e+00
4.000000000000000000e+00 1.228561600078627916e-07
5.000000000000000000e+00 2.714004261991877992e-06
6.000000000000000000e+00 1.842241006327693549e-06
7.000000000000000000e+00 6.601027111863024689e-06
8.000000000000000000e+00 4.560154327956185001e-06
9.000000000000000000e+00 1.895292529967452518e-05
1.000000000000000000e+01 4.503666268372150323e-05
1.100000000000000000e+01 1.364803067589445241e-05
1.200000000000000000e+01 1.103862597670647107e-05
1.300000000000000000e+01 3.968752265965888072e-05
1.400000000000000000e+01 7.251219712520021965e-06
1.500000000000000000e+01 1.448963832864761625e-05
1.600000000000000000e+01 1.284899311215100536e-05
1.700000000000000000e+01 1.441764290061503572e-05
1.800000000000000000e+01 3.214329530119003608e-05
1.900000000000000000e+01 0.000000000000000000e+00
1.000000000000000000e+00 2.237880798252315072e-05
2.000000000000000000e+00 0.000000000000000000e+00
3.000000000000000000e+00 1.532265464154008859e-07
4.000000000000000000e+00 8.977950154420742259e-08
5.000000000000000000e+00 5.771790988509254287e-06
6.000000000000000000e+00 3.446888508808013327e-06
7.000000000000000000e+00 5.064508934477973886e-06
8.000000000000000000e+00 6.014453382874434734e-06
9.000000000000000000e+00 1.472675930880265134e-05
1.000000000000000000e+01 1.412545143195297920e-05
1.100000000000000000e+01 1.329862088376020241e-05
1.200000000000000000e+01 9.949029298874499823e-06
1.300000000000000000e+01 4.020257348430722840e-05
1.400000000000000000e+01 7.066377035417282769e-06
1.500000000000000000e+01 2.208777634474228742e-05
1.600000000000000000e+01 3.769609303665030992e-05
1.700000000000000000e+01 4.265608832172299519e-05
1.800000000000000000e+01 6.322147924315106029e-05
1.900000000000000000e+01 0.000000000000000000e+00
1.000000000000000000e+00 3.174435643475890492e-05
2.000000000000000000e+00 0.000000000000000000e+00
3.000000000000000000e+00 0.000000000000000000e+00
4.000000000000000000e+00 5.670284308055205359e-08
5.000000000000000000e+00 1.883866047952735090e-06
6.000000000000000000e+00 3.462138137060737367e-06
7.000000000000000000e+00 7.302467054789035850e-06
8.000000000000000000e+00 4.031400316230037144e-06
9.000000000000000000e+00 8.433044423756496432e-06
1.000000000000000000e+01 1.895180842549263429e-05
1.100000000000000000e+01 2.447500899513283340e-05
1.200000000000000000e+01 1.381092247965312857e-05
1.300000000000000000e+01 1.628591566672061929e-05
1.400000000000000000e+01 1.606791041775561599e-05
1.500000000000000000e+01 2.163479795058742108e-05
1.600000000000000000e+01 2.231622007163802795e-05
1.700000000000000000e+01 1.501259318596779804e-05
1.800000000000000000e+01 5.160315260934455475e-05
1.900000000000000000e+01 0.000000000000000000e+00
1.000000000000000000e+00 1.361508288752870670e-05
2.000000000000000000e+00 0.000000000000000000e+00
3.000000000000000000e+00 4.286649023491128572e-07
4.000000000000000000e+00 1.842842400117941742e-07
5.000000000000000000e+00 1.218724515938138081e-06
6.000000000000000000e+00 2.466144107010979666e-06
7.000000000000000000e+00 8.634726126986188395e-06
8.000000000000000000e+00 4.603368767455454421e-06
9.000000000000000000e+00 1.567928115915731679e-05
1.000000000000000000e+01 1.215300867003653322e-05
1.100000000000000000e+01 6.925092451408240047e-06
1.200000000000000000e+01 8.372475477738635359e-06
1.300000000000000000e+01 6.274813937352636430e-06
1.400000000000000000e+01 4.041838794160775224e-06
1.500000000000000000e+01 1.237861725477824420e-05
1.600000000000000000e+01 6.966932276529799555e-06
1.700000000000000000e+01 4.927262280203456251e-06
1.800000000000000000e+01 1.790276287180311813e-05
1.900000000000000000e+01 0.000000000000000000e+00
1.000000000000000000e+00 4.926875669909725180e-05
2.000000000000000000e+00 0.000000000000000000e+00
3.000000000000000000e+00 1.464823446247594629e-07
4.000000000000000000e+00 1.632354573531044071e-07
5.000000000000000000e+00 5.065496938561953573e-06
6.000000000000000000e+00 1.570625796631988460e-06
7.000000000000000000e+00 8.228183924778351252e-06
8.000000000000000000e+00 4.146567227062583081e-06
9.000000000000000000e+00 9.106691382233177858e-06
1.000000000000000000e+01 1.293954583428267563e-05
1.100000000000000000e+01 1.252845022194867366e-05
1.200000000000000000e+01 1.080159090995004232e-05
1.300000000000000000e+01 1.047030884492184697e-05
1.400000000000000000e+01 1.400710572537197920e-05
1.500000000000000000e+01 2.517030613005845143e-05
1.600000000000000000e+01 9.910325312802092056e-06
1.700000000000000000e+01 4.356857452832684359e-05
1.800000000000000000e+01 3.067860072504034974e-05
1.900000000000000000e+01 0.000000000000000000e+00
1.000000000000000000e+00 2.413956013027220260e-05
2.000000000000000000e+00 0.000000000000000000e+00
3.000000000000000000e+00 3.805533991292505023e-07
4.000000000000000000e+00 0.000000000000000000e+00
5.000000000000000000e+00 1.179075482481055067e-06
6.000000000000000000e+00 4.183252248267727457e-06
7.000000000000000000e+00 7.568025369882955001e-06
8.000000000000000000e+00 8.520719047034834825e-06
9.000000000000000000e+00 1.406926406926406857e-05
1.000000000000000000e+01 1.346950263358932072e-05
1.100000000000000000e+01 1.336095105444950616e-05
1.200000000000000000e+01 1.194458276501620036e-05
1.300000000000000000e+01 9.529127563183289556e-06
1.400000000000000000e+01 9.521953794399613574e-06
1.500000000000000000e+01 1.525748932869675857e-05
1.600000000000000000e+01 1.370490534577221715e-05
1.700000000000000000e+01 1.323633366977020099e-05
1.800000000000000000e+01 4.589412135851764099e-05
1.900000000000000000e+01 0.000000000000000000e+00
1.000000000000000000e+00 1.736949840665010777e-05
2.000000000000000000e+00 0.000000000000000000e+00
3.000000000000000000e+00 2.499220765474635101e-07
4.000000000000000000e+00 8.406626053684876397e-08
5.000000000000000000e+00 2.013895976744273572e-06
6.000000000000000000e+00 4.225521640382321206e-06
7.000000000000000000e+00 4.644864938982586027e-06
8.000000000000000000e+00 1.056167774434028170e-05
9.000000000000000000e+00 1.408683335927917947e-05
1.000000000000000000e+01 1.552901862499385394e-05
1.100000000000000000e+01 1.242857589606815536e-05
1.200000000000000000e+01 1.312374416089586304e-05
1.300000000000000000e+01 1.990785272519018340e-05
1.400000000000000000e+01 1.351520856164819009e-05
1.500000000000000000e+01 4.118954660750325983e-05
1.600000000000000000e+01 1.264151225451534902e-05
1.700000000000000000e+01 5.769857937040598930e-06
1.800000000000000000e+01 5.952015820436872635e-05
1.900000000000000000e+01 0.000000000000000000e+00
1.000000000000000000e+00 2.891393951765468652e-05
2.000000000000000000e+00 0.000000000000000000e+00
3.000000000000000000e+00 1.082508822446902919e-08
4.000000000000000000e+00 0.000000000000000000e+00
5.000000000000000000e+00 1.267351499549641864e-06
6.000000000000000000e+00 4.306108408275590804e-06
7.000000000000000000e+00 1.102427843913911911e-05
8.000000000000000000e+00 8.327972337260261521e-06
9.000000000000000000e+00 1.480627215921333491e-05
1.000000000000000000e+01 1.371066154347888089e-05
1.100000000000000000e+01 1.314861608979256027e-05
1.200000000000000000e+01 1.133614407608215625e-05
1.300000000000000000e+01 1.021162360171647991e-05
1.400000000000000000e+01 5.883478406698220582e-06
1.500000000000000000e+01 2.770857453519991903e-05
1.600000000000000000e+01 2.129080070256540608e-05
1.700000000000000000e+01 3.658553348955825108e-05
1.800000000000000000e+01 3.290216835108475911e-05
1.900000000000000000e+01 0.000000000000000000e+00
1.000000000000000000e+00 1.842520224873165849e-05
2.000000000000000000e+00 0.000000000000000000e+00
3.000000000000000000e+00 0.000000000000000000e+00
4.000000000000000000e+00 1.512075815481388184e-07
5.000000000000000000e+00 1.840737521852072857e-06
6.000000000000000000e+00 4.043857759028036921e-06
7.000000000000000000e+00 1.499880408549139152e-05
8.000000000000000000e+00 2.667696940142760425e-06
9.000000000000000000e+00 1.396109910041798509e-05
1.000000000000000000e+01 1.651362912972819831e-05
1.100000000000000000e+01 1.143520222467590840e-05
1.200000000000000000e+01 1.454320533267901572e-05
1.300000000000000000e+01 1.378562098376339795e-05
1.400000000000000000e+01 8.988302718952872146e-06
1.500000000000000000e+01 2.156237295556180715e-05
1.600000000000000000e+01 1.425926155028322206e-05
1.700000000000000000e+01 7.119256732259828126e-06
1.800000000000000000e+01 2.502562796680443625e-05
1.900000000000000000e+01 0.000000000000000000e+00
1.000000000000000000e+00 1.517801943498537902e-05
2.000000000000000000e+00 0.000000000000000000e+00
3.000000000000000000e+00 8.449582752988325685e-08
4.000000000000000000e+00 2.856620503679326992e-08
5.000000000000000000e+00 3.856008112974057188e-06
6.000000000000000000e+00 3.824177198790201519e-06
7.000000000000000000e+00 3.196322081770997925e-06
8.000000000000000000e+00 6.014582252972345091e-06
9.000000000000000000e+00 6.848371786452281163e-06
1.000000000000000000e+01 9.495836121223116789e-06
1.100000000000000000e+01 1.112574216289386402e-05
1.200000000000000000e+01 9.747003942050380806e-06
1.300000000000000000e+01 8.238278749114661431e-06
1.400000000000000000e+01 4.472866314971577680e-06
1.500000000000000000e+01 2.649277107481441768e-05
1.600000000000000000e+01 1.095812512221180866e-05
1.700000000000000000e+01 5.321647736508417501e-06
1.800000000000000000e+01 3.056661260995625787e-05
1.900000000000000000e+01 0.000000000000000000e+00
1.000000000000000000e+00 1.532377151572197768e-05
2.000000000000000000e+00 0.000000000000000000e+00
3.000000000000000000e+00 0.000000000000000000e+00
4.000000000000000000e+00 2.835142154027602679e-08
5.000000000000000000e+00 2.804385157326333461e-06
6.000000000000000000e+00 2.109904199687481161e-06
7.000000000000000000e+00 3.427141314138217992e-05
8.000000000000000000e+00 2.009041869722984018e-06
9.000000000000000000e+00 1.056588750087201947e-05
1.000000000000000000e+01 6.812116332240171028e-06
1.100000000000000000e+01 6.102042092754166787e-06
1.200000000000000000e+01 8.669005573030340002e-06
1.300000000000000000e+01 3.555044886314235751e-05
1.400000000000000000e+01 3.277179476869879188e-05
1.500000000000000000e+01 1.055321527457750215e-05
1.600000000000000000e+01 3.800134334190061652e-05
1.700000000000000000e+01 1.187688300691396563e-05
1.800000000000000000e+01 2.132503719191025367e-05
1.900000000000000000e+01 0.000000000000000000e+00
1.000000000000000000e+00 2.525093585465102420e-05
2.000000000000000000e+00 0.000000000000000000e+00
3.000000000000000000e+00 2.305915618609116881e-07
4.000000000000000000e+00 0.000000000000000000e+00
5.000000000000000000e+00 3.038774091405670251e-05
6.000000000000000000e+00 1.406874858887242757e-06
7.000000000000000000e+00 9.455199083682055359e-06
8.000000000000000000e+00 3.434774719604440604e-06
9.000000000000000000e+00 1.500202583793915045e-05
1.000000000000000000e+01 1.457739886532456099e-05
1.100000000000000000e+01 6.367643364547389108e-06
1.200000000000000000e+01 8.641083718483098217e-06
1.300000000000000000e+01 5.436900560739569778e-06
1.400000000000000000e+01 3.225090183294517242e-05
1.500000000000000000e+01 1.715024741340530492e-05
1.600000000000000000e+01 8.510624222698524646e-06
1.700000000000000000e+01 1.127467303937892098e-05
1.800000000000000000e+01 3.662277694785434260e-05
1.900000000000000000e+01 0.000000000000000000e+00
1.000000000000000000e+00 1.430419425775462759e-05
2.000000000000000000e+00 0.000000000000000000e+00
3.000000000000000000e+00 2.085547751182426047e-07
4.000000000000000000e+00 1.653832923182768119e-08
5.000000000000000000e+00 9.391580212013648038e-06
6.000000000000000000e+00 5.101924219571278081e-06
7.000000000000000000e+00 1.404177178170986188e-05
8.000000000000000000e+00 5.036587079930732947e-06
9.000000000000000000e+00 1.022751758045875616e-05
1.000000000000000000e+01 4.638623330573794849e-05
1.100000000000000000e+01 1.037872516200689554e-05
1.200000000000000000e+01 1.347702005596742375e-05
1.300000000000000000e+01 3.942552975060714671e-05
1.400000000000000000e+01 1.306446391585710384e-05
1.500000000000000000e+01 3.151522540067431367e-05
1.600000000000000000e+01 1.103097968423045768e-05
1.700000000000000000e+01 1.313491290271476009e-05
1.800000000000000000e+01 6.932317768231080002e-05
1.900000000000000000e+01 0.000000000000000000e+00
1.000000000000000000e+00 2.191156796419954045e-05
2.000000000000000000e+00 0.000000000000000000e+00
3.000000000000000000e+00 2.363048028682703600e-07
4.000000000000000000e+00 1.719986240110078976e-07
5.000000000000000000e+00 2.253680272256123416e-06
6.000000000000000000e+00 5.145482312664974555e-06
7.000000000000000000e+00 1.188182302733386322e-05
8.000000000000000000e+00 8.098540606280543841e-06
9.000000000000000000e+00 1.378514846007106054e-05
1.000000000000000000e+01 1.144057181208883938e-05
1.100000000000000000e+01 1.853096164241674920e-05
1.200000000000000000e+01 2.064713752020253554e-05
1.300000000000000000e+01 1.176218861977375795e-05
1.400000000000000000e+01 7.847931222544225269e-06
1.500000000000000000e+01 2.965348205286285599e-05
1.600000000000000000e+01 1.955977459073434099e-05
1.700000000000000000e+01 1.498647551279130125e-05
1.800000000000000000e+01 4.103133708396866224e-05
1.900000000000000000e+01 0.000000000000000000e+00
1.000000000000000000e+00 8.797746800842774913e-05
2.000000000000000000e+00 0.000000000000000000e+00
3.000000000000000000e+00 1.866898151727872866e-07
4.000000000000000000e+00 2.856620503679326992e-08
5.000000000000000000e+00 5.542445170928142947e-06
6.000000000000000000e+00 1.751774197594630893e-06
7.000000000000000000e+00 6.903828885253033662e-06
8.000000000000000000e+00 7.809484976667638217e-06
9.000000000000000000e+00 1.946002913495173474e-05
1.000000000000000000e+01 2.752738317753797385e-05
1.100000000000000000e+01 1.958314303515541795e-05
1.200000000000000000e+01 3.936547628498092367e-05
1.300000000000000000e+01 1.027501480287857933e-04
1.400000000000000000e+01 1.151492985858310866e-05
1.500000000000000000e+01 3.453353492053182260e-05
1.600000000000000000e+01 2.065087475304193420e-05
1.700000000000000000e+01 2.189339728039418179e-05
1.800000000000000000e+01 6.046241340358986894e-05
1.900000000000000000e+01 0.000000000000000000e+00
1.000000000000000000e+00 1.434904105182742849e-05
2.000000000000000000e+00 0.000000000000000000e+00
3.000000000000000000e+00 2.678779768563049973e-07
4.000000000000000000e+00 4.488975077210371129e-08
5.000000000000000000e+00 2.485431664998228371e-06
6.000000000000000000e+00 3.618586435923896943e-06
7.000000000000000000e+00 2.220174046799433527e-06
8.000000000000000000e+00 3.382281633055626742e-06
9.000000000000000000e+00 8.371100863360923753e-06
1.000000000000000000e+01 8.746628328671672233e-06
1.100000000000000000e+01 9.110385658373274198e-06
1.200000000000000000e+01 6.118193811692262904e-06
1.300000000000000000e+01 8.010823026302901431e-06
1.400000000000000000e+01 5.621442540947184243e-06
1.500000000000000000e+01 1.121801315299767295e-05
1.600000000000000000e+01 1.238845433891873366e-05
1.700000000000000000e+01 5.323151220984037769e-06
1.800000000000000000e+01 1.471945666992106500e-05
1.900000000000000000e+01 0.000000000000000000e+00
1.000000000000000000e+00 3.618225599649747858e-05
2.000000000000000000e+00 0.000000000000000000e+00
3.000000000000000000e+00 1.303735823859662779e-07
4.000000000000000000e+00 4.037929734524161552e-08
5.000000000000000000e+00 3.750119849191056541e-06
6.000000000000000000e+00 6.695145240036880091e-06
7.000000000000000000e+00 7.440443972951712457e-06
8.000000000000000000e+00 3.372960029306778282e-06
9.000000000000000000e+00 4.055026500846934144e-05
1.000000000000000000e+01 2.328635416870710831e-05
1.100000000000000000e+01 1.920632686886556759e-05
1.200000000000000000e+01 4.451619931496092394e-05
1.300000000000000000e+01 1.462344415130792667e-04
1.400000000000000000e+01 3.656706210885777447e-05
1.500000000000000000e+01 7.295830244746652796e-05
1.600000000000000000e+01 1.163585296712231581e-05
1.700000000000000000e+01 1.955191351476181090e-05
1.800000000000000000e+01 6.667279229198733528e-05
1.900000000000000000e+01 0.000000000000000000e+00
1.000000000000000000e+00 1.476653721235764429e-05
2.000000000000000000e+00 0.000000000000000000e+00
3.000000000000000000e+00 0.000000000000000000e+00
4.000000000000000000e+00 0.000000000000000000e+00
5.000000000000000000e+00 3.059547951188817702e-06
6.000000000000000000e+00 8.816561835137685360e-06
7.000000000000000000e+00 7.382538342290664019e-06
8.000000000000000000e+00 6.306344154641368215e-06
9.000000000000000000e+00 2.307358963705712733e-05
1.000000000000000000e+01 1.242586962401203786e-05
1.100000000000000000e+01 1.095687937793200911e-05
1.200000000000000000e+01 2.568634495879077795e-05
1.300000000000000000e+01 1.957485239218985108e-05
1.400000000000000000e+01 6.042246367323766162e-06
1.500000000000000000e+01 1.929679367759862813e-05
1.600000000000000000e+01 9.562204221646945627e-06
1.700000000000000000e+01 1.194947982873679393e-05
1.800000000000000000e+01 3.030852876054114197e-05
1.900000000000000000e+01 0.000000000000000000e+00
1.000000000000000000e+00 2.033870841920377233e-05
2.000000000000000000e+00 0.000000000000000000e+00
3.000000000000000000e+00 2.081252081252081250e-07
4.000000000000000000e+00 0.000000000000000000e+00
5.000000000000000000e+00 2.638787081511539376e-06
6.000000000000000000e+00 3.076902457707411050e-06
7.000000000000000000e+00 3.942222208476077636e-06
8.000000000000000000e+00 6.284565108094519555e-06
9.000000000000000000e+00 1.519365567353183286e-05
1.000000000000000000e+01 1.402768198433833063e-05
1.100000000000000000e+01 8.912011620989947503e-06
1.200000000000000000e+01 1.151106375564579795e-05
1.300000000000000000e+01 9.317393992316591432e-06
1.400000000000000000e+01 8.980312772882431698e-06
1.500000000000000000e+01 2.681202526403764750e-05
1.600000000000000000e+01 9.926004508047851609e-06
1.700000000000000000e+01 7.270936837500304912e-06
1.800000000000000000e+01 4.764344702425197679e-05
1.900000000000000000e+01 0.000000000000000000e+00
1.000000000000000000e+00 1.011595903236770107e-05
2.000000000000000000e+00 0.000000000000000000e+00
3.000000000000000000e+00 6.344704487119347657e-08
4.000000000000000000e+00 4.488975077210371129e-08
5.000000000000000000e+00 1.960414886111480447e-06
6.000000000000000000e+00 1.826432940984024487e-06
7.000000000000000000e+00 2.994812205338520760e-06
8.000000000000000000e+00 1.773553244141479342e-06
9.000000000000000000e+00 6.892015792944584823e-06
1.000000000000000000e+01 1.169019319174117911e-05
1.100000000000000000e+01 5.034138548070436162e-06
1.200000000000000000e+01 6.878999913055640448e-06
1.300000000000000000e+01 5.155276440106160850e-06
1.400000000000000000e+01 4.052663882385244376e-06
1.500000000000000000e+01 9.899886834871354823e-06
1.600000000000000000e+01 7.711629615654383305e-06
1.700000000000000000e+01 5.029026700853325894e-06
1.800000000000000000e+01 1.727336131360899152e-05
1.900000000000000000e+01 0.000000000000000000e+00
1.000000000000000000e+00 2.052148917473994581e-05
2.000000000000000000e+00 0.000000000000000000e+00
3.000000000000000000e+00 2.595443771914360129e-07
4.000000000000000000e+00 1.719986240110078976e-07
5.000000000000000000e+00 5.450861488013190671e-06
6.000000000000000000e+00 2.320477939672986072e-06
7.000000000000000000e+00 4.496879109882205581e-06
8.000000000000000000e+00 7.415572044055016073e-06
9.000000000000000000e+00 1.394950079160605464e-05
1.000000000000000000e+01 1.931728402316637322e-05
1.100000000000000000e+01 1.417854591229204125e-05
1.200000000000000000e+01 1.280839903130924795e-05
1.300000000000000000e+01 7.269390396325380626e-06
1.400000000000000000e+01 1.065661204980090411e-05
1.500000000000000000e+01 1.835518282886703902e-05
1.600000000000000000e+01 1.279864786056736482e-05
1.700000000000000000e+01 1.207349581962584965e-05
1.800000000000000000e+01 3.745111098052274304e-05
1.900000000000000000e+01 0.000000000000000000e+00
1.000000000000000000e+00 1.493724713538954991e-05
2.000000000000000000e+00 0.000000000000000000e+00
3.000000000000000000e+00 1.815779679556769127e-07
4.000000000000000000e+00 0.000000000000000000e+00
5.000000000000000000e+00 1.688155325926223572e-06
6.000000000000000000e+00 5.464994242084025090e-06
7.000000000000000000e+00 3.662660009409235269e-06
8.000000000000000000e+00 5.888031816824386251e-06
9.000000000000000000e+00 8.304432066041971878e-06
1.000000000000000000e+01 1.033211714326265366e-05
1.100000000000000000e+01 8.645851912105781431e-06
1.200000000000000000e+01 8.626048873726892144e-06
1.300000000000000000e+01 1.444187047902218116e-05
1.400000000000000000e+01 9.618649324531676966e-06
1.500000000000000000e+01 1.715089176389485840e-05
1.600000000000000000e+01 1.490189377186281143e-05
1.700000000000000000e+01 1.374412481223626634e-05
1.800000000000000000e+01 2.856491633581416590e-05
1.900000000000000000e+01 0.000000000000000000e+00
1.000000000000000000e+00 2.702199761023290126e-05
2.000000000000000000e+00 0.000000000000000000e+00
3.000000000000000000e+00 1.191618838677662138e-07
4.000000000000000000e+00 3.307665846365536239e-08
5.000000000000000000e+00 1.379167787836518304e-06
6.000000000000000000e+00 7.151689040233931564e-06
7.000000000000000000e+00 4.003779158577920090e-06
8.000000000000000000e+00 6.113210834573062993e-06
9.000000000000000000e+00 4.183488510113896671e-05
1.000000000000000000e+01 2.482042381423186063e-05
1.100000000000000000e+01 4.707491510897083599e-05
1.200000000000000000e+01 1.083032894178404858e-05
1.300000000000000000e+01 9.545665892415117931e-05
1.400000000000000000e+01 1.192654095130875206e-05
1.500000000000000000e+01 2.493400132719018081e-05
1.600000000000000000e+01 1.956385547716816840e-05
1.700000000000000000e+01 7.809957500359975628e-06
1.800000000000000000e+01 4.943701809026886064e-05
1.900000000000000000e+01 0.000000000000000000e+00
1.000000000000000000e+00 1.990329931506401858e-05
2.000000000000000000e+00 0.000000000000000000e+00
3.000000000000000000e+00 1.522385423314215695e-07
4.000000000000000000e+00 0.000000000000000000e+00
5.000000000000000000e+00 1.310995506041945525e-06
6.000000000000000000e+00 2.044996627039970692e-06
7.000000000000000000e+00 7.905536156310149823e-06
8.000000000000000000e+00 1.732916206600417065e-06
9.000000000000000000e+00 1.540165201155913063e-05
1.000000000000000000e+01 1.557403724586387090e-05
1.100000000000000000e+01 1.614317055493525777e-05
1.200000000000000000e+01 1.260224983135199750e-05
1.300000000000000000e+01 2.224559925798315563e-05
1.400000000000000000e+01 1.013481702336191384e-05
1.500000000000000000e+01 1.585153752336414840e-05
1.600000000000000000e+01 1.463298483422322384e-05
1.700000000000000000e+01 1.344914115811948598e-05
1.800000000000000000e+01 3.036505977682447965e-05
1.900000000000000000e+01 0.000000000000000000e+00
1.000000000000000000e+00 1.915194368754740027e-05
2.000000000000000000e+00 0.000000000000000000e+00
3.000000000000000000e+00 2.740207848566981223e-07
4.000000000000000000e+00 1.202787580496558707e-08
5.000000000000000000e+00 1.745201822601203315e-06
6.000000000000000000e+00 1.957579743957452590e-06
7.000000000000000000e+00 4.080070256540844733e-06
8.000000000000000000e+00 2.218240995330778594e-06
9.000000000000000000e+00 1.173632868679308188e-05
1.000000000000000000e+01 1.602383684427028063e-05
1.100000000000000000e+01 1.682656868415382233e-05
1.200000000000000000e+01 1.412454934126760670e-05
1.300000000000000000e+01 1.448929467505318750e-05
1.400000000000000000e+01 3.888354507549553439e-06
1.500000000000000000e+01 1.927763498970929063e-05
1.600000000000000000e+01 8.793708871108251520e-06
1.700000000000000000e+01 9.816593794921966878e-06
1.800000000000000000e+01 2.444326399434758491e-05
1.900000000000000000e+01 0.000000000000000000e+00
1.000000000000000000e+00 1.490352612643634206e-05
2.000000000000000000e+00 0.000000000000000000e+00
3.000000000000000000e+00 0.000000000000000000e+00
4.000000000000000000e+00 0.000000000000000000e+00
5.000000000000000000e+00 2.672465133765443215e-06
6.000000000000000000e+00 2.801936625466037099e-06
7.000000000000000000e+00 1.691316938994957554e-05
8.000000000000000000e+00 2.741711333042602233e-06
9.000000000000000000e+00 1.246758057903568616e-05
1.000000000000000000e+01 2.045675342888964929e-05
1.100000000000000000e+01 1.303581179742170393e-05
1.200000000000000000e+01 1.597709995542812670e-05
1.300000000000000000e+01 1.051296484733017179e-05
1.400000000000000000e+01 1.534585125916395108e-05
1.500000000000000000e+01 2.302255707828462929e-05
1.600000000000000000e+01 1.084111107330921456e-05
1.700000000000000000e+01 3.239957496923440698e-05
1.800000000000000000e+01 3.755605419692106421e-05
1.900000000000000000e+01 0.000000000000000000e+00
1.000000000000000000e+00 2.650398277333261706e-05
2.000000000000000000e+00 0.000000000000000000e+00
3.000000000000000000e+00 1.246603413786076061e-07
4.000000000000000000e+00 1.653832923182768119e-08
5.000000000000000000e+00 4.714927315546510464e-07
6.000000000000000000e+00 7.650244492349754378e-06
7.000000000000000000e+00 3.764140915843701787e-05
8.000000000000000000e+00 6.303423099088733171e-06
9.000000000000000000e+00 1.348720079370234027e-05
1.000000000000000000e+01 4.823096580062524242e-05
1.100000000000000000e+01 6.896998770063784734e-06
1.200000000000000000e+01 1.702777786369117518e-05
1.300000000000000000e+01 1.085541565417726250e-05
1.400000000000000000e+01 3.822093798873984474e-05
1.500000000000000000e+01 2.025352528448503474e-05
1.600000000000000000e+01 9.004454437890969110e-06
1.700000000000000000e+01 1.127806661862389259e-05
1.800000000000000000e+01 3.378063285184028001e-05
1.900000000000000000e+01 0.000000000000000000e+00
1.000000000000000000e+00 3.393407418175219608e-05
2.000000000000000000e+00 0.000000000000000000e+00
3.000000000000000000e+00 1.858736378860217621e-07
4.000000000000000000e+00 0.000000000000000000e+00
5.000000000000000000e+00 4.564106344292102055e-06
6.000000000000000000e+00 2.143668165339991764e-06
7.000000000000000000e+00 1.604200752807563929e-05
8.000000000000000000e+00 6.425806735404258260e-06
9.000000000000000000e+00 1.645933186180863902e-05
1.000000000000000000e+01 1.185162446772353733e-05
1.100000000000000000e+01 2.657400219319723653e-05
1.200000000000000000e+01 1.533124598140077840e-05
1.300000000000000000e+01 1.198736763752243554e-05
1.400000000000000000e+01 9.405111572294233842e-06
1.500000000000000000e+01 2.039390777780870581e-05
1.600000000000000000e+01 1.204810841033751099e-05
1.700000000000000000e+01 1.143013333415810045e-05
1.800000000000000000e+01 4.288169690646470448e-05
1.900000000000000000e+01 0.000000000000000000e+00
1.000000000000000000e+00 2.550914857416405215e-05
2.000000000000000000e+00 0.000000000000000000e+00
3.000000000000000000e+00 2.372928069522496764e-07
4.000000000000000000e+00 0.000000000000000000e+00
5.000000000000000000e+00 3.901756997732229733e-06
6.000000000000000000e+00 6.329111205272195715e-06
7.000000000000000000e+00 1.315591872867414661e-05
8.000000000000000000e+00 3.359815279319923126e-06
9.000000000000000000e+00 2.197587414305680358e-05
1.000000000000000000e+01 2.331522107063902492e-05
1.100000000000000000e+01 1.241856698513045152e-05
1.200000000000000000e+01 1.737701582902821250e-05
1.300000000000000000e+01 1.429345508292876563e-05
1.400000000000000000e+01 5.796748830804557859e-06
1.500000000000000000e+01 1.467443804905105143e-05
1.600000000000000000e+01 1.197396514733976009e-05
1.700000000000000000e+01 1.631864867158984661e-05
1.800000000000000000e+01 3.389146113604317358e-05
1.900000000000000000e+01 0.000000000000000000e+00
1.000000000000000000e+00 1.311223176548253893e-05
2.000000000000000000e+00 0.000000000000000000e+00
3.000000000000000000e+00 1.083367956432971813e-07
4.000000000000000000e+00 0.000000000000000000e+00
5.000000000000000000e+00 1.123016989890054799e-06
6.000000000000000000e+00 1.324226169427407657e-06
7.000000000000000000e+00 6.547546021230231564e-06
8.000000000000000000e+00 1.156737998843261808e-06
9.000000000000000000e+00 1.197228983606692545e-05
1.000000000000000000e+01 1.107054280428893393e-05
1.100000000000000000e+01 3.896791203292750751e-05
1.200000000000000000e+01 1.166772683800547465e-05
1.300000000000000000e+01 6.264933896512843796e-06
1.400000000000000000e+01 3.366413428332932394e-05
1.500000000000000000e+01 9.650652065512746163e-06
1.600000000000000000e+01 7.348860290036760180e-06
1.700000000000000000e+01 1.722610894437519617e-05
1.800000000000000000e+01 2.642807828566342179e-05
1.900000000000000000e+01 0.000000000000000000e+00
1.000000000000000000e+00 1.891593958157425438e-05
2.000000000000000000e+00 0.000000000000000000e+00
3.000000000000000000e+00 3.203710634051191239e-07
4.000000000000000000e+00 1.653832923182768119e-08
5.000000000000000000e+00 2.283191524677592657e-06
6.000000000000000000e+00 2.627145816000304911e-06
7.000000000000000000e+00 3.626237024069840992e-05
8.000000000000000000e+00 7.490402614241622770e-06
9.000000000000000000e+00 1.343333309277581607e-05
1.000000000000000000e+01 3.623337446866858126e-05
1.100000000000000000e+01 1.383274448289928125e-05
1.200000000000000000e+01 6.597375792422231519e-06
1.300000000000000000e+01 1.008936883549886620e-04
1.400000000000000000e+01 6.508171910648690448e-05
1.500000000000000000e+01 5.761365397588307581e-05
1.600000000000000000e+01 1.266041320220886750e-05
1.700000000000000000e+01 1.283309913340873081e-05
1.800000000000000000e+01 5.141981341671743582e-05
1.900000000000000000e+01 0.000000000000000000e+00
1.000000000000000000e+00 1.829517231994012000e-05
2.000000000000000000e+00 0.000000000000000000e+00
3.000000000000000000e+00 0.000000000000000000e+00
4.000000000000000000e+00 6.142808000393139580e-08
5.000000000000000000e+00 1.861141954021210971e-06
6.000000000000000000e+00 2.400806967370434532e-06
7.000000000000000000e+00 1.391788466091871652e-05
8.000000000000000000e+00 2.778911834639388461e-06
9.000000000000000000e+00 1.819272059210139456e-05
1.000000000000000000e+01 1.691862489076111117e-05
1.100000000000000000e+01 1.230567677936098884e-05
1.200000000000000000e+01 9.625780136616048931e-06
1.300000000000000000e+01 4.877947989403097724e-06
1.400000000000000000e+01 5.414262380206652635e-06
1.500000000000000000e+01 1.205296251735880054e-05
1.600000000000000000e+01 1.226723053348440179e-05
1.700000000000000000e+01 1.387256534315357822e-05
1.800000000000000000e+01 2.641364483469746518e-05
1.900000000000000000e+01 0.000000000000000000e+00
1.000000000000000000e+00 2.296061351788905661e-05
2.000000000000000000e+00 0.000000000000000000e+00
3.000000000000000000e+00 1.008193732651936949e-07
4.000000000000000000e+00 1.719986240110078976e-07
5.000000000000000000e+00 2.210422876057550826e-06
6.000000000000000000e+00 3.455050281675668572e-06
7.000000000000000000e+00 1.294813717414336554e-05
8.000000000000000000e+00 1.821836574158555436e-06
9.000000000000000000e+00 1.450901180003347045e-05
1.000000000000000000e+01 1.353200463107583715e-05
1.100000000000000000e+01 1.076400379805952545e-05
1.200000000000000000e+01 2.688956210628037170e-05
1.300000000000000000e+01 2.310318680287720206e-05
1.400000000000000000e+01 7.532586092957609332e-06
1.500000000000000000e+01 1.434921287862464286e-05
1.600000000000000000e+01 1.758368050937710099e-05
1.700000000000000000e+01 9.053468031796203753e-06
1.800000000000000000e+01 2.940630920507081474e-05
1.900000000000000000e+01 0.000000000000000000e+00
1.000000000000000000e+00 2.146202610598895144e-05
2.000000000000000000e+00 0.000000000000000000e+00
3.000000000000000000e+00 0.000000000000000000e+00
4.000000000000000000e+00 5.691762657706930002e-08
5.000000000000000000e+00 2.442088355401048594e-06
6.000000000000000000e+00 2.541661984386442590e-06
7.000000000000000000e+00 6.629722186997728617e-06
8.000000000000000000e+00 2.098305890875550290e-06
9.000000000000000000e+00 1.544392140367372438e-05
1.000000000000000000e+01 1.726812059629396920e-05
1.100000000000000000e+01 1.230597747625611357e-05
1.200000000000000000e+01 2.005158584105952375e-05
1.300000000000000000e+01 4.166898632842904832e-05
1.400000000000000000e+01 5.290418216114810447e-06
1.500000000000000000e+01 1.461928164714542366e-05
1.600000000000000000e+01 4.204498631743213251e-05
1.700000000000000000e+01 1.891563888467912965e-05
1.800000000000000000e+01 2.948977407181741536e-05
1.900000000000000000e+01 0.000000000000000000e+00
1.000000000000000000e+00 1.782075853283283376e-05
2.000000000000000000e+00 0.000000000000000000e+00
3.000000000000000000e+00 1.640516346398699317e-07
4.000000000000000000e+00 1.653832923182768119e-08
5.000000000000000000e+00 3.173683901238080782e-06
6.000000000000000000e+00 4.750839116164193438e-06
7.000000000000000000e+00 1.968989043292448750e-05
8.000000000000000000e+00 1.881718212987562824e-06
9.000000000000000000e+00 1.497118292783927447e-05
1.000000000000000000e+01 1.090021949155075938e-05
1.100000000000000000e+01 1.644253579238099197e-05
1.200000000000000000e+01 1.231087453997670714e-05
1.300000000000000000e+01 1.443907829356745732e-05
1.400000000000000000e+01 7.455908384700953618e-06
1.500000000000000000e+01 2.318480453155375706e-05
1.600000000000000000e+01 1.468616522796089224e-05
1.700000000000000000e+01 1.350880801345197625e-05
1.800000000000000000e+01 4.660986588231170010e-05
1.900000000000000000e+01 0.000000000000000000e+00
1.000000000000000000e+00 2.931592830973635884e-05
2.000000000000000000e+00 0.000000000000000000e+00
3.000000000000000000e+00 3.740239808351263059e-07
4.000000000000000000e+00 1.228561600078627916e-07
5.000000000000000000e+00 6.313646793522953707e-06
6.000000000000000000e+00 5.597988183127501787e-06
7.000000000000000000e+00 3.955482941551052367e-05
8.000000000000000000e+00 1.077530140997633116e-05
9.000000000000000000e+00 1.449075520282950545e-05
1.000000000000000000e+01 1.900795283148224259e-05
1.100000000000000000e+01 1.276282197334828893e-05
1.200000000000000000e+01 1.359570941614285250e-05
1.300000000000000000e+01 4.418027792640795572e-05
1.400000000000000000e+01 2.881028500223546554e-05
1.500000000000000000e+01 3.838812546242886332e-05
1.600000000000000000e+01 9.927593905922078217e-06
1.700000000000000000e+01 2.279819423782271956e-05
1.800000000000000000e+01 8.188182646386980466e-05
1.900000000000000000e+01 0.000000000000000000e+00
1.000000000000000000e+00 1.295002726891271688e-05
2.000000000000000000e+00 0.000000000000000000e+00
3.000000000000000000e+00 0.000000000000000000e+00
4.000000000000000000e+00 2.835142154027602679e-08
5.000000000000000000e+00 2.478687463207586630e-06
6.000000000000000000e+00 1.965354906531376764e-06
7.000000000000000000e+00 9.637765055721710450e-06
8.000000000000000000e+00 2.309180327756179085e-06
9.000000000000000000e+00 6.230955147363816072e-06
1.000000000000000000e+01 1.654219533476499357e-05
1.100000000000000000e+01 8.832928337572299021e-06
1.200000000000000000e+01 9.401417296154137502e-06
1.300000000000000000e+01 1.023013793911626563e-05
1.400000000000000000e+01 7.110579479000531029e-06
1.500000000000000000e+01 2.425167711545420313e-05
1.600000000000000000e+01 9.148316423858218128e-06
1.700000000000000000e+01 9.611690339244517681e-06
1.800000000000000000e+01 3.607971835526014849e-05
1.900000000000000000e+01 0.000000000000000000e+00
1.000000000000000000e+00 1.844204127485860956e-05
2.000000000000000000e+00 0.000000000000000000e+00
3.000000000000000000e+00 1.971282931035252874e-07
4.000000000000000000e+00 4.488975077210371129e-08
5.000000000000000000e+00 2.549351233561759577e-06
6.000000000000000000e+00 8.989247766337548663e-06
7.000000000000000000e+00 1.757500325611780474e-05
8.000000000000000000e+00 6.139543291246077323e-06
9.000000000000000000e+00 4.388336122082252001e-05
1.000000000000000000e+01 4.680454564355493045e-05
1.100000000000000000e+01 1.265749214665623331e-05
1.200000000000000000e+01 1.199677515466988991e-05
1.300000000000000000e+01 8.262145491247657877e-05
1.400000000000000000e+01 1.802261206285974009e-05
1.500000000000000000e+01 3.094050772069347572e-05
1.600000000000000000e+01 1.496731682490196375e-05
1.700000000000000000e+01 1.605197348231403911e-05
1.800000000000000000e+01 5.497323453979800073e-05
1.900000000000000000e+01 0.000000000000000000e+00
1.000000000000000000e+00 1.869759067901482572e-05
2.000000000000000000e+00 0.000000000000000000e+00
3.000000000000000000e+00 1.943790643481045913e-07
4.000000000000000000e+00 2.835142154027602679e-08
5.000000000000000000e+00 5.311166301878375404e-06
6.000000000000000000e+00 6.716838373185121565e-06
7.000000000000000000e+00 3.845853149258721555e-05
8.000000000000000000e+00 7.788479150708251699e-06
9.000000000000000000e+00 1.507492335665710179e-05
1.000000000000000000e+01 5.292772243236639412e-05
1.100000000000000000e+01 1.172155158223269652e-05
1.200000000000000000e+01 5.293137375180718474e-05
1.300000000000000000e+01 1.596219398076983065e-04
1.400000000000000000e+01 4.320181022967400447e-05
1.500000000000000000e+01 3.133540865739007671e-05
1.600000000000000000e+01 4.180567454561262135e-05
1.700000000000000000e+01 9.494418550146102860e-06
1.800000000000000000e+01 6.094069329363446591e-05
1.900000000000000000e+01 0.000000000000000000e+00
1.000000000000000000e+00 3.715389357804218260e-05
2.000000000000000000e+00 0.000000000000000000e+00
3.000000000000000000e+00 0.000000000000000000e+00
4.000000000000000000e+00 6.142808000393139580e-08
5.000000000000000000e+00 1.607611514732257567e-06
6.000000000000000000e+00 8.166412191179992948e-06
7.000000000000000000e+00 1.254490263778189366e-05
8.000000000000000000e+00 3.161698982132418416e-06
9.000000000000000000e+00 2.094414013918657590e-05
1.000000000000000000e+01 2.263543130416195375e-05
1.100000000000000000e+01 1.173319284774393098e-05
1.200000000000000000e+01 2.079383464832380903e-05
1.300000000000000000e+01 1.295694329750057215e-05
1.400000000000000000e+01 1.630271173614826634e-05
1.500000000000000000e+01 4.190039406757672876e-05
1.600000000000000000e+01 1.079282774329213804e-05
1.700000000000000000e+01 1.352096475935485214e-05
1.800000000000000000e+01 5.683682502567951082e-05
1.900000000000000000e+01 0.000000000000000000e+00
1.000000000000000000e+00 1.197383627724184973e-05
2.000000000000000000e+00 0.000000000000000000e+00
3.000000000000000000e+00 2.760827064232636775e-07
4.000000000000000000e+00 4.488975077210371129e-08
5.000000000000000000e+00 3.181888630805039197e-06
6.000000000000000000e+00 2.744847172091753974e-06
7.000000000000000000e+00 7.503633277627085537e-06
8.000000000000000000e+00 3.145676133292232233e-06
9.000000000000000000e+00 1.285694010152214349e-05
1.000000000000000000e+01 1.018636506252605161e-05
1.100000000000000000e+01 8.681806669422767681e-06
1.200000000000000000e+01 8.979367725497755182e-06
1.300000000000000000e+01 8.206147138035681878e-06
1.400000000000000000e+01 3.483530573313854956e-06
1.500000000000000000e+01 1.572219490176146402e-05
1.600000000000000000e+01 1.194337997743570482e-05
1.700000000000000000e+01 8.615524482397546877e-06
1.800000000000000000e+01 2.045473446402238759e-05
1.900000000000000000e+01 0.000000000000000000e+00
1.000000000000000000e+00 4.180464358482933849e-05
2.000000000000000000e+00 0.000000000000000000e+00
3.000000000000000000e+00 0.000000000000000000e+00
4.000000000000000000e+00 0.000000000000000000e+00
5.000000000000000000e+00 1.905043700709335346e-06
6.000000000000000000e+00 1.191146314985324197e-06
7.000000000000000000e+00 3.196085819924829134e-05
8.000000000000000000e+00 9.250725194997639557e-06
9.000000000000000000e+00 2.353670581224760617e-05
1.000000000000000000e+01 1.293868670029660714e-05
1.100000000000000000e+01 1.059127491016035813e-05
1.200000000000000000e+01 1.628608749351783197e-05
1.300000000000000000e+01 7.053833679220675805e-06
1.400000000000000000e+01 7.831650633508217948e-06
1.500000000000000000e+01 1.543588850090397822e-05
1.600000000000000000e+01 1.302734932765892438e-05
1.700000000000000000e+01 1.302528740609235866e-05
1.800000000000000000e+01 3.544314302828234590e-05
1.900000000000000000e+01 0.000000000000000000e+00
1.000000000000000000e+00 1.683507411061590590e-05
2.000000000000000000e+00 0.000000000000000000e+00
3.000000000000000000e+00 1.426162416874490932e-07
4.000000000000000000e+00 3.232062055591467160e-07
5.000000000000000000e+00 1.251371607408759063e-06
6.000000000000000000e+00 1.884939965435321329e-06
7.000000000000000000e+00 4.282009699966355716e-06
8.000000000000000000e+00 3.897375414403277591e-06
9.000000000000000000e+00 9.871750196827594646e-06
1.000000000000000000e+01 1.385602701392175018e-05
1.100000000000000000e+01 9.074602727853500628e-06
1.200000000000000000e+01 1.273258045703866072e-05
1.300000000000000000e+01 1.318985452112386947e-05
1.400000000000000000e+01 9.076278039126335271e-06
1.500000000000000000e+01 2.244358668507275126e-05
1.600000000000000000e+01 6.655238466383976787e-06
1.700000000000000000e+01 4.147228760231855965e-05
1.800000000000000000e+01 5.929867346276014849e-05
1.900000000000000000e+01 0.000000000000000000e+00
1.000000000000000000e+00 2.855370463729596652e-05
2.000000000000000000e+00 0.000000000000000000e+00
3.000000000000000000e+00 0.000000000000000000e+00
4.000000000000000000e+00 2.617781255552153070e-07
5.000000000000000000e+00 3.286488193608936273e-06
6.000000000000000000e+00 8.860463581825809735e-06
7.000000000000000000e+00 3.953433906994278197e-05
8.000000000000000000e+00 9.374483445690874557e-06
9.000000000000000000e+00 1.414860509287753777e-05
1.000000000000000000e+01 1.783669546827441402e-05
1.100000000000000000e+01 8.191971427265544288e-06
1.200000000000000000e+01 1.420711211732883482e-05
1.300000000000000000e+01 4.143938277065211626e-05
1.400000000000000000e+01 1.369816114398157625e-05
1.500000000000000000e+01 1.552214555310530268e-05
1.600000000000000000e+01 1.680423120051602822e-05
1.700000000000000000e+01 9.701340970690815448e-06
1.800000000000000000e+01 4.145562040298881787e-05
1.900000000000000000e+01 0.000000000000000000e+00
1.000000000000000000e+00 2.405695439751167215e-05
2.000000000000000000e+00 0.000000000000000000e+00
3.000000000000000000e+00 2.835142154027602679e-08
4.000000000000000000e+00 1.393944892396904562e-07
5.000000000000000000e+00 6.506908983689169287e-06
6.000000000000000000e+00 4.420630968618584109e-06
7.000000000000000000e+00 6.016300520944483751e-06
8.000000000000000000e+00 6.605365738492672814e-06
9.000000000000000000e+00 5.980045066732372769e-06
1.000000000000000000e+01 2.910256238429612840e-05
1.100000000000000000e+01 1.132557672805350697e-05
1.200000000000000000e+01 1.410921379961627590e-05
1.300000000000000000e+01 1.107097237128196732e-05
1.400000000000000000e+01 1.988903769089527465e-05
1.500000000000000000e+01 2.976164702170894116e-05
1.600000000000000000e+01 1.901053023344044974e-05
1.700000000000000000e+01 1.192383467925263456e-05
1.800000000000000000e+01 6.937657285954499189e-05
1.900000000000000000e+01 0.000000000000000000e+00
1.000000000000000000e+00 1.514481390642381259e-05
2.000000000000000000e+00 0.000000000000000000e+00
3.000000000000000000e+00 6.142808000393139580e-08
4.000000000000000000e+00 0.000000000000000000e+00
5.000000000000000000e+00 1.850746432789776273e-06
6.000000000000000000e+00 2.813105367284933728e-06
7.000000000000000000e+00 5.904784929552730984e-06
8.000000000000000000e+00 4.274320450791038305e-06
9.000000000000000000e+00 1.063324360537982715e-05
1.000000000000000000e+01 1.335906095968015313e-05
1.100000000000000000e+01 1.027373898890926697e-05
1.200000000000000000e+01 9.704949333432305448e-06
1.300000000000000000e+01 6.156554144170242769e-06
1.400000000000000000e+01 3.746812183344690849e-06
1.500000000000000000e+01 1.351357620707465777e-05
1.600000000000000000e+01 1.140972890198896340e-05
1.700000000000000000e+01 5.732313781849385224e-06
1.800000000000000000e+01 2.188759812598821742e-05
1.900000000000000000e+01 0.000000000000000000e+00
1.000000000000000000e+00 1.727254513632222536e-05
2.000000000000000000e+00 0.000000000000000000e+00
3.000000000000000000e+00 1.908136583059183441e-07
4.000000000000000000e+00 1.202787580496558707e-08
5.000000000000000000e+00 2.243757274717026764e-06
6.000000000000000000e+00 4.169420191092016921e-06
7.000000000000000000e+00 4.336049227690094287e-06
8.000000000000000000e+00 1.899459329799887032e-06
9.000000000000000000e+00 1.361650045860572063e-05
1.000000000000000000e+01 1.605583958525134982e-05
1.100000000000000000e+01 6.838319918815274154e-06
1.200000000000000000e+01 1.146028893706912232e-05
1.300000000000000000e+01 1.019061777575709340e-05
1.400000000000000000e+01 5.199908450682444198e-06
1.500000000000000000e+01 1.350550034760560929e-05
1.600000000000000000e+01 1.013748033871872732e-05
1.700000000000000000e+01 7.537955680370540315e-06
1.800000000000000000e+01 2.263680591853966197e-05
1.900000000000000000e+01 0.000000000000000000e+00
