1.000000000000000000e+00 1.391270000000000007e+00
2.000000000000000000e+00 9.711080000000000823e+00
3.000000000000000000e+00 0.000000000000000000e+00
4.000000000000000000e+00 0.000000000000000000e+00
5.000000000000000000e+00 1.400279999999999969e+00
6.000000000000000000e+00 1.473748000000000002e-01
7.000000000000000000e+00 -2.028004999999999836e+00
8.000000000000000000e+00 -1.119793000000000038e+00
9.000000000000000000e+00 5.952809000000000017e-01
1.000000000000000000e+01 4.376338999999999757e+00
1.100000000000000000e+01 4.957857999999999876e+00
1.200000000000000000e+01 4.399290999999999840e+00
1.300000000000000000e+01 4.489504000000000161e+00
1.400000000000000000e+01 -1.336988999999999983e+00
1.500000000000000000e+01 8.203025999999999374e-02
1.600000000000000000e+01 4.980541999999999803e+00
1.700000000000000000e+01 3.418825000000000003e+00
1.800000000000000000e+01 3.448620000000000019e+00
1.900000000000000000e+01 4.599768000000000079e+00
1.000000000000000000e+00 1.558953000000000033e+00
2.000000000000000000e+00 1.185857000000000028e+01
3.000000000000000000e+00 0.000000000000000000e+00
4.000000000000000000e+00 0.000000000000000000e+00
5.000000000000000000e+00 -1.164984999999999937e+00
6.000000000000000000e+00 -4.546149999999999913e-01
7.000000000000000000e+00 1.419656999999999947e+00
8.000000000000000000e+00 7.308094000000000534e-01
9.000000000000000000e+00 1.137326000000000059e+00
1.000000000000000000e+01 5.256293999999999578e+00
1.100000000000000000e+01 3.652172000000000196e+00
1.200000000000000000e+01 4.203164000000000122e+00
1.300000000000000000e+01 3.754081999999999919e+00
1.400000000000000000e+01 1.921135000000000037e+00
1.500000000000000000e+01 1.698727000000000098e+00
1.600000000000000000e+01 5.866374999999999673e+00
1.700000000000000000e+01 4.856614000000000431e+00
1.800000000000000000e+01 8.831206999999999807e-01
1.900000000000000000e+01 5.761912999999999840e+00
1.000000000000000000e+00 1.353155000000000108e+00
2.000000000000000000e+00 9.283528999999999698e+00
3.000000000000000000e+00 0.000000000000000000e+00
4.000000000000000000e+00 0.000000000000000000e+00
5.000000000000000000e+00 0.000000000000000000e+00
6.000000000000000000e+00 -1.510425999999999991e-01
7.000000000000000000e+00 -4.304435999999999818e-01
8.000000000000000000e+00 2.506164000000000058e+00
9.000000000000000000e+00 2.701960000000000139e+00
1.000000000000000000e+01 3.992199999999999971e+00
1.100000000000000000e+01 3.877008000000000010e+00
1.200000000000000000e+01 4.812109000000000414e+00
1.300000000000000000e+01 2.644845999999999808e+00
1.400000000000000000e+01 6.572189999999999976e-01
1.500000000000000000e+01 3.122161999999999882e+00
1.600000000000000000e+01 5.035598000000000241e+00
1.700000000000000000e+01 4.469973999999999670e+00
1.800000000000000000e+01 2.525853000000000126e+00
1.900000000000000000e+01 5.260343999999999909e+00
1.000000000000000000e+00 2.461822999999999873e+00
2.000000000000000000e+00 8.909703999999999624e+00
3.000000000000000000e+00 0.000000000000000000e+00
4.000000000000000000e+00 1.005038000000000098e+00
5.000000000000000000e+00 0.000000000000000000e+00
6.000000000000000000e+00 -1.494529999999999914e+00
7.000000000000000000e+00 -6.886626000000000136e-01
8.000000000000000000e+00 1.682123999999999953e+00
9.000000000000000000e+00 3.001806999999999892e+00
1.000000000000000000e+01 6.045818999999999832e+00
1.100000000000000000e+01 3.974936000000000025e+00
1.200000000000000000e+01 5.493362000000000300e+00
1.300000000000000000e+01 5.021202999999999861e+00
1.400000000000000000e+01 2.990115999999999996e+00
1.500000000000000000e+01 2.807881000000000071e+00
1.600000000000000000e+01 3.995560999999999918e+00
1.700000000000000000e+01 4.295497000000000121e+00
1.800000000000000000e+01 3.082943999999999907e+00
1.900000000000000000e+01 5.011682000000000414e+00
1.000000000000000000e+00 -1.731257999999999964e+00
2.000000000000000000e+00 9.460041000000000366e+00
3.000000000000000000e+00 0.000000000000000000e+00
4.000000000000000000e+00 -1.005038000000000098e+00
5.000000000000000000e+00 -1.935780999999999974e+00
6.000000000000000000e+00 3.244540000000000202e-01
7.000000000000000000e+00 4.771696000000000271e-01
8.000000000000000000e+00 2.921675000000000022e+00
9.000000000000000000e+00 1.791430000000000078e+00
1.000000000000000000e+01 4.195738999999999663e+00
1.100000000000000000e+01 4.870123000000000424e+00
1.200000000000000000e+01 4.814592000000000205e+00
1.300000000000000000e+01 4.815160999999999802e+00
1.400000000000000000e+01 1.751316000000000095e+00
1.500000000000000000e+01 1.294585000000000097e+00
1.600000000000000000e+01 3.678939000000000181e+00
1.700000000000000000e+01 3.355026000000000064e+00
1.800000000000000000e+01 3.205805999999999933e+00
1.900000000000000000e+01 3.620099999999999874e+00
1.000000000000000000e+00 2.969132999999999800e+00
2.000000000000000000e+00 1.081256999999999913e+01
3.000000000000000000e+00 0.000000000000000000e+00
4.000000000000000000e+00 0.000000000000000000e+00
5.000000000000000000e+00 1.005038000000000098e+00
6.000000000000000000e+00 8.761904999999999832e-01
7.000000000000000000e+00 -4.936800000000000077e-01
8.000000000000000000e+00 2.361626999999999921e+00
9.000000000000000000e+00 -4.128567000000000209e-01
1.000000000000000000e+01 3.752721000000000195e+00
1.100000000000000000e+01 3.344208000000000069e+00
1.200000000000000000e+01 4.519356000000000151e+00
1.300000000000000000e+01 3.793644000000000016e+00
1.400000000000000000e+01 1.660036000000000067e+00
1.500000000000000000e+01 2.559963000000000211e+00
1.600000000000000000e+01 4.717770999999999937e+00
1.700000000000000000e+01 4.345423000000000258e+00
1.800000000000000000e+01 3.111282000000000103e+00
1.900000000000000000e+01 5.322111999999999732e+00
1.000000000000000000e+00 -6.932237999999999456e-01
2.000000000000000000e+00 1.026924999999999955e+01
3.000000000000000000e+00 0.000000000000000000e+00
4.000000000000000000e+00 0.000000000000000000e+00
5.000000000000000000e+00 1.650330000000000075e+00
6.000000000000000000e+00 -1.057092000000000032e-01
7.000000000000000000e+00 -1.413925000000000098e+00
8.000000000000000000e+00 2.336860000000000159e+00
9.000000000000000000e+00 -2.117674000000000056e+00
1.000000000000000000e+01 5.487618999999999581e+00
1.100000000000000000e+01 4.177921999999999692e+00
1.200000000000000000e+01 4.151121999999999979e+00
1.300000000000000000e+01 4.398621999999999588e+00
1.400000000000000000e+01 -3.739788000000000001e-01
1.500000000000000000e+01 1.750696999999999948e+00
1.600000000000000000e+01 4.994993000000000016e+00
1.700000000000000000e+01 4.552298000000000400e+00
1.800000000000000000e+01 1.705038999999999971e+00
1.900000000000000000e+01 6.588333999999999691e+00
1.000000000000000000e+00 -1.575920999999999905e+00
2.000000000000000000e+00 1.119443000000000055e+01
3.000000000000000000e+00 0.000000000000000000e+00
4.000000000000000000e+00 0.000000000000000000e+00
5.000000000000000000e+00 0.000000000000000000e+00
6.000000000000000000e+00 1.325452999999999992e+00
7.000000000000000000e+00 8.859321999999999475e-01
8.000000000000000000e+00 2.895862000000000158e-01
9.000000000000000000e+00 2.055000000000000160e+00
1.000000000000000000e+01 4.105735000000000134e+00
1.100000000000000000e+01 4.659715000000000273e+00
1.200000000000000000e+01 4.240043000000000006e+00
1.300000000000000000e+01 3.167971999999999788e+00
1.400000000000000000e+01 2.672432999999999836e+00
1.500000000000000000e+01 1.339884000000000075e+00
1.600000000000000000e+01 6.559194999999999887e+00
1.700000000000000000e+01 3.989396999999999860e+00
1.800000000000000000e+01 3.726672000000000207e+00
1.900000000000000000e+01 7.559146000000000143e+00
1.000000000000000000e+00 4.052895000000000247e-01
2.000000000000000000e+00 1.261430000000000007e+01
3.000000000000000000e+00 0.000000000000000000e+00
4.000000000000000000e+00 -1.005038000000000098e+00
5.000000000000000000e+00 -1.425343000000000027e+00
6.000000000000000000e+00 -8.519873000000000030e-01
7.000000000000000000e+00 -3.420816999999999886e-01
8.000000000000000000e+00 2.430727000000000082e+00
9.000000000000000000e+00 5.128618000000000343e-01
1.000000000000000000e+01 5.940500000000000114e+00
1.100000000000000000e+01 3.859890000000000043e+00
1.200000000000000000e+01 4.386927000000000021e+00
1.300000000000000000e+01 3.270335000000000214e+00
1.400000000000000000e+01 3.542661999999999756e-01
1.500000000000000000e+01 2.708374000000000059e+00
1.600000000000000000e+01 3.505046000000000106e+00
1.700000000000000000e+01 4.335522000000000098e+00
1.800000000000000000e+01 2.502266000000000101e+00
1.900000000000000000e+01 3.811386999999999858e+00
1.000000000000000000e+00 -1.207786999999999944e+00
2.000000000000000000e+00 9.821146999999999849e+00
3.000000000000000000e+00 0.000000000000000000e+00
4.000000000000000000e+00 0.000000000000000000e+00
5.000000000000000000e+00 0.000000000000000000e+00
6.000000000000000000e+00 2.094917000000000029e-01
7.000000000000000000e+00 -8.677664999999999962e-01
8.000000000000000000e+00 7.423022000000000231e-01
9.000000000000000000e+00 1.608670999999999962e+00
1.000000000000000000e+01 2.383360000000000145e+00
1.100000000000000000e+01 4.400896999999999615e+00
1.200000000000000000e+01 4.909292999999999907e+00
1.300000000000000000e+01 2.913232999999999961e+00
1.400000000000000000e+01 2.692420999999999842e-01
1.500000000000000000e+01 1.322775000000000034e+00
1.600000000000000000e+01 4.818737999999999744e+00
1.700000000000000000e+01 4.043439000000000227e+00
1.800000000000000000e+01 1.170163000000000064e+00
1.900000000000000000e+01 4.973213999999999579e+00
1.000000000000000000e+00 1.842978000000000005e+00
2.000000000000000000e+00 9.565638999999999115e+00
3.000000000000000000e+00 0.000000000000000000e+00
4.000000000000000000e+00 0.000000000000000000e+00
5.000000000000000000e+00 0.000000000000000000e+00
6.000000000000000000e+00 1.392916999999999961e+00
7.000000000000000000e+00 -1.857231000000000076e+00
8.000000000000000000e+00 -3.877673999999999843e-01
9.000000000000000000e+00 -4.742999999999999994e-01
1.000000000000000000e+01 4.107334999999999958e+00
1.100000000000000000e+01 4.285243999999999609e+00
1.200000000000000000e+01 4.788199999999999790e+00
1.300000000000000000e+01 4.645539999999999559e+00
1.400000000000000000e+01 5.924515999999999671e-01
1.500000000000000000e+01 9.313320000000000487e-01
1.600000000000000000e+01 6.276073000000000235e+00
1.700000000000000000e+01 3.697954000000000185e+00
1.800000000000000000e+01 3.983931000000000111e+00
1.900000000000000000e+01 4.698865999999999765e+00
1.000000000000000000e+00 3.181603000000000070e-01
2.000000000000000000e+00 8.310758999999999119e+00
3.000000000000000000e+00 0.000000000000000000e+00
4.000000000000000000e+00 0.000000000000000000e+00
5.000000000000000000e+00 1.005038000000000098e+00
6.000000000000000000e+00 -1.005038000000000098e+00
7.000000000000000000e+00 -1.979241000000000028e+00
8.000000000000000000e+00 2.425705999999999918e+00
9.000000000000000000e+00 2.090577000000000130e+00
1.000000000000000000e+01 5.276743999999999879e+00
1.100000000000000000e+01 5.547970000000000290e+00
1.200000000000000000e+01 4.303101999999999983e+00
1.300000000000000000e+01 4.151931000000000260e+00
1.400000000000000000e+01 1.028467999999999938e+00
1.500000000000000000e+01 1.694160000000000110e+00
1.600000000000000000e+01 5.824143000000000292e+00
1.700000000000000000e+01 4.237701000000000384e+00
1.800000000000000000e+01 2.440844999999999931e+00
1.900000000000000000e+01 5.182396999999999920e+00
1.000000000000000000e+00 6.957246999999999737e-01
2.000000000000000000e+00 1.110637999999999970e+01
3.000000000000000000e+00 0.000000000000000000e+00
4.000000000000000000e+00 0.000000000000000000e+00
5.000000000000000000e+00 1.005038000000000098e+00
6.000000000000000000e+00 -2.054886999999999908e+00
7.000000000000000000e+00 -6.987965999999999900e-01
8.000000000000000000e+00 4.863527999999999740e-01
9.000000000000000000e+00 -8.640536000000000050e-02
1.000000000000000000e+01 3.604935999999999918e+00
1.100000000000000000e+01 3.660287999999999986e+00
1.200000000000000000e+01 4.667142000000000124e+00
1.300000000000000000e+01 3.341498000000000079e+00
1.400000000000000000e+01 1.816799000000000053e+00
1.500000000000000000e+01 6.241653000000000340e-01
1.600000000000000000e+01 5.876788000000000345e+00
1.700000000000000000e+01 3.782583999999999946e+00
1.800000000000000000e+01 2.913565999999999878e+00
1.900000000000000000e+01 7.509082000000000257e+00
1.000000000000000000e+00 9.407858999999999527e-01
2.000000000000000000e+00 9.135965999999999809e+00
3.000000000000000000e+00 0.000000000000000000e+00
4.000000000000000000e+00 0.000000000000000000e+00
5.000000000000000000e+00 -1.996059000000000028e+00
6.000000000000000000e+00 1.220296999999999965e+00
7.000000000000000000e+00 1.228377000000000052e+00
8.000000000000000000e+00 6.367279999999999607e-01
9.000000000000000000e+00 -1.308229000000000086e+00
1.000000000000000000e+01 4.194708999999999577e+00
1.100000000000000000e+01 3.985408000000000062e+00
1.200000000000000000e+01 4.188633000000000273e+00
1.300000000000000000e+01 4.482582999999999984e+00
1.400000000000000000e+01 2.369956999999999869e+00
1.500000000000000000e+01 2.439967999999999915e+00
1.600000000000000000e+01 3.266382000000000119e+00
1.700000000000000000e+01 5.011711000000000027e+00
1.800000000000000000e+01 1.581345999999999918e+00
1.900000000000000000e+01 4.165995999999999810e+00
1.000000000000000000e+00 -1.551795999999999953e+00
2.000000000000000000e+00 1.048015999999999970e+01
3.000000000000000000e+00 0.000000000000000000e+00
4.000000000000000000e+00 -1.005038000000000098e+00
5.000000000000000000e+00 0.000000000000000000e+00
6.000000000000000000e+00 -5.141919000000000350e-01
7.000000000000000000e+00 8.429868000000000361e-01
8.000000000000000000e+00 2.155056000000000083e+00
9.000000000000000000e+00 9.929694000000000020e-01
1.000000000000000000e+01 5.556714000000000375e+00
1.100000000000000000e+01 4.061047000000000295e+00
1.200000000000000000e+01 3.258461000000000052e+00
1.300000000000000000e+01 3.835837999999999859e+00
1.400000000000000000e+01 2.005818000000000101e+00
1.500000000000000000e+01 1.764110000000000067e+00
1.600000000000000000e+01 4.253358000000000416e+00
1.700000000000000000e+01 4.589570000000000149e+00
1.800000000000000000e+01 2.656804999999999861e+00
1.900000000000000000e+01 6.594581999999999944e+00
1.000000000000000000e+00 -1.649016000000000037e+00
2.000000000000000000e+00 8.962564999999999671e+00
3.000000000000000000e+00 0.000000000000000000e+00
4.000000000000000000e+00 0.000000000000000000e+00
5.000000000000000000e+00 -1.727695999999999898e+00
6.000000000000000000e+00 1.312615000000000087e+00
7.000000000000000000e+00 4.560655000000000125e-01
8.000000000000000000e+00 1.450876999999999861e-01
9.000000000000000000e+00 2.166570000000000107e+00
1.000000000000000000e+01 3.778404000000000096e+00
1.100000000000000000e+01 3.202825999999999951e+00
1.200000000000000000e+01 2.889384000000000174e+00
1.300000000000000000e+01 4.231859000000000037e+00
1.400000000000000000e+01 2.872808000000000028e+00
1.500000000000000000e+01 2.050062000000000051e+00
1.600000000000000000e+01 6.266104000000000340e+00
1.700000000000000000e+01 5.159175000000000288e+00
1.800000000000000000e+01 2.301543999999999812e+00
1.900000000000000000e+01 7.974677999999999933e+00
1.000000000000000000e+00 -1.353880999999999890e+00
2.000000000000000000e+00 9.581148000000000664e+00
3.000000000000000000e+00 0.000000000000000000e+00
4.000000000000000000e+00 0.000000000000000000e+00
5.000000000000000000e+00 1.005038000000000098e+00
6.000000000000000000e+00 4.423576000000000175e-01
7.000000000000000000e+00 -1.035598999999999936e+00
8.000000000000000000e+00 2.856269000000000169e+00
9.000000000000000000e+00 1.236469999999999958e+00
1.000000000000000000e+01 5.529687000000000019e+00
1.100000000000000000e+01 3.944873999999999992e+00
1.200000000000000000e+01 5.864817999999999643e+00
1.300000000000000000e+01 3.723955000000000126e+00
1.400000000000000000e+01 1.456515999999999922e+00
1.500000000000000000e+01 2.448922000000000043e+00
1.600000000000000000e+01 4.096061999999999870e+00
1.700000000000000000e+01 7.418942999999999621e+00
1.800000000000000000e+01 2.021973000000000020e+00
1.900000000000000000e+01 4.022869000000000028e+00
1.000000000000000000e+00 -1.456814999999999971e+00
2.000000000000000000e+00 8.776348999999999734e+00
3.000000000000000000e+00 0.000000000000000000e+00
4.000000000000000000e+00 0.000000000000000000e+00
5.000000000000000000e+00 -1.005038000000000098e+00
6.000000000000000000e+00 -5.701102000000000114e-01
7.000000000000000000e+00 6.185971000000000108e-01
8.000000000000000000e+00 2.740655999999999981e+00
9.000000000000000000e+00 9.784751999999999894e-01
1.000000000000000000e+01 4.720305999999999891e+00
1.100000000000000000e+01 4.724999000000000393e+00
1.200000000000000000e+01 5.719473999999999947e+00
1.300000000000000000e+01 3.105653999999999915e+00
1.400000000000000000e+01 1.509009000000000045e+00
1.500000000000000000e+01 2.097191000000000027e+00
1.600000000000000000e+01 5.588950999999999780e+00
1.700000000000000000e+01 4.154640999999999806e+00
1.800000000000000000e+01 3.813956000000000124e+00
1.900000000000000000e+01 2.705008999999999997e+00
1.000000000000000000e+00 -2.365949000000000080e+00
2.000000000000000000e+00 1.041275000000000084e+01
3.000000000000000000e+00 0.000000000000000000e+00
4.000000000000000000e+00 1.005038000000000098e+00
5.000000000000000000e+00 -3.550622999999999974e-01
6.000000000000000000e+00 7.052739999999999565e-01
7.000000000000000000e+00 -1.111110999999999960e+00
8.000000000000000000e+00 -3.777402000000000259e-01
9.000000000000000000e+00 -4.334022000000000152e-01
1.000000000000000000e+01 4.845284000000000368e+00
1.100000000000000000e+01 3.794293999999999834e+00
1.200000000000000000e+01 5.447474999999999845e+00
1.300000000000000000e+01 5.127856999999999665e+00
1.400000000000000000e+01 2.189499000000000084e+00
1.500000000000000000e+01 2.883491999999999944e+00
1.600000000000000000e+01 5.772778999999999883e+00
1.700000000000000000e+01 5.102718999999999561e+00
1.800000000000000000e+01 2.940751999999999811e+00
1.900000000000000000e+01 3.957221000000000100e+00
1.000000000000000000e+00 1.550953000000000026e+00
2.000000000000000000e+00 1.099912999999999919e+01
3.000000000000000000e+00 0.000000000000000000e+00
4.000000000000000000e+00 1.005038000000000098e+00
5.000000000000000000e+00 -1.749117000000000033e+00
6.000000000000000000e+00 1.196649999999999936e-01
7.000000000000000000e+00 -7.138098999999999972e-01
8.000000000000000000e+00 2.712464000000000208e+00
9.000000000000000000e+00 1.275303000000000075e+00
1.000000000000000000e+01 2.941527999999999921e+00
1.100000000000000000e+01 4.702803000000000289e+00
1.200000000000000000e+01 4.840506000000000419e+00
1.300000000000000000e+01 5.061040000000000205e+00
1.400000000000000000e+01 1.706901999999999919e+00
1.500000000000000000e+01 1.332797000000000009e+00
1.600000000000000000e+01 4.523687999999999931e+00
1.700000000000000000e+01 3.252269000000000077e+00
1.800000000000000000e+01 3.188594999999999846e+00
1.900000000000000000e+01 6.998084999999999667e+00
1.000000000000000000e+00 2.492414000000000129e+00
2.000000000000000000e+00 8.609966000000000008e+00
3.000000000000000000e+00 0.000000000000000000e+00
4.000000000000000000e+00 0.000000000000000000e+00
5.000000000000000000e+00 0.000000000000000000e+00
6.000000000000000000e+00 -5.951456000000000524e-01
7.000000000000000000e+00 -1.678911000000000042e+00
8.000000000000000000e+00 5.381917000000000506e-01
9.000000000000000000e+00 3.235400000000000081e-02
1.000000000000000000e+01 4.970561000000000007e+00
1.100000000000000000e+01 4.071521999999999863e+00
1.200000000000000000e+01 4.443799000000000277e+00
1.300000000000000000e+01 2.586914999999999853e+00
1.400000000000000000e+01 2.291637999999999842e+00
1.500000000000000000e+01 1.567010999999999932e+00
1.600000000000000000e+01 5.242712000000000039e+00
1.700000000000000000e+01 5.122484000000000037e+00
1.800000000000000000e+01 1.352881000000000000e+00
1.900000000000000000e+01 3.915071999999999885e+00
1.000000000000000000e+00 -2.480630999999999808e+00
2.000000000000000000e+00 1.023888999999999960e+01
3.000000000000000000e+00 0.000000000000000000e+00
4.000000000000000000e+00 1.719743999999999939e+00
5.000000000000000000e+00 -1.005038000000000098e+00
6.000000000000000000e+00 -3.160155000000000047e-01
7.000000000000000000e+00 -1.707457999999999920e+00
8.000000000000000000e+00 2.712024999999999852e-02
9.000000000000000000e+00 -1.020637000000000016e+00
1.000000000000000000e+01 5.962620000000000253e+00
1.100000000000000000e+01 4.190066999999999986e+00
1.200000000000000000e+01 4.934790999999999705e+00
1.300000000000000000e+01 6.038745999999999725e+00
1.400000000000000000e+01 2.418276000000000092e+00
1.500000000000000000e+01 3.026552000000000131e+00
1.600000000000000000e+01 4.436320000000000263e+00
1.700000000000000000e+01 4.062357999999999691e+00
1.800000000000000000e+01 2.273058999999999941e+00
1.900000000000000000e+01 7.494901999999999731e+00
1.000000000000000000e+00 -1.095170999999999895e+00
2.000000000000000000e+00 1.048490999999999929e+01
3.000000000000000000e+00 0.000000000000000000e+00
4.000000000000000000e+00 -1.005038000000000098e+00
5.000000000000000000e+00 -1.745079999999999965e+00
6.000000000000000000e+00 2.463613000000000053e+00
7.000000000000000000e+00 -1.018108000000000013e+00
8.000000000000000000e+00 1.188393000000000033e+00
9.000000000000000000e+00 -2.416284999999999794e+00
1.000000000000000000e+01 4.280891999999999697e+00
1.100000000000000000e+01 3.680091000000000001e+00
1.200000000000000000e+01 3.342916000000000221e+00
1.300000000000000000e+01 4.002113999999999727e+00
1.400000000000000000e+01 -2.552163000000000070e-01
1.500000000000000000e+01 2.392967000000000066e+00
1.600000000000000000e+01 6.207967000000000013e+00
1.700000000000000000e+01 5.388073999999999586e+00
1.800000000000000000e+01 2.180528999999999940e+00
1.900000000000000000e+01 7.959404000000000146e+00
1.000000000000000000e+00 7.839783000000000168e-01
2.000000000000000000e+00 1.060974000000000039e+01
3.000000000000000000e+00 0.000000000000000000e+00
4.000000000000000000e+00 1.331601000000000035e+00
5.000000000000000000e+00 1.406400000000000095e+00
6.000000000000000000e+00 1.656695000000000029e+00
7.000000000000000000e+00 -1.094907000000000075e+00
8.000000000000000000e+00 2.075849999999999973e+00
9.000000000000000000e+00 3.010285999999999795e+00
1.000000000000000000e+01 4.036675999999999931e+00
1.100000000000000000e+01 5.102087000000000039e+00
1.200000000000000000e+01 4.883656000000000219e+00
1.300000000000000000e+01 5.738324000000000424e+00
1.400000000000000000e+01 1.595266000000000073e+00
1.500000000000000000e+01 2.062030000000000030e+00
1.600000000000000000e+01 4.650290000000000035e+00
1.700000000000000000e+01 4.366304999999999659e+00
1.800000000000000000e+01 2.974318999999999935e+00
1.900000000000000000e+01 6.387056000000000289e+00
1.000000000000000000e+00 1.005038000000000098e+00
2.000000000000000000e+00 1.101793999999999940e+01
3.000000000000000000e+00 0.000000000000000000e+00
4.000000000000000000e+00 0.000000000000000000e+00
5.000000000000000000e+00 -1.005038000000000098e+00
6.000000000000000000e+00 -1.152986999999999984e+00
7.000000000000000000e+00 -1.573784999999999989e+00
8.000000000000000000e+00 3.155264999999999986e+00
9.000000000000000000e+00 1.082424000000000053e+00
1.000000000000000000e+01 4.436288000000000231e+00
1.100000000000000000e+01 4.299857000000000262e+00
1.200000000000000000e+01 5.403901000000000288e+00
1.300000000000000000e+01 4.384884999999999700e+00
1.400000000000000000e+01 1.517724000000000073e+00
1.500000000000000000e+01 3.078780000000000072e+00
1.600000000000000000e+01 6.211314999999999920e+00
1.700000000000000000e+01 7.100221999999999589e+00
1.800000000000000000e+01 3.055806000000000022e+00
1.900000000000000000e+01 6.321030000000000371e+00
1.000000000000000000e+00 -1.348028000000000004e+00
2.000000000000000000e+00 8.042203999999999908e+00
3.000000000000000000e+00 0.000000000000000000e+00
4.000000000000000000e+00 0.000000000000000000e+00
5.000000000000000000e+00 -1.005038000000000098e+00
6.000000000000000000e+00 9.475135000000000085e-01
7.000000000000000000e+00 7.170927000000000273e-01
8.000000000000000000e+00 2.758882999999999974e+00
9.000000000000000000e+00 2.946728000000000125e-01
1.000000000000000000e+01 4.143565999999999860e+00
1.100000000000000000e+01 3.915275999999999978e+00
1.200000000000000000e+01 3.879542999999999964e+00
1.300000000000000000e+01 4.726784999999999570e+00
1.400000000000000000e+01 3.545348999999999862e+00
1.500000000000000000e+01 2.305785999999999891e+00
1.600000000000000000e+01 6.066752000000000145e+00
1.700000000000000000e+01 2.974692000000000114e+00
1.800000000000000000e+01 3.858232000000000106e+00
1.900000000000000000e+01 7.710056999999999938e+00
1.000000000000000000e+00 -7.186668000000000500e-01
2.000000000000000000e+00 1.163036999999999921e+01
3.000000000000000000e+00 0.000000000000000000e+00
4.000000000000000000e+00 0.000000000000000000e+00
5.000000000000000000e+00 1.682344000000000062e+00
6.000000000000000000e+00 -2.242855000000000043e+00
7.000000000000000000e+00 -1.468391999999999920e+00
8.000000000000000000e+00 2.039511000000000074e+00
9.000000000000000000e+00 -2.017729000000000050e-01
1.000000000000000000e+01 5.266426000000000052e+00
1.100000000000000000e+01 4.526548000000000016e+00
1.200000000000000000e+01 6.429204000000000363e+00
1.300000000000000000e+01 3.765890999999999877e+00
1.400000000000000000e+01 1.217600000000000016e+00
1.500000000000000000e+01 1.663386000000000031e+00
1.600000000000000000e+01 5.260659000000000418e+00
1.700000000000000000e+01 6.092450999999999617e+00
1.800000000000000000e+01 2.378238000000000074e+00
1.900000000000000000e+01 3.228292999999999857e+00
1.000000000000000000e+00 1.833755000000000024e+00
2.000000000000000000e+00 1.201323999999999970e+01
3.000000000000000000e+00 0.000000000000000000e+00
4.000000000000000000e+00 0.000000000000000000e+00
5.000000000000000000e+00 -9.407625000000000015e-02
6.000000000000000000e+00 2.388346999999999998e+00
7.000000000000000000e+00 1.869941999999999993e+00
8.000000000000000000e+00 1.358819999999999917e+00
9.000000000000000000e+00 2.030987999999999793e+00
1.000000000000000000e+01 4.565132000000000190e+00
1.100000000000000000e+01 4.866057999999999772e+00
1.200000000000000000e+01 4.489491000000000120e+00
1.300000000000000000e+01 4.637984000000000329e+00
1.400000000000000000e+01 1.396524000000000099e-01
1.500000000000000000e+01 1.054816999999999894e+00
1.600000000000000000e+01 4.516754999999999853e+00
1.700000000000000000e+01 4.933392000000000444e+00
1.800000000000000000e+01 2.492458000000000062e+00
1.900000000000000000e+01 5.378209000000000017e+00
1.000000000000000000e+00 1.352092999999999989e+00
2.000000000000000000e+00 1.436832000000000065e+01
3.000000000000000000e+00 0.000000000000000000e+00
4.000000000000000000e+00 1.005038000000000098e+00
5.000000000000000000e+00 -1.743835999999999942e+00
6.000000000000000000e+00 -7.849930999999999992e-01
7.000000000000000000e+00 -6.520382999999999596e-01
8.000000000000000000e+00 -5.814105000000000523e-01
9.000000000000000000e+00 -6.936898999999999704e-01
1.000000000000000000e+01 4.136250000000000426e+00
1.100000000000000000e+01 4.696659999999999613e+00
1.200000000000000000e+01 4.671594999999999942e+00
1.300000000000000000e+01 5.044421999999999962e+00
1.400000000000000000e+01 2.169900000000000162e+00
1.500000000000000000e+01 3.899677000000000060e+00
1.600000000000000000e+01 4.304594999999999949e+00
1.700000000000000000e+01 5.312844000000000122e+00
1.800000000000000000e+01 2.554091000000000111e+00
1.900000000000000000e+01 4.601424999999999876e+00
1.000000000000000000e+00 1.626516000000000073e+00
2.000000000000000000e+00 1.384953999999999930e+01
3.000000000000000000e+00 0.000000000000000000e+00
4.000000000000000000e+00 1.005038000000000098e+00
5.000000000000000000e+00 1.005038000000000098e+00
6.000000000000000000e+00 6.140757999999999495e-01
7.000000000000000000e+00 1.210463999999999984e-01
8.000000000000000000e+00 2.492204999999999782e+00
9.000000000000000000e+00 1.063412999999999942e+00
1.000000000000000000e+01 5.513283000000000378e+00
1.100000000000000000e+01 4.108763999999999861e+00
1.200000000000000000e+01 4.860009999999999941e+00
1.300000000000000000e+01 5.581780000000000186e+00
1.400000000000000000e+01 1.329105999999999899e+00
1.500000000000000000e+01 3.074590000000000156e+00
1.600000000000000000e+01 5.314442999999999806e+00
1.700000000000000000e+01 3.973380999999999830e+00
1.800000000000000000e+01 2.722030999999999867e+00
1.900000000000000000e+01 5.810874000000000095e+00
1.000000000000000000e+00 -7.933352999999999655e-01
2.000000000000000000e+00 1.001637000000000022e+01
3.000000000000000000e+00 0.000000000000000000e+00
4.000000000000000000e+00 0.000000000000000000e+00
5.000000000000000000e+00 1.005038000000000098e+00
6.000000000000000000e+00 5.299133999999999789e-02
7.000000000000000000e+00 -5.385239000000000553e-01
8.000000000000000000e+00 3.101475000000000204e+00
9.000000000000000000e+00 2.419458999999999915e-01
1.000000000000000000e+01 4.996423000000000059e+00
1.100000000000000000e+01 3.030853000000000019e+00
1.200000000000000000e+01 5.415048999999999779e+00
1.300000000000000000e+01 3.545495999999999981e+00
1.400000000000000000e+01 2.864212000000000202e+00
1.500000000000000000e+01 2.031493999999999911e+00
1.600000000000000000e+01 4.978309999999999569e+00
1.700000000000000000e+01 4.991568000000000005e+00
1.800000000000000000e+01 3.383236999999999828e+00
1.900000000000000000e+01 6.723652999999999658e+00
1.000000000000000000e+00 -5.198979000000000239e-01
2.000000000000000000e+00 1.156305000000000049e+01
3.000000000000000000e+00 0.000000000000000000e+00
4.000000000000000000e+00 0.000000000000000000e+00
5.000000000000000000e+00 0.000000000000000000e+00
6.000000000000000000e+00 -1.084716000000000014e-01
7.000000000000000000e+00 -7.248099999999999543e-01
8.000000000000000000e+00 1.152181000000000038e-01
9.000000000000000000e+00 -1.124139999999999917e+00
1.000000000000000000e+01 4.263499999999999623e+00
1.100000000000000000e+01 5.906813999999999787e+00
1.200000000000000000e+01 4.246101999999999599e+00
1.300000000000000000e+01 4.877411999999999637e+00
1.400000000000000000e+01 1.732720999999999956e+00
1.500000000000000000e+01 2.126425999999999872e-01
1.600000000000000000e+01 3.322683000000000053e+00
1.700000000000000000e+01 4.782880999999999716e+00
1.800000000000000000e+01 3.376831000000000138e+00
1.900000000000000000e+01 2.965737999999999985e+00
1.000000000000000000e+00 -1.309349000000000096e+00
2.000000000000000000e+00 9.109391000000000460e+00
3.000000000000000000e+00 0.000000000000000000e+00
4.000000000000000000e+00 0.000000000000000000e+00
5.000000000000000000e+00 0.000000000000000000e+00
6.000000000000000000e+00 -1.923159000000000063e+00
7.000000000000000000e+00 -1.687789999999999901e+00
8.000000000000000000e+00 9.500903000000000542e-01
9.000000000000000000e+00 2.578402000000000083e+00
1.000000000000000000e+01 6.140240000000000364e+00
1.100000000000000000e+01 3.617100000000000204e+00
1.200000000000000000e+01 4.772681999999999647e+00
1.300000000000000000e+01 5.650364999999999860e+00
1.400000000000000000e+01 2.623638999999999832e+00
1.500000000000000000e+01 2.727447000000000177e+00
1.600000000000000000e+01 3.280302999999999969e+00
1.700000000000000000e+01 4.533465999999999774e+00
1.800000000000000000e+01 1.955009999999999915e+00
1.900000000000000000e+01 4.012646000000000157e+00
1.000000000000000000e+00 7.026018000000000541e-01
2.000000000000000000e+00 1.017784999999999940e+01
3.000000000000000000e+00 0.000000000000000000e+00
4.000000000000000000e+00 -1.005038000000000098e+00
5.000000000000000000e+00 -1.005038000000000098e+00
6.000000000000000000e+00 -1.051745999999999931e-01
7.000000000000000000e+00 -9.789122000000000101e-01
8.000000000000000000e+00 1.781601999999999908e+00
9.000000000000000000e+00 -2.659293999999999825e-01
1.000000000000000000e+01 4.697166000000000174e+00
1.100000000000000000e+01 4.495819000000000010e+00
1.200000000000000000e+01 3.290894000000000208e+00
1.300000000000000000e+01 4.845254999999999868e+00
1.400000000000000000e+01 2.389961000000000002e+00
1.500000000000000000e+01 -4.589402000000000204e-01
1.600000000000000000e+01 3.294378000000000029e+00
1.700000000000000000e+01 3.507099999999999884e+00
1.800000000000000000e+01 3.903201999999999838e+00
1.900000000000000000e+01 4.977693999999999619e+00
1.000000000000000000e+00 3.960202999999999918e-01
2.000000000000000000e+00 1.132471999999999923e+01
3.000000000000000000e+00 0.000000000000000000e+00
4.000000000000000000e+00 0.000000000000000000e+00
5.000000000000000000e+00 -1.005038000000000098e+00
6.000000000000000000e+00 1.553989000000000065e-02
7.000000000000000000e+00 -4.799086000000000324e-02
8.000000000000000000e+00 2.149907999999999930e+00
9.000000000000000000e+00 2.679634000000000071e+00
1.000000000000000000e+01 5.936773999999999774e+00
1.100000000000000000e+01 5.530662000000000411e+00
1.200000000000000000e+01 4.238982000000000028e+00
1.300000000000000000e+01 4.889183000000000057e+00
1.400000000000000000e+01 2.426550000000000207e+00
1.500000000000000000e+01 1.654876000000000014e+00
1.600000000000000000e+01 4.508454000000000406e+00
1.700000000000000000e+01 3.940230999999999817e+00
1.800000000000000000e+01 3.045383999999999869e+00
1.900000000000000000e+01 2.450260000000000105e+00
1.000000000000000000e+00 -3.306136999999999965e-02
2.000000000000000000e+00 1.054751000000000083e+01
3.000000000000000000e+00 0.000000000000000000e+00
4.000000000000000000e+00 1.005038000000000098e+00
5.000000000000000000e+00 -1.426055999999999990e+00
6.000000000000000000e+00 -4.220243000000000189e-01
7.000000000000000000e+00 -1.593755999999999950e+00
8.000000000000000000e+00 2.890080999999999900e+00
9.000000000000000000e+00 5.198764000000000163e-01
1.000000000000000000e+01 4.098094999999999821e+00
1.100000000000000000e+01 3.886000999999999816e+00
1.200000000000000000e+01 3.991087999999999969e+00
1.300000000000000000e+01 4.638541000000000025e+00
1.400000000000000000e+01 1.660592000000000068e+00
1.500000000000000000e+01 1.811641000000000057e+00
1.600000000000000000e+01 4.734814000000000078e+00
1.700000000000000000e+01 4.152677999999999869e+00
1.800000000000000000e+01 2.972088999999999981e+00
1.900000000000000000e+01 4.764657999999999838e+00
1.000000000000000000e+00 2.061313999999999869e+00
2.000000000000000000e+00 1.072469000000000072e+01
3.000000000000000000e+00 0.000000000000000000e+00
4.000000000000000000e+00 0.000000000000000000e+00
5.000000000000000000e+00 1.005038000000000098e+00
6.000000000000000000e+00 8.516865000000000130e-01
7.000000000000000000e+00 7.988127999999999895e-01
8.000000000000000000e+00 1.636339999999999906e+00
9.000000000000000000e+00 2.684140999999999888e+00
1.000000000000000000e+01 5.005880000000000329e+00
1.100000000000000000e+01 4.361885000000000012e+00
1.200000000000000000e+01 5.121234000000000286e+00
1.300000000000000000e+01 5.602325000000000443e+00
1.400000000000000000e+01 1.075037999999999938e+00
1.500000000000000000e+01 1.228798000000000057e+00
1.600000000000000000e+01 6.382658000000000165e+00
1.700000000000000000e+01 5.987282999999999689e+00
1.800000000000000000e+01 3.408288999999999902e+00
1.900000000000000000e+01 5.260143000000000235e+00
1.000000000000000000e+00 1.201818000000000053e+00
2.000000000000000000e+00 1.173445000000000071e+01
3.000000000000000000e+00 0.000000000000000000e+00
4.000000000000000000e+00 -1.005038000000000098e+00
5.000000000000000000e+00 -1.005038000000000098e+00
6.000000000000000000e+00 8.565960000000000241e-01
7.000000000000000000e+00 2.550648999999999944e+00
8.000000000000000000e+00 -5.326828000000000118e-01
9.000000000000000000e+00 8.390921000000000074e-01
1.000000000000000000e+01 4.099631999999999721e+00
1.100000000000000000e+01 4.985889000000000237e+00
1.200000000000000000e+01 4.277452000000000254e+00
1.300000000000000000e+01 4.382723999999999620e+00
1.400000000000000000e+01 1.234115999999999991e+00
1.500000000000000000e+01 2.106997999999999927e+00
1.600000000000000000e+01 4.783966999999999636e+00
1.700000000000000000e+01 4.152465000000000295e+00
1.800000000000000000e+01 3.742262000000000199e+00
1.900000000000000000e+01 7.023784000000000027e+00
1.000000000000000000e+00 2.399675000000000002e-01
2.000000000000000000e+00 9.987424999999999997e+00
3.000000000000000000e+00 0.000000000000000000e+00
4.000000000000000000e+00 0.000000000000000000e+00
5.000000000000000000e+00 0.000000000000000000e+00
6.000000000000000000e+00 1.110618000000000105e+00
7.000000000000000000e+00 -6.988879999999999537e-01
8.000000000000000000e+00 1.598316000000000070e+00
9.000000000000000000e+00 1.060240000000000071e+00
1.000000000000000000e+01 5.189883000000000024e+00
1.100000000000000000e+01 3.111784999999999801e+00
1.200000000000000000e+01 3.550570000000000004e+00
1.300000000000000000e+01 4.444766000000000439e+00
1.400000000000000000e+01 2.481850000000000112e+00
1.500000000000000000e+01 4.988184999999999647e+00
1.600000000000000000e+01 5.879254000000000424e+00
1.700000000000000000e+01 4.053360999999999770e+00
1.800000000000000000e+01 2.457577000000000123e+00
1.900000000000000000e+01 6.266239999999999810e+00
1.000000000000000000e+00 2.952119999999999855e+00
2.000000000000000000e+00 1.047485999999999962e+01
3.000000000000000000e+00 0.000000000000000000e+00
4.000000000000000000e+00 1.005038000000000098e+00
5.000000000000000000e+00 0.000000000000000000e+00
6.000000000000000000e+00 -3.144799999999999818e-01
7.000000000000000000e+00 -2.325580999999999898e-01
8.000000000000000000e+00 3.320596999999999799e+00
9.000000000000000000e+00 -2.491345000000000087e-01
1.000000000000000000e+01 4.269244999999999735e+00
1.100000000000000000e+01 3.887934000000000001e+00
1.200000000000000000e+01 5.178988999999999621e+00
1.300000000000000000e+01 4.890880000000000116e+00
1.400000000000000000e+01 2.221944000000000141e+00
1.500000000000000000e+01 1.587863999999999942e-01
1.600000000000000000e+01 4.717716000000000243e+00
1.700000000000000000e+01 4.964553000000000438e+00
1.800000000000000000e+01 3.436555999999999944e+00
1.900000000000000000e+01 5.075810999999999851e+00
1.000000000000000000e+00 4.231916000000000011e-01
2.000000000000000000e+00 1.033492000000000033e+01
3.000000000000000000e+00 0.000000000000000000e+00
4.000000000000000000e+00 0.000000000000000000e+00
5.000000000000000000e+00 -1.722758999999999929e+00
6.000000000000000000e+00 -4.502238000000000073e-01
7.000000000000000000e+00 1.426557000000000075e+00
8.000000000000000000e+00 -6.011849999999999694e-01
9.000000000000000000e+00 -5.313320999999999739e-01
1.000000000000000000e+01 4.169779000000000124e+00
1.100000000000000000e+01 4.477101000000000219e+00
1.200000000000000000e+01 4.945737000000000272e+00
1.300000000000000000e+01 4.195416999999999952e+00
1.400000000000000000e+01 1.151710000000000012e+00
1.500000000000000000e+01 2.270815999999999946e+00
1.600000000000000000e+01 6.470824999999999605e+00
1.700000000000000000e+01 5.058570999999999707e+00
1.800000000000000000e+01 3.008551000000000197e+00
1.900000000000000000e+01 6.894241000000000064e+00
1.000000000000000000e+00 -1.226251000000000008e-01
2.000000000000000000e+00 6.304494000000000042e+00
3.000000000000000000e+00 0.000000000000000000e+00
4.000000000000000000e+00 0.000000000000000000e+00
5.000000000000000000e+00 1.005038000000000098e+00
6.000000000000000000e+00 6.988476000000000132e-01
7.000000000000000000e+00 7.555448999999999637e-01
8.000000000000000000e+00 2.490833999999999993e+00
9.000000000000000000e+00 2.244688000000000017e+00
1.000000000000000000e+01 4.390220000000000233e+00
1.100000000000000000e+01 4.359734000000000442e+00
1.200000000000000000e+01 3.617914999999999992e+00
1.300000000000000000e+01 4.348391999999999591e+00
1.400000000000000000e+01 1.083665000000000100e+00
1.500000000000000000e+01 3.064770000000000216e+00
1.600000000000000000e+01 5.750657000000000352e+00
1.700000000000000000e+01 3.075788999999999884e+00
1.800000000000000000e+01 3.487274999999999903e+00
1.900000000000000000e+01 8.949094999999999800e+00
1.000000000000000000e+00 -5.513749999999999485e-01
2.000000000000000000e+00 1.152927999999999997e+01
3.000000000000000000e+00 0.000000000000000000e+00
4.000000000000000000e+00 1.005038000000000098e+00
5.000000000000000000e+00 4.971768999999999772e-01
6.000000000000000000e+00 1.243694000000000077e+00
7.000000000000000000e+00 1.242358999999999963e-01
8.000000000000000000e+00 7.486306999999999823e-01
9.000000000000000000e+00 -2.634595000000000131e-01
1.000000000000000000e+01 5.710404999999999731e+00
1.100000000000000000e+01 6.098952999999999847e+00
1.200000000000000000e+01 4.139559000000000211e+00
1.300000000000000000e+01 5.141491000000000255e+00
1.400000000000000000e+01 -1.018320000000000058e-01
1.500000000000000000e+01 2.667205000000000048e+00
1.600000000000000000e+01 3.861956000000000166e+00
1.700000000000000000e+01 4.503306000000000253e+00
1.800000000000000000e+01 1.542262999999999940e+00
1.900000000000000000e+01 4.536541999999999852e+00
1.000000000000000000e+00 4.661961000000000022e-01
2.000000000000000000e+00 9.233772000000000091e+00
3.000000000000000000e+00 0.000000000000000000e+00
4.000000000000000000e+00 1.385086999999999957e+00
5.000000000000000000e+00 1.426922000000000024e+00
6.000000000000000000e+00 -2.000399999999999956e-01
7.000000000000000000e+00 -1.736666999999999961e+00
8.000000000000000000e+00 3.211027000000000076e+00
9.000000000000000000e+00 7.250533999999999590e-01
1.000000000000000000e+01 6.065203999999999596e+00
1.100000000000000000e+01 4.943635999999999697e+00
1.200000000000000000e+01 4.541851999999999556e+00
1.300000000000000000e+01 4.982169999999999987e+00
1.400000000000000000e+01 1.723092000000000068e+00
1.500000000000000000e+01 1.198558999999999930e+00
1.600000000000000000e+01 4.873623000000000260e+00
1.700000000000000000e+01 4.674720999999999904e+00
1.800000000000000000e+01 9.967527000000000470e-01
1.900000000000000000e+01 5.121262999999999899e+00
1.000000000000000000e+00 6.726880000000000359e-02
2.000000000000000000e+00 1.063080000000000069e+01
3.000000000000000000e+00 0.000000000000000000e+00
4.000000000000000000e+00 1.005038000000000098e+00
5.000000000000000000e+00 -1.419656999999999947e+00
6.000000000000000000e+00 -9.748887000000000524e-01
7.000000000000000000e+00 -4.824604000000000115e-01
8.000000000000000000e+00 1.565367000000000008e-01
9.000000000000000000e+00 1.846961999999999993e+00
1.000000000000000000e+01 4.825693000000000232e+00
1.100000000000000000e+01 5.100808999999999926e+00
1.200000000000000000e+01 3.149128999999999845e+00
1.300000000000000000e+01 6.761218000000000394e+00
1.400000000000000000e+01 2.206231999999999971e+00
1.500000000000000000e+01 2.837184000000000150e+00
1.600000000000000000e+01 5.112815999999999583e+00
1.700000000000000000e+01 4.241469999999999629e+00
1.800000000000000000e+01 3.844895999999999869e+00
1.900000000000000000e+01 6.367823999999999707e+00
1.000000000000000000e+00 1.168556000000000039e-01
2.000000000000000000e+00 9.659136999999999418e+00
3.000000000000000000e+00 0.000000000000000000e+00
4.000000000000000000e+00 0.000000000000000000e+00
5.000000000000000000e+00 1.690072999999999936e+00
6.000000000000000000e+00 7.291334999999999900e-01
7.000000000000000000e+00 -6.221062000000000536e-01
8.000000000000000000e+00 1.643178000000000138e-01
9.000000000000000000e+00 5.777071999999999763e-01
1.000000000000000000e+01 5.096395000000000231e+00
1.100000000000000000e+01 4.761038000000000103e+00
1.200000000000000000e+01 3.600511000000000017e+00
1.300000000000000000e+01 5.521568000000000254e+00
1.400000000000000000e+01 3.087270999999999876e+00
1.500000000000000000e+01 2.608595000000000219e+00
1.600000000000000000e+01 5.690726999999999869e+00
1.700000000000000000e+01 3.672862999999999989e+00
1.800000000000000000e+01 1.693665999999999894e+00
1.900000000000000000e+01 4.723611000000000004e+00
1.000000000000000000e+00 7.816250000000000142e-01
2.000000000000000000e+00 1.051823000000000086e+01
3.000000000000000000e+00 0.000000000000000000e+00
4.000000000000000000e+00 1.005038000000000098e+00
5.000000000000000000e+00 1.951942999999999984e+00
6.000000000000000000e+00 1.076481000000000021e+00
7.000000000000000000e+00 1.365496000000000043e+00
8.000000000000000000e+00 1.288291000000000075e+00
9.000000000000000000e+00 5.907892000000000143e-01
1.000000000000000000e+01 5.222665000000000113e+00
1.100000000000000000e+01 6.225746000000000002e+00
1.200000000000000000e+01 4.627259999999999707e+00
1.300000000000000000e+01 4.889425000000000132e+00
1.400000000000000000e+01 1.362820999999999894e-01
1.500000000000000000e+01 2.214837000000000167e+00
1.600000000000000000e+01 4.275970000000000049e+00
1.700000000000000000e+01 4.533813999999999567e+00
1.800000000000000000e+01 2.334960000000000147e+00
1.900000000000000000e+01 5.400071999999999761e+00
1.000000000000000000e+00 1.713208000000000064e+00
2.000000000000000000e+00 9.633675000000000210e+00
3.000000000000000000e+00 0.000000000000000000e+00
4.000000000000000000e+00 1.005038000000000098e+00
5.000000000000000000e+00 -1.999420999999999893e+00
6.000000000000000000e+00 1.280915999999999944e+00
7.000000000000000000e+00 9.092862000000000444e-01
8.000000000000000000e+00 1.585237999999999925e+00
9.000000000000000000e+00 8.478383000000000447e-02
1.000000000000000000e+01 3.784340999999999955e+00
1.100000000000000000e+01 6.494153999999999982e+00
1.200000000000000000e+01 4.819690999999999725e+00
1.300000000000000000e+01 3.846427999999999958e+00
1.400000000000000000e+01 1.364389999999999992e+00
1.500000000000000000e+01 2.645080000000000098e+00
1.600000000000000000e+01 4.857833000000000290e+00
1.700000000000000000e+01 3.557911999999999964e+00
1.800000000000000000e+01 3.437548000000000048e+00
1.900000000000000000e+01 5.567660000000000053e+00
1.000000000000000000e+00 -6.567433999999999772e-01
2.000000000000000000e+00 8.935828000000000770e+00
3.000000000000000000e+00 0.000000000000000000e+00
4.000000000000000000e+00 0.000000000000000000e+00
5.000000000000000000e+00 -1.005038000000000098e+00
6.000000000000000000e+00 3.289140999999999870e-01
7.000000000000000000e+00 -2.471747000000000138e+00
8.000000000000000000e+00 3.770620000000000083e+00
9.000000000000000000e+00 4.537480999999999876e-01
1.000000000000000000e+01 4.759046999999999805e+00
1.100000000000000000e+01 4.591873999999999789e+00
1.200000000000000000e+01 5.103785000000000238e+00
1.300000000000000000e+01 2.497329000000000132e+00
1.400000000000000000e+01 1.464283999999999919e+00
1.500000000000000000e+01 2.112547000000000175e+00
1.600000000000000000e+01 5.542419999999999902e+00
1.700000000000000000e+01 4.477913000000000032e+00
1.800000000000000000e+01 2.002099999999999991e+00
1.900000000000000000e+01 4.765805000000000291e+00
1.000000000000000000e+00 1.400346000000000091e-01
2.000000000000000000e+00 9.036839999999999762e+00
3.000000000000000000e+00 0.000000000000000000e+00
4.000000000000000000e+00 0.000000000000000000e+00
5.000000000000000000e+00 -1.005038000000000098e+00
6.000000000000000000e+00 -1.733996000000000093e+00
7.000000000000000000e+00 -9.471735999999999489e-01
8.000000000000000000e+00 2.576604999999999812e+00
9.000000000000000000e+00 -7.239913000000000043e-01
1.000000000000000000e+01 5.655399000000000065e+00
1.100000000000000000e+01 5.083346999999999838e+00
1.200000000000000000e+01 4.129468000000000139e+00
1.300000000000000000e+01 4.939278999999999975e+00
1.400000000000000000e+01 2.365209999999999813e+00
1.500000000000000000e+01 1.460504000000000024e+00
1.600000000000000000e+01 6.311187999999999576e+00
1.700000000000000000e+01 5.014643000000000406e+00
1.800000000000000000e+01 1.819288999999999934e+00
1.900000000000000000e+01 5.131147000000000347e+00
