1.000000000000000000e+00 4.267717000000000205e+00
2.000000000000000000e+00 8.492644000000000304e+00
3.000000000000000000e+00 0.000000000000000000e+00
4.000000000000000000e+00 1.335933999999999955e+00
5.000000000000000000e+00 0.000000000000000000e+00
6.000000000000000000e+00 1.502053000000000083e+00
7.000000000000000000e+00 8.718006999999999840e-01
8.000000000000000000e+00 2.187227000000000032e+00
9.000000000000000000e+00 2.257620999999999878e+00
1.000000000000000000e+01 4.797118000000000215e+00
1.100000000000000000e+01 5.688638000000000083e+00
1.200000000000000000e+01 3.667358999999999813e+00
1.300000000000000000e+01 3.325645999999999880e+00
1.400000000000000000e+01 2.985752999999999879e+00
1.500000000000000000e+01 2.755357000000000056e+00
1.600000000000000000e+01 6.373496000000000272e+00
1.700000000000000000e+01 4.769697999999999993e+00
1.800000000000000000e+01 -6.296490999999999616e-01
1.900000000000000000e+01 5.424117999999999995e+00
1.000000000000000000e+00 4.490827000000000013e-01
2.000000000000000000e+00 8.323632999999999171e+00
3.000000000000000000e+00 0.000000000000000000e+00
4.000000000000000000e+00 0.000000000000000000e+00
5.000000000000000000e+00 0.000000000000000000e+00
6.000000000000000000e+00 2.254360000000000142e+00
7.000000000000000000e+00 9.147355000000000347e-01
8.000000000000000000e+00 1.924377000000000004e+00
9.000000000000000000e+00 -1.422317000000000053e+00
1.000000000000000000e+01 4.545689999999999564e+00
1.100000000000000000e+01 5.996406000000000347e+00
1.200000000000000000e+01 3.194770999999999805e+00
1.300000000000000000e+01 3.028636999999999802e+00
1.400000000000000000e+01 3.951869999999999994e+00
1.500000000000000000e+01 1.579749000000000070e+00
1.600000000000000000e+01 3.700455999999999968e+00
1.700000000000000000e+01 4.690732999999999819e+00
1.800000000000000000e+01 -4.600805000000000033e-01
1.900000000000000000e+01 7.778853999999999935e+00
1.000000000000000000e+00 1.331089000000000022e-01
2.000000000000000000e+00 7.190536999999999956e+00
3.000000000000000000e+00 0.000000000000000000e+00
4.000000000000000000e+00 0.000000000000000000e+00
5.000000000000000000e+00 0.000000000000000000e+00
6.000000000000000000e+00 3.971726999999999896e-01
7.000000000000000000e+00 9.786314999999999875e-01
8.000000000000000000e+00 4.740315999999999974e+00
9.000000000000000000e+00 2.943452999999999875e+00
1.000000000000000000e+01 3.632918000000000092e+00
1.100000000000000000e+01 5.803363000000000049e+00
1.200000000000000000e+01 5.752048000000000272e+00
1.300000000000000000e+01 3.167212000000000138e+00
1.400000000000000000e+01 2.250299000000000049e+00
1.500000000000000000e+01 1.595985999999999905e+00
1.600000000000000000e+01 5.950762000000000107e+00
1.700000000000000000e+01 4.393498000000000125e+00
1.800000000000000000e+01 -2.309111000000000080e-01
1.900000000000000000e+01 8.238070999999999700e+00
1.000000000000000000e+00 4.704941000000000262e-01
2.000000000000000000e+00 6.856620999999999633e+00
3.000000000000000000e+00 0.000000000000000000e+00
4.000000000000000000e+00 0.000000000000000000e+00
5.000000000000000000e+00 0.000000000000000000e+00
6.000000000000000000e+00 9.690301000000000053e-01
7.000000000000000000e+00 1.561031000000000057e+00
8.000000000000000000e+00 3.967208999999999985e+00
9.000000000000000000e+00 2.051822000000000035e+00
1.000000000000000000e+01 3.370010999999999868e+00
1.100000000000000000e+01 4.641062999999999938e+00
1.200000000000000000e+01 4.749436000000000213e+00
1.300000000000000000e+01 3.966648000000000174e+00
1.400000000000000000e+01 3.847519000000000133e+00
1.500000000000000000e+01 3.152794999999999792e+00
1.600000000000000000e+01 5.918238999999999805e+00
1.700000000000000000e+01 4.749651000000000067e+00
1.800000000000000000e+01 -1.525225999999999971e+00
1.900000000000000000e+01 7.250960000000000072e+00
1.000000000000000000e+00 2.268003999999999909e+00
2.000000000000000000e+00 6.534787999999999819e+00
3.000000000000000000e+00 0.000000000000000000e+00
4.000000000000000000e+00 1.697249999999999925e+00
5.000000000000000000e+00 0.000000000000000000e+00
6.000000000000000000e+00 2.045825999999999922e+00
7.000000000000000000e+00 1.680933000000000010e-01
8.000000000000000000e+00 3.696201999999999988e+00
9.000000000000000000e+00 1.557199999999999918e+00
1.000000000000000000e+01 3.751796999999999827e+00
1.100000000000000000e+01 5.036491999999999969e+00
1.200000000000000000e+01 5.192194999999999894e+00
1.300000000000000000e+01 4.530198999999999643e+00
1.400000000000000000e+01 3.157669999999999977e+00
1.500000000000000000e+01 2.164474999999999927e+00
1.600000000000000000e+01 6.327090000000000103e+00
1.700000000000000000e+01 4.603642999999999930e+00
1.800000000000000000e+01 1.986040000000000028e+00
1.900000000000000000e+01 8.036811000000000149e+00
1.000000000000000000e+00 3.138783999999999796e+00
2.000000000000000000e+00 8.852363000000000426e+00
3.000000000000000000e+00 0.000000000000000000e+00
4.000000000000000000e+00 0.000000000000000000e+00
5.000000000000000000e+00 0.000000000000000000e+00
6.000000000000000000e+00 4.272458000000000089e-01
7.000000000000000000e+00 2.988744000000000067e+00
8.000000000000000000e+00 3.655013999999999985e+00
9.000000000000000000e+00 1.303716000000000097e+00
1.000000000000000000e+01 3.825846999999999998e+00
1.100000000000000000e+01 4.703102999999999589e+00
1.200000000000000000e+01 5.203894000000000020e+00
1.300000000000000000e+01 4.373078999999999716e+00
1.400000000000000000e+01 3.939109999999999889e+00
1.500000000000000000e+01 4.880373999999999768e+00
1.600000000000000000e+01 5.492670999999999637e+00
1.700000000000000000e+01 3.220263999999999793e+00
1.800000000000000000e+01 8.553391999999999940e-02
1.900000000000000000e+01 7.807443000000000133e+00
1.000000000000000000e+00 1.538553999999999977e+00
2.000000000000000000e+00 6.376331000000000415e+00
3.000000000000000000e+00 0.000000000000000000e+00
4.000000000000000000e+00 1.353880999999999890e+00
5.000000000000000000e+00 0.000000000000000000e+00
6.000000000000000000e+00 2.150164999999999993e-01
7.000000000000000000e+00 -4.715873999999999899e-01
8.000000000000000000e+00 3.543559999999999821e+00
9.000000000000000000e+00 9.701617000000000157e-01
1.000000000000000000e+01 5.354665999999999926e+00
1.100000000000000000e+01 6.286408999999999914e+00
1.200000000000000000e+01 2.820046000000000053e+00
1.300000000000000000e+01 3.842686000000000046e+00
1.400000000000000000e+01 3.997304000000000190e+00
1.500000000000000000e+01 2.283621999999999819e+00
1.600000000000000000e+01 5.876929999999999765e+00
1.700000000000000000e+01 4.877335999999999672e+00
1.800000000000000000e+01 2.735580000000000123e+00
1.900000000000000000e+01 7.694518000000000413e+00
1.000000000000000000e+00 5.004197999999999702e+00
2.000000000000000000e+00 6.524669000000000274e+00
3.000000000000000000e+00 0.000000000000000000e+00
4.000000000000000000e+00 0.000000000000000000e+00
5.000000000000000000e+00 0.000000000000000000e+00
6.000000000000000000e+00 1.921688000000000063e+00
7.000000000000000000e+00 4.882363000000000119e-01
8.000000000000000000e+00 2.585373000000000143e+00
9.000000000000000000e+00 1.458105999999999902e+00
1.000000000000000000e+01 4.571651000000000131e+00
1.100000000000000000e+01 4.296600999999999893e+00
1.200000000000000000e+01 4.484441000000000344e+00
1.300000000000000000e+01 3.734942000000000206e+00
1.400000000000000000e+01 3.277083999999999886e+00
1.500000000000000000e+01 2.599568999999999797e+00
1.600000000000000000e+01 4.469072999999999851e+00
1.700000000000000000e+01 3.617929000000000173e+00
1.800000000000000000e+01 2.871734000000000092e-02
1.900000000000000000e+01 5.058969000000000271e+00
1.000000000000000000e+00 2.280117999999999867e+00
2.000000000000000000e+00 6.865756000000000192e+00
3.000000000000000000e+00 0.000000000000000000e+00
4.000000000000000000e+00 1.005038000000000098e+00
5.000000000000000000e+00 0.000000000000000000e+00
6.000000000000000000e+00 2.273178999999999839e+00
7.000000000000000000e+00 -1.206990000000000007e+00
8.000000000000000000e+00 2.548824999999999896e+00
9.000000000000000000e+00 6.898954000000000197e-02
1.000000000000000000e+01 4.962654999999999816e+00
1.100000000000000000e+01 5.064727999999999675e+00
1.200000000000000000e+01 4.627784000000000120e+00
1.300000000000000000e+01 2.916373000000000104e+00
1.400000000000000000e+01 4.429795999999999623e+00
1.500000000000000000e+01 2.788526000000000060e+00
1.600000000000000000e+01 5.061613999999999614e+00
1.700000000000000000e+01 4.464432999999999652e+00
1.800000000000000000e+01 -1.478712999999999944e+00
1.900000000000000000e+01 5.387186999999999948e+00
1.000000000000000000e+00 2.869578000000000184e+00
2.000000000000000000e+00 7.548251999999999740e+00
3.000000000000000000e+00 0.000000000000000000e+00
4.000000000000000000e+00 1.534564999999999957e+00
5.000000000000000000e+00 1.005038000000000098e+00
6.000000000000000000e+00 1.045223999999999931e+00
7.000000000000000000e+00 1.114738999999999924e+00
8.000000000000000000e+00 1.487179000000000029e+00
9.000000000000000000e+00 1.807177000000000033e+00
1.000000000000000000e+01 5.068457000000000434e+00
1.100000000000000000e+01 6.093373999999999846e+00
1.200000000000000000e+01 5.822193000000000396e+00
1.300000000000000000e+01 4.460664000000000406e+00
1.400000000000000000e+01 5.043371999999999744e+00
1.500000000000000000e+01 4.850570000000000270e+00
1.600000000000000000e+01 7.443209000000000408e+00
1.700000000000000000e+01 5.250885000000000247e+00
1.800000000000000000e+01 3.011563999999999908e+00
1.900000000000000000e+01 9.941383999999999332e+00
1.000000000000000000e+00 3.255891000000000091e+00
2.000000000000000000e+00 6.810603000000000407e+00
3.000000000000000000e+00 0.000000000000000000e+00
4.000000000000000000e+00 0.000000000000000000e+00
5.000000000000000000e+00 0.000000000000000000e+00
6.000000000000000000e+00 6.671550000000000535e-01
7.000000000000000000e+00 7.491094999999999837e-01
8.000000000000000000e+00 3.470699999999999896e+00
9.000000000000000000e+00 1.195456000000000074e+00
1.000000000000000000e+01 5.242204000000000086e+00
1.100000000000000000e+01 5.033091999999999899e+00
1.200000000000000000e+01 4.474115000000000286e+00
1.300000000000000000e+01 4.989481999999999751e+00
1.400000000000000000e+01 2.296756999999999938e+00
1.500000000000000000e+01 2.958514999999999784e+00
1.600000000000000000e+01 6.122587000000000224e+00
1.700000000000000000e+01 4.304317000000000171e+00
1.800000000000000000e+01 -1.062472000000000083e+00
1.900000000000000000e+01 8.869028999999999385e+00
1.000000000000000000e+00 3.992713999999999874e+00
2.000000000000000000e+00 6.361049000000000397e+00
3.000000000000000000e+00 0.000000000000000000e+00
4.000000000000000000e+00 0.000000000000000000e+00
5.000000000000000000e+00 0.000000000000000000e+00
6.000000000000000000e+00 1.734288000000000052e+00
7.000000000000000000e+00 1.616902000000000061e+00
8.000000000000000000e+00 4.471953000000000067e+00
9.000000000000000000e+00 1.279849999999999932e+00
1.000000000000000000e+01 5.116876999999999676e+00
1.100000000000000000e+01 6.238456000000000223e+00
1.200000000000000000e+01 4.006475000000000009e+00
1.300000000000000000e+01 3.523781000000000052e+00
1.400000000000000000e+01 3.201951000000000214e+00
1.500000000000000000e+01 3.215993000000000102e+00
1.600000000000000000e+01 6.644414000000000264e+00
1.700000000000000000e+01 4.627134999999999998e+00
1.800000000000000000e+01 -8.430509000000000475e-01
1.900000000000000000e+01 8.132834000000000785e+00
1.000000000000000000e+00 2.134126999999999885e+00
2.000000000000000000e+00 6.857714999999999783e+00
3.000000000000000000e+00 0.000000000000000000e+00
4.000000000000000000e+00 0.000000000000000000e+00
5.000000000000000000e+00 0.000000000000000000e+00
6.000000000000000000e+00 2.815815999999999875e+00
7.000000000000000000e+00 3.658054000000000028e-01
8.000000000000000000e+00 1.432523999999999909e+00
9.000000000000000000e+00 -1.267133999999999983e+00
1.000000000000000000e+01 3.070081000000000060e+00
1.100000000000000000e+01 3.940519000000000105e+00
1.200000000000000000e+01 4.201353000000000115e+00
1.300000000000000000e+01 2.878274999999999917e+00
1.400000000000000000e+01 4.155174999999999841e+00
1.500000000000000000e+01 3.635972000000000204e+00
1.600000000000000000e+01 7.387660000000000338e+00
1.700000000000000000e+01 3.789810999999999819e+00
1.800000000000000000e+01 1.756218000000000057e+00
1.900000000000000000e+01 8.317918999999999841e+00
1.000000000000000000e+00 3.448576000000000086e+00
2.000000000000000000e+00 6.568121999999999794e+00
3.000000000000000000e+00 0.000000000000000000e+00
4.000000000000000000e+00 0.000000000000000000e+00
5.000000000000000000e+00 0.000000000000000000e+00
6.000000000000000000e+00 1.445372000000000101e+00
7.000000000000000000e+00 1.855545999999999918e+00
8.000000000000000000e+00 3.994167000000000023e+00
9.000000000000000000e+00 -8.723543000000000269e-01
1.000000000000000000e+01 4.799248000000000403e+00
1.100000000000000000e+01 4.857715999999999923e+00
1.200000000000000000e+01 4.692088000000000036e+00
1.300000000000000000e+01 3.657817999999999792e+00
1.400000000000000000e+01 3.132924000000000042e+00
1.500000000000000000e+01 9.536894000000000204e-01
1.600000000000000000e+01 6.611212000000000089e+00
1.700000000000000000e+01 4.413890000000000313e+00
1.800000000000000000e+01 -2.531390000000000029e+00
1.900000000000000000e+01 5.496095000000000397e+00
1.000000000000000000e+00 2.741143999999999803e+00
2.000000000000000000e+00 7.608567999999999998e+00
3.000000000000000000e+00 0.000000000000000000e+00
4.000000000000000000e+00 1.005038000000000098e+00
5.000000000000000000e+00 0.000000000000000000e+00
6.000000000000000000e+00 3.110362999999999989e+00
7.000000000000000000e+00 2.770468999999999848e+00
8.000000000000000000e+00 3.202195999999999820e+00
9.000000000000000000e+00 1.619034000000000084e+00
1.000000000000000000e+01 5.144606999999999708e+00
1.100000000000000000e+01 5.245350000000000179e+00
1.200000000000000000e+01 4.198967999999999812e+00
1.300000000000000000e+01 5.328160999999999703e+00
1.400000000000000000e+01 4.891693000000000069e+00
1.500000000000000000e+01 2.777994000000000074e+00
1.600000000000000000e+01 5.703852999999999618e+00
1.700000000000000000e+01 4.407424999999999926e+00
1.800000000000000000e+01 -7.590422999999999476e-01
1.900000000000000000e+01 7.448614000000000068e+00
1.000000000000000000e+00 4.172722000000000264e+00
2.000000000000000000e+00 5.435656999999999961e+00
3.000000000000000000e+00 0.000000000000000000e+00
4.000000000000000000e+00 1.707457999999999920e+00
5.000000000000000000e+00 0.000000000000000000e+00
6.000000000000000000e+00 8.763627999999999973e-01
7.000000000000000000e+00 -8.734142999999999768e-01
8.000000000000000000e+00 1.130401999999999907e+00
9.000000000000000000e+00 3.857109000000000232e-01
1.000000000000000000e+01 2.446731999999999907e+00
1.100000000000000000e+01 4.903114999999999668e+00
1.200000000000000000e+01 4.256770000000000387e+00
1.300000000000000000e+01 3.458063000000000109e+00
1.400000000000000000e+01 2.679494000000000042e+00
1.500000000000000000e+01 3.111883999999999872e+00
1.600000000000000000e+01 6.235110999999999848e+00
1.700000000000000000e+01 4.826127999999999751e+00
1.800000000000000000e+01 -1.301121999999999890e+00
1.900000000000000000e+01 8.451062999999999548e+00
1.000000000000000000e+00 1.155297000000000018e+00
2.000000000000000000e+00 6.824320000000000164e+00
3.000000000000000000e+00 0.000000000000000000e+00
4.000000000000000000e+00 1.426922000000000024e+00
5.000000000000000000e+00 0.000000000000000000e+00
6.000000000000000000e+00 1.527465999999999990e+00
7.000000000000000000e+00 8.929432000000000480e-01
8.000000000000000000e+00 4.390888999999999598e+00
9.000000000000000000e+00 2.121204999999999785e+00
1.000000000000000000e+01 3.739281000000000077e+00
1.100000000000000000e+01 3.629243000000000219e+00
1.200000000000000000e+01 6.127995000000000303e+00
1.300000000000000000e+01 4.042415000000000092e+00
1.400000000000000000e+01 3.397581000000000184e+00
1.500000000000000000e+01 3.515636000000000205e+00
1.600000000000000000e+01 6.176222000000000101e+00
1.700000000000000000e+01 6.460143999999999664e+00
1.800000000000000000e+01 -7.899861999999999718e-01
1.900000000000000000e+01 9.076703000000000188e+00
1.000000000000000000e+00 1.480901000000000023e+00
2.000000000000000000e+00 5.801286000000000165e+00
3.000000000000000000e+00 0.000000000000000000e+00
4.000000000000000000e+00 1.749117000000000033e+00
5.000000000000000000e+00 0.000000000000000000e+00
6.000000000000000000e+00 1.416693999999999898e+00
7.000000000000000000e+00 1.735265000000000057e+00
8.000000000000000000e+00 3.255153000000000074e-01
9.000000000000000000e+00 1.105630999999999975e-02
1.000000000000000000e+01 3.606352999999999920e+00
1.100000000000000000e+01 4.523070999999999842e+00
1.200000000000000000e+01 3.755040999999999851e+00
1.300000000000000000e+01 3.317787000000000042e+00
1.400000000000000000e+01 4.804973999999999634e+00
1.500000000000000000e+01 2.719533999999999896e+00
1.600000000000000000e+01 5.127472000000000030e+00
1.700000000000000000e+01 3.843531000000000031e+00
1.800000000000000000e+01 -6.395127000000000450e-02
1.900000000000000000e+01 6.896327000000000318e+00
1.000000000000000000e+00 1.754529000000000005e+00
2.000000000000000000e+00 7.967179999999999929e+00
3.000000000000000000e+00 0.000000000000000000e+00
4.000000000000000000e+00 1.746494999999999909e+00
5.000000000000000000e+00 0.000000000000000000e+00
6.000000000000000000e+00 2.049757000000000051e+00
7.000000000000000000e+00 1.892484999999999973e+00
8.000000000000000000e+00 1.304205999999999976e+00
9.000000000000000000e+00 8.934942000000000162e-01
1.000000000000000000e+01 6.039671000000000234e+00
1.100000000000000000e+01 6.016134000000000093e+00
1.200000000000000000e+01 5.598619000000000234e+00
1.300000000000000000e+01 4.708605999999999625e+00
1.400000000000000000e+01 4.255047000000000246e+00
1.500000000000000000e+01 3.088251000000000079e+00
1.600000000000000000e+01 7.138438999999999979e+00
1.700000000000000000e+01 6.351481999999999850e+00
1.800000000000000000e+01 -8.036642999999999981e-01
1.900000000000000000e+01 8.100763999999999854e+00
1.000000000000000000e+00 2.124118999999999868e+00
2.000000000000000000e+00 7.531714000000000020e+00
3.000000000000000000e+00 0.000000000000000000e+00
4.000000000000000000e+00 1.324532000000000043e+00
5.000000000000000000e+00 0.000000000000000000e+00
6.000000000000000000e+00 1.699381000000000030e+00
7.000000000000000000e+00 3.630913000000000057e-01
8.000000000000000000e+00 1.983665999999999929e+00
9.000000000000000000e+00 6.430801000000000434e-01
1.000000000000000000e+01 2.330219000000000040e+00
1.100000000000000000e+01 3.766023999999999816e+00
1.200000000000000000e+01 2.015839000000000159e+00
1.300000000000000000e+01 3.595645999999999898e+00
1.400000000000000000e+01 3.093700000000000117e+00
1.500000000000000000e+01 2.562294000000000072e+00
1.600000000000000000e+01 3.886576999999999948e+00
1.700000000000000000e+01 3.249845999999999790e+00
1.800000000000000000e+01 -1.172819000000000056e+00
1.900000000000000000e+01 4.743933000000000177e+00
1.000000000000000000e+00 2.520099000000000089e+00
2.000000000000000000e+00 8.623063999999999396e+00
3.000000000000000000e+00 0.000000000000000000e+00
4.000000000000000000e+00 0.000000000000000000e+00
5.000000000000000000e+00 0.000000000000000000e+00
6.000000000000000000e+00 2.125672999999999924e+00
7.000000000000000000e+00 1.537395999999999985e+00
8.000000000000000000e+00 3.310998000000000108e+00
9.000000000000000000e+00 9.038359000000000254e-01
1.000000000000000000e+01 5.721618000000000315e+00
1.100000000000000000e+01 5.274937999999999683e+00
1.200000000000000000e+01 3.899302000000000046e+00
1.300000000000000000e+01 4.229098999999999720e+00
1.400000000000000000e+01 4.443440999999999974e+00
1.500000000000000000e+01 2.575371000000000077e+00
1.600000000000000000e+01 6.582174000000000191e+00
1.700000000000000000e+01 5.062978000000000200e+00
1.800000000000000000e+01 7.279069000000000234e-01
1.900000000000000000e+01 8.339817999999999287e+00
1.000000000000000000e+00 2.169102999999999781e+00
2.000000000000000000e+00 6.257056999999999647e+00
3.000000000000000000e+00 0.000000000000000000e+00
4.000000000000000000e+00 1.377261000000000069e+00
5.000000000000000000e+00 0.000000000000000000e+00
6.000000000000000000e+00 2.418355000000000032e+00
7.000000000000000000e+00 1.610484000000000027e+00
8.000000000000000000e+00 2.686856000000000133e+00
9.000000000000000000e+00 2.598638999999999921e+00
1.000000000000000000e+01 5.649903000000000119e+00
1.100000000000000000e+01 6.266136999999999624e+00
1.200000000000000000e+01 4.919501000000000346e+00
1.300000000000000000e+01 5.159474000000000338e+00
1.400000000000000000e+01 1.532667000000000002e+00
1.500000000000000000e+01 3.607521999999999895e+00
1.600000000000000000e+01 4.194872000000000156e+00
1.700000000000000000e+01 3.923707999999999974e+00
1.800000000000000000e+01 -6.111434999999999784e-02
1.900000000000000000e+01 9.607761999999999247e+00
1.000000000000000000e+00 -3.490044999999999953e-02
2.000000000000000000e+00 7.609145999999999965e+00
3.000000000000000000e+00 0.000000000000000000e+00
4.000000000000000000e+00 1.005038000000000098e+00
5.000000000000000000e+00 0.000000000000000000e+00
6.000000000000000000e+00 2.941314000000000206e+00
7.000000000000000000e+00 4.487348999999999921e-01
8.000000000000000000e+00 1.302306000000000019e-01
9.000000000000000000e+00 -6.684292999999999485e-02
1.000000000000000000e+01 2.467801999999999829e+00
1.100000000000000000e+01 3.622649000000000008e+00
1.200000000000000000e+01 3.619482000000000088e+00
1.300000000000000000e+01 4.412745000000000140e+00
1.400000000000000000e+01 2.168071999999999999e+00
1.500000000000000000e+01 3.658170000000000144e+00
1.600000000000000000e+01 6.144749000000000017e+00
1.700000000000000000e+01 4.254387999999999614e+00
1.800000000000000000e+01 -2.320182000000000078e-01
1.900000000000000000e+01 7.865707999999999700e+00
1.000000000000000000e+00 1.406741999999999937e+00
2.000000000000000000e+00 6.889554000000000400e+00
3.000000000000000000e+00 0.000000000000000000e+00
4.000000000000000000e+00 1.005038000000000098e+00
5.000000000000000000e+00 0.000000000000000000e+00
6.000000000000000000e+00 7.347716999999999443e-02
7.000000000000000000e+00 2.024221999999999966e+00
8.000000000000000000e+00 4.684504999999999697e+00
9.000000000000000000e+00 1.872141000000000055e+00
1.000000000000000000e+01 4.111176999999999637e+00
1.100000000000000000e+01 6.837174000000000085e+00
1.200000000000000000e+01 4.545098999999999556e+00
1.300000000000000000e+01 4.441245000000000331e+00
1.400000000000000000e+01 3.578330999999999928e+00
1.500000000000000000e+01 2.035744000000000220e+00
1.600000000000000000e+01 4.478839999999999932e+00
1.700000000000000000e+01 4.002092000000000205e+00
1.800000000000000000e+01 2.414508999999999961e-01
1.900000000000000000e+01 7.945742000000000083e+00
1.000000000000000000e+00 4.239762999999999948e+00
2.000000000000000000e+00 6.426737000000000144e+00
3.000000000000000000e+00 0.000000000000000000e+00
4.000000000000000000e+00 1.005038000000000098e+00
5.000000000000000000e+00 0.000000000000000000e+00
6.000000000000000000e+00 -1.476862999999999926e-01
7.000000000000000000e+00 1.300475999999999965e+00
8.000000000000000000e+00 3.325155000000000083e+00
9.000000000000000000e+00 2.049691000000000152e+00
1.000000000000000000e+01 4.402190000000000047e+00
1.100000000000000000e+01 4.506516000000000410e+00
1.200000000000000000e+01 6.107129999999999725e+00
1.300000000000000000e+01 4.468770000000000131e+00
1.400000000000000000e+01 4.004214000000000162e+00
1.500000000000000000e+01 2.211698000000000164e+00
1.600000000000000000e+01 4.581616999999999607e+00
1.700000000000000000e+01 5.526900999999999620e+00
1.800000000000000000e+01 -2.077545000000000197e+00
1.900000000000000000e+01 7.408139000000000252e+00
1.000000000000000000e+00 1.211249000000000020e+00
2.000000000000000000e+00 6.967543000000000042e+00
3.000000000000000000e+00 0.000000000000000000e+00
4.000000000000000000e+00 0.000000000000000000e+00
5.000000000000000000e+00 0.000000000000000000e+00
6.000000000000000000e+00 8.560284999999999700e-01
7.000000000000000000e+00 2.657408999999999910e+00
8.000000000000000000e+00 2.805037000000000003e+00
9.000000000000000000e+00 -5.737866000000000355e-01
1.000000000000000000e+01 3.148283999999999860e+00
1.100000000000000000e+01 7.251484999999999737e+00
1.200000000000000000e+01 5.202284999999999826e+00
1.300000000000000000e+01 3.709632000000000041e+00
1.400000000000000000e+01 4.792695000000000149e+00
1.500000000000000000e+01 2.142482999999999915e+00
1.600000000000000000e+01 5.467209999999999681e+00
1.700000000000000000e+01 4.743701999999999863e+00
1.800000000000000000e+01 2.096334000000000142e+00
1.900000000000000000e+01 7.506464000000000247e+00
1.000000000000000000e+00 4.080229000000000106e+00
2.000000000000000000e+00 8.273023999999999489e+00
3.000000000000000000e+00 0.000000000000000000e+00
4.000000000000000000e+00 1.377261000000000069e+00
5.000000000000000000e+00 0.000000000000000000e+00
6.000000000000000000e+00 2.721417999999999893e-01
7.000000000000000000e+00 8.729164999999999841e-01
8.000000000000000000e+00 3.439909000000000106e+00
9.000000000000000000e+00 9.574504000000000348e-01
1.000000000000000000e+01 5.125577999999999967e+00
1.100000000000000000e+01 5.879074000000000133e+00
1.200000000000000000e+01 6.216217999999999577e+00
1.300000000000000000e+01 3.907920999999999978e+00
1.400000000000000000e+01 4.778720999999999997e+00
1.500000000000000000e+01 3.906714000000000020e+00
1.600000000000000000e+01 5.423518999999999757e+00
1.700000000000000000e+01 5.374234000000000400e+00
1.800000000000000000e+01 9.444850999999999663e-01
1.900000000000000000e+01 7.795634999999999870e+00
1.000000000000000000e+00 3.092429000000000094e+00
2.000000000000000000e+00 4.441616999999999926e+00
3.000000000000000000e+00 0.000000000000000000e+00
4.000000000000000000e+00 0.000000000000000000e+00
5.000000000000000000e+00 0.000000000000000000e+00
6.000000000000000000e+00 -7.453695000000000181e-01
7.000000000000000000e+00 6.102975000000000483e-01
8.000000000000000000e+00 2.896947000000000064e-02
9.000000000000000000e+00 9.187674999999999592e-01
1.000000000000000000e+01 4.085385999999999740e+00
1.100000000000000000e+01 3.609907000000000199e+00
1.200000000000000000e+01 4.567267000000000188e+00
1.300000000000000000e+01 2.472480000000000011e+00
1.400000000000000000e+01 1.639364000000000043e+00
1.500000000000000000e+01 9.381348999999999938e-01
1.600000000000000000e+01 4.697117000000000431e+00
1.700000000000000000e+01 3.646110000000000184e+00
1.800000000000000000e+01 -7.825225999999999571e-01
1.900000000000000000e+01 5.957010999999999612e+00
1.000000000000000000e+00 3.846985999999999795e+00
2.000000000000000000e+00 6.021488999999999869e+00
3.000000000000000000e+00 0.000000000000000000e+00
4.000000000000000000e+00 0.000000000000000000e+00
5.000000000000000000e+00 0.000000000000000000e+00
6.000000000000000000e+00 1.883564999999999934e+00
7.000000000000000000e+00 1.435276999999999914e+00
8.000000000000000000e+00 4.334959999999999702e+00
9.000000000000000000e+00 2.135130000000000194e+00
1.000000000000000000e+01 4.736644000000000077e+00
1.100000000000000000e+01 5.711428999999999867e+00
1.200000000000000000e+01 5.096955999999999598e+00
1.300000000000000000e+01 4.580129000000000339e+00
1.400000000000000000e+01 2.485208000000000084e+00
1.500000000000000000e+01 4.666896999999999629e+00
1.600000000000000000e+01 4.275644999999999918e+00
1.700000000000000000e+01 5.484638999999999598e+00
1.800000000000000000e+01 9.801062000000000385e-01
1.900000000000000000e+01 7.920148000000000188e+00
1.000000000000000000e+00 9.313770000000000104e-01
2.000000000000000000e+00 6.585774999999999935e+00
3.000000000000000000e+00 0.000000000000000000e+00
4.000000000000000000e+00 1.005038000000000098e+00
5.000000000000000000e+00 0.000000000000000000e+00
6.000000000000000000e+00 -4.929639000000000104e-01
7.000000000000000000e+00 9.561287000000000535e-01
8.000000000000000000e+00 5.876989000000000019e+00
9.000000000000000000e+00 3.652604999999999880e+00
1.000000000000000000e+01 3.610720000000000152e+00
1.100000000000000000e+01 4.199373999999999718e+00
1.200000000000000000e+01 3.438022999999999829e+00
1.300000000000000000e+01 4.133525999999999812e+00
1.400000000000000000e+01 1.620740000000000069e+00
1.500000000000000000e+01 9.392498999999999709e-01
1.600000000000000000e+01 3.891128999999999838e+00
1.700000000000000000e+01 1.553925000000000001e+00
1.800000000000000000e+01 1.449740999999999946e+00
1.900000000000000000e+01 4.398687999999999931e+00
1.000000000000000000e+00 1.365847999999999951e+00
2.000000000000000000e+00 6.395490999999999815e+00
3.000000000000000000e+00 0.000000000000000000e+00
4.000000000000000000e+00 0.000000000000000000e+00
5.000000000000000000e+00 0.000000000000000000e+00
6.000000000000000000e+00 2.210221999999999909e+00
7.000000000000000000e+00 2.871745999999999910e+00
8.000000000000000000e+00 4.159511000000000180e+00
9.000000000000000000e+00 2.128003999999999785e+00
1.000000000000000000e+01 4.671073999999999948e+00
1.100000000000000000e+01 4.808627999999999680e+00
1.200000000000000000e+01 4.750265999999999877e+00
1.300000000000000000e+01 4.499355999999999689e+00
1.400000000000000000e+01 3.952704000000000217e+00
1.500000000000000000e+01 2.146491000000000149e+00
1.600000000000000000e+01 5.568027999999999977e+00
1.700000000000000000e+01 4.587684999999999569e+00
1.800000000000000000e+01 1.956027999999999933e-01
1.900000000000000000e+01 9.049549000000000731e+00
1.000000000000000000e+00 3.069045000000000023e+00
2.000000000000000000e+00 5.680837000000000359e+00
3.000000000000000000e+00 0.000000000000000000e+00
4.000000000000000000e+00 1.005038000000000098e+00
5.000000000000000000e+00 0.000000000000000000e+00
6.000000000000000000e+00 4.802390000000000270e-01
7.000000000000000000e+00 1.046197000000000044e+00
8.000000000000000000e+00 3.306194000000000077e+00
9.000000000000000000e+00 1.651258999999999921e-01
1.000000000000000000e+01 4.312284000000000006e+00
1.100000000000000000e+01 6.696842000000000183e+00
1.200000000000000000e+01 3.781495000000000051e+00
1.300000000000000000e+01 4.627340000000000231e+00
1.400000000000000000e+01 3.353695000000000093e+00
1.500000000000000000e+01 1.275860999999999912e+00
1.600000000000000000e+01 5.725961999999999996e+00
1.700000000000000000e+01 5.541819000000000273e+00
1.800000000000000000e+01 3.223552000000000084e-01
1.900000000000000000e+01 6.613691000000000209e+00
1.000000000000000000e+00 1.918296999999999919e+00
2.000000000000000000e+00 6.262489999999999668e+00
3.000000000000000000e+00 0.000000000000000000e+00
4.000000000000000000e+00 1.406400000000000095e+00
5.000000000000000000e+00 0.000000000000000000e+00
6.000000000000000000e+00 1.959332999999999991e+00
7.000000000000000000e+00 1.209611999999999910e+00
8.000000000000000000e+00 3.679276999999999909e+00
9.000000000000000000e+00 8.567690999999999502e-01
1.000000000000000000e+01 6.004660999999999582e+00
1.100000000000000000e+01 6.400138000000000105e+00
1.200000000000000000e+01 4.557545000000000179e+00
1.300000000000000000e+01 5.373253000000000057e+00
1.400000000000000000e+01 4.550919999999999632e+00
1.500000000000000000e+01 4.074095999999999940e+00
1.600000000000000000e+01 6.440104999999999968e+00
1.700000000000000000e+01 4.817090000000000316e+00
1.800000000000000000e+01 1.687416999999999945e+00
1.900000000000000000e+01 9.395808000000000604e+00
1.000000000000000000e+00 2.156922999999999924e+00
2.000000000000000000e+00 7.005208999999999797e+00
3.000000000000000000e+00 0.000000000000000000e+00
4.000000000000000000e+00 2.203813999999999940e+00
5.000000000000000000e+00 0.000000000000000000e+00
6.000000000000000000e+00 -1.645686999999999900e+00
7.000000000000000000e+00 8.971782000000000368e-01
8.000000000000000000e+00 4.076258000000000159e+00
9.000000000000000000e+00 1.185211000000000077e-02
1.000000000000000000e+01 4.949663000000000146e+00
1.100000000000000000e+01 5.509228000000000236e+00
1.200000000000000000e+01 4.683818999999999733e+00
1.300000000000000000e+01 4.209416000000000047e+00
1.400000000000000000e+01 4.618967999999999741e+00
1.500000000000000000e+01 2.332322000000000006e+00
1.600000000000000000e+01 5.694668000000000063e+00
1.700000000000000000e+01 3.452695999999999987e+00
1.800000000000000000e+01 1.574853999999999976e-01
1.900000000000000000e+01 6.386554000000000286e+00
1.000000000000000000e+00 1.849169999999999980e+00
2.000000000000000000e+00 7.415655000000000108e+00
3.000000000000000000e+00 0.000000000000000000e+00
4.000000000000000000e+00 0.000000000000000000e+00
5.000000000000000000e+00 0.000000000000000000e+00
6.000000000000000000e+00 1.427068999999999921e+00
7.000000000000000000e+00 -8.478460999999999637e-02
8.000000000000000000e+00 4.170373999999999803e+00
9.000000000000000000e+00 1.058543000000000012e+00
1.000000000000000000e+01 5.644377000000000422e+00
1.100000000000000000e+01 7.278065999999999924e+00
1.200000000000000000e+01 3.982838000000000100e+00
1.300000000000000000e+01 4.423955000000000304e+00
1.400000000000000000e+01 3.763717999999999897e+00
1.500000000000000000e+01 2.562697000000000003e+00
1.600000000000000000e+01 4.980298000000000336e+00
1.700000000000000000e+01 4.998306999999999611e+00
1.800000000000000000e+01 1.359196000000000071e+00
1.900000000000000000e+01 9.004948000000000619e+00
1.000000000000000000e+00 5.806801000000000101e+00
2.000000000000000000e+00 7.267432000000000336e+00
3.000000000000000000e+00 0.000000000000000000e+00
4.000000000000000000e+00 0.000000000000000000e+00
5.000000000000000000e+00 0.000000000000000000e+00
6.000000000000000000e+00 1.637618999999999936e+00
7.000000000000000000e+00 5.311877000000000404e-01
8.000000000000000000e+00 5.816866000000000092e+00
9.000000000000000000e+00 1.252402999999999933e+00
1.000000000000000000e+01 5.025756000000000334e+00
1.100000000000000000e+01 5.026779999999999582e+00
1.200000000000000000e+01 4.557463000000000264e+00
1.300000000000000000e+01 5.446470999999999840e+00
1.400000000000000000e+01 3.605325999999999809e+00
1.500000000000000000e+01 3.170166999999999846e-01
1.600000000000000000e+01 3.972703000000000095e+00
1.700000000000000000e+01 3.483274999999999899e+00
1.800000000000000000e+01 7.839266000000000290e-01
1.900000000000000000e+01 6.107110999999999734e+00
1.000000000000000000e+00 1.561971999999999916e+00
2.000000000000000000e+00 5.943902999999999714e+00
3.000000000000000000e+00 0.000000000000000000e+00
4.000000000000000000e+00 0.000000000000000000e+00
5.000000000000000000e+00 0.000000000000000000e+00
6.000000000000000000e+00 1.249401999999999902e+00
7.000000000000000000e+00 6.153855000000000297e-01
8.000000000000000000e+00 1.345976000000000061e+00
9.000000000000000000e+00 -1.290072000000000108e+00
1.000000000000000000e+01 4.170751000000000097e+00
1.100000000000000000e+01 3.615461999999999954e+00
1.200000000000000000e+01 4.275311999999999557e+00
1.300000000000000000e+01 5.129603000000000357e+00
1.400000000000000000e+01 2.699317000000000188e+00
1.500000000000000000e+01 3.794455999999999829e+00
1.600000000000000000e+01 5.515763999999999889e+00
1.700000000000000000e+01 5.481686999999999976e+00
1.800000000000000000e+01 1.317541000000000073e+00
1.900000000000000000e+01 7.002575000000000216e+00
1.000000000000000000e+00 2.933463000000000154e+00
2.000000000000000000e+00 9.021172999999999220e+00
3.000000000000000000e+00 0.000000000000000000e+00
4.000000000000000000e+00 1.417316999999999938e+00
5.000000000000000000e+00 0.000000000000000000e+00
6.000000000000000000e+00 -1.489996000000000098e+00
7.000000000000000000e+00 2.847805000000000142e+00
8.000000000000000000e+00 3.486858999999999931e+00
9.000000000000000000e+00 2.192677000000000209e+00
1.000000000000000000e+01 5.332402000000000086e+00
1.100000000000000000e+01 6.271910000000000096e+00
1.200000000000000000e+01 3.003461000000000158e+00
1.300000000000000000e+01 4.548273000000000010e+00
1.400000000000000000e+01 5.426039000000000279e+00
1.500000000000000000e+01 2.906566999999999901e+00
1.600000000000000000e+01 4.838573000000000235e+00
1.700000000000000000e+01 5.208039999999999559e+00
1.800000000000000000e+01 2.224705999999999850e+00
1.900000000000000000e+01 6.319391000000000425e+00
1.000000000000000000e+00 3.141741999999999813e+00
2.000000000000000000e+00 5.218213999999999686e+00
3.000000000000000000e+00 0.000000000000000000e+00
4.000000000000000000e+00 1.353880999999999890e+00
5.000000000000000000e+00 0.000000000000000000e+00
6.000000000000000000e+00 7.054177999999999837e-01
7.000000000000000000e+00 -4.671314999999999773e-01
8.000000000000000000e+00 2.204239999999999977e+00
9.000000000000000000e+00 6.193064999999999820e-01
1.000000000000000000e+01 4.617104999999999571e+00
1.100000000000000000e+01 4.382426999999999850e+00
1.200000000000000000e+01 3.399052000000000184e+00
1.300000000000000000e+01 3.468007000000000062e+00
1.400000000000000000e+01 3.761125999999999969e+00
1.500000000000000000e+01 4.394854999999999734e+00
1.600000000000000000e+01 4.488254999999999661e+00
1.700000000000000000e+01 3.519965000000000011e+00
1.800000000000000000e+01 8.877357000000000165e-01
1.900000000000000000e+01 7.452008000000000187e+00
1.000000000000000000e+00 2.199380999999999808e+00
2.000000000000000000e+00 7.222840999999999845e+00
3.000000000000000000e+00 0.000000000000000000e+00
4.000000000000000000e+00 0.000000000000000000e+00
5.000000000000000000e+00 0.000000000000000000e+00
6.000000000000000000e+00 2.462976999999999972e+00
7.000000000000000000e+00 7.885999999999999677e-01
8.000000000000000000e+00 5.261440000000000339e+00
9.000000000000000000e+00 2.830614999999999881e+00
1.000000000000000000e+01 3.030060999999999893e+00
1.100000000000000000e+01 5.730542999999999942e+00
1.200000000000000000e+01 4.944585000000000008e+00
1.300000000000000000e+01 2.831666999999999934e+00
1.400000000000000000e+01 4.679153000000000340e+00
1.500000000000000000e+01 2.133862999999999843e+00
1.600000000000000000e+01 5.694073000000000384e+00
1.700000000000000000e+01 5.023625000000000007e+00
1.800000000000000000e+01 2.725322999999999940e+00
1.900000000000000000e+01 9.702652999999999750e+00
1.000000000000000000e+00 4.663510999999999740e+00
2.000000000000000000e+00 6.027371999999999730e+00
3.000000000000000000e+00 0.000000000000000000e+00
4.000000000000000000e+00 1.005038000000000098e+00
5.000000000000000000e+00 0.000000000000000000e+00
6.000000000000000000e+00 1.692390999999999979e+00
7.000000000000000000e+00 5.293797999999999560e-01
8.000000000000000000e+00 2.231916000000000011e+00
9.000000000000000000e+00 1.470625000000000071e+00
1.000000000000000000e+01 3.076168000000000013e+00
1.100000000000000000e+01 3.979035000000000100e+00
1.200000000000000000e+01 4.577543000000000362e+00
1.300000000000000000e+01 4.037654999999999994e+00
1.400000000000000000e+01 3.293953999999999827e+00
1.500000000000000000e+01 4.341086999999999918e+00
1.600000000000000000e+01 4.473631000000000135e+00
1.700000000000000000e+01 5.115321999999999925e+00
1.800000000000000000e+01 -2.016623000000000054e+00
1.900000000000000000e+01 8.378489999999999327e+00
1.000000000000000000e+00 2.239554000000000045e+00
2.000000000000000000e+00 7.918266000000000027e+00
3.000000000000000000e+00 0.000000000000000000e+00
4.000000000000000000e+00 1.005038000000000098e+00
5.000000000000000000e+00 0.000000000000000000e+00
6.000000000000000000e+00 1.027332999999999996e-01
7.000000000000000000e+00 2.994788999999999923e+00
8.000000000000000000e+00 3.921244000000000174e+00
9.000000000000000000e+00 2.377000999999999920e+00
1.000000000000000000e+01 2.278815999999999953e+00
1.100000000000000000e+01 5.901041000000000203e+00
1.200000000000000000e+01 4.244921999999999862e+00
1.300000000000000000e+01 4.062683999999999962e+00
1.400000000000000000e+01 4.824722999999999651e+00
1.500000000000000000e+01 4.417195999999999678e+00
1.600000000000000000e+01 5.209010000000000140e+00
1.700000000000000000e+01 3.603254999999999875e+00
1.800000000000000000e+01 4.956623000000000001e-01
1.900000000000000000e+01 1.000346000000000046e+01
1.000000000000000000e+00 6.838623999999999814e-01
2.000000000000000000e+00 5.549233000000000082e+00
3.000000000000000000e+00 0.000000000000000000e+00
4.000000000000000000e+00 0.000000000000000000e+00
5.000000000000000000e+00 0.000000000000000000e+00
6.000000000000000000e+00 -4.200613999999999737e-01
7.000000000000000000e+00 3.700208999999999859e-01
8.000000000000000000e+00 1.162671000000000010e+00
9.000000000000000000e+00 -1.300674000000000108e+00
1.000000000000000000e+01 4.065472999999999892e+00
1.100000000000000000e+01 5.417463999999999835e+00
1.200000000000000000e+01 2.175762999999999892e+00
1.300000000000000000e+01 2.529323999999999906e+00
1.400000000000000000e+01 1.292740000000000000e+00
1.500000000000000000e+01 3.674271000000000065e+00
1.600000000000000000e+01 4.443182000000000187e+00
1.700000000000000000e+01 1.814753999999999978e+00
1.800000000000000000e+01 -5.025420999999999916e-01
1.900000000000000000e+01 6.400350000000000428e+00
1.000000000000000000e+00 2.726560000000000095e+00
2.000000000000000000e+00 3.812616999999999923e+00
3.000000000000000000e+00 0.000000000000000000e+00
4.000000000000000000e+00 2.021386000000000127e+00
5.000000000000000000e+00 0.000000000000000000e+00
6.000000000000000000e+00 1.092761000000000093e+00
7.000000000000000000e+00 1.184886000000000106e+00
8.000000000000000000e+00 3.045853999999999839e+00
9.000000000000000000e+00 2.920993999999999868e+00
1.000000000000000000e+01 5.593780999999999892e+00
1.100000000000000000e+01 5.756173000000000428e+00
1.200000000000000000e+01 4.437903999999999627e+00
1.300000000000000000e+01 4.114975000000000271e+00
1.400000000000000000e+01 5.932578999999999603e+00
1.500000000000000000e+01 2.230747000000000035e+00
1.600000000000000000e+01 4.505171999999999954e+00
1.700000000000000000e+01 5.117782000000000053e+00
1.800000000000000000e+01 -9.982339999999999547e-01
1.900000000000000000e+01 7.099997000000000114e+00
1.000000000000000000e+00 3.762166000000000121e+00
2.000000000000000000e+00 4.417315999999999576e+00
3.000000000000000000e+00 0.000000000000000000e+00
4.000000000000000000e+00 0.000000000000000000e+00
5.000000000000000000e+00 0.000000000000000000e+00
6.000000000000000000e+00 4.444789999999999852e-02
7.000000000000000000e+00 9.497681000000000040e-01
8.000000000000000000e+00 3.062390999999999863e+00
9.000000000000000000e+00 2.080055999999999905e+00
1.000000000000000000e+01 5.182025000000000325e+00
1.100000000000000000e+01 7.768228999999999829e+00
1.200000000000000000e+01 3.705398000000000192e+00
1.300000000000000000e+01 6.915478000000000236e+00
1.400000000000000000e+01 3.042637000000000036e+00
1.500000000000000000e+01 3.151613999999999916e+00
1.600000000000000000e+01 4.865394000000000219e+00
1.700000000000000000e+01 4.110922000000000409e+00
1.800000000000000000e+01 2.878622000000000014e+00
1.900000000000000000e+01 1.021391999999999989e+01
1.000000000000000000e+00 2.752823999999999938e+00
2.000000000000000000e+00 6.947664999999999758e+00
3.000000000000000000e+00 0.000000000000000000e+00
4.000000000000000000e+00 1.005038000000000098e+00
5.000000000000000000e+00 0.000000000000000000e+00
6.000000000000000000e+00 1.741400999999999977e+00
7.000000000000000000e+00 3.831359999999999766e-01
8.000000000000000000e+00 2.972739999999999938e+00
9.000000000000000000e+00 -4.096264000000000016e-01
1.000000000000000000e+01 4.844643999999999728e+00
1.100000000000000000e+01 5.350868000000000180e+00
1.200000000000000000e+01 4.937361000000000111e+00
1.300000000000000000e+01 5.516591000000000022e+00
1.400000000000000000e+01 3.077827000000000091e+00
1.500000000000000000e+01 2.155450000000000088e+00
1.600000000000000000e+01 6.100445999999999813e+00
1.700000000000000000e+01 3.320997999999999895e+00
1.800000000000000000e+01 9.148694000000000548e-01
1.900000000000000000e+01 7.485834999999999795e+00
1.000000000000000000e+00 -3.296675000000000022e-01
2.000000000000000000e+00 7.448114000000000345e+00
3.000000000000000000e+00 0.000000000000000000e+00
4.000000000000000000e+00 0.000000000000000000e+00
5.000000000000000000e+00 0.000000000000000000e+00
6.000000000000000000e+00 2.179791999999999952e+00
7.000000000000000000e+00 2.373918999999999890e+00
8.000000000000000000e+00 2.882880000000000109e+00
9.000000000000000000e+00 2.184518999999999878e+00
1.000000000000000000e+01 4.945844000000000129e+00
1.100000000000000000e+01 4.386007000000000211e+00
1.200000000000000000e+01 3.640715999999999841e+00
1.300000000000000000e+01 2.058685000000000098e+00
1.400000000000000000e+01 2.249616000000000060e+00
1.500000000000000000e+01 2.635149999999999881e+00
1.600000000000000000e+01 2.697850999999999999e+00
1.700000000000000000e+01 2.837622999999999784e+00
1.800000000000000000e+01 -1.158428999999999931e+00
1.900000000000000000e+01 7.163205999999999740e+00
1.000000000000000000e+00 8.577744999999999953e-01
2.000000000000000000e+00 6.538408999999999693e+00
3.000000000000000000e+00 0.000000000000000000e+00
4.000000000000000000e+00 0.000000000000000000e+00
5.000000000000000000e+00 0.000000000000000000e+00
6.000000000000000000e+00 1.164477999999999902e+00
7.000000000000000000e+00 1.286761999999999961e+00
8.000000000000000000e+00 3.439770999999999912e+00
9.000000000000000000e+00 4.783457999999999877e-01
1.000000000000000000e+01 3.476331000000000060e+00
1.100000000000000000e+01 5.011815999999999605e+00
1.200000000000000000e+01 3.768092000000000219e+00
1.300000000000000000e+01 4.004576000000000136e+00
1.400000000000000000e+01 3.510917000000000066e+00
1.500000000000000000e+01 3.785827999999999971e+00
1.600000000000000000e+01 5.092140999999999806e+00
1.700000000000000000e+01 3.689054000000000055e+00
1.800000000000000000e+01 2.718647000000000147e-01
1.900000000000000000e+01 8.838402000000000314e+00
1.000000000000000000e+00 9.426852000000000009e-01
2.000000000000000000e+00 7.263303999999999760e+00
3.000000000000000000e+00 0.000000000000000000e+00
4.000000000000000000e+00 0.000000000000000000e+00
5.000000000000000000e+00 0.000000000000000000e+00
6.000000000000000000e+00 1.988428000000000084e+00
7.000000000000000000e+00 6.939077000000000162e-01
8.000000000000000000e+00 4.293785999999999881e+00
9.000000000000000000e+00 3.717938999999999883e+00
1.000000000000000000e+01 3.893102999999999980e+00
1.100000000000000000e+01 5.510968000000000089e+00
1.200000000000000000e+01 6.776890999999999998e+00
1.300000000000000000e+01 3.976353000000000026e+00
1.400000000000000000e+01 2.650491000000000152e+00
1.500000000000000000e+01 3.340907000000000071e+00
1.600000000000000000e+01 6.561109000000000080e+00
1.700000000000000000e+01 4.509691000000000116e+00
1.800000000000000000e+01 1.150843999999999978e+00
1.900000000000000000e+01 6.389788000000000245e+00
1.000000000000000000e+00 1.050852000000000036e-01
2.000000000000000000e+00 5.885266999999999804e+00
3.000000000000000000e+00 0.000000000000000000e+00
4.000000000000000000e+00 0.000000000000000000e+00
5.000000000000000000e+00 0.000000000000000000e+00
6.000000000000000000e+00 2.896024000000000154e+00
7.000000000000000000e+00 1.892900000000000027e+00
8.000000000000000000e+00 3.347954000000000097e+00
9.000000000000000000e+00 3.847090000000000121e+00
1.000000000000000000e+01 4.915729999999999933e+00
1.100000000000000000e+01 6.108651000000000053e+00
1.200000000000000000e+01 4.281170999999999616e+00
1.300000000000000000e+01 4.974779999999999980e+00
1.400000000000000000e+01 3.578444999999999876e+00
1.500000000000000000e+01 3.103073000000000192e+00
1.600000000000000000e+01 5.975617999999999874e+00
1.700000000000000000e+01 3.528903999999999819e+00
1.800000000000000000e+01 -3.843576000000000215e-01
1.900000000000000000e+01 6.878428999999999682e+00
