1.000000000000000000e+00 -8.159207688345636485e-04
2.000000000000000000e+00 3.422412283739839026e-03
3.000000000000000000e+00 -8.369631067098846650e-04
4.000000000000000000e+00 -8.368535757180007575e-04
5.000000000000000000e+00 -8.355565611856920942e-04
6.000000000000000000e+00 -8.350644062817724929e-04
7.000000000000000000e+00 -8.329904609305162268e-04
8.000000000000000000e+00 -8.115739737839870434e-04
9.000000000000000000e+00 -8.055227119816748193e-04
1.000000000000000000e+01 2.559547601374803270e-04
1.100000000000000000e+01 2.735469396258037589e-04
1.200000000000000000e+01 7.557807090121788061e-05
1.300000000000000000e+01 -2.263965466935080552e-04
1.400000000000000000e+01 -7.974858861402271811e-04
1.500000000000000000e+01 -4.070283003127829220e-04
1.600000000000000000e+01 9.061868925413048758e-04
1.700000000000000000e+01 3.112971080856941335e-04
1.800000000000000000e+01 -4.213271190851015750e-04
1.900000000000000000e+01 1.584015661965208809e-03
1.000000000000000000e+00 -7.050737508038777994e-04
2.000000000000000000e+00 1.941554520259792345e-03
3.000000000000000000e+00 -7.129605830166903767e-04
4.000000000000000000e+00 -7.129605830166903767e-04
5.000000000000000000e+00 -7.115196220169058396e-04
6.000000000000000000e+00 -7.109501207121104614e-04
7.000000000000000000e+00 -7.117373509111053417e-04
8.000000000000000000e+00 -6.921160735604862599e-04
9.000000000000000000e+00 -7.073374751877002176e-04
1.000000000000000000e+01 7.329073082993801469e-04
1.100000000000000000e+01 6.050866863961251729e-04
1.200000000000000000e+01 7.150692724116243255e-04
1.300000000000000000e+01 1.263444315019447391e-04
1.400000000000000000e+01 -5.741134921212801522e-04
1.500000000000000000e+01 1.500725899779671243e-04
1.600000000000000000e+01 -4.516395646656248087e-05
1.700000000000000000e+01 3.198200463938409284e-04
1.800000000000000000e+01 -7.045787130451845043e-04
1.900000000000000000e+01 1.141532714085046959e-03
1.000000000000000000e+00 -8.086424252882736061e-04
2.000000000000000000e+00 9.183704039304378761e-04
3.000000000000000000e+00 -8.116236954964345645e-04
4.000000000000000000e+00 -8.116236954964345645e-04
5.000000000000000000e+00 -8.108254060952040576e-04
6.000000000000000000e+00 -8.077146823962450461e-04
7.000000000000000000e+00 -8.084880550708781980e-04
8.000000000000000000e+00 -8.032666250070111692e-04
9.000000000000000000e+00 -8.059156624774772111e-04
1.000000000000000000e+01 2.041606044584452621e-04
1.100000000000000000e+01 1.205688008549338002e-03
1.200000000000000000e+01 9.631129888309976784e-04
1.300000000000000000e+01 -6.981248836660006423e-05
1.400000000000000000e+01 -7.812127080290951929e-04
1.500000000000000000e+01 1.935885218384606984e-04
1.600000000000000000e+01 8.207237565639025458e-04
1.700000000000000000e+01 7.572309423182871065e-04
1.800000000000000000e+01 -7.913457513739526874e-04
1.900000000000000000e+01 1.695124581691728966e-03
1.000000000000000000e+00 -8.326497846332494082e-04
2.000000000000000000e+00 4.753033820646651152e-04
3.000000000000000000e+00 -8.343181287385683254e-04
4.000000000000000000e+00 -8.343181287385683254e-04
5.000000000000000000e+00 -8.332288041198319039e-04
6.000000000000000000e+00 -8.314841373979242655e-04
7.000000000000000000e+00 -8.299666659312231578e-04
8.000000000000000000e+00 -8.237047886084214844e-04
9.000000000000000000e+00 -8.284962781775720864e-04
1.000000000000000000e+01 5.820989455231607122e-04
1.100000000000000000e+01 -1.860960427058319459e-06
1.200000000000000000e+01 6.811598971789593546e-04
1.300000000000000000e+01 1.462803105320162409e-04
1.400000000000000000e+01 -5.021327081121462537e-04
1.500000000000000000e+01 1.996441590623601408e-04
1.600000000000000000e+01 1.445684128898493039e-03
1.700000000000000000e+01 1.231966524644941561e-03
1.800000000000000000e+01 -8.112661410709975972e-04
1.900000000000000000e+01 1.814909214952930856e-03
1.000000000000000000e+00 -8.008935958621895635e-04
2.000000000000000000e+00 3.851719604629662286e-04
3.000000000000000000e+00 -8.071274909925256480e-04
4.000000000000000000e+00 -8.071019854523142157e-04
5.000000000000000000e+00 -8.067085199853193988e-04
6.000000000000000000e+00 -8.059824953097148017e-04
7.000000000000000000e+00 -8.044648136449743811e-04
8.000000000000000000e+00 -7.983539284724645120e-04
9.000000000000000000e+00 -8.043960630159996189e-04
1.000000000000000000e+01 6.399223718190461636e-04
1.100000000000000000e+01 1.045429502636926284e-03
1.200000000000000000e+01 1.807668191049301935e-03
1.300000000000000000e+01 1.310896582327090608e-03
1.400000000000000000e+01 -6.380892416493292316e-04
1.500000000000000000e+01 -1.955998080048616632e-04
1.600000000000000000e+01 9.482689127165117937e-04
1.700000000000000000e+01 -1.002671996405119745e-04
1.800000000000000000e+01 -6.573601863757812984e-04
1.900000000000000000e+01 5.293365666223083608e-04
1.000000000000000000e+00 -8.245558035457669624e-04
2.000000000000000000e+00 4.578619126001114191e-04
3.000000000000000000e+00 -8.411562400166516492e-04
4.000000000000000000e+00 -8.411562400166516492e-04
5.000000000000000000e+00 -8.403946105785515359e-04
6.000000000000000000e+00 -8.378704365732851178e-04
7.000000000000000000e+00 -8.378781183561769810e-04
8.000000000000000000e+00 -8.127096450753705081e-04
9.000000000000000000e+00 -8.350420791230788896e-04
1.000000000000000000e+01 8.278046893008215177e-04
1.100000000000000000e+01 8.420087535225146682e-04
1.200000000000000000e+01 1.140603122137739825e-03
1.300000000000000000e+01 8.517885337419917090e-04
1.400000000000000000e+01 -6.469084882398587737e-04
1.500000000000000000e+01 3.740195152914413640e-04
1.600000000000000000e+01 7.880810579678376347e-05
1.700000000000000000e+01 1.736282294080993297e-03
1.800000000000000000e+01 -6.901251502950857134e-04
1.900000000000000000e+01 1.938606762554272438e-04
1.000000000000000000e+00 -6.363485121938975515e-04
2.000000000000000000e+00 4.732804778910983524e-04
3.000000000000000000e+00 -6.438058702990147189e-04
4.000000000000000000e+00 -6.437276338762405303e-04
5.000000000000000000e+00 -6.420357177935681831e-04
6.000000000000000000e+00 -6.426672893810220525e-04
7.000000000000000000e+00 -6.410679491787406445e-04
8.000000000000000000e+00 -6.354282910881022461e-04
9.000000000000000000e+00 -6.344831396527546687e-04
1.000000000000000000e+01 7.138632738951437807e-04
1.100000000000000000e+01 2.767645899049961432e-04
1.200000000000000000e+01 3.137023013198009919e-04
1.300000000000000000e+01 1.899905782208230443e-04
1.400000000000000000e+01 -6.244048229954094050e-04
1.500000000000000000e+01 1.367395264403595463e-04
1.600000000000000000e+01 1.616627388733683952e-03
1.700000000000000000e+01 1.581421317715362871e-04
1.800000000000000000e+01 -5.208897915936466089e-04
1.900000000000000000e+01 1.271546818741163759e-03
1.000000000000000000e+00 -7.382375490834674819e-04
2.000000000000000000e+00 1.055340214237303125e-03
3.000000000000000000e+00 -7.499475882532405466e-04
4.000000000000000000e+00 -7.498877352522110825e-04
5.000000000000000000e+00 -7.495725094467891149e-04
6.000000000000000000e+00 -7.474238145635004075e-04
7.000000000000000000e+00 -7.473635346887947794e-04
8.000000000000000000e+00 -7.455680330771167303e-04
9.000000000000000000e+00 -7.459906655463177964e-04
1.000000000000000000e+01 2.705746486936094029e-05
1.100000000000000000e+01 -1.929281980055590044e-04
1.200000000000000000e+01 -1.743274303776089034e-04
1.300000000000000000e+01 3.532928082793992540e-04
1.400000000000000000e+01 -5.998454469046005664e-04
1.500000000000000000e+01 6.412650749010178361e-05
1.600000000000000000e+01 2.124224703477084388e-03
1.700000000000000000e+01 6.033035479661157541e-04
1.800000000000000000e+01 -4.861332938912859571e-04
1.900000000000000000e+01 1.902388808235925318e-03
1.000000000000000000e+00 -7.602449455560952082e-04
2.000000000000000000e+00 2.128938950366424804e-03
3.000000000000000000e+00 -7.673570263376437413e-04
4.000000000000000000e+00 -7.673458038999507371e-04
5.000000000000000000e+00 -7.666702131508305396e-04
6.000000000000000000e+00 -7.654291203656201194e-04
7.000000000000000000e+00 -7.647837981341634684e-04
8.000000000000000000e+00 -7.599078287098746899e-04
9.000000000000000000e+00 -7.608742137098731826e-04
1.000000000000000000e+01 5.656103255758623046e-04
1.100000000000000000e+01 4.907537157961966434e-04
1.200000000000000000e+01 3.063304284933868801e-04
1.300000000000000000e+01 -2.022557276272764454e-04
1.400000000000000000e+01 -7.102880214462010434e-04
1.500000000000000000e+01 1.790649000475178713e-04
1.600000000000000000e+01 1.312218970284644926e-03
1.700000000000000000e+01 1.053014941222030746e-04
1.800000000000000000e+01 -7.513093439909417689e-04
1.900000000000000000e+01 1.319613797196460183e-03
1.000000000000000000e+00 -6.811131288985586112e-04
2.000000000000000000e+00 9.857800099614918207e-04
3.000000000000000000e+00 -6.854392756354195804e-04
4.000000000000000000e+00 -6.853557534930739383e-04
5.000000000000000000e+00 -6.852103379064818827e-04
6.000000000000000000e+00 -6.827753069788038620e-04
7.000000000000000000e+00 -6.843695120656560381e-04
8.000000000000000000e+00 -6.802739700674530253e-04
9.000000000000000000e+00 -6.653683918040315505e-04
1.000000000000000000e+01 1.421674819083126623e-04
1.100000000000000000e+01 2.237259194201609127e-04
1.200000000000000000e+01 5.742120487204861387e-04
1.300000000000000000e+01 -2.181199737001660857e-04
1.400000000000000000e+01 -4.817363555154566702e-04
1.500000000000000000e+01 3.341881436207480723e-04
1.600000000000000000e+01 1.558532618343954007e-03
1.700000000000000000e+01 6.368789154327713720e-04
1.800000000000000000e+01 -6.659090865849224021e-04
1.900000000000000000e+01 1.151106095899241503e-03
1.000000000000000000e+00 -7.515016876793998747e-04
2.000000000000000000e+00 3.392820018772275351e-04
3.000000000000000000e+00 -7.655207108084602710e-04
4.000000000000000000e+00 -7.655064277059418429e-04
5.000000000000000000e+00 -7.653261885551144311e-04
6.000000000000000000e+00 -7.624123472221555056e-04
7.000000000000000000e+00 -7.617809981401760765e-04
8.000000000000000000e+00 -7.549104141775053560e-04
9.000000000000000000e+00 -7.573592236028553991e-04
1.000000000000000000e+01 4.422681715902188553e-05
1.100000000000000000e+01 -4.184403470954140545e-04
1.200000000000000000e+01 3.926993506056128901e-04
1.300000000000000000e+01 -5.305317410211233349e-05
1.400000000000000000e+01 -7.520885958619895643e-04
1.500000000000000000e+01 6.655564298823283924e-04
1.600000000000000000e+01 2.237196086197503452e-03
1.700000000000000000e+01 3.393674018249563163e-04
1.800000000000000000e+01 -5.219046413930579238e-04
1.900000000000000000e+01 2.421990072568447946e-03
1.000000000000000000e+00 -8.372715525514938181e-04
2.000000000000000000e+00 8.497521939414814235e-04
3.000000000000000000e+00 -8.567700690650663538e-04
4.000000000000000000e+00 -8.567700690650663538e-04
5.000000000000000000e+00 -8.554150787394877980e-04
6.000000000000000000e+00 -8.529302677987944323e-04
7.000000000000000000e+00 -8.535229077296697551e-04
8.000000000000000000e+00 -8.189797114042605400e-04
9.000000000000000000e+00 -8.482486703475891924e-04
1.000000000000000000e+01 1.664342034285735191e-04
1.100000000000000000e+01 9.706047243108836429e-04
1.200000000000000000e+01 1.563908028778709697e-04
1.300000000000000000e+01 5.053271566825130691e-04
1.400000000000000000e+01 -6.815305239463195601e-04
1.500000000000000000e+01 -4.041973331589971546e-04
1.600000000000000000e+01 3.221141367459815462e-03
1.700000000000000000e+01 -3.721384978895916906e-05
1.800000000000000000e+01 -8.295753275320894883e-04
1.900000000000000000e+01 1.355075667164238858e-03
1.000000000000000000e+00 -7.871636897085038630e-04
2.000000000000000000e+00 8.636216366563964023e-04
3.000000000000000000e+00 -7.895741264939405658e-04
4.000000000000000000e+00 -7.894933249425507837e-04
5.000000000000000000e+00 -7.894725124217383348e-04
6.000000000000000000e+00 -7.835976585952037898e-04
7.000000000000000000e+00 -7.860877591420270018e-04
8.000000000000000000e+00 -7.834897304848247078e-04
9.000000000000000000e+00 -7.856594720540760251e-04
1.000000000000000000e+01 2.390597094809935024e-04
1.100000000000000000e+01 8.342840562469862591e-04
1.200000000000000000e+01 1.175891710232999021e-03
1.300000000000000000e+01 8.110423996920779286e-04
1.400000000000000000e+01 -7.733882458997966888e-04
1.500000000000000000e+01 -3.186500838951987513e-04
1.600000000000000000e+01 1.445817907688823041e-03
1.700000000000000000e+01 5.598997185009842821e-04
1.800000000000000000e+01 -6.511527481653493375e-04
1.900000000000000000e+01 7.774202447458787493e-04
1.000000000000000000e+00 -8.040138458958415602e-04
2.000000000000000000e+00 9.540722857984833315e-04
3.000000000000000000e+00 -8.158838159765959648e-04
4.000000000000000000e+00 -8.158838159765959648e-04
5.000000000000000000e+00 -8.155531281459081671e-04
6.000000000000000000e+00 -8.117773235997954688e-04
7.000000000000000000e+00 -8.118373139258922662e-04
8.000000000000000000e+00 -7.983808973007080296e-04
9.000000000000000000e+00 -8.120951248979888524e-04
1.000000000000000000e+01 9.719994500187700533e-04
1.100000000000000000e+01 5.452234212073217958e-04
1.200000000000000000e+01 3.956125651792278468e-04
1.300000000000000000e+01 6.882393121661399375e-04
1.400000000000000000e+01 -7.819372335881368073e-04
1.500000000000000000e+01 5.544344194029776363e-05
1.600000000000000000e+01 1.138221050676645196e-03
1.700000000000000000e+01 4.430629274142539888e-04
1.800000000000000000e+01 -8.053151338985409333e-04
1.900000000000000000e+01 1.500303340261054065e-03
1.000000000000000000e+00 -8.480267217856429611e-04
2.000000000000000000e+00 1.434672710857826713e-03
3.000000000000000000e+00 -8.516522110904039969e-04
4.000000000000000000e+00 -8.515954187541998482e-04
5.000000000000000000e+00 -8.513409754850507181e-04
6.000000000000000000e+00 -8.461560285459021136e-04
7.000000000000000000e+00 -8.497051605789277288e-04
8.000000000000000000e+00 -8.220865244168741592e-04
9.000000000000000000e+00 -8.428105920159417383e-04
1.000000000000000000e+01 5.596133402774817800e-05
1.100000000000000000e+01 1.002492994548669124e-03
1.200000000000000000e+01 4.307034740445041710e-04
1.300000000000000000e+01 1.079232153787652409e-04
1.400000000000000000e+01 -7.236610842459858476e-04
1.500000000000000000e+01 4.990812296292721140e-05
1.600000000000000000e+01 1.237820624660133885e-03
1.700000000000000000e+01 8.364025107373857394e-04
1.800000000000000000e+01 -7.325441952474442010e-04
1.900000000000000000e+01 1.590567470423745076e-03
1.000000000000000000e+00 -6.515660782344981057e-04
2.000000000000000000e+00 4.867110997047945737e-04
3.000000000000000000e+00 -6.577950296052561532e-04
4.000000000000000000e+00 -6.577807465027378335e-04
5.000000000000000000e+00 -6.567505947372919654e-04
6.000000000000000000e+00 -6.558182605241454034e-04
7.000000000000000000e+00 -6.564905742566832462e-04
8.000000000000000000e+00 -6.557612518361843239e-04
9.000000000000000000e+00 -6.563912046720195509e-04
1.000000000000000000e+01 -2.318101416718389108e-04
1.100000000000000000e+01 1.621247565662575405e-05
1.200000000000000000e+01 5.132309219608215340e-04
1.300000000000000000e+01 5.713328059590572623e-05
1.400000000000000000e+01 -4.039878913005689066e-04
1.500000000000000000e+01 5.262852283720604457e-04
1.600000000000000000e+01 4.718994574076728439e-04
1.700000000000000000e+01 8.367704634767486518e-04
1.800000000000000000e+01 -5.868853801329316318e-04
1.900000000000000000e+01 2.482178265534772370e-03
1.000000000000000000e+00 -8.212889589557468293e-04
2.000000000000000000e+00 8.717964953404087588e-04
3.000000000000000000e+00 -8.294132215136578758e-04
4.000000000000000000e+00 -8.293384052623709642e-04
5.000000000000000000e+00 -8.273318334028579527e-04
6.000000000000000000e+00 -8.268628443309276963e-04
7.000000000000000000e+00 -8.227359118951717894e-04
8.000000000000000000e+00 -7.281785211455541265e-04
9.000000000000000000e+00 -8.200006433510796406e-04
1.000000000000000000e+01 5.912082318912029308e-04
1.100000000000000000e+01 6.782282611015371049e-04
1.200000000000000000e+01 1.040956766879003875e-03
1.300000000000000000e+01 1.236817488794156924e-03
1.400000000000000000e+01 -5.336727255340530931e-04
1.500000000000000000e+01 -7.566000597299078279e-04
1.600000000000000000e+01 1.379337932462770908e-04
1.700000000000000000e+01 2.406683752811930154e-03
1.800000000000000000e+01 -8.000358168999086592e-04
1.900000000000000000e+01 6.885842526989365160e-05
1.000000000000000000e+00 -5.918982583970794397e-04
2.000000000000000000e+00 3.466712576332002570e-04
3.000000000000000000e+00 -5.950823405640047643e-04
4.000000000000000000e+00 -5.950509177384642875e-04
5.000000000000000000e+00 -5.948489138599897781e-04
6.000000000000000000e+00 -5.931920104874001008e-04
7.000000000000000000e+00 -5.931763042567078821e-04
8.000000000000000000e+00 -5.830236998628776169e-04
9.000000000000000000e+00 -5.891486704759228872e-04
1.000000000000000000e+01 9.299853557407156742e-04
1.100000000000000000e+01 7.072064903400221035e-04
1.200000000000000000e+01 2.404284239351991157e-04
1.300000000000000000e+01 2.836609296008340045e-04
1.400000000000000000e+01 -2.343443794694536806e-04
1.500000000000000000e+01 -7.679346322847862790e-05
1.600000000000000000e+01 7.893283699367469822e-04
1.700000000000000000e+01 2.973258124224971454e-04
1.800000000000000000e+01 -4.777444937443652158e-04
1.900000000000000000e+01 8.903973584534447894e-04
1.000000000000000000e+00 -7.653391601117437134e-04
2.000000000000000000e+00 4.217538250400236304e-04
3.000000000000000000e+00 -7.700736733809209270e-04
4.000000000000000000e+00 -7.699771672182383108e-04
5.000000000000000000e+00 -7.694811286707291557e-04
6.000000000000000000e+00 -7.672086773436558992e-04
7.000000000000000000e+00 -7.659758998503742380e-04
8.000000000000000000e+00 -7.643694987429227065e-04
9.000000000000000000e+00 -7.643543314483436726e-04
1.000000000000000000e+01 1.006110990483867181e-03
1.100000000000000000e+01 4.593614952086593796e-04
1.200000000000000000e+01 8.167161459214026652e-04
1.300000000000000000e+01 5.255688984984285654e-04
1.400000000000000000e+01 -7.338708874232329534e-04
1.500000000000000000e+01 -7.153509600023397891e-05
1.600000000000000000e+01 8.205998293591614066e-04
1.700000000000000000e+01 1.234161768549645261e-03
1.800000000000000000e+01 -7.620679341777027030e-04
1.900000000000000000e+01 1.097447392324511295e-03
1.000000000000000000e+00 -7.659748368380414575e-04
2.000000000000000000e+00 1.177794940000661313e-03
3.000000000000000000e+00 -7.757721535243636713e-04
4.000000000000000000e+00 -7.753576714922346021e-04
5.000000000000000000e+00 -7.751634893127583260e-04
6.000000000000000000e+00 -7.714354091140899388e-04
7.000000000000000000e+00 -7.733996155425819927e-04
8.000000000000000000e+00 -7.672358469400879493e-04
9.000000000000000000e+00 -7.717771250545453531e-04
1.000000000000000000e+01 -4.823120157682839085e-04
1.100000000000000000e+01 4.125297857824666218e-04
1.200000000000000000e+01 7.927190425902507409e-05
1.300000000000000000e+01 -4.394638985047271264e-04
1.400000000000000000e+01 -1.914745060789572139e-04
1.500000000000000000e+01 5.266091434647763398e-04
1.600000000000000000e+01 2.242807023194647465e-03
1.700000000000000000e+01 -2.177734403666133089e-04
1.800000000000000000e+01 -7.372779326684481644e-04
1.900000000000000000e+01 2.416811773017402739e-03
1.000000000000000000e+00 -8.076478380382219211e-04
2.000000000000000000e+00 6.141606876698665679e-04
3.000000000000000000e+00 -8.201660315044195099e-04
4.000000000000000000e+00 -8.201660315044195099e-04
5.000000000000000000e+00 -8.192487842636429199e-04
6.000000000000000000e+00 -8.175244976829137891e-04
7.000000000000000000e+00 -8.089420897132509284e-04
8.000000000000000000e+00 -8.117028194260113945e-04
9.000000000000000000e+00 -8.133979085598259983e-04
1.000000000000000000e+01 7.889452788014183560e-04
1.100000000000000000e+01 1.223723958616957644e-03
1.200000000000000000e+01 1.651515779842901944e-04
1.300000000000000000e+01 4.117994536768255641e-04
1.400000000000000000e+01 -7.845702012919926818e-04
1.500000000000000000e+01 1.640167687467197473e-04
1.600000000000000000e+01 7.839095657053158760e-04
1.700000000000000000e+01 9.281902281807136515e-04
1.800000000000000000e+01 -7.890309725857472083e-04
1.900000000000000000e+01 1.603473178531280045e-03
1.000000000000000000e+00 -7.139737739688904045e-04
2.000000000000000000e+00 5.947574506499391433e-04
3.000000000000000000e+00 -7.176044544202991827e-04
4.000000000000000000e+00 -7.173470865158723892e-04
5.000000000000000000e+00 -7.172692095997601621e-04
6.000000000000000000e+00 -7.140432008590455763e-04
7.000000000000000000e+00 -7.150309567487622090e-04
8.000000000000000000e+00 -7.110363920749258708e-04
9.000000000000000000e+00 -7.142077713492463176e-04
1.000000000000000000e+01 1.919637069034459435e-03
1.100000000000000000e+01 6.845267256870713867e-04
1.200000000000000000e+01 7.455530353303277836e-04
1.300000000000000000e+01 1.150212507575584277e-03
1.400000000000000000e+01 -5.100552724838623318e-04
1.500000000000000000e+01 -5.184318609462350638e-04
1.600000000000000000e+01 -1.443241946992131414e-04
1.700000000000000000e+01 1.156093185086163808e-03
1.800000000000000000e+01 -7.111289718418754196e-04
1.900000000000000000e+01 1.232776210205997779e-04
1.000000000000000000e+00 -8.574635632573285142e-04
2.000000000000000000e+00 1.361395134952579709e-04
3.000000000000000000e+00 -8.583785368613777549e-04
4.000000000000000000e+00 -8.583516030109144580e-04
5.000000000000000000e+00 -8.579999666298663424e-04
6.000000000000000000e+00 -8.558009732018812639e-04
7.000000000000000000e+00 -8.559968136463211438e-04
8.000000000000000000e+00 -8.532738719702982538e-04
9.000000000000000000e+00 -8.526007067575671998e-04
1.000000000000000000e+01 1.087329220661546920e-03
1.100000000000000000e+01 7.381383170959523055e-04
1.200000000000000000e+01 2.141605852928206617e-04
1.300000000000000000e+01 -3.524116546733820857e-04
1.400000000000000000e+01 -8.429228538111568306e-04
1.500000000000000000e+01 7.379897289726154372e-04
1.600000000000000000e+01 1.300857609239990369e-03
1.700000000000000000e+01 3.430679252932453040e-04
1.800000000000000000e+01 -7.344737711447402130e-04
1.900000000000000000e+01 2.803725961121987954e-03
1.000000000000000000e+00 -7.454287026114660977e-04
2.000000000000000000e+00 6.590740480101299958e-05
3.000000000000000000e+00 -7.472754047732942453e-04
4.000000000000000000e+00 -7.472532999717776923e-04
5.000000000000000000e+00 -7.467636616144922562e-04
6.000000000000000000e+00 -7.447562541448999587e-04
7.000000000000000000e+00 -7.424353792137308944e-04
8.000000000000000000e+00 -7.362154683019432556e-04
9.000000000000000000e+00 -7.374787928495815225e-04
1.000000000000000000e+01 8.427926480528782644e-04
1.100000000000000000e+01 1.787831121473279061e-03
1.200000000000000000e+01 1.018326852986977879e-03
1.300000000000000000e+01 9.078503083890545038e-04
1.400000000000000000e+01 -4.897198728480144656e-04
1.500000000000000000e+01 -5.927850916242436438e-05
1.600000000000000000e+01 1.697856326046197719e-04
1.700000000000000000e+01 8.087220767305351200e-04
1.800000000000000000e+01 -7.059503539952750439e-04
1.900000000000000000e+01 2.880959056031650884e-04
1.000000000000000000e+00 -7.340890932565123737e-04
2.000000000000000000e+00 8.614946760660208494e-04
3.000000000000000000e+00 -7.412939397120591085e-04
4.000000000000000000e+00 -7.408794576799300393e-04
5.000000000000000000e+00 -7.410096379571691266e-04
6.000000000000000000e+00 -7.385777405672886179e-04
7.000000000000000000e+00 -7.388206427009469911e-04
8.000000000000000000e+00 -7.365257283612146842e-04
9.000000000000000000e+00 -7.396065942221926844e-04
1.000000000000000000e+01 4.854391317874211980e-04
1.100000000000000000e+01 1.152515818980079533e-04
1.200000000000000000e+01 1.104152952097351217e-04
1.300000000000000000e+01 -1.545649917969088344e-04
1.400000000000000000e+01 -6.997531261255522834e-04
1.500000000000000000e+01 4.698934923962412211e-04
1.600000000000000000e+01 1.411742050734092610e-03
1.700000000000000000e+01 1.257362090134882563e-04
1.800000000000000000e+01 -7.224324051992640728e-04
1.900000000000000000e+01 2.679811476806305635e-03
1.000000000000000000e+00 -7.935350864404288685e-04
2.000000000000000000e+00 1.202234599277147596e-03
3.000000000000000000e+00 -8.049344603573097695e-04
4.000000000000000000e+00 -8.048603242537618772e-04
5.000000000000000000e+00 -8.040215660620624906e-04
6.000000000000000000e+00 -8.033170806937115936e-04
7.000000000000000000e+00 -8.024385830890235069e-04
8.000000000000000000e+00 -7.983298993409840283e-04
9.000000000000000000e+00 -8.019251632041050600e-04
1.000000000000000000e+01 4.269675728867734408e-04
1.100000000000000000e+01 3.539601112939860230e-04
1.200000000000000000e+01 5.543249044055682589e-04
1.300000000000000000e+01 1.377997166609069152e-04
1.400000000000000000e+01 3.671549084451191671e-04
1.500000000000000000e+01 -3.541698420264961528e-04
1.600000000000000000e+01 8.012772585655229211e-04
1.700000000000000000e+01 7.110551398572342342e-04
1.800000000000000000e+01 -7.825317751491734112e-04
1.900000000000000000e+01 1.607079002622723842e-03
1.000000000000000000e+00 -8.378394477174615738e-04
2.000000000000000000e+00 2.106448753972516279e-03
3.000000000000000000e+00 -8.502970498984531748e-04
4.000000000000000000e+00 -8.502169965095762380e-04
5.000000000000000000e+00 -8.467956493382290326e-04
6.000000000000000000e+00 -8.471126798023184039e-04
7.000000000000000000e+00 -8.472770151557293319e-04
8.000000000000000000e+00 -8.384493452636336639e-04
9.000000000000000000e+00 -8.474152775313866697e-04
1.000000000000000000e+01 1.271534639767533384e-03
1.100000000000000000e+01 1.372324134753978174e-04
1.200000000000000000e+01 8.018966873497101024e-04
1.300000000000000000e+01 -9.751541448975381630e-05
1.400000000000000000e+01 -7.907371251774640043e-04
1.500000000000000000e+01 -1.362399252660690524e-04
1.600000000000000000e+01 1.476723466513849134e-03
1.700000000000000000e+01 8.496825148732145257e-04
1.800000000000000000e+01 -8.290061779423150415e-04
1.900000000000000000e+01 4.411460522756015528e-04
1.000000000000000000e+00 -7.800104996819757358e-04
2.000000000000000000e+00 -5.251776948401349701e-06
3.000000000000000000e+00 -7.863299456810435642e-04
4.000000000000000000e+00 -7.860383663453466077e-04
5.000000000000000000e+00 -7.860231990507675738e-04
6.000000000000000000e+00 -7.676739965103884962e-04
7.000000000000000000e+00 -7.825533890858595194e-04
8.000000000000000000e+00 -7.780761977301668166e-04
9.000000000000000000e+00 -7.820768050308441084e-04
1.000000000000000000e+01 1.255385954280884920e-03
1.100000000000000000e+01 1.280178480826862355e-03
1.200000000000000000e+01 1.390787888291242528e-03
1.300000000000000000e+01 9.749702480351679504e-04
1.400000000000000000e+01 -5.703032047593446568e-04
1.500000000000000000e+01 -4.657781266760740069e-04
1.600000000000000000e+01 5.786543919518269581e-04
1.700000000000000000e+01 1.149815974057724881e-03
1.800000000000000000e+01 -7.636975171268713027e-04
1.900000000000000000e+01 8.601262829052170320e-05
1.000000000000000000e+00 -7.985775687203524632e-04
2.000000000000000000e+00 6.602250542795283159e-04
3.000000000000000000e+00 -8.095827957269799554e-04
4.000000000000000000e+00 -8.095827957269799554e-04
5.000000000000000000e+00 -8.090381334176117989e-04
6.000000000000000000e+00 -8.069314412198832099e-04
7.000000000000000000e+00 -8.052053104671418222e-04
8.000000000000000000e+00 -7.718547625945351405e-04
9.000000000000000000e+00 -8.057471025530515496e-04
1.000000000000000000e+01 3.228578221609417192e-04
1.100000000000000000e+01 6.903618483440644975e-04
1.200000000000000000e+01 1.018132320154391647e-04
1.300000000000000000e+01 -3.766913655535120641e-04
1.400000000000000000e+01 -5.853403209592951146e-04
1.500000000000000000e+01 1.634784661341943035e-03
1.600000000000000000e+01 1.739526058645790834e-03
1.700000000000000000e+01 2.362079084518819950e-04
1.800000000000000000e+01 -7.217526034325019756e-04
1.900000000000000000e+01 1.235856973948606030e-03
1.000000000000000000e+00 -8.600081484345738735e-04
2.000000000000000000e+00 2.049885176388958549e-03
3.000000000000000000e+00 -8.670312134233252232e-04
4.000000000000000000e+00 -8.668439007360125318e-04
5.000000000000000000e+00 -8.668157426196190654e-04
6.000000000000000000e+00 -8.629337993994406044e-04
7.000000000000000000e+00 -8.350764822301486338e-04
8.000000000000000000e+00 -7.604359875966567499e-04
9.000000000000000000e+00 -8.617326856983268226e-04
1.000000000000000000e+01 3.506894279168374382e-04
1.100000000000000000e+01 3.252979209464372740e-04
1.200000000000000000e+01 -4.137615673372143288e-04
1.300000000000000000e+01 5.278961847193720976e-04
1.400000000000000000e+01 -8.428241484424506529e-04
1.500000000000000000e+01 3.416286338516042495e-04
1.600000000000000000e+01 1.424995742075268719e-03
1.700000000000000000e+01 2.054639219657177136e-04
1.800000000000000000e+01 -6.590905287319402629e-04
1.900000000000000000e+01 1.908618825342913751e-03
1.000000000000000000e+00 -6.890903779742071130e-04
2.000000000000000000e+00 1.562415146211639091e-03
3.000000000000000000e+00 -7.020735063459908505e-04
4.000000000000000000e+00 -7.019343481185974032e-04
5.000000000000000000e+00 -6.998911162959537812e-04
6.000000000000000000e+00 -6.998658692118831697e-04
7.000000000000000000e+00 -7.006275575961205338e-04
8.000000000000000000e+00 -6.730959147494546425e-04
9.000000000000000000e+00 -6.991670284220059556e-04
1.000000000000000000e+01 3.077960409562925485e-04
1.100000000000000000e+01 3.759790257591224958e-05
1.200000000000000000e+01 2.603204955723868665e-04
1.300000000000000000e+01 -3.502015974707660211e-04
1.400000000000000000e+01 -4.921108107652981357e-04
1.500000000000000000e+01 4.521157175077013284e-06
1.600000000000000000e+01 2.034179659637751214e-03
1.700000000000000000e+01 7.147203129798667016e-04
1.800000000000000000e+01 -6.915457628087935682e-04
1.900000000000000000e+01 9.206166693773541873e-04
1.000000000000000000e+00 -5.949767280643047983e-04
2.000000000000000000e+00 6.444745852588366431e-04
3.000000000000000000e+00 -6.208444689705611228e-04
4.000000000000000000e+00 -6.208088156260841784e-04
5.000000000000000000e+00 -6.207277556185535755e-04
6.000000000000000000e+00 -6.178418926486569729e-04
7.000000000000000000e+00 -6.165574569629608511e-04
8.000000000000000000e+00 -4.792573416954085900e-04
9.000000000000000000e+00 -6.194740004257227829e-04
1.000000000000000000e+01 7.135271442060691109e-04
1.100000000000000000e+01 9.490343716983602089e-04
1.200000000000000000e+01 3.988894076765219171e-04
1.300000000000000000e+01 2.903507957533944762e-04
1.400000000000000000e+01 -5.842762860428048948e-04
1.500000000000000000e+01 -6.443504128367508914e-05
1.600000000000000000e+01 8.794907067953789759e-04
1.700000000000000000e+01 6.419274793019572089e-04
1.800000000000000000e+01 -5.933230447054393128e-04
1.900000000000000000e+01 4.271791884991270306e-04
1.000000000000000000e+00 -6.580903440517909186e-04
2.000000000000000000e+00 -5.923193413770883189e-05
3.000000000000000000e+00 -6.611331073886719031e-04
4.000000000000000000e+00 -6.611188242861535834e-04
5.000000000000000000e+00 -6.611331073886719031e-04
6.000000000000000000e+00 -6.599048285868637292e-04
7.000000000000000000e+00 -6.603736136144722907e-04
8.000000000000000000e+00 -6.575376550274632899e-04
9.000000000000000000e+00 -6.595490160986982719e-04
1.000000000000000000e+01 6.606642401660294678e-04
1.100000000000000000e+01 3.674328427546590288e-04
1.200000000000000000e+01 3.736864826570835438e-04
1.300000000000000000e+01 6.972796686780870527e-04
1.400000000000000000e+01 -5.525375988971756389e-04
1.500000000000000000e+01 1.296331808262008931e-04
1.600000000000000000e+01 9.181171095978894444e-04
1.700000000000000000e+01 2.220539797916920577e-04
1.800000000000000000e+01 -6.420344461681619722e-04
1.900000000000000000e+01 2.086759068289989645e-03
1.000000000000000000e+00 -7.323151649077749197e-04
2.000000000000000000e+00 6.016264810580382013e-04
3.000000000000000000e+00 -7.381585350193523238e-04
4.000000000000000000e+00 -7.380556286664459887e-04
5.000000000000000000e+00 -7.376183616850613472e-04
6.000000000000000000e+00 -7.352945915916833533e-04
7.000000000000000000e+00 -7.349321622376574345e-04
8.000000000000000000e+00 -7.252958643748189408e-04
9.000000000000000000e+00 -7.344763236603201904e-04
1.000000000000000000e+01 1.146577447374756567e-03
1.100000000000000000e+01 5.918741746096817941e-04
1.200000000000000000e+01 9.006304418302008181e-04
1.300000000000000000e+01 -4.139331813039672913e-04
1.400000000000000000e+01 -1.115811970870428675e-04
1.500000000000000000e+01 -1.649276705760819011e-04
1.600000000000000000e+01 1.220771480950064115e-03
1.700000000000000000e+01 -1.345013054105656579e-04
1.800000000000000000e+01 -7.192410168984028369e-04
1.900000000000000000e+01 1.721078995020724469e-03
1.000000000000000000e+00 -6.825920430520442291e-04
2.000000000000000000e+00 8.110527777680215768e-04
3.000000000000000000e+00 -6.873295101056878112e-04
4.000000000000000000e+00 -6.873295101056878112e-04
5.000000000000000000e+00 -6.868312338721174705e-04
6.000000000000000000e+00 -6.852138930741044154e-04
7.000000000000000000e+00 -6.852659282626941475e-04
8.000000000000000000e+00 -6.659554385915602897e-04
9.000000000000000000e+00 -6.847299514399526714e-04
1.000000000000000000e+01 1.712407142459456766e-03
1.100000000000000000e+01 1.128728515993607066e-03
1.200000000000000000e+01 8.691137067593447587e-04
1.300000000000000000e+01 2.038592759576656822e-04
1.400000000000000000e+01 -5.102644947703642922e-04
1.500000000000000000e+01 -3.869799914036810696e-04
1.600000000000000000e+01 1.594622537378967138e-04
1.700000000000000000e+01 7.296853228930386863e-04
1.800000000000000000e+01 -6.537392937161016484e-04
1.900000000000000000e+01 2.179942553259055194e-04
1.000000000000000000e+00 -7.395005212093225862e-04
2.000000000000000000e+00 1.656166043328733762e-03
3.000000000000000000e+00 -7.501458972696146412e-04
4.000000000000000000e+00 -7.500803310275778275e-04
5.000000000000000000e+00 -7.491605672401669639e-04
6.000000000000000000e+00 -7.448837302427417130e-04
7.000000000000000000e+00 -7.434847771105952598e-04
8.000000000000000000e+00 -7.340288421206967026e-04
9.000000000000000000e+00 -7.429227671473248584e-04
1.000000000000000000e+01 8.490041597136742434e-04
1.100000000000000000e+01 8.172199722505375623e-04
1.200000000000000000e+01 2.413526742384799779e-04
1.300000000000000000e+01 1.592485283992773563e-03
1.400000000000000000e+01 -2.149319656487650170e-04
1.500000000000000000e+01 -6.048665093929246703e-04
1.600000000000000000e+01 -5.519701706046555544e-04
1.700000000000000000e+01 1.529194644165433664e-03
1.800000000000000000e+01 -7.090576515595201209e-04
1.900000000000000000e+01 5.194976043999217498e-06
1.000000000000000000e+00 -6.396655073116582673e-04
2.000000000000000000e+00 1.093002278104143727e-04
3.000000000000000000e+00 -6.405774863223767136e-04
4.000000000000000000e+00 -6.405774863223767136e-04
5.000000000000000000e+00 -6.392300456367007618e-04
6.000000000000000000e+00 -6.397028571389239875e-04
7.000000000000000000e+00 -6.388516522436014271e-04
8.000000000000000000e+00 -6.364043015732115264e-04
9.000000000000000000e+00 -6.374481460081624692e-04
1.000000000000000000e+01 7.263467853287856185e-04
1.100000000000000000e+01 1.060797213065277703e-03
1.200000000000000000e+01 3.225781867860274144e-04
1.300000000000000000e+01 2.412228189460657217e-04
1.400000000000000000e+01 -1.619649288932926978e-04
1.500000000000000000e+01 8.974925053962124616e-05
1.600000000000000000e+01 7.917994323290516133e-04
1.700000000000000000e+01 3.736381184487148964e-04
1.800000000000000000e+01 -6.046575906510805436e-04
1.900000000000000000e+01 1.078979808787418641e-03
1.000000000000000000e+00 -7.553987264891765495e-04
2.000000000000000000e+00 4.855033189130763703e-04
3.000000000000000000e+00 -7.680876561753463517e-04
4.000000000000000000e+00 -7.679505383911697453e-04
5.000000000000000000e+00 -7.667013110390011451e-04
6.000000000000000000e+00 -7.661339998099252853e-04
7.000000000000000000e+00 -7.625750995598485748e-04
8.000000000000000000e+00 -7.303958002535513618e-04
9.000000000000000000e+00 -7.647938658542451215e-04
1.000000000000000000e+01 5.827639379283279172e-04
1.100000000000000000e+01 1.535394298065587875e-03
1.200000000000000000e+01 1.074321004221318650e-03
1.300000000000000000e+01 1.245345821981520959e-03
1.400000000000000000e+01 -5.844877946430618179e-04
1.500000000000000000e+01 -6.124218596070122363e-04
1.600000000000000000e+01 -6.913349627285976528e-05
1.700000000000000000e+01 4.941059122101724163e-04
1.800000000000000000e+01 -7.297459684901712665e-04
1.900000000000000000e+01 1.254996297450278143e-03
1.000000000000000000e+00 -7.265629195424965501e-04
2.000000000000000000e+00 4.205757053165294830e-04
3.000000000000000000e+00 -7.491205158133280688e-04
4.000000000000000000e+00 -7.489644704892155875e-04
5.000000000000000000e+00 -7.481164817210587178e-04
6.000000000000000000e+00 -7.409965909001874551e-04
7.000000000000000000e+00 -7.459018708054674339e-04
8.000000000000000000e+00 -7.392750048298619460e-04
9.000000000000000000e+00 -7.416174397965965724e-04
1.000000000000000000e+01 1.219840922124955397e-05
1.100000000000000000e+01 -3.619851041887090361e-04
1.200000000000000000e+01 -4.048060881153631640e-04
1.300000000000000000e+01 -4.548365781192322487e-04
1.400000000000000000e+01 -4.772072183135460605e-04
1.500000000000000000e+01 1.745724025335012881e-03
1.600000000000000000e+01 2.444393003443330690e-03
1.700000000000000000e+01 -5.081917588745661195e-04
1.800000000000000000e+01 -7.132946797161334807e-04
1.900000000000000000e+01 2.830268143232532105e-03
1.000000000000000000e+00 -6.618758451268859280e-04
2.000000000000000000e+00 6.321667781162660597e-04
3.000000000000000000e+00 -6.670659385172594564e-04
4.000000000000000000e+00 -6.670659385172594564e-04
5.000000000000000000e+00 -6.668249621733418663e-04
6.000000000000000000e+00 -6.660356507222657194e-04
7.000000000000000000e+00 -6.657607350061735957e-04
8.000000000000000000e+00 -6.534086894871112472e-04
9.000000000000000000e+00 -6.627841278585230606e-04
1.000000000000000000e+01 -3.379831658070357779e-04
1.100000000000000000e+01 5.183686475400310981e-04
1.200000000000000000e+01 5.102733564150284569e-04
1.300000000000000000e+01 8.607182378503943363e-04
1.400000000000000000e+01 -6.163673527161032213e-04
1.500000000000000000e+01 1.713039265496729062e-05
1.600000000000000000e+01 1.964045976336056040e-03
1.700000000000000000e+01 -2.651593802589661134e-05
1.800000000000000000e+01 -6.570760460956443730e-04
1.900000000000000000e+01 1.310646391996706309e-03
1.000000000000000000e+00 -7.395744783589743975e-04
2.000000000000000000e+00 2.582944016133718488e-04
3.000000000000000000e+00 -7.466649829109635230e-04
4.000000000000000000e+00 -7.466179847022006225e-04
5.000000000000000000e+00 -7.460152785847886390e-04
6.000000000000000000e+00 -7.440042119203606414e-04
7.000000000000000000e+00 -7.427411153841548090e-04
8.000000000000000000e+00 -7.344594188671641757e-04
9.000000000000000000e+00 -7.430989262111533256e-04
1.000000000000000000e+01 -3.150422855080066919e-04
1.100000000000000000e+01 3.037714254267669914e-04
1.200000000000000000e+01 8.565398608620608555e-05
1.300000000000000000e+01 7.779319154824068043e-05
1.400000000000000000e+01 -5.905706081628772685e-04
1.500000000000000000e+01 2.301010728379352527e-04
1.600000000000000000e+01 2.228673118332542141e-03
1.700000000000000000e+01 -4.106592163860360421e-05
1.800000000000000000e+01 -7.324746726247149259e-04
1.900000000000000000e+01 3.148079451934290580e-03
1.000000000000000000e+00 -7.561612612495729590e-04
2.000000000000000000e+00 6.158962709718294066e-06
3.000000000000000000e+00 -7.595807976085351427e-04
4.000000000000000000e+00 -7.593107245443444630e-04
5.000000000000000000e+00 -7.593428819294429765e-04
6.000000000000000000e+00 -7.537134176340122647e-04
7.000000000000000000e+00 -7.563694936619370750e-04
8.000000000000000000e+00 -6.555323584322948153e-04
9.000000000000000000e+00 -7.547046843815816012e-04
1.000000000000000000e+01 6.424519068055822759e-04
1.100000000000000000e+01 1.302872822946681127e-03
1.200000000000000000e+01 6.719599874006048506e-05
1.300000000000000000e+01 9.438558922298204710e-04
1.400000000000000000e+01 -2.373828760507709732e-04
1.500000000000000000e+01 2.404404646636045992e-04
1.600000000000000000e+01 1.339722168051120117e-03
1.700000000000000000e+01 4.426838392812675613e-04
1.800000000000000000e+01 -7.466176409654064943e-04
1.900000000000000000e+01 6.606270518787466352e-04
1.000000000000000000e+00 -8.135617976375648019e-04
2.000000000000000000e+00 9.897575233800892311e-04
3.000000000000000000e+00 -8.160391645231949379e-04
4.000000000000000000e+00 -8.160092380226802600e-04
5.000000000000000000e+00 -8.158775614204153738e-04
6.000000000000000000e+00 -8.121118593353855285e-04
7.000000000000000000e+00 -8.115361618846881264e-04
8.000000000000000000e+00 -7.910512594932730870e-04
9.000000000000000000e+00 -8.105904303804832350e-04
1.000000000000000000e+01 2.962674477746637166e-04
1.100000000000000000e+01 1.099334632343043801e-03
1.200000000000000000e+01 -3.488842991452903962e-04
1.300000000000000000e+01 4.418635130432613245e-04
1.400000000000000000e+01 -7.695180091553390986e-04
1.500000000000000000e+01 1.125292550758099893e-03
1.600000000000000000e+01 1.754902262931558495e-03
1.700000000000000000e+01 -4.737295586068537975e-04
1.800000000000000000e+01 -7.821970204775577926e-04
1.900000000000000000e+01 1.612483730544576280e-03
1.000000000000000000e+00 -8.263870045179059478e-04
2.000000000000000000e+00 8.307775065454396722e-05
3.000000000000000000e+00 -8.318931635342190429e-04
4.000000000000000000e+00 -8.316438893878861120e-04
5.000000000000000000e+00 -8.293571918806003519e-04
6.000000000000000000e+00 -8.291796493536180606e-04
7.000000000000000000e+00 -8.304889985271128768e-04
8.000000000000000000e+00 -7.992757488527287490e-04
9.000000000000000000e+00 -8.280702571377832662e-04
1.000000000000000000e+01 1.283615389162039502e-03
1.100000000000000000e+01 1.289695827949678643e-03
1.200000000000000000e+01 3.249853812764722199e-04
1.300000000000000000e+01 2.733992281732262062e-04
1.400000000000000000e+01 -8.058548049480251723e-04
1.500000000000000000e+01 -8.671540660958850031e-05
1.600000000000000000e+01 8.125103909806593184e-04
1.700000000000000000e+01 1.655952749105294971e-03
1.800000000000000000e+01 -8.136465424952310380e-04
1.900000000000000000e+01 1.198319006564350399e-03
1.000000000000000000e+00 -8.076609921084234927e-04
2.000000000000000000e+00 2.894406204740094862e-05
3.000000000000000000e+00 -8.221321558005255251e-04
4.000000000000000000e+00 -8.221321558005255251e-04
5.000000000000000000e+00 -8.210233789564545847e-04
6.000000000000000000e+00 -8.192151051418782590e-04
7.000000000000000000e+00 -8.202501053890633772e-04
8.000000000000000000e+00 -8.156493587189889713e-04
9.000000000000000000e+00 -8.108540797552926064e-04
1.000000000000000000e+01 1.411953004855766476e-03
1.100000000000000000e+01 7.573081439988736370e-04
1.200000000000000000e+01 9.860971579918914490e-05
1.300000000000000000e+01 1.040108752802381721e-03
1.400000000000000000e+01 -6.686981970706984239e-04
1.500000000000000000e+01 -1.843816944629823277e-04
1.600000000000000000e+01 9.511734034731709250e-04
1.700000000000000000e+01 6.730319767716951441e-04
1.800000000000000000e+01 -6.559558892566118727e-04
1.900000000000000000e+01 1.608144738368175132e-03
1.000000000000000000e+00 -7.143935347437160117e-04
2.000000000000000000e+00 7.573163379905059828e-04
3.000000000000000000e+00 -7.278787332779340863e-04
4.000000000000000000e+00 -7.278051412925774528e-04
5.000000000000000000e+00 -7.260479796089451326e-04
6.000000000000000000e+00 -7.236237309662090639e-04
7.000000000000000000e+00 -7.263165699510649304e-04
8.000000000000000000e+00 -7.242525110330143984e-04
9.000000000000000000e+00 -7.244882149364354233e-04
1.000000000000000000e+01 1.688528050882243743e-04
1.100000000000000000e+01 6.435145223013137496e-05
1.200000000000000000e+01 9.446003864972130884e-05
1.300000000000000000e+01 4.146524365764559764e-05
1.400000000000000000e+01 -6.412045361559939058e-05
1.500000000000000000e+01 6.368437713914044214e-04
1.600000000000000000e+01 1.687889706392740451e-03
1.700000000000000000e+01 -3.648356548078392843e-04
1.800000000000000000e+01 -5.712846556244768285e-04
1.900000000000000000e+01 2.044052700581405150e-03
1.000000000000000000e+00 -7.941798599949458082e-04
2.000000000000000000e+00 1.749870256711996653e-03
3.000000000000000000e+00 -7.981581697855805440e-04
4.000000000000000000e+00 -7.981581697855805440e-04
5.000000000000000000e+00 -7.969461465147338131e-04
6.000000000000000000e+00 -7.960319100612816461e-04
7.000000000000000000e+00 -7.953358436264196859e-04
8.000000000000000000e+00 -7.912995363425633262e-04
9.000000000000000000e+00 -7.906499939563263555e-04
1.000000000000000000e+01 6.094195078167612308e-04
1.100000000000000000e+01 2.973316304887805043e-04
1.200000000000000000e+01 6.794324364829189234e-04
1.300000000000000000e+01 1.946520089368674060e-04
1.400000000000000000e+01 -3.765947155741000891e-04
1.500000000000000000e+01 -8.739340704501180683e-06
1.600000000000000000e+01 5.187414580674416971e-04
1.700000000000000000e+01 1.116919659207740983e-03
1.800000000000000000e+01 -6.080353073150290442e-04
1.900000000000000000e+01 8.100294024099108196e-04
1.000000000000000000e+00 -7.305768000219808791e-04
2.000000000000000000e+00 8.446134207827356126e-04
3.000000000000000000e+00 -7.376641619675361342e-04
4.000000000000000000e+00 -7.376417170921500174e-04
5.000000000000000000e+00 -7.367199808762961389e-04
6.000000000000000000e+00 -7.357609453584371649e-04
7.000000000000000000e+00 -7.338179420498876400e-04
8.000000000000000000e+00 -7.314514088010014466e-04
9.000000000000000000e+00 -7.338267373317921161e-04
1.000000000000000000e+01 7.925844202614625521e-05
1.100000000000000000e+01 3.693698021220865593e-05
1.200000000000000000e+01 4.248717927897808231e-04
1.300000000000000000e+01 -3.071294805652282430e-04
1.400000000000000000e+01 -6.116829218931588196e-04
1.500000000000000000e+01 7.022956291845739319e-04
1.600000000000000000e+01 1.720133781965891336e-03
1.700000000000000000e+01 2.610337281092232493e-05
1.800000000000000000e+01 -7.212419313296191802e-04
1.900000000000000000e+01 2.297529822386111878e-03
1.000000000000000000e+00 -8.175664808914031266e-04
2.000000000000000000e+00 5.957494710090614157e-04
3.000000000000000000e+00 -8.217609947497824842e-04
4.000000000000000000e+00 -8.217609947497824842e-04
5.000000000000000000e+00 -8.208400066964415594e-04
6.000000000000000000e+00 -8.196100430715198967e-04
7.000000000000000000e+00 -8.100794048644111012e-04
8.000000000000000000e+00 -7.982737079352898767e-04
9.000000000000000000e+00 -8.126042706770920422e-04
1.000000000000000000e+01 1.012232460173524348e-03
1.100000000000000000e+01 1.648024980580383922e-03
1.200000000000000000e+01 1.210883340041842829e-03
1.300000000000000000e+01 1.380083668993328447e-03
1.400000000000000000e+01 -6.903562263125540260e-04
1.500000000000000000e+01 -3.220923569269492108e-04
1.600000000000000000e+01 2.856763766374585873e-04
1.700000000000000000e+01 9.464935913857677957e-04
1.800000000000000000e+01 -8.066979998548548265e-04
1.900000000000000000e+01 -1.205652189424806769e-04
1.000000000000000000e+00 -8.345317358629754899e-04
2.000000000000000000e+00 4.158553109526426719e-04
3.000000000000000000e+00 -8.369685944447920016e-04
4.000000000000000000e+00 -8.368758222931963701e-04
5.000000000000000000e+00 -8.366848368080932784e-04
6.000000000000000000e+00 -8.327465501492183758e-04
7.000000000000000000e+00 -8.324424833010338198e-04
8.000000000000000000e+00 -8.273208302627141440e-04
9.000000000000000000e+00 -8.337246142575345824e-04
1.000000000000000000e+01 9.564299432340233990e-04
1.100000000000000000e+01 3.684608119186643326e-04
1.200000000000000000e+01 7.881757905560353569e-04
1.300000000000000000e+01 1.256398100370376657e-03
1.400000000000000000e+01 -8.060404819067560917e-04
1.500000000000000000e+01 -2.367980269948128573e-04
1.600000000000000000e+01 1.406675489096829252e-03
1.700000000000000000e+01 8.386705068283553449e-04
1.800000000000000000e+01 -8.243907654629014379e-04
1.900000000000000000e+01 1.132004916676828234e-03
