1.000000000000000000e+00 -8.674179273244710022e-04
2.000000000000000000e+00 3.763000435533392189e-03
3.000000000000000000e+00 -8.959181599738633628e-04
4.000000000000000000e+00 -8.953710899414991844e-04
5.000000000000000000e+00 -8.959181599738633628e-04
6.000000000000000000e+00 -8.946233627231837265e-04
7.000000000000000000e+00 -8.914947025567085013e-04
8.000000000000000000e+00 -8.875964027550473480e-04
9.000000000000000000e+00 -8.809843458628783966e-04
1.000000000000000000e+01 2.575413954969376826e-04
1.100000000000000000e+01 5.044563058312637660e-04
1.200000000000000000e+01 -2.663436646346748458e-05
1.300000000000000000e+01 -2.313151633788788431e-04
1.400000000000000000e+01 -8.505482637636310695e-04
1.500000000000000000e+01 -5.131782407636323231e-04
1.600000000000000000e+01 1.163583027674207912e-03
1.700000000000000000e+01 4.839803284346408233e-04
1.800000000000000000e+01 -4.586258929634591378e-04
1.900000000000000000e+01 1.392021221738052412e-03
1.000000000000000000e+00 -8.084431019317955217e-04
2.000000000000000000e+00 2.357347100286102427e-03
3.000000000000000000e+00 -8.169243469939229752e-04
4.000000000000000000e+00 -8.169243469939229752e-04
5.000000000000000000e+00 -8.167103725152426164e-04
6.000000000000000000e+00 -8.111703515340450924e-04
7.000000000000000000e+00 -8.156570413148525947e-04
8.000000000000000000e+00 -7.973513394044588190e-04
9.000000000000000000e+00 -8.147427051063987511e-04
1.000000000000000000e+01 8.892009647598901785e-04
1.100000000000000000e+01 5.527163748089135862e-04
1.200000000000000000e+01 5.830909780301554279e-04
1.300000000000000000e+01 9.744793940691551476e-05
1.400000000000000000e+01 -6.712187515596860230e-04
1.500000000000000000e+01 5.548160774746589805e-05
1.600000000000000000e+01 8.566597882819554019e-05
1.700000000000000000e+01 5.382791867635322797e-04
1.800000000000000000e+01 -8.030733216057826546e-04
1.900000000000000000e+01 1.321836307716641075e-03
1.000000000000000000e+00 -7.605845773211328698e-04
2.000000000000000000e+00 9.229575221785995881e-04
3.000000000000000000e+00 -7.633066995810702110e-04
4.000000000000000000e+00 -7.633066995810702110e-04
5.000000000000000000e+00 -7.631480891283421364e-04
6.000000000000000000e+00 -7.608778239904300054e-04
7.000000000000000000e+00 -7.614183063061223189e-04
8.000000000000000000e+00 -7.560780201009901884e-04
9.000000000000000000e+00 -7.610705169702377529e-04
1.000000000000000000e+01 1.752076654790600736e-04
1.100000000000000000e+01 1.102935379191645514e-03
1.200000000000000000e+01 9.379542849154142445e-04
1.300000000000000000e+01 -1.668895750389457486e-04
1.400000000000000000e+01 -7.379181837415945897e-04
1.500000000000000000e+01 1.059766658323260587e-04
1.600000000000000000e+01 1.087571960935195198e-03
1.700000000000000000e+01 4.950496965904518888e-04
1.800000000000000000e+01 -7.437149182946110621e-04
1.900000000000000000e+01 1.646599042524656865e-03
1.000000000000000000e+00 -9.062272522659970547e-04
2.000000000000000000e+00 4.658527824803540551e-04
3.000000000000000000e+00 -9.088760260982443103e-04
4.000000000000000000e+00 -9.088760260982443103e-04
5.000000000000000000e+00 -9.087204082955677251e-04
6.000000000000000000e+00 -9.066260730867366441e-04
7.000000000000000000e+00 -9.072898852964172631e-04
8.000000000000000000e+00 -9.010554580886006876e-04
9.000000000000000000e+00 -9.038615407003555268e-04
1.000000000000000000e+01 5.975675667742775957e-04
1.100000000000000000e+01 3.943715012214117827e-04
1.200000000000000000e+01 6.089312753284015179e-04
1.300000000000000000e+01 2.470718062801967402e-06
1.400000000000000000e+01 -5.066512743418049138e-04
1.500000000000000000e+01 3.282636518124787449e-04
1.600000000000000000e+01 1.346101637396575779e-03
1.700000000000000000e+01 1.388328546235001546e-03
1.800000000000000000e+01 -8.781704250250883153e-04
1.900000000000000000e+01 1.981456395150974371e-03
1.000000000000000000e+00 -7.898087597150890401e-04
2.000000000000000000e+00 3.841212615576346722e-04
3.000000000000000000e+00 -7.952587466823152294e-04
4.000000000000000000e+00 -7.951378164143261314e-04
5.000000000000000000e+00 -7.951510112804622589e-04
6.000000000000000000e+00 -7.916435029935421858e-04
7.000000000000000000e+00 -7.929966452605499835e-04
8.000000000000000000e+00 -7.903533618399556085e-04
9.000000000000000000e+00 -7.913383977864762216e-04
1.000000000000000000e+01 7.149214855317671162e-04
1.100000000000000000e+01 1.255519139163126848e-03
1.200000000000000000e+01 1.445756198754408412e-03
1.300000000000000000e+01 9.448992152369594614e-04
1.400000000000000000e+01 -6.641018674760576241e-04
1.500000000000000000e+01 -2.168143258704328393e-04
1.600000000000000000e+01 9.810666390507672210e-04
1.700000000000000000e+01 -2.854659174489349027e-05
1.800000000000000000e+01 -5.990160120204629252e-04
1.900000000000000000e+01 7.718328139257326585e-04
1.000000000000000000e+00 -8.855689000934956027e-04
2.000000000000000000e+00 5.525396420494892071e-04
3.000000000000000000e+00 -9.012219296295784048e-04
4.000000000000000000e+00 -9.012219296295784048e-04
5.000000000000000000e+00 -9.011695582536776101e-04
6.000000000000000000e+00 -8.996490394012259667e-04
7.000000000000000000e+00 -8.989909226191595756e-04
8.000000000000000000e+00 -8.773641428032217734e-04
9.000000000000000000e+00 -8.965375957173032711e-04
1.000000000000000000e+01 6.961612908668017184e-04
1.100000000000000000e+01 8.678279090305016400e-04
1.200000000000000000e+01 1.482234209822817783e-03
1.300000000000000000e+01 1.008898182487361636e-03
1.400000000000000000e+01 -7.386627992426550871e-04
1.500000000000000000e+01 3.642712167823440790e-04
1.600000000000000000e+01 1.671805360277174200e-05
1.700000000000000000e+01 1.847979030352009562e-03
1.800000000000000000e+01 -7.028015623891831513e-04
1.900000000000000000e+01 1.745158094597570680e-04
1.000000000000000000e+00 -8.199065680892543692e-04
2.000000000000000000e+00 6.500833596238360032e-04
3.000000000000000000e+00 -8.302522995571847949e-04
4.000000000000000000e+00 -8.298406547127668400e-04
5.000000000000000000e+00 -8.300188728531698087e-04
6.000000000000000000e+00 -8.290904983953836576e-04
7.000000000000000000e+00 -8.267623390819301603e-04
8.000000000000000000e+00 -8.231056653272172301e-04
9.000000000000000000e+00 -8.224132976005357146e-04
1.000000000000000000e+01 8.503189166858368024e-04
1.100000000000000000e+01 3.704338438801380051e-04
1.200000000000000000e+01 3.390112774094733330e-04
1.300000000000000000e+01 1.729465262694421354e-04
1.400000000000000000e+01 -8.034079258058865036e-04
1.500000000000000000e+01 7.990639484520705739e-05
1.600000000000000000e+01 2.496211512463349450e-03
1.700000000000000000e+01 1.452674278883129470e-04
1.800000000000000000e+01 -6.760726084533819720e-04
1.900000000000000000e+01 1.601336143805747554e-03
1.000000000000000000e+00 -7.788112085337738208e-04
2.000000000000000000e+00 9.112125864748826581e-04
3.000000000000000000e+00 -7.916840567795212615e-04
4.000000000000000000e+00 -7.915568691523335552e-04
5.000000000000000000e+00 -7.915289377518531675e-04
6.000000000000000000e+00 -7.883111011481622014e-04
7.000000000000000000e+00 -7.903571021437431118e-04
8.000000000000000000e+00 -7.876364104612166434e-04
9.000000000000000000e+00 -7.880252700324992142e-04
1.000000000000000000e+01 2.119039757915441044e-04
1.100000000000000000e+01 -1.909907655665295354e-04
1.200000000000000000e+01 -1.809785360939520683e-04
1.300000000000000000e+01 4.070148919637098456e-04
1.400000000000000000e+01 -6.368233119765495318e-04
1.500000000000000000e+01 3.100596223474137367e-04
1.600000000000000000e+01 1.906605490924476653e-03
1.700000000000000000e+01 7.634942979342066892e-04
1.800000000000000000e+01 -4.770316816873084831e-04
1.900000000000000000e+01 1.911791881619337354e-03
1.000000000000000000e+00 -8.415661801713799576e-04
2.000000000000000000e+00 2.431821242397115643e-03
3.000000000000000000e+00 -8.506875158333318141e-04
4.000000000000000000e+00 -8.504062067284933217e-04
5.000000000000000000e+00 -8.506875158333318141e-04
6.000000000000000000e+00 -8.494962778773880235e-04
7.000000000000000000e+00 -8.475148183679172189e-04
8.000000000000000000e+00 -8.445365294740121665e-04
9.000000000000000000e+00 -8.452027947498712496e-04
1.000000000000000000e+01 3.281198603967208096e-04
1.100000000000000000e+01 3.848486654745288072e-04
1.200000000000000000e+01 3.873607968408837544e-04
1.300000000000000000e+01 -2.153572676047993005e-04
1.400000000000000000e+01 -7.860941717731274999e-04
1.500000000000000000e+01 1.699519708600763599e-04
1.600000000000000000e+01 1.332052409155597876e-03
1.700000000000000000e+01 1.689069657349097646e-04
1.800000000000000000e+01 -8.306834503635801168e-04
1.900000000000000000e+01 1.932373646348994976e-03
1.000000000000000000e+00 -7.889052591750499209e-04
2.000000000000000000e+00 1.248379009945703531e-03
3.000000000000000000e+00 -7.945627290394525729e-04
4.000000000000000000e+00 -7.943578685404744429e-04
5.000000000000000000e+00 -7.944879127881657697e-04
6.000000000000000000e+00 -7.931480557497792806e-04
7.000000000000000000e+00 -7.918796142239848236e-04
8.000000000000000000e+00 -7.901532690627657016e-04
9.000000000000000000e+00 -7.885183454740605884e-04
1.000000000000000000e+01 2.243720862101384738e-04
1.100000000000000000e+01 1.682084201823061983e-04
1.200000000000000000e+01 3.672496618715281186e-04
1.300000000000000000e+01 -2.668898698376331543e-04
1.400000000000000000e+01 -5.813831788117239862e-04
1.500000000000000000e+01 3.486181381357916797e-04
1.600000000000000000e+01 1.872426252073153751e-03
1.700000000000000000e+01 7.515268159471510728e-04
1.800000000000000000e+01 -7.730898725438370119e-04
1.900000000000000000e+01 1.559897605321297620e-03
1.000000000000000000e+00 -7.694099483912205696e-04
2.000000000000000000e+00 2.909449664669777483e-04
3.000000000000000000e+00 -7.854258814294346174e-04
4.000000000000000000e+00 -7.854187398781754034e-04
5.000000000000000000e+00 -7.854258814294346174e-04
6.000000000000000000e+00 -7.843322174681235850e-04
7.000000000000000000e+00 -7.822253723990936578e-04
8.000000000000000000e+00 -7.774060385531491885e-04
9.000000000000000000e+00 -7.788010112016232602e-04
1.000000000000000000e+01 1.199019636109476705e-04
1.100000000000000000e+01 -4.855715912513679233e-04
1.200000000000000000e+01 2.931107840761127564e-04
1.300000000000000000e+01 2.519135099630637057e-05
1.400000000000000000e+01 -7.705357613047206884e-04
1.500000000000000000e+01 5.812660212241552334e-04
1.600000000000000000e+01 2.183621051704781688e-03
1.700000000000000000e+01 3.205397271771567619e-04
1.800000000000000000e+01 -3.676174652938587139e-04
1.900000000000000000e+01 2.684611301497617612e-03
1.000000000000000000e+00 -8.483954769858188414e-04
2.000000000000000000e+00 8.918058482804881336e-04
3.000000000000000000e+00 -8.696516840788606545e-04
4.000000000000000000e+00 -8.696516840788606545e-04
5.000000000000000000e+00 -8.694736214007980609e-04
6.000000000000000000e+00 -8.679258227941758592e-04
7.000000000000000000e+00 -8.664595466955468846e-04
8.000000000000000000e+00 -8.326852007100664062e-04
9.000000000000000000e+00 -8.668997927240282069e-04
1.000000000000000000e+01 1.727787549305296003e-05
1.100000000000000000e+01 8.509876446554241920e-04
1.200000000000000000e+01 1.947705319203675957e-04
1.300000000000000000e+01 4.084246069417720197e-04
1.400000000000000000e+01 -7.571249607503166210e-04
1.500000000000000000e+01 -3.112841710544849718e-04
1.600000000000000000e+01 3.275127443476139998e-03
1.700000000000000000e+01 7.609982456655544757e-05
1.800000000000000000e+01 -8.418292435901037016e-04
1.900000000000000000e+01 1.597815761517270292e-03
1.000000000000000000e+00 -7.698947190746991158e-04
2.000000000000000000e+00 7.289065999285491981e-04
3.000000000000000000e+00 -7.724704249592285413e-04
4.000000000000000000e+00 -7.723946565011070896e-04
5.000000000000000000e+00 -7.724466197883644945e-04
6.000000000000000000e+00 -7.686209377413938913e-04
7.000000000000000000e+00 -7.692482211592936150e-04
8.000000000000000000e+00 -7.698383727210838254e-04
9.000000000000000000e+00 -7.687387474267806621e-04
1.000000000000000000e+01 2.625466687423683426e-04
1.100000000000000000e+01 9.880502582538771335e-04
1.200000000000000000e+01 1.105959382218689533e-03
1.300000000000000000e+01 6.368832876168023169e-04
1.400000000000000000e+01 -7.558739061393202670e-04
1.500000000000000000e+01 -3.274948178806184884e-04
1.600000000000000000e+01 1.467223678130306170e-03
1.700000000000000000e+01 5.509224099528347218e-04
1.800000000000000000e+01 -6.355555427799905455e-04
1.900000000000000000e+01 8.572973271299520618e-04
1.000000000000000000e+00 -8.053284162336375208e-04
2.000000000000000000e+00 1.158700878144046115e-03
3.000000000000000000e+00 -8.189764952528649907e-04
4.000000000000000000e+00 -8.189764952528649907e-04
5.000000000000000000e+00 -8.189465687523503129e-04
6.000000000000000000e+00 -8.156509549875487963e-04
7.000000000000000000e+00 -8.172293103649238026e-04
8.000000000000000000e+00 -8.055287599038691215e-04
9.000000000000000000e+00 -8.175289465364086973e-04
1.000000000000000000e+01 8.802175817017896886e-04
1.100000000000000000e+01 5.325104515071909378e-04
1.200000000000000000e+01 3.555570257783340006e-04
1.300000000000000000e+01 4.645445497877877814e-04
1.400000000000000000e+01 -7.737494469095701228e-04
1.500000000000000000e+01 1.876373287279057016e-04
1.600000000000000000e+01 1.030968009907805424e-03
1.700000000000000000e+01 6.713195315706016377e-04
1.800000000000000000e+01 -8.042597436906060446e-04
1.900000000000000000e+01 1.451117593531791889e-03
1.000000000000000000e+00 -7.793325440168099921e-04
2.000000000000000000e+00 1.490424713411208323e-03
3.000000000000000000e+00 -7.835606707764493448e-04
4.000000000000000000e+00 -7.833846485416035921e-04
5.000000000000000000e+00 -7.835606707764493448e-04
6.000000000000000000e+00 -7.660856776712042081e-04
7.000000000000000000e+00 -7.822116560345774607e-04
8.000000000000000000e+00 -7.663744913966425657e-04
9.000000000000000000e+00 -7.811350780322291916e-04
1.000000000000000000e+01 2.431861902742318078e-04
1.100000000000000000e+01 8.296330164398536865e-04
1.200000000000000000e+01 2.997400489012474719e-04
1.300000000000000000e+01 2.073024041144851359e-05
1.400000000000000000e+01 -6.930181471106763944e-04
1.500000000000000000e+01 7.482210962138696937e-05
1.600000000000000000e+01 1.237041277020052652e-03
1.700000000000000000e+01 7.023901811624018139e-04
1.800000000000000000e+01 -6.331464614511755689e-04
1.900000000000000000e+01 1.320913650841604517e-03
1.000000000000000000e+00 -8.762289924510862109e-04
2.000000000000000000e+00 5.440838662458760298e-04
3.000000000000000000e+00 -8.820854686857136206e-04
4.000000000000000000e+00 -8.819308030898715756e-04
5.000000000000000000e+00 -8.820630238103276122e-04
6.000000000000000000e+00 -8.754914622667773171e-04
7.000000000000000000e+00 -8.786742285097676099e-04
8.000000000000000000e+00 -8.733713750451494069e-04
9.000000000000000000e+00 -8.786515601572672919e-04
1.000000000000000000e+01 -3.998505172718406922e-04
1.100000000000000000e+01 1.948667396127830743e-04
1.200000000000000000e+01 7.161836217891831948e-04
1.300000000000000000e+01 6.279323408658765856e-05
1.400000000000000000e+01 -5.905986217454353140e-04
1.500000000000000000e+01 4.759376026251726979e-04
1.600000000000000000e+01 8.744487604819805573e-04
1.700000000000000000e+01 9.312076120111705598e-04
1.800000000000000000e+01 -6.886058379380506633e-04
1.900000000000000000e+01 3.367907607252374098e-03
1.000000000000000000e+00 -8.571388553500315990e-04
2.000000000000000000e+00 6.805912459599752903e-04
3.000000000000000000e+00 -8.654294860933934262e-04
4.000000000000000000e+00 -8.652331954559262664e-04
5.000000000000000000e+00 -8.651571549387092937e-04
6.000000000000000000e+00 -8.635151558702395961e-04
7.000000000000000000e+00 -8.597996221301960592e-04
8.000000000000000000e+00 -7.337221903804954596e-04
9.000000000000000000e+00 -8.607083629899173801e-04
1.000000000000000000e+01 5.214908315522289806e-04
1.100000000000000000e+01 5.839042773307157909e-04
1.200000000000000000e+01 9.395085752693855445e-04
1.300000000000000000e+01 1.643821414678589381e-03
1.400000000000000000e+01 -5.151666883087579248e-04
1.500000000000000000e+01 -7.719893251287226078e-04
1.600000000000000000e+01 3.362138500018405887e-04
1.700000000000000000e+01 2.678672306644926029e-03
1.800000000000000000e+01 -8.331637291690230590e-04
1.900000000000000000e+01 -6.163202240447315599e-05
1.000000000000000000e+00 -8.780988048592114044e-04
2.000000000000000000e+00 5.777604372142956628e-04
3.000000000000000000e+00 -8.863976138933145777e-04
4.000000000000000000e+00 -8.862124096639926616e-04
5.000000000000000000e+00 -8.863863914556214651e-04
6.000000000000000000e+00 -8.832004706226418778e-04
7.000000000000000000e+00 -8.851076845571666978e-04
8.000000000000000000e+00 -8.719888693406006733e-04
9.000000000000000000e+00 -8.810224267166567695e-04
1.000000000000000000e+01 9.683255774689441056e-04
1.100000000000000000e+01 1.289783181527676863e-03
1.200000000000000000e+01 2.683038990452567079e-04
1.300000000000000000e+01 2.952483001055405325e-04
1.400000000000000000e+01 -3.839440242907864458e-04
1.500000000000000000e+01 7.462179315484836163e-05
1.600000000000000000e+01 1.101383131217336091e-03
1.700000000000000000e+01 6.746012455587495913e-04
1.800000000000000000e+01 -7.612042594745935297e-04
1.900000000000000000e+01 1.366138044542894794e-03
1.000000000000000000e+00 -7.989902621181972295e-04
2.000000000000000000e+00 3.867544726482049209e-04
3.000000000000000000e+00 -8.056926542897770854e-04
4.000000000000000000e+00 -8.054887868064978130e-04
5.000000000000000000e+00 -8.056477645390049602e-04
6.000000000000000000e+00 -8.036530525127803500e-04
7.000000000000000000e+00 -8.030834666753373799e-04
8.000000000000000000e+00 -8.035991916133312148e-04
9.000000000000000000e+00 -8.024325293384756714e-04
1.000000000000000000e+01 9.110673508795758251e-04
1.100000000000000000e+01 5.695091614144894661e-04
1.200000000000000000e+01 9.946438529682174578e-04
1.300000000000000000e+01 5.004492714874039880e-04
1.400000000000000000e+01 -7.763048730506302841e-04
1.500000000000000000e+01 -1.068226322573670955e-04
1.600000000000000000e+01 9.247121963347672974e-04
1.700000000000000000e+01 1.099691363150819825e-03
1.800000000000000000e+01 -7.969396607328619589e-04
1.900000000000000000e+01 1.383208851489075349e-03
1.000000000000000000e+00 -8.739292399845350256e-04
2.000000000000000000e+00 1.724659898991971925e-03
3.000000000000000000e+00 -8.849281859887331986e-04
4.000000000000000000e+00 -8.847814781214370389e-04
5.000000000000000000e+00 -8.848626877614702109e-04
6.000000000000000000e+00 -8.812215984586162796e-04
7.000000000000000000e+00 -8.803706131538494191e-04
8.000000000000000000e+00 -8.790500383038628296e-04
9.000000000000000000e+00 -8.804086120363861486e-04
1.000000000000000000e+01 -4.306623065123089738e-04
1.100000000000000000e+01 3.187127275792064852e-04
1.200000000000000000e+01 -3.568942814270893845e-05
1.300000000000000000e+01 -5.011911311892092418e-04
1.400000000000000000e+01 -2.214930906996463494e-04
1.500000000000000000e+01 2.829100487612661702e-04
1.600000000000000000e+01 2.531743655170336747e-03
1.700000000000000000e+01 -1.961858910296094226e-04
1.800000000000000000e+01 -8.380529489086641472e-04
1.900000000000000000e+01 2.811235600847696286e-03
1.000000000000000000e+00 -7.577119905653418794e-04
2.000000000000000000e+00 6.723829225202712341e-04
3.000000000000000000e+00 -7.700062193161531831e-04
4.000000000000000000e+00 -7.700062193161531831e-04
5.000000000000000000e+00 -7.700062193161531831e-04
6.000000000000000000e+00 -7.677510000178666780e-04
7.000000000000000000e+00 -7.518992964123115711e-04
8.000000000000000000e+00 -7.635469116226018807e-04
9.000000000000000000e+00 -7.649897352555515284e-04
1.000000000000000000e+01 9.054958440533266654e-04
1.100000000000000000e+01 1.192937854222421131e-03
1.200000000000000000e+01 9.319302257939687578e-05
1.300000000000000000e+01 2.970231759610213532e-04
1.400000000000000000e+01 -7.383111575178000858e-04
1.500000000000000000e+01 -1.237013010903159624e-06
1.600000000000000000e+01 7.885858692655664959e-04
1.700000000000000000e+01 9.003147174733445567e-04
1.800000000000000000e+01 -7.378515217728001847e-04
1.900000000000000000e+01 1.422012512632745557e-03
1.000000000000000000e+00 -7.702911882694979612e-04
2.000000000000000000e+00 4.660025133603379918e-04
3.000000000000000000e+00 -7.725325422703057353e-04
4.000000000000000000e+00 -7.723138067574525671e-04
5.000000000000000000e+00 -7.725325422703057353e-04
6.000000000000000000e+00 -7.707944927381385871e-04
7.000000000000000000e+00 -7.701359510256752285e-04
8.000000000000000000e+00 -7.699187772615827567e-04
9.000000000000000000e+00 -7.685366160054718943e-04
1.000000000000000000e+01 2.338090898377644545e-03
1.100000000000000000e+01 6.681797838411799792e-04
1.200000000000000000e+01 7.131394246516610611e-04
1.300000000000000000e+01 9.411451358068820185e-04
1.400000000000000000e+01 -5.542462942046458806e-04
1.500000000000000000e+01 -5.078922261594014500e-04
1.600000000000000000e+01 -2.570447052101558564e-05
1.700000000000000000e+01 1.262045565714664834e-03
1.800000000000000000e+01 -7.640770498687349515e-04
1.900000000000000000e+01 3.132171224622020203e-04
1.000000000000000000e+00 -7.456219142066823841e-04
2.000000000000000000e+00 2.135384349474053636e-05
3.000000000000000000e+00 -7.472075329141498242e-04
4.000000000000000000e+00 -7.471564538189530251e-04
5.000000000000000000e+00 -7.471551615382490295e-04
6.000000000000000000e+00 -7.453281661713377203e-04
7.000000000000000000e+00 -7.454928351210206739e-04
8.000000000000000000e+00 -7.438349536312064119e-04
9.000000000000000000e+00 -7.455305493131466179e-04
1.000000000000000000e+01 9.131168561083359732e-04
1.100000000000000000e+01 4.970613692854245359e-04
1.200000000000000000e+01 3.383756225661750162e-04
1.300000000000000000e+01 -3.637401057010993324e-04
1.400000000000000000e+01 -7.337150027111854610e-04
1.500000000000000000e+01 6.315035577655516829e-04
1.600000000000000000e+01 1.365638279340651920e-03
1.700000000000000000e+01 2.343008646635624326e-04
1.800000000000000000e+01 -6.269812440882152225e-04
1.900000000000000000e+01 2.482930891588252392e-03
1.000000000000000000e+00 -8.839390200510615411e-04
2.000000000000000000e+00 1.217724992870848199e-04
3.000000000000000000e+00 -8.877987930459886601e-04
4.000000000000000000e+00 -8.874678739650695503e-04
5.000000000000000000e+00 -8.875945446799755065e-04
6.000000000000000000e+00 -8.830063166148567101e-04
7.000000000000000000e+00 -8.843996954504624230e-04
8.000000000000000000e+00 -8.808727517799613002e-04
9.000000000000000000e+00 -8.808479814470677452e-04
1.000000000000000000e+01 9.447124596280465645e-04
1.100000000000000000e+01 2.391454806854844545e-03
1.200000000000000000e+01 1.258890149948976552e-03
1.300000000000000000e+01 1.162133726275075326e-03
1.400000000000000000e+01 -5.872716411401602719e-04
1.500000000000000000e+01 -1.965637898437837153e-04
1.600000000000000000e+01 1.074494172845045516e-04
1.700000000000000000e+01 6.326267509430596450e-04
1.800000000000000000e+01 -8.468302067493871637e-04
1.900000000000000000e+01 5.259310720813471741e-04
1.000000000000000000e+00 -7.905999511252149482e-04
2.000000000000000000e+00 8.835238227680138664e-04
3.000000000000000000e+00 -7.977055413540544730e-04
4.000000000000000000e+00 -7.973467634217471433e-04
5.000000000000000000e+00 -7.977055413540544730e-04
6.000000000000000000e+00 -7.963831560155626736e-04
7.000000000000000000e+00 -7.931326263294587783e-04
8.000000000000000000e+00 -7.942390362593981226e-04
9.000000000000000000e+00 -7.939172311581812417e-04
1.000000000000000000e+01 6.261272235880256751e-04
1.100000000000000000e+01 1.241837463680136580e-04
1.200000000000000000e+01 1.633638207651992959e-04
1.300000000000000000e+01 -2.411075353615848237e-04
1.400000000000000000e+01 -7.534525879711991220e-04
1.500000000000000000e+01 3.243062774889967953e-04
1.600000000000000000e+01 1.534499157548639215e-03
1.700000000000000000e+01 1.719848147539568728e-04
1.800000000000000000e+01 -7.718318672923551787e-04
1.900000000000000000e+01 2.987418227533134192e-03
1.000000000000000000e+00 -8.055684240462329107e-04
2.000000000000000000e+00 1.255442959554848182e-03
3.000000000000000000e+00 -8.270551056782227258e-04
4.000000000000000000e+00 -8.269451257888311112e-04
5.000000000000000000e+00 -8.270183777003182893e-04
6.000000000000000000e+00 -8.257539882356487292e-04
7.000000000000000000e+00 -8.225671676643743144e-04
8.000000000000000000e+00 -8.241210785320106803e-04
9.000000000000000000e+00 -8.224648925533457585e-04
1.000000000000000000e+01 5.516271891395393805e-04
1.100000000000000000e+01 3.424515458866235745e-04
1.200000000000000000e+01 6.192802589218780176e-04
1.300000000000000000e+01 -8.575101836420972914e-05
1.400000000000000000e+01 6.269322036005780955e-04
1.500000000000000000e+01 -1.625195598816287369e-04
1.600000000000000000e+01 9.743847525772660360e-04
1.700000000000000000e+01 3.185409256952929577e-04
1.800000000000000000e+01 -8.066420585941783301e-04
1.900000000000000000e+01 1.444375366822941075e-03
1.000000000000000000e+00 -8.139784373678993082e-04
2.000000000000000000e+00 1.814292554588500892e-03
3.000000000000000000e+00 -8.266912112238804580e-04
4.000000000000000000e+00 -8.265660640399097011e-04
5.000000000000000000e+00 -8.266912112238804580e-04
6.000000000000000000e+00 -8.256635624021139465e-04
7.000000000000000000e+00 -8.243743307032183956e-04
8.000000000000000000e+00 -8.204354351501771773e-04
9.000000000000000000e+00 -8.252270707891517674e-04
1.000000000000000000e+01 1.177968686187413037e-03
1.100000000000000000e+01 2.023743308939587556e-04
1.200000000000000000e+01 6.748130897343563575e-04
1.300000000000000000e+01 -7.297451634038996915e-05
1.400000000000000000e+01 -7.608225159084064642e-04
1.500000000000000000e+01 6.897718041481100729e-05
1.600000000000000000e+01 1.512330288889335511e-03
1.700000000000000000e+01 7.178079230474377400e-04
1.800000000000000000e+01 -8.001139385769299095e-04
1.900000000000000000e+01 6.478844172554843340e-04
1.000000000000000000e+00 -7.719321935395897583e-04
2.000000000000000000e+00 -4.337435592033355174e-05
3.000000000000000000e+00 -7.777840489800306491e-04
4.000000000000000000e+00 -7.773427691269861519e-04
5.000000000000000000e+00 -7.777765673549019796e-04
6.000000000000000000e+00 -7.765211506583088140e-04
7.000000000000000000e+00 -7.761431789568076778e-04
8.000000000000000000e+00 -7.742095908362448247e-04
9.000000000000000000e+00 -7.760546282555119387e-04
1.000000000000000000e+01 1.394276187620232350e-03
1.100000000000000000e+01 1.211321007806340005e-03
1.200000000000000000e+01 1.388329496794063348e-03
1.300000000000000000e+01 9.408097951670861721e-04
1.400000000000000000e+01 -6.274384484243460689e-04
1.500000000000000000e+01 -4.955078297620300930e-04
1.600000000000000000e+01 4.856013658805794701e-04
1.700000000000000000e+01 1.027593409756712758e-03
1.800000000000000000e+01 -7.601093444180712349e-04
1.900000000000000000e+01 3.804192478666955975e-04
1.000000000000000000e+00 -7.579896858314572007e-04
2.000000000000000000e+00 1.034388868972462364e-03
3.000000000000000000e+00 -7.701810749486165310e-04
4.000000000000000000e+00 -7.701810749486165310e-04
5.000000000000000000e+00 -7.701810749486165310e-04
6.000000000000000000e+00 -7.678673911223277615e-04
7.000000000000000000e+00 -7.674340262456855275e-04
8.000000000000000000e+00 -7.416654476409724342e-04
9.000000000000000000e+00 -7.684515952779604614e-04
1.000000000000000000e+01 2.740384423713908149e-04
1.100000000000000000e+01 3.797415624565137187e-04
1.200000000000000000e+01 6.502733893935730631e-05
1.300000000000000000e+01 -4.283724731085021336e-04
1.400000000000000000e+01 -6.033302197399182222e-04
1.500000000000000000e+01 1.344556036335116346e-03
1.600000000000000000e+01 2.012971742387788948e-03
1.700000000000000000e+01 8.480813089198237090e-05
1.800000000000000000e+01 -6.757688798711554120e-04
1.900000000000000000e+01 1.269308858595033420e-03
1.000000000000000000e+00 -7.656828853858994215e-04
2.000000000000000000e+00 1.744865607083861654e-03
3.000000000000000000e+00 -7.953436521790191276e-04
4.000000000000000000e+00 -7.952458469341550573e-04
5.000000000000000000e+00 -7.953256962787102992e-04
6.000000000000000000e+00 -7.949809293898257682e-04
7.000000000000000000e+00 -7.825214292727626251e-04
8.000000000000000000e+00 -6.593747188273827147e-04
9.000000000000000000e+00 -7.900666715343914294e-04
1.000000000000000000e+01 2.518819683813763584e-04
1.100000000000000000e+01 3.249214628304583001e-04
1.200000000000000000e+01 -4.366847683975863992e-04
1.300000000000000000e+01 5.127443441087963438e-04
1.400000000000000000e+01 -7.698172541036014472e-04
1.500000000000000000e+01 1.972551217702980223e-04
1.600000000000000000e+01 1.524218631747760368e-03
1.700000000000000000e+01 3.252845730586968612e-04
1.800000000000000000e+01 -6.524678065545741045e-04
1.900000000000000000e+01 1.738078758203023474e-03
1.000000000000000000e+00 -8.065705980320308490e-04
2.000000000000000000e+00 1.843400480790588361e-03
3.000000000000000000e+00 -8.317451041851785503e-04
4.000000000000000000e+00 -8.315891463086324013e-04
5.000000000000000000e+00 -8.317451041851785503e-04
6.000000000000000000e+00 -8.289632047121025735e-04
7.000000000000000000e+00 -8.301140418923515273e-04
8.000000000000000000e+00 -7.846114008573431414e-04
9.000000000000000000e+00 -8.266881824265760259e-04
1.000000000000000000e+01 3.972307826941986141e-04
1.100000000000000000e+01 7.677814737286041825e-05
1.200000000000000000e+01 2.799409907359014737e-04
1.300000000000000000e+01 -3.650742468749037205e-04
1.400000000000000000e+01 -5.625787485079684902e-04
1.500000000000000000e+01 9.613943924897091814e-05
1.600000000000000000e+01 2.125367158069372663e-03
1.700000000000000000e+01 8.741073849302499451e-04
1.800000000000000000e+01 -8.179923070290199627e-04
1.900000000000000000e+01 1.162039672116660198e-03
1.000000000000000000e+00 -8.697857802479128098e-04
2.000000000000000000e+00 7.213876830775730036e-04
3.000000000000000000e+00 -8.973628480473195071e-04
4.000000000000000000e+00 -8.971814934542001775e-04
5.000000000000000000e+00 -8.973628480473195071e-04
6.000000000000000000e+00 -8.936810509306484900e-04
7.000000000000000000e+00 -8.923700353951931471e-04
8.000000000000000000e+00 -7.152127233639314803e-04
9.000000000000000000e+00 -8.946557628822511370e-04
1.000000000000000000e+01 7.199723565990950175e-04
1.100000000000000000e+01 1.425958843911606568e-03
1.200000000000000000e+01 5.521833147053021099e-04
1.300000000000000000e+01 5.261276477308779800e-04
1.400000000000000000e+01 -8.464227780014453801e-04
1.500000000000000000e+01 8.337324304776707888e-06
1.600000000000000000e+01 1.855730394695598784e-03
1.700000000000000000e+01 7.303887727615279452e-04
1.800000000000000000e+01 -8.485136813410099369e-04
1.900000000000000000e+01 5.175427850194847055e-04
1.000000000000000000e+00 -8.309169378711732043e-04
2.000000000000000000e+00 -1.164001887343260838e-04
3.000000000000000000e+00 -8.343593741567467215e-04
4.000000000000000000e+00 -8.342636093550996005e-04
5.000000000000000000e+00 -8.343593741567467215e-04
6.000000000000000000e+00 -8.333770367773505336e-04
7.000000000000000000e+00 -8.333493139555100742e-04
8.000000000000000000e+00 -8.300747355408755841e-04
9.000000000000000000e+00 -8.334629938486017063e-04
1.000000000000000000e+01 8.875785154708037148e-04
1.100000000000000000e+01 4.408793939741781831e-04
1.200000000000000000e+01 6.956879688144227379e-04
1.300000000000000000e+01 1.008588151487369456e-03
1.400000000000000000e+01 -6.802214830739306342e-04
1.500000000000000000e+01 2.594869616280748737e-04
1.600000000000000000e+01 9.380987495356205843e-04
1.700000000000000000e+01 1.844805387176277943e-04
1.800000000000000000e+01 -8.015356237034444980e-04
1.900000000000000000e+01 2.486896503818188716e-03
1.000000000000000000e+00 -7.997044453480566494e-04
2.000000000000000000e+00 7.153440229227840327e-04
3.000000000000000000e+00 -8.071942601032775768e-04
4.000000000000000000e+00 -8.068988719402423512e-04
5.000000000000000000e+00 -8.071792968530202379e-04
6.000000000000000000e+00 -8.047682281779459153e-04
7.000000000000000000e+00 -8.049373893415048180e-04
8.000000000000000000e+00 -7.954840496010503201e-04
9.000000000000000000e+00 -8.013868791996081511e-04
1.000000000000000000e+01 9.211866659596372074e-04
1.100000000000000000e+01 4.979047033677777264e-04
1.200000000000000000e+01 1.101325352057709595e-03
1.300000000000000000e+01 -3.802478007297297618e-04
1.400000000000000000e+01 -2.294941466099614032e-04
1.500000000000000000e+01 -3.310525301909880512e-05
1.600000000000000000e+01 1.287843674264693879e-03
1.700000000000000000e+01 2.466823053948979629e-05
1.800000000000000000e+01 -7.841215439020600376e-04
1.900000000000000000e+01 1.900994359691698986e-03
1.000000000000000000e+00 -7.970543856674552766e-04
2.000000000000000000e+00 1.040785439138405778e-03
3.000000000000000000e+00 -8.043790213621890674e-04
4.000000000000000000e+00 -8.043790213621890674e-04
5.000000000000000000e+00 -8.043341316114169422e-04
6.000000000000000000e+00 -8.027326586601540989e-04
7.000000000000000000e+00 -8.026819439298175235e-04
8.000000000000000000e+00 -7.900831366006179877e-04
9.000000000000000000e+00 -8.022257711084485217e-04
1.000000000000000000e+01 1.750914481516946224e-03
1.100000000000000000e+01 1.539204974491836147e-03
1.200000000000000000e+01 9.039107228266940724e-04
1.300000000000000000e+01 4.194274091087454100e-04
1.400000000000000000e+01 -5.306554436120006430e-04
1.500000000000000000e+01 -4.951939212972075776e-04
1.600000000000000000e+01 -8.053633851577465916e-06
1.700000000000000000e+01 9.255296372579541100e-04
1.800000000000000000e+01 -7.734725322449155505e-04
1.900000000000000000e+01 2.891606878063954461e-04
1.000000000000000000e+00 -7.206401421218614108e-04
2.000000000000000000e+00 1.366301932333898773e-03
3.000000000000000000e+00 -7.329373434421719655e-04
4.000000000000000000e+00 -7.328517808566093741e-04
5.000000000000000000e+00 -7.327330950761589204e-04
6.000000000000000000e+00 -7.308684700497691507e-04
7.000000000000000000e+00 -7.291930718407574601e-04
8.000000000000000000e+00 -7.179352548056295615e-04
9.000000000000000000e+00 -7.306687462856196373e-04
1.000000000000000000e+01 9.657600915256262398e-04
1.100000000000000000e+01 1.076646958813606532e-03
1.200000000000000000e+01 7.555805484864909797e-05
1.300000000000000000e+01 1.405629617638144225e-03
1.400000000000000000e+01 -3.316148177102772434e-04
1.500000000000000000e+01 -5.852525173545373299e-04
1.600000000000000000e+01 -4.767890474075847261e-04
1.700000000000000000e+01 1.689551775687662179e-03
1.800000000000000000e+01 -6.992848073824229575e-04
1.900000000000000000e+01 3.908488681478598027e-05
1.000000000000000000e+00 -8.914513817128538438e-04
2.000000000000000000e+00 -1.297756405836402502e-05
3.000000000000000000e+00 -8.931171406090049293e-04
4.000000000000000000e+00 -8.931171406090049293e-04
5.000000000000000000e+00 -8.930580357704883104e-04
6.000000000000000000e+00 -8.903823481683301047e-04
7.000000000000000000e+00 -8.910529602360009894e-04
8.000000000000000000e+00 -8.876695176981467227e-04
9.000000000000000000e+00 -8.912137374450975749e-04
1.000000000000000000e+01 8.219854155649796833e-04
1.100000000000000000e+01 1.381888596599113164e-03
1.200000000000000000e+01 5.143378962490429904e-04
1.300000000000000000e+01 4.296737350004979552e-04
1.400000000000000000e+01 -2.433944434531432597e-05
1.500000000000000000e+01 -8.060935366041232998e-05
1.600000000000000000e+01 1.153444816859815029e-03
1.700000000000000000e+01 4.273229028192778323e-04
1.800000000000000000e+01 -8.438048133730082423e-04
1.900000000000000000e+01 1.849579127246370408e-03
1.000000000000000000e+00 -8.288902177743857512e-04
2.000000000000000000e+00 4.233763990041269866e-04
3.000000000000000000e+00 -8.443975655517739097e-04
4.000000000000000000e+00 -8.442494293742259940e-04
5.000000000000000000e+00 -8.443826023015165707e-04
6.000000000000000000e+00 -8.421387268958764778e-04
7.000000000000000000e+00 -8.406387698812135736e-04
8.000000000000000000e+00 -8.067193374663535936e-04
9.000000000000000000e+00 -8.429846985401674058e-04
1.000000000000000000e+01 8.099475827982557160e-04
1.100000000000000000e+01 1.669468583864404214e-03
1.200000000000000000e+01 1.065290775167528677e-03
1.300000000000000000e+01 1.442189722173468783e-03
1.400000000000000000e+01 -6.939254474763645233e-04
1.500000000000000000e+01 -6.137735829994465367e-04
1.600000000000000000e+01 9.988480558449660640e-05
1.700000000000000000e+01 3.743082150606113091e-04
1.800000000000000000e+01 -8.032042768532331178e-04
1.900000000000000000e+01 1.422745791512806902e-03
1.000000000000000000e+00 -8.271606347699243019e-04
2.000000000000000000e+00 4.395822953270412444e-04
3.000000000000000000e+00 -8.543776760801028401e-04
4.000000000000000000e+00 -8.540695108559711842e-04
5.000000000000000000e+00 -8.542549774279924223e-04
6.000000000000000000e+00 -8.479887899118048432e-04
7.000000000000000000e+00 -8.501430898602224890e-04
8.000000000000000000e+00 -8.298954893955351464e-04
9.000000000000000000e+00 -8.344579667433766864e-04
1.000000000000000000e+01 -1.651946293064424239e-04
1.100000000000000000e+01 -4.801545121546609094e-04
1.200000000000000000e+01 -3.191116022007895207e-04
1.300000000000000000e+01 -5.076047635313211091e-04
1.400000000000000000e+01 -5.405576349841514092e-04
1.500000000000000000e+01 2.218333169626326290e-03
1.600000000000000000e+01 2.705242619829662052e-03
1.700000000000000000e+01 -6.242223187627797499e-04
1.800000000000000000e+01 -8.121359396419377879e-04
1.900000000000000000e+01 3.254364568817720398e-03
1.000000000000000000e+00 -8.198491610059044539e-04
2.000000000000000000e+00 6.365607224992907457e-04
3.000000000000000000e+00 -8.255596085493351792e-04
4.000000000000000000e+00 -8.255596085493351792e-04
5.000000000000000000e+00 -8.255371636739490624e-04
6.000000000000000000e+00 -8.238399910208940753e-04
7.000000000000000000e+00 -8.241319784452344217e-04
8.000000000000000000e+00 -8.115342907687652253e-04
9.000000000000000000e+00 -8.223313781546131305e-04
1.000000000000000000e+01 -4.253076902476969840e-04
1.100000000000000000e+01 5.492813381333183165e-04
1.200000000000000000e+01 4.385077923152109255e-04
1.300000000000000000e+01 1.017573075093008116e-03
1.400000000000000000e+01 -7.586956311188517181e-04
1.500000000000000000e+01 2.129363780314773736e-04
1.600000000000000000e+01 2.240248445393862222e-03
1.700000000000000000e+01 5.989820883838262373e-05
1.800000000000000000e+01 -8.111495732972130290e-04
1.900000000000000000e+01 2.030299158506704456e-03
1.000000000000000000e+00 -8.714718507165849235e-04
2.000000000000000000e+00 1.733572815644029649e-04
3.000000000000000000e+00 -8.839946223867656402e-04
4.000000000000000000e+00 -8.837994199856807811e-04
5.000000000000000000e+00 -8.838895803699589127e-04
6.000000000000000000e+00 -8.821684820627261232e-04
7.000000000000000000e+00 -8.788979353047843713e-04
8.000000000000000000e+00 -8.642468048448303684e-04
9.000000000000000000e+00 -8.797010796653516665e-04
1.000000000000000000e+01 -1.503552946000749591e-04
1.100000000000000000e+01 4.018910848106279536e-04
1.200000000000000000e+01 1.916349834091968709e-05
1.300000000000000000e+01 -2.074121241025466517e-05
1.400000000000000000e+01 -4.466357776574727276e-04
1.500000000000000000e+01 4.342366557073799616e-05
1.600000000000000000e+01 2.704479318742765339e-03
1.700000000000000000e+01 7.081351295049310394e-05
1.800000000000000000e+01 -8.557826944855870125e-04
1.900000000000000000e+01 3.535974735048607372e-03
1.000000000000000000e+00 -8.467839640164787724e-04
2.000000000000000000e+00 -5.358604958591694757e-05
3.000000000000000000e+00 -8.498203002811063412e-04
4.000000000000000000e+00 -8.496356809788400011e-04
5.000000000000000000e+00 -8.497978554057203327e-04
6.000000000000000000e+00 -8.462046125530237441e-04
7.000000000000000000e+00 -8.468215288999820676e-04
8.000000000000000000e+00 -7.479449389607170737e-04
9.000000000000000000e+00 -8.445062982234068745e-04
1.000000000000000000e+01 4.755603489012343813e-04
1.100000000000000000e+01 1.483985386315564772e-03
1.200000000000000000e+01 2.150366979353209302e-06
1.300000000000000000e+01 9.476939992847373088e-04
1.400000000000000000e+01 1.420542908260021243e-05
1.500000000000000000e+01 2.220989866855984599e-04
1.600000000000000000e+01 1.825410301980822910e-03
1.700000000000000000e+01 4.501773637608594975e-04
1.800000000000000000e+01 -8.352070948590774356e-04
1.900000000000000000e+01 6.472869293438361085e-04
1.000000000000000000e+00 -8.119172026912150480e-04
2.000000000000000000e+00 8.162913571816319495e-04
3.000000000000000000e+00 -8.164292205260619559e-04
4.000000000000000000e+00 -8.164292205260619559e-04
5.000000000000000000e+00 -8.163514116247236633e-04
6.000000000000000000e+00 -8.149013405317955070e-04
7.000000000000000000e+00 -8.109771805414590050e-04
8.000000000000000000e+00 -8.025733771008908800e-04
9.000000000000000000e+00 -8.138787222122583973e-04
1.000000000000000000e+01 2.916325677090454661e-04
1.100000000000000000e+01 1.076851244978269638e-03
1.200000000000000000e+01 -3.005255458601324855e-04
1.300000000000000000e+01 5.483127587363770218e-04
1.400000000000000000e+01 -7.798683241905940422e-04
1.500000000000000000e+01 9.575856541365716790e-04
1.600000000000000000e+01 1.855167323012995488e-03
1.700000000000000000e+01 -4.024730138567794192e-04
1.800000000000000000e+01 -7.787669528598810224e-04
1.900000000000000000e+01 1.733355855295233084e-03
1.000000000000000000e+00 -7.572257495165641986e-04
2.000000000000000000e+00 1.329903008720846103e-04
3.000000000000000000e+00 -7.647482816451887152e-04
4.000000000000000000e+00 -7.644358217739053753e-04
5.000000000000000000e+00 -7.646432396283819877e-04
6.000000000000000000e+00 -7.626010196064701057e-04
7.000000000000000000e+00 -7.625958861104402582e-04
8.000000000000000000e+00 -7.422489497445963758e-04
9.000000000000000000e+00 -7.622360199417505195e-04
1.000000000000000000e+01 1.334288619316194996e-03
1.100000000000000000e+01 1.225868128212704309e-03
1.200000000000000000e+01 2.838596241802092217e-04
1.300000000000000000e+01 2.960067975416206610e-04
1.400000000000000000e+01 -7.393395982154659773e-04
1.500000000000000000e+01 -1.916506895874042651e-04
1.600000000000000000e+01 9.193298650258994141e-04
1.700000000000000000e+01 1.259335947869897037e-03
1.800000000000000000e+01 -7.450860179440594883e-04
1.900000000000000000e+01 1.024297645991620190e-03
1.000000000000000000e+00 -7.474648989884468200e-04
2.000000000000000000e+00 5.203821357488980090e-05
3.000000000000000000e+00 -7.567334296330278237e-04
4.000000000000000000e+00 -7.567334296330278237e-04
5.000000000000000000e+00 -7.567334296330278237e-04
6.000000000000000000e+00 -7.552687858889723001e-04
7.000000000000000000e+00 -7.556972245527051506e-04
8.000000000000000000e+00 -7.373778843846254261e-04
9.000000000000000000e+00 -7.489178202242811671e-04
1.000000000000000000e+01 1.078447641148668401e-03
1.100000000000000000e+01 6.390950431683295940e-04
1.200000000000000000e+01 -3.644504427111310284e-05
1.300000000000000000e+01 7.742892702087784745e-04
1.400000000000000000e+01 -6.000616635424942114e-04
1.500000000000000000e+01 -2.358909682029831052e-05
1.600000000000000000e+01 1.124413419160879722e-03
1.700000000000000000e+01 8.430369887648414030e-04
1.800000000000000000e+01 -5.925935374031496327e-04
1.900000000000000000e+01 1.437273243872945255e-03
1.000000000000000000e+00 -7.548111005074985714e-04
2.000000000000000000e+00 9.578869608915484279e-04
3.000000000000000000e+00 -7.707082217880232167e-04
4.000000000000000000e+00 -7.705969496179276065e-04
5.000000000000000000e+00 -7.702600724428151349e-04
6.000000000000000000e+00 -7.696919936184337067e-04
7.000000000000000000e+00 -7.688682861245582081e-04
8.000000000000000000e+00 -7.678030808401652444e-04
9.000000000000000000e+00 -7.682042578870005786e-04
1.000000000000000000e+01 1.034880175446053178e-04
1.100000000000000000e+01 4.565051460830435914e-05
1.200000000000000000e+01 1.291747671271264639e-04
1.300000000000000000e+01 2.206473252487787054e-05
1.400000000000000000e+01 -1.244915228757879531e-04
1.500000000000000000e+01 7.117584408915798074e-04
1.600000000000000000e+01 1.956980099965993473e-03
1.700000000000000000e+01 -4.751501243927203836e-04
1.800000000000000000e+01 -6.044644846074554876e-04
1.900000000000000000e+01 2.070536477392984943e-03
1.000000000000000000e+00 -8.346267968104547361e-04
2.000000000000000000e+00 1.740045539084330520e-03
3.000000000000000000e+00 -8.381533000043248863e-04
4.000000000000000000e+00 -8.381533000043248863e-04
5.000000000000000000e+00 -8.377448032722986876e-04
6.000000000000000000e+00 -8.355336792474492595e-04
7.000000000000000000e+00 -8.231877307670469905e-04
8.000000000000000000e+00 -8.147687729870947996e-04
9.000000000000000000e+00 -8.306711330246088548e-04
1.000000000000000000e+01 8.579383061157042209e-04
1.100000000000000000e+01 3.391277208222758313e-04
1.200000000000000000e+01 7.513584135825797893e-04
1.300000000000000000e+01 1.350275576488510260e-04
1.400000000000000000e+01 -3.767736009972394483e-04
1.500000000000000000e+01 3.306769939793537978e-05
1.600000000000000000e+01 6.304744290866025206e-04
1.700000000000000000e+01 1.035214193770155099e-03
1.800000000000000000e+01 -7.299953923191062309e-04
1.900000000000000000e+01 7.688456834106660457e-04
1.000000000000000000e+00 -8.533816098972743470e-04
2.000000000000000000e+00 8.976738414207818817e-04
3.000000000000000000e+00 -8.678989183746668723e-04
4.000000000000000000e+00 -8.678764734992808639e-04
5.000000000000000000e+00 -8.677582638222476261e-04
6.000000000000000000e+00 -8.632684045529766649e-04
7.000000000000000000e+00 -8.639339524349111009e-04
8.000000000000000000e+00 -8.621922262183949427e-04
9.000000000000000000e+00 -8.620891197077254139e-04
1.000000000000000000e+01 2.557700249095979294e-05
1.100000000000000000e+01 -2.202576996278634915e-05
1.200000000000000000e+01 4.620457034236699644e-04
1.300000000000000000e+01 -3.937193074334396025e-04
1.400000000000000000e+01 -6.919822855340144584e-04
1.500000000000000000e+01 8.422466552107561472e-04
1.600000000000000000e+01 2.098999309676551593e-03
1.700000000000000000e+01 6.822989440007505265e-05
1.800000000000000000e+01 -8.338910643913226934e-04
1.900000000000000000e+01 2.841864847919210908e-03
1.000000000000000000e+00 -8.093877596297938083e-04
2.000000000000000000e+00 7.834257261804300531e-04
3.000000000000000000e+00 -8.139064688228727588e-04
4.000000000000000000e+00 -8.137022204568597136e-04
5.000000000000000000e+00 -8.139064688228727588e-04
6.000000000000000000e+00 -8.124614230500959303e-04
7.000000000000000000e+00 -8.119082038344116632e-04
8.000000000000000000e+00 -8.007404284815873227e-04
9.000000000000000000e+00 -8.099329427380021077e-04
1.000000000000000000e+01 1.221104135009371287e-03
1.100000000000000000e+01 1.255858801292997987e-03
1.200000000000000000e+01 8.709226505298934022e-04
1.300000000000000000e+01 1.410029008738803444e-03
1.400000000000000000e+01 -6.572346150561516557e-04
1.500000000000000000e+01 -1.542830792686873578e-04
1.600000000000000000e+01 2.484544630595325078e-04
1.700000000000000000e+01 1.017213686857073706e-03
1.800000000000000000e+01 -8.022083999294257316e-04
1.900000000000000000e+01 -4.328724899942216283e-05
1.000000000000000000e+00 -7.865893834215116360e-04
2.000000000000000000e+00 6.047381450646301853e-04
3.000000000000000000e+00 -7.890485625088420078e-04
4.000000000000000000e+00 -7.888766211604300452e-04
5.000000000000000000e+00 -7.890371360268272002e-04
6.000000000000000000e+00 -7.864471470397794550e-04
7.000000000000000000e+00 -7.857644691512191693e-04
8.000000000000000000e+00 -7.836343487788019133e-04
9.000000000000000000e+00 -7.875593479418962822e-04
1.000000000000000000e+01 8.718536793056989474e-04
1.100000000000000000e+01 3.865104474313468667e-04
1.200000000000000000e+01 6.614474109388120701e-04
1.300000000000000000e+01 9.109927140721293427e-04
1.400000000000000000e+01 -7.603710734708116030e-04
1.500000000000000000e+01 -2.264318083479701857e-04
1.600000000000000000e+01 1.512754919076815573e-03
1.700000000000000000e+01 6.755547915281956113e-04
1.800000000000000000e+01 -7.747325019742940357e-04
1.900000000000000000e+01 1.149085143446992776e-03
