1.000000000000000000e+00 -1.052292964231731658e-06
2.000000000000000000e+00 -2.019045757238580307e-06
3.000000000000000000e+00 -6.362177666618324868e-07
4.000000000000000000e+00 -2.872975254741028128e-06
5.000000000000000000e+00 -2.311478891145713804e-06
6.000000000000000000e+00 -4.549430888892736873e-07
7.000000000000000000e+00 4.658396144696337884e-06
8.000000000000000000e+00 -2.742679243438151720e-06
9.000000000000000000e+00 -2.592135543616459145e-06
1.000000000000000000e+01 -4.100378513791002075e-07
1.100000000000000000e+01 -2.341583718851740937e-06
1.200000000000000000e+01 -1.424612953059256057e-06
1.300000000000000000e+01 8.937054861461079000e-07
1.400000000000000000e+01 -2.599998890862746770e-06
1.500000000000000000e+01 -2.777196748167918692e-06
1.600000000000000000e+01 -2.774001542573912593e-06
1.700000000000000000e+01 -2.821663359351171586e-06
1.800000000000000000e+01 -1.493451473724495039e-06
1.900000000000000000e+01 -1.729427800602739284e-06
2.000000000000000000e+01 2.568245704046224809e-05
2.100000000000000000e+01 1.781935425021002931e-07
2.200000000000000000e+01 1.711833835709978025e-06
2.300000000000000000e+01 4.347082277002764968e-06
2.400000000000000000e+01 -2.328900805978056779e-06
2.500000000000000000e+01 -2.634216845068075750e-06
2.600000000000000000e+01 -2.638300294735234989e-06
2.700000000000000000e+01 3.733657880268785182e-06
2.800000000000000000e+01 -1.544518895905122286e-06
2.900000000000000000e+01 -1.691719950547193224e-06
3.000000000000000000e+01 -2.893461182273432317e-06
1.000000000000000000e+00 -6.333099815306079851e-06
2.000000000000000000e+00 -6.371641982783780068e-06
3.000000000000000000e+00 -3.789571934446865089e-06
4.000000000000000000e+00 -7.363348371791518092e-06
5.000000000000000000e+00 -7.473244583636755665e-06
6.000000000000000000e+00 -1.423086880358244569e-06
7.000000000000000000e+00 2.720086843025373459e-05
8.000000000000000000e+00 -7.154439617155626726e-06
9.000000000000000000e+00 -7.358536294068527173e-06
1.000000000000000000e+01 -3.742170837570505830e-06
1.100000000000000000e+01 -6.915825435512959731e-06
1.200000000000000000e+01 -4.499046257114590870e-06
1.300000000000000000e+01 -1.754478516097706403e-06
1.400000000000000000e+01 -6.765026854981877024e-06
1.500000000000000000e+01 -7.533592919847160430e-06
1.600000000000000000e+01 -7.238835203800089485e-06
1.700000000000000000e+01 -7.108436422726645612e-06
1.800000000000000000e+01 -7.674758878104572036e-06
1.900000000000000000e+01 -4.281971977071795498e-06
2.000000000000000000e+01 2.456668768512846175e-05
2.100000000000000000e+01 -2.183354286250206448e-06
2.200000000000000000e+01 6.615814082080948022e-05
2.300000000000000000e+01 3.519894801359331758e-05
2.400000000000000000e+01 -4.122189508443749289e-06
2.500000000000000000e+01 4.982735919372863691e-05
2.600000000000000000e+01 -3.926250182069640423e-06
2.700000000000000000e+01 3.422577200688144838e-05
2.800000000000000000e+01 4.463890820712409654e-06
2.900000000000000000e+01 -5.346513521373459153e-06
3.000000000000000000e+01 -7.745940958282155519e-06
1.000000000000000000e+00 -1.268950384392663105e-05
2.000000000000000000e+00 -7.856122998551782504e-06
3.000000000000000000e+00 -1.003933042913552518e-05
4.000000000000000000e+00 -1.925706033652060587e-05
5.000000000000000000e+00 -1.737601062938394020e-05
6.000000000000000000e+00 -1.129931759616916969e-05
7.000000000000000000e+00 6.581235966543311926e-08
8.000000000000000000e+00 -1.928542333339934372e-05
9.000000000000000000e+00 -1.954815687949120907e-05
1.000000000000000000e+01 -1.906715085125879723e-05
1.100000000000000000e+01 -1.747337009705825185e-05
1.200000000000000000e+01 -1.903988620630299783e-05
1.300000000000000000e+01 6.945833332639929001e-06
1.400000000000000000e+01 -1.843293027700823716e-05
1.500000000000000000e+01 -1.952847530058924108e-05
1.600000000000000000e+01 -1.766950357655005073e-05
1.700000000000000000e+01 -1.899399950374463107e-05
1.800000000000000000e+01 -1.516313105518502697e-05
1.900000000000000000e+01 -1.906978578642746263e-05
2.000000000000000000e+01 -1.718998420647596035e-06
2.100000000000000000e+01 -1.589739595736596914e-05
2.200000000000000000e+01 9.655349925214992484e-05
2.300000000000000000e+01 6.998930327266159209e-05
2.400000000000000000e+01 -1.402488898740772708e-05
2.500000000000000000e+01 -1.566729122951011983e-05
2.600000000000000000e+01 -1.282122286620037655e-05
2.700000000000000000e+01 3.180692371097168503e-05
2.800000000000000000e+01 -1.027032271410082378e-05
2.900000000000000000e+01 1.570599426671390585e-05
3.000000000000000000e+01 -1.959630130544673182e-05
1.000000000000000000e+00 5.762447891383423294e-06
2.000000000000000000e+00 -3.429304328854553712e-06
3.000000000000000000e+00 3.675318517897228469e-06
4.000000000000000000e+00 -3.128977191945707606e-06
5.000000000000000000e+00 -3.594323384428331599e-06
6.000000000000000000e+00 8.993727134656669049e-08
7.000000000000000000e+00 3.851452007374045900e-05
8.000000000000000000e+00 -3.196520287974560766e-06
9.000000000000000000e+00 -3.646112341764515313e-06
1.000000000000000000e+01 -1.007887664559328523e-06
1.100000000000000000e+01 -3.284810031436717850e-06
1.200000000000000000e+01 -2.169111914239350263e-06
1.300000000000000000e+01 -2.078209424536260954e-06
1.400000000000000000e+01 -3.367064386554641096e-06
1.500000000000000000e+01 -3.615369582386073938e-06
1.600000000000000000e+01 -3.664751041062884792e-06
1.700000000000000000e+01 -3.450023240128187451e-06
1.800000000000000000e+01 -3.005978418272271071e-06
1.900000000000000000e+01 -3.604058776472569317e-06
2.000000000000000000e+01 1.213640598947945197e-05
2.100000000000000000e+01 2.351582561477613732e-06
2.200000000000000000e+01 1.059913488699095867e-05
2.300000000000000000e+01 3.330269042412969987e-05
2.400000000000000000e+01 5.821265191580034060e-08
2.500000000000000000e+01 -3.124805673531310589e-06
2.600000000000000000e+01 1.465140445650190777e-06
2.700000000000000000e+01 4.295931732213590519e-06
2.800000000000000000e+01 -1.256603355553880095e-06
2.900000000000000000e+01 -1.163775976369679348e-06
3.000000000000000000e+01 -3.676267094557948778e-06
1.000000000000000000e+00 1.236831269183513912e-07
2.000000000000000000e+00 -1.577854840232938976e-06
3.000000000000000000e+00 -2.836019990600594981e-06
4.000000000000000000e+00 -3.289603028742746457e-06
5.000000000000000000e+00 -2.829718335123526949e-06
6.000000000000000000e+00 -3.203138032627312372e-06
7.000000000000000000e+00 2.426233705330998381e-06
8.000000000000000000e+00 -3.233364899435888316e-06
9.000000000000000000e+00 -3.291619301570981934e-06
1.000000000000000000e+01 -8.168300912021930662e-07
1.100000000000000000e+01 -9.940889680586393945e-07
1.200000000000000000e+01 -2.424736725542978583e-06
1.300000000000000000e+01 -7.814117022670640227e-07
1.400000000000000000e+01 -2.452958413987187125e-06
1.500000000000000000e+01 -3.102855173723764129e-06
1.600000000000000000e+01 -3.189619428404060642e-06
1.700000000000000000e+01 -3.267075427899040702e-06
1.800000000000000000e+01 -3.074839024820690094e-06
1.900000000000000000e+01 -2.933967069855781596e-06
2.000000000000000000e+01 3.696588648849360390e-06
2.100000000000000000e+01 -1.411721186044550497e-06
2.200000000000000000e+01 -1.353125672080745498e-06
2.300000000000000000e+01 3.518317651189295794e-06
2.400000000000000000e+01 -2.024254711069198331e-06
2.500000000000000000e+01 -2.970964187260063908e-06
2.600000000000000000e+01 -2.367381661944906602e-06
2.700000000000000000e+01 4.466768958207448956e-06
2.800000000000000000e+01 5.510232927484053811e-07
2.900000000000000000e+01 -2.941369704891968169e-06
3.000000000000000000e+01 -3.390917380826450845e-06
1.000000000000000000e+00 -7.880397685495135640e-08
2.000000000000000000e+00 -2.827096830095330745e-06
3.000000000000000000e+00 -2.252753077340783156e-06
4.000000000000000000e+00 -3.250811046912995545e-06
5.000000000000000000e+00 -1.394180254749969830e-06
6.000000000000000000e+00 9.351579066721494663e-06
7.000000000000000000e+00 9.277429217459201864e-06
8.000000000000000000e+00 -3.830041911001430487e-06
9.000000000000000000e+00 -3.292737025870459116e-06
1.000000000000000000e+01 -2.715802715802715450e-06
1.100000000000000000e+01 -1.952986210857275200e-06
1.200000000000000000e+01 3.788792694339920687e-06
1.300000000000000000e+01 1.120465408321480252e-05
1.400000000000000000e+01 -3.526042506552251531e-06
1.500000000000000000e+01 -3.771468689009918376e-06
1.600000000000000000e+01 -3.135500736700136690e-06
1.700000000000000000e+01 -3.816567684633651053e-06
1.800000000000000000e+01 -3.575568193259347345e-06
1.900000000000000000e+01 -3.583284392879595209e-06
2.000000000000000000e+01 3.153880380267186519e-05
2.100000000000000000e+01 1.964957137370930211e-06
2.200000000000000000e+01 1.393901228983687604e-05
2.300000000000000000e+01 2.835584094954409738e-06
2.400000000000000000e+01 -2.503826341907301257e-06
2.500000000000000000e+01 -2.612147139883271504e-06
2.600000000000000000e+01 -1.317728304235050660e-06
2.700000000000000000e+01 4.516101922398773450e-05
2.800000000000000000e+01 -1.219886227382479076e-06
2.900000000000000000e+01 -3.686890043711632824e-06
3.000000000000000000e+01 -3.905839288148133514e-06
1.000000000000000000e+00 2.662355428077829844e-06
2.000000000000000000e+00 -8.311969410367579469e-07
3.000000000000000000e+00 -6.437364126940391302e-07
4.000000000000000000e+00 -4.032942721493182635e-06
5.000000000000000000e+00 -3.794908079607834713e-06
6.000000000000000000e+00 -2.995626991523779692e-06
7.000000000000000000e+00 -2.266132708806108822e-06
8.000000000000000000e+00 -4.072269676309761290e-06
9.000000000000000000e+00 -4.111277811269919760e-06
1.000000000000000000e+01 -3.087020265273243908e-06
1.100000000000000000e+01 -3.884262891601326881e-06
1.200000000000000000e+01 -3.367502325917854869e-06
1.300000000000000000e+01 5.812503484720007837e-07
1.400000000000000000e+01 -3.678149941860191805e-06
1.500000000000000000e+01 -4.147149132551168147e-06
1.600000000000000000e+01 -4.113654946133443200e-06
1.700000000000000000e+01 -4.149254161090348214e-06
1.800000000000000000e+01 -2.815530559553284862e-06
1.900000000000000000e+01 -3.218822496025999115e-06
2.000000000000000000e+01 6.855638260988216755e-06
2.100000000000000000e+01 -1.445059466048971282e-06
2.200000000000000000e+01 1.285693594539171710e-05
2.300000000000000000e+01 1.698186345073427779e-05
2.400000000000000000e+01 -1.438327754117227608e-06
2.500000000000000000e+01 5.222269832070194258e-06
2.600000000000000000e+01 -3.705317656236933336e-06
2.700000000000000000e+01 4.974965765623068141e-06
2.800000000000000000e+01 -2.930696641735858757e-06
2.900000000000000000e+01 -2.643835264367103670e-06
3.000000000000000000e+01 -4.165119244421697974e-06
1.000000000000000000e+00 -1.724689588652344021e-06
2.000000000000000000e+00 -1.493478042045863388e-06
3.000000000000000000e+00 -6.065715061217309379e-06
4.000000000000000000e+00 -6.469808718684280593e-06
5.000000000000000000e+00 -6.053075255316239998e-06
6.000000000000000000e+00 -1.590293880990637723e-06
7.000000000000000000e+00 1.711898255731602128e-05
8.000000000000000000e+00 -4.702119031796297738e-06
9.000000000000000000e+00 -4.494802332725476232e-06
1.000000000000000000e+01 -5.624171749004069345e-06
1.100000000000000000e+01 -6.777818479862194355e-06
1.200000000000000000e+01 1.937690156738527145e-06
1.300000000000000000e+01 1.824254518959797832e-06
1.400000000000000000e+01 -5.988400370156859901e-06
1.500000000000000000e+01 -6.337836859418173913e-06
1.600000000000000000e+01 -6.527508105666394533e-06
1.700000000000000000e+01 -4.978476579518163637e-06
1.800000000000000000e+01 -4.564237034843835974e-06
1.900000000000000000e+01 -6.479884827553098657e-06
2.000000000000000000e+01 4.590478945406744050e-06
2.100000000000000000e+01 -5.066816248067727053e-06
2.200000000000000000e+01 -3.865252819722952918e-07
2.300000000000000000e+01 1.205858124504064624e-05
2.400000000000000000e+01 -3.876707561707166933e-06
2.500000000000000000e+01 -4.639768144857705231e-06
2.600000000000000000e+01 -4.922089258868237206e-06
2.700000000000000000e+01 2.796731282488403878e-06
2.800000000000000000e+01 -5.718497172770035831e-06
2.900000000000000000e+01 -4.568550153652338714e-06
3.000000000000000000e+01 -6.915697557218901318e-06
1.000000000000000000e+00 2.133408031774637671e-05
2.000000000000000000e+00 -3.546952359388246619e-06
3.000000000000000000e+00 -3.417757327644489176e-06
4.000000000000000000e+00 -5.398895740567010098e-06
5.000000000000000000e+00 -5.082606589747755944e-06
6.000000000000000000e+00 2.424812446117582761e-05
7.000000000000000000e+00 -1.351965527772360987e-06
8.000000000000000000e+00 -4.628557189119012851e-06
9.000000000000000000e+00 -4.641154952841214455e-06
1.000000000000000000e+01 -5.440217363203238365e-06
1.100000000000000000e+01 -5.259665766254576944e-06
1.200000000000000000e+01 1.846716808446469650e-05
1.300000000000000000e+01 -3.685380904665998799e-06
1.400000000000000000e+01 -4.247249224760468313e-06
1.500000000000000000e+01 -3.536040954173992655e-06
1.600000000000000000e+01 -5.052016525227287519e-06
1.700000000000000000e+01 -5.526873300881033377e-06
1.800000000000000000e+01 -3.200147885699846179e-06
1.900000000000000000e+01 -4.610728385683013182e-06
2.000000000000000000e+01 5.028115312972883578e-05
2.100000000000000000e+01 -4.108773382031489036e-06
2.200000000000000000e+01 2.599127815730040779e-05
2.300000000000000000e+01 2.860671597355886586e-06
2.400000000000000000e+01 -3.173751236561936200e-06
2.500000000000000000e+01 -1.414321961942888166e-06
2.600000000000000000e+01 2.779327134254933385e-05
2.700000000000000000e+01 2.238987621296466743e-05
2.800000000000000000e+01 -2.824702761576429629e-06
2.900000000000000000e+01 -4.212265168629091535e-06
3.000000000000000000e+01 -5.569345536204211376e-06
1.000000000000000000e+00 -5.472313647173585167e-06
2.000000000000000000e+00 -2.678821948134660108e-06
3.000000000000000000e+00 -4.818372663397519277e-06
4.000000000000000000e+00 -7.600043211185008321e-06
5.000000000000000000e+00 -7.649799253997154025e-06
6.000000000000000000e+00 -7.858813406039792516e-06
7.000000000000000000e+00 3.879581203024744316e-05
8.000000000000000000e+00 -7.930480723031814750e-06
9.000000000000000000e+00 -7.475152831422065205e-06
1.000000000000000000e+01 -1.555601784434736371e-06
1.100000000000000000e+01 -8.061317735428047114e-06
1.200000000000000000e+01 -4.076996209877137562e-06
1.300000000000000000e+01 -8.140951169436925709e-07
1.400000000000000000e+01 -6.129854784474842274e-06
1.500000000000000000e+01 -8.432460835206828997e-06
1.600000000000000000e+01 -8.376749984893281620e-06
1.700000000000000000e+01 -8.197962699659219074e-06
1.800000000000000000e+01 -4.138628876260060074e-06
1.900000000000000000e+01 -7.343328411741573426e-06
2.000000000000000000e+01 2.885205194050771241e-05
2.100000000000000000e+01 -4.568966488006967046e-06
2.200000000000000000e+01 4.006412267281832268e-05
2.300000000000000000e+01 3.677163118495083943e-06
2.400000000000000000e+01 -5.327281268258147726e-06
2.500000000000000000e+01 -1.239442847586144302e-06
2.600000000000000000e+01 -7.243067741765760908e-06
2.700000000000000000e+01 7.623616319268493096e-06
2.800000000000000000e+01 1.772964958477465136e-05
2.900000000000000000e+01 -5.678515352625665681e-06
3.000000000000000000e+01 -8.454793990973269167e-06
1.000000000000000000e+00 -1.051356591481265891e-05
2.000000000000000000e+00 -4.985338797380144537e-06
3.000000000000000000e+00 2.171121676369052635e-05
4.000000000000000000e+00 -1.264545327513843177e-05
5.000000000000000000e+00 -1.188666668821328323e-05
6.000000000000000000e+00 1.732433553628219203e-05
7.000000000000000000e+00 2.465210133481260849e-05
8.000000000000000000e+00 -6.887323757835869685e-06
9.000000000000000000e+00 -1.062215852715339738e-05
1.000000000000000000e+01 -1.147210540408678143e-05
1.100000000000000000e+01 -1.043717498384901520e-05
1.200000000000000000e+01 -9.630091568069945690e-06
1.300000000000000000e+01 2.222138750979593555e-05
1.400000000000000000e+01 -1.247656487931087409e-05
1.500000000000000000e+01 -1.274287639000019536e-05
1.600000000000000000e+01 -1.170842857894068992e-05
1.700000000000000000e+01 -1.249600238000774446e-05
1.800000000000000000e+01 -6.338059040655110530e-06
1.900000000000000000e+01 -1.092573079474365507e-05
2.000000000000000000e+01 4.128620297641049774e-05
2.100000000000000000e+01 -7.204142815284612568e-06
2.200000000000000000e+01 3.761361077702906486e-05
2.300000000000000000e+01 9.097723865340056931e-05
2.400000000000000000e+01 -7.763950192735798322e-06
2.500000000000000000e+01 6.606037640520398515e-06
2.600000000000000000e+01 4.093688268706022632e-05
2.700000000000000000e+01 7.875254292045895052e-05
2.800000000000000000e+01 -1.256114352460915964e-05
2.900000000000000000e+01 1.738073424335556167e-05
3.000000000000000000e+01 -1.293870477173562433e-05
1.000000000000000000e+00 -4.687250114536470948e-06
2.000000000000000000e+00 -4.170971866071684159e-06
3.000000000000000000e+00 2.102348350277017492e-07
4.000000000000000000e+00 -5.188453322281144888e-06
5.000000000000000000e+00 -4.542078762863107020e-06
6.000000000000000000e+00 -4.712450897253232629e-06
7.000000000000000000e+00 1.168922143434887028e-05
8.000000000000000000e+00 -5.478163057268241410e-06
9.000000000000000000e+00 -5.407685475546281884e-06
1.000000000000000000e+01 4.047227427642482585e-06
1.100000000000000000e+01 -5.310012735247486207e-06
1.200000000000000000e+01 -2.090011014496140057e-06
1.300000000000000000e+01 1.549331076672668889e-06
1.400000000000000000e+01 -5.235316337659902145e-06
1.500000000000000000e+01 -4.903101083958023402e-06
1.600000000000000000e+01 -5.517074261649342016e-06
1.700000000000000000e+01 -5.002288218574811575e-06
1.800000000000000000e+01 -3.095410599553265038e-06
1.900000000000000000e+01 -5.015302024692066370e-06
2.000000000000000000e+01 1.038365295447280746e-05
2.100000000000000000e+01 -2.766282234442890893e-06
2.200000000000000000e+01 4.343047292625134660e-06
2.300000000000000000e+01 4.652446781382313293e-06
2.400000000000000000e+01 -4.619276962052942146e-06
2.500000000000000000e+01 -1.273017322887124790e-06
2.600000000000000000e+01 1.394080404575157166e-06
2.700000000000000000e+01 1.034027885602098469e-05
2.800000000000000000e+01 -3.691091925921879261e-06
2.900000000000000000e+01 -1.852802910168963845e-06
3.000000000000000000e+01 -5.614774738107808301e-06
1.000000000000000000e+00 -8.634954362090793204e-06
2.000000000000000000e+00 -7.057415902993113790e-06
3.000000000000000000e+00 -7.406608606008905320e-06
4.000000000000000000e+00 -9.265480479873282153e-06
5.000000000000000000e+00 -9.078017323894384206e-06
6.000000000000000000e+00 -7.137778652021530454e-06
7.000000000000000000e+00 9.819299474471886871e-06
8.000000000000000000e+00 -5.602582214276366955e-06
9.000000000000000000e+00 -5.167873383765437213e-06
1.000000000000000000e+01 -2.960097262945838345e-06
1.100000000000000000e+01 -9.061897067894068749e-06
1.200000000000000000e+01 -8.541988302108240476e-06
1.300000000000000000e+01 8.494215540692301168e-06
1.400000000000000000e+01 -9.369579834347449898e-06
1.500000000000000000e+01 -8.936335473067106745e-06
1.600000000000000000e+01 -9.307900162472875432e-06
1.700000000000000000e+01 -8.801970421160825220e-06
1.800000000000000000e+01 -6.669309367960041994e-06
1.900000000000000000e+01 -8.572492530513519112e-06
2.000000000000000000e+01 2.435656408669901503e-06
2.100000000000000000e+01 -5.231222772452157209e-06
2.200000000000000000e+01 1.314573038710969711e-05
2.300000000000000000e+01 3.185319871976543014e-05
2.400000000000000000e+01 -6.508700361773824712e-06
2.500000000000000000e+01 -5.504673570640586928e-06
2.600000000000000000e+01 -3.227884337329614274e-06
2.700000000000000000e+01 6.313578142663598845e-05
2.800000000000000000e+01 -4.722547151332758310e-06
2.900000000000000000e+01 -2.708657881071674127e-07
3.000000000000000000e+01 -9.622006623505873849e-06
1.000000000000000000e+00 -2.306078617922695515e-06
2.000000000000000000e+00 1.099178460497800626e-06
3.000000000000000000e+00 -1.047472711640627677e-06
4.000000000000000000e+00 -2.626436809345354785e-06
5.000000000000000000e+00 -2.388133272690993433e-06
6.000000000000000000e+00 -1.672956395595076240e-06
7.000000000000000000e+00 1.490469106661010660e-06
8.000000000000000000e+00 -2.261195964344389854e-06
9.000000000000000000e+00 -1.860524948980720887e-06
1.000000000000000000e+01 5.448452374989106462e-06
1.100000000000000000e+01 -2.552669719086510532e-07
1.200000000000000000e+01 -9.241743874427532555e-07
1.300000000000000000e+01 1.305180465600255600e-06
1.400000000000000000e+01 -9.686631875537421907e-07
1.500000000000000000e+01 -2.518587526083777674e-06
1.600000000000000000e+01 -2.354073268615997146e-06
1.700000000000000000e+01 -2.620850746787777936e-06
1.800000000000000000e+01 -2.075984984530711311e-06
1.900000000000000000e+01 -1.299683158753623341e-06
2.000000000000000000e+01 4.172073137590378265e-06
2.100000000000000000e+01 -2.040710136662160520e-06
2.200000000000000000e+01 6.708661431300111599e-06
2.300000000000000000e+01 6.506342788201858607e-06
2.400000000000000000e+01 -1.593597695546720889e-06
2.500000000000000000e+01 -1.729793333991235013e-06
2.600000000000000000e+01 -6.509676674594214782e-08
2.700000000000000000e+01 1.378992488437765636e-05
2.800000000000000000e+01 -1.592621382726330183e-06
2.900000000000000000e+01 -2.590723730154014762e-07
3.000000000000000000e+01 -2.671508068809418124e-06
1.000000000000000000e+00 1.276498648865097137e-06
2.000000000000000000e+00 -1.243686480015683799e-06
3.000000000000000000e+00 -1.504852787106397003e-06
4.000000000000000000e+00 -1.537082204643160903e-06
5.000000000000000000e+00 -1.462455293434540508e-06
6.000000000000000000e+00 -1.134775047818525981e-06
7.000000000000000000e+00 1.234711350705984912e-06
8.000000000000000000e+00 -1.825194336833254163e-06
9.000000000000000000e+00 -1.750456480985953030e-06
1.000000000000000000e+01 -1.063553845057829734e-06
1.100000000000000000e+01 -1.895907821892198039e-06
1.200000000000000000e+01 -8.067143788756665797e-07
1.300000000000000000e+01 -6.432762844030894208e-07
1.400000000000000000e+01 -1.000554223942529628e-06
1.500000000000000000e+01 -1.326179366106770631e-06
1.600000000000000000e+01 -1.818293580307310146e-06
1.700000000000000000e+01 -1.872301430417109254e-06
1.800000000000000000e+01 -1.378511952172490174e-06
1.900000000000000000e+01 -1.735007440049655613e-06
2.000000000000000000e+01 8.295067870543289704e-08
2.100000000000000000e+01 -7.805258969150706609e-07
2.200000000000000000e+01 4.992426991953543974e-07
2.300000000000000000e+01 2.591336845262513939e-06
2.400000000000000000e+01 -5.387749015934922066e-07
2.500000000000000000e+01 -1.830833244073991933e-06
2.600000000000000000e+01 -8.387607377586071557e-07
2.700000000000000000e+01 1.748373933334084675e-06
2.800000000000000000e+01 -7.735944846337017643e-07
2.900000000000000000e+01 -1.478414679708769318e-06
3.000000000000000000e+01 -1.908452740931238299e-06
1.000000000000000000e+00 -3.496708744085055527e-06
2.000000000000000000e+00 -3.743546259130571839e-06
3.000000000000000000e+00 -3.168678438938045970e-06
4.000000000000000000e+00 -4.145703932652562906e-06
5.000000000000000000e+00 -4.133832856313720559e-06
6.000000000000000000e+00 -2.273796355702770695e-06
7.000000000000000000e+00 1.821112158048952654e-06
8.000000000000000000e+00 -4.211066966531339566e-06
9.000000000000000000e+00 -3.234027750716774473e-06
1.000000000000000000e+01 -2.644034964716728999e-06
1.100000000000000000e+01 -4.032623609677187307e-06
1.200000000000000000e+01 -3.693532707972855919e-06
1.300000000000000000e+01 3.183795229877451878e-06
1.400000000000000000e+01 -3.880521429641606353e-06
1.500000000000000000e+01 -4.134459693522267151e-06
1.600000000000000000e+01 -4.192442281292592538e-06
1.700000000000000000e+01 -4.255389349684307077e-06
1.800000000000000000e+01 -1.783820161473439904e-06
1.900000000000000000e+01 -4.163813017281020067e-06
2.000000000000000000e+01 -6.906692064113353010e-07
2.100000000000000000e+01 -2.611972256097561559e-06
2.200000000000000000e+01 7.630750351495240534e-06
2.300000000000000000e+01 4.032097498522180496e-06
2.400000000000000000e+01 -3.811377811219995341e-06
2.500000000000000000e+01 -2.244537334886896830e-06
2.600000000000000000e+01 -3.545537815245066787e-06
2.700000000000000000e+01 3.980405179805479503e-06
2.800000000000000000e+01 -2.361952965598511051e-07
2.900000000000000000e+01 -3.907995701572596678e-08
3.000000000000000000e+01 -4.356864863453674099e-06
1.000000000000000000e+00 -2.880391714921818118e-06
2.000000000000000000e+00 -2.095666563432680150e-06
3.000000000000000000e+00 -1.997119696164910315e-06
4.000000000000000000e+00 -3.975088012016915661e-06
5.000000000000000000e+00 -3.448663876344772423e-06
6.000000000000000000e+00 -1.350437411354321181e-06
7.000000000000000000e+00 7.056126317548237570e-06
8.000000000000000000e+00 -3.926080845515864515e-06
9.000000000000000000e+00 -4.135261414516523265e-06
1.000000000000000000e+01 2.774306743374840729e-06
1.100000000000000000e+01 -3.294062522343118794e-06
1.200000000000000000e+01 -2.871665919089575538e-06
1.300000000000000000e+01 6.304291872034316152e-07
1.400000000000000000e+01 -3.943227339423977221e-06
1.500000000000000000e+01 -3.956526973965622276e-06
1.600000000000000000e+01 -3.860595772534539890e-06
1.700000000000000000e+01 -3.861095023408603211e-06
1.800000000000000000e+01 -4.107702766268220339e-06
1.900000000000000000e+01 -4.158948094874867591e-06
2.000000000000000000e+01 9.174877540694631684e-06
2.100000000000000000e+01 -2.841220082599392919e-06
2.200000000000000000e+01 5.898234494462695664e-07
2.300000000000000000e+01 1.019347428248240855e-05
2.400000000000000000e+01 -1.607859336889558421e-06
2.500000000000000000e+01 1.186553202650417187e-06
2.600000000000000000e+01 3.178067566925769094e-07
2.700000000000000000e+01 1.224642424042723836e-05
2.800000000000000000e+01 -4.031949766976989607e-06
2.900000000000000000e+01 -1.276542734760993867e-06
3.000000000000000000e+01 -4.203819653989305178e-06
1.000000000000000000e+00 -2.591295095043220880e-06
2.000000000000000000e+00 -5.771506521131707875e-07
3.000000000000000000e+00 1.041315284193844815e-06
4.000000000000000000e+00 -3.824921815926313160e-06
5.000000000000000000e+00 -3.804657777671270871e-06
6.000000000000000000e+00 4.190476079531551726e-05
7.000000000000000000e+00 6.994163036142046460e-05
8.000000000000000000e+00 -3.889874354641970243e-06
9.000000000000000000e+00 -4.028732664414822501e-06
1.000000000000000000e+01 -4.128771445113273543e-06
1.100000000000000000e+01 -4.112390469212057928e-06
1.200000000000000000e+01 -3.864584524254688831e-06
1.300000000000000000e+01 4.688720130998991149e-06
1.400000000000000000e+01 -3.492082352652067484e-06
1.500000000000000000e+01 -3.221521662301272260e-06
1.600000000000000000e+01 -4.079528667234814035e-06
1.700000000000000000e+01 -3.811930198736795360e-06
1.800000000000000000e+01 -3.951420892950127824e-06
1.900000000000000000e+01 -2.856852182189513129e-06
2.000000000000000000e+01 3.280507043625483947e-05
2.100000000000000000e+01 1.271819412748947962e-06
2.200000000000000000e+01 5.700897470012912099e-05
2.300000000000000000e+01 4.743580590657051814e-05
2.400000000000000000e+01 -3.216601267575780262e-06
2.500000000000000000e+01 2.821771487438653630e-06
2.600000000000000000e+01 2.551404950205549696e-06
2.700000000000000000e+01 6.360721847978218792e-05
2.800000000000000000e+01 -2.437425975656860121e-06
2.900000000000000000e+01 -3.857084666679868405e-06
3.000000000000000000e+01 -4.199282310226837291e-06
1.000000000000000000e+00 5.684107254374751708e-06
2.000000000000000000e+00 1.111831696539342653e-07
3.000000000000000000e+00 5.808043510245040478e-06
4.000000000000000000e+00 -1.523880084599724630e-06
5.000000000000000000e+00 -2.228996910603475587e-06
6.000000000000000000e+00 6.199636334568867952e-06
7.000000000000000000e+00 1.713038766617240452e-05
8.000000000000000000e+00 -1.478495260551600636e-06
9.000000000000000000e+00 -1.887353990249910603e-06
1.000000000000000000e+01 -1.880205068084812167e-07
1.100000000000000000e+01 -1.915755817752187773e-06
1.200000000000000000e+01 -1.807368452993009083e-06
1.300000000000000000e+01 -1.583731797572245733e-06
1.400000000000000000e+01 -9.612658077899140889e-07
1.500000000000000000e+01 -2.080896912428514895e-06
1.600000000000000000e+01 -2.269985407364086076e-06
1.700000000000000000e+01 -1.785745342914126907e-06
1.800000000000000000e+01 -2.118618089579976804e-06
1.900000000000000000e+01 -1.976500927025664381e-06
2.000000000000000000e+01 1.852846207774006720e-05
2.100000000000000000e+01 1.323988355472613289e-05
2.200000000000000000e+01 9.228530367960651796e-06
2.300000000000000000e+01 1.078935793683682818e-05
2.400000000000000000e+01 -9.238748369183151571e-07
2.500000000000000000e+01 -1.952572796098401669e-06
2.600000000000000000e+01 -4.135432210868176679e-07
2.700000000000000000e+01 1.512906550387809749e-05
2.800000000000000000e+01 -1.851846158640130051e-06
2.900000000000000000e+01 1.989190366054565377e-06
3.000000000000000000e+01 -2.285062783760803020e-06
1.000000000000000000e+00 -8.029729169159453741e-06
2.000000000000000000e+00 -5.856761928725946565e-06
3.000000000000000000e+00 -6.239326779056913383e-06
4.000000000000000000e+00 -8.237794744541370652e-06
5.000000000000000000e+00 1.638138639637889708e-05
6.000000000000000000e+00 -4.884076998020025718e-06
7.000000000000000000e+00 8.013115209517008577e-06
8.000000000000000000e+00 -8.699845881255176305e-06
9.000000000000000000e+00 -7.845849525009944477e-06
1.000000000000000000e+01 -7.753499207772071114e-06
1.100000000000000000e+01 -7.014763236652291809e-06
1.200000000000000000e+01 -5.857416502094162919e-06
1.300000000000000000e+01 -6.472016516994028125e-06
1.400000000000000000e+01 -5.906509504710403855e-06
1.500000000000000000e+01 -8.853354430565823818e-06
1.600000000000000000e+01 -7.196479460347525836e-06
1.700000000000000000e+01 -8.964482127900417582e-06
1.800000000000000000e+01 -6.523034409091380288e-06
1.900000000000000000e+01 -4.813177826671079388e-06
2.000000000000000000e+01 3.541889838741412881e-05
2.100000000000000000e+01 -5.710564631104360528e-06
2.200000000000000000e+01 2.646315869704175507e-05
2.300000000000000000e+01 2.865037677631380769e-05
2.400000000000000000e+01 -6.039692996214735096e-06
2.500000000000000000e+01 -8.831354108715427556e-06
2.600000000000000000e+01 -5.454992561439337234e-06
2.700000000000000000e+01 1.091066743240656228e-05
2.800000000000000000e+01 1.923524307332402986e-05
2.900000000000000000e+01 -2.842928630035076707e-06
3.000000000000000000e+01 -9.148367319281861307e-06
1.000000000000000000e+00 -4.406110852887464291e-07
2.000000000000000000e+00 -1.519220409775132260e-07
3.000000000000000000e+00 -2.953679115598155856e-07
4.000000000000000000e+00 -1.286120176674899105e-06
5.000000000000000000e+00 -1.616125004430851503e-06
6.000000000000000000e+00 7.597100550623788471e-07
7.000000000000000000e+00 3.059493119463133792e-05
8.000000000000000000e+00 -9.949848030807551010e-07
9.000000000000000000e+00 -1.581277293421221341e-06
1.000000000000000000e+01 1.447378208997399340e-06
1.100000000000000000e+01 -1.525999127198527360e-06
1.200000000000000000e+01 -5.586950114686246321e-07
1.300000000000000000e+01 4.832826122181444006e-06
1.400000000000000000e+01 -1.450418092097252406e-06
1.500000000000000000e+01 -1.127314020867244237e-06
1.600000000000000000e+01 -1.645553069840925711e-06
1.700000000000000000e+01 -1.381027767834364536e-06
1.800000000000000000e+01 -1.478365046580938551e-06
1.900000000000000000e+01 -1.597469663436679914e-06
2.000000000000000000e+01 5.677453203690085228e-05
2.100000000000000000e+01 7.636480350123527625e-06
2.200000000000000000e+01 2.891986685090133083e-05
2.300000000000000000e+01 1.051881096858608069e-05
2.400000000000000000e+01 -3.135073599841215849e-07
2.500000000000000000e+01 -5.744935280167663728e-07
2.600000000000000000e+01 1.054062823178265416e-06
2.700000000000000000e+01 8.750525392204550946e-06
2.800000000000000000e+01 -7.387415183517132363e-07
2.900000000000000000e+01 8.588557314194495259e-07
3.000000000000000000e+01 -1.706833341016249521e-06
1.000000000000000000e+00 -5.140120582399441937e-07
2.000000000000000000e+00 -1.554807843304461858e-06
3.000000000000000000e+00 4.981239860116211073e-05
4.000000000000000000e+00 -1.507494042341169789e-06
5.000000000000000000e+00 -1.702453363464962773e-06
6.000000000000000000e+00 3.684657720797545473e-06
7.000000000000000000e+00 9.528579267394069363e-06
8.000000000000000000e+00 -1.403131340329923497e-06
9.000000000000000000e+00 -1.567393052764917777e-06
1.000000000000000000e+01 2.310623947638257641e-06
1.100000000000000000e+01 -1.447120116732678842e-06
1.200000000000000000e+01 -8.026058206850162862e-07
1.300000000000000000e+01 1.583896325380072629e-07
1.400000000000000000e+01 3.024499852865855611e-06
1.500000000000000000e+01 -1.639330724323831477e-06
1.600000000000000000e+01 -1.665832770868488157e-06
1.700000000000000000e+01 1.128860530738538908e-06
1.800000000000000000e+01 -1.075456349986267655e-06
1.900000000000000000e+01 -8.226194606688569630e-07
2.000000000000000000e+01 5.439854457450921872e-06
2.100000000000000000e+01 2.131466457662492446e-06
2.200000000000000000e+01 1.514318320915022520e-05
2.300000000000000000e+01 8.540955744134339872e-06
2.400000000000000000e+01 8.784325998783784765e-07
2.500000000000000000e+01 -1.126809995595417044e-06
2.600000000000000000e+01 9.684220289443991564e-07
2.700000000000000000e+01 6.083284585658785276e-05
2.800000000000000000e+01 1.528578590047855364e-06
2.900000000000000000e+01 -1.574887363107803953e-06
3.000000000000000000e+01 -1.827802308676422515e-06
1.000000000000000000e+00 -2.519384472680270339e-06
2.000000000000000000e+00 -3.012446095703228539e-06
3.000000000000000000e+00 -2.531123875250573201e-06
4.000000000000000000e+00 -2.993262307877446044e-06
5.000000000000000000e+00 -2.705212655036504378e-06
6.000000000000000000e+00 -1.510481664677012641e-06
7.000000000000000000e+00 -1.775653760187808780e-06
8.000000000000000000e+00 -1.110821705323216001e-06
9.000000000000000000e+00 -2.995127637605160265e-06
1.000000000000000000e+01 -1.848544387801075203e-06
1.100000000000000000e+01 -2.976720462250142935e-06
1.200000000000000000e+01 -2.262253630841782253e-06
1.300000000000000000e+01 4.663398339625241511e-07
1.400000000000000000e+01 -2.075087792755274734e-06
1.500000000000000000e+01 -2.944964019225649784e-06
1.600000000000000000e+01 -2.951104804976630323e-06
1.700000000000000000e+01 -2.788260264320995324e-06
1.800000000000000000e+01 -1.994985763627758228e-06
1.900000000000000000e+01 -2.492233691958906483e-06
2.000000000000000000e+01 2.554066161736010854e-06
2.100000000000000000e+01 -1.728786657374994675e-06
2.200000000000000000e+01 5.131066040085214415e-06
2.300000000000000000e+01 3.920234750021094744e-06
2.400000000000000000e+01 -2.110358553189768889e-06
2.500000000000000000e+01 -2.054355932215763850e-06
2.600000000000000000e+01 -5.930823022277294138e-07
2.700000000000000000e+01 7.791013677544094987e-06
2.800000000000000000e+01 -1.932864940834640046e-06
2.900000000000000000e+01 -2.750960676796520219e-06
3.000000000000000000e+01 -3.074880191120832023e-06
1.000000000000000000e+00 -6.738821731325479100e-06
2.000000000000000000e+00 -8.072770141735657458e-06
3.000000000000000000e+00 -5.892802294601394871e-06
4.000000000000000000e+00 -7.562912960214309124e-06
5.000000000000000000e+00 -9.189450118985351270e-06
6.000000000000000000e+00 1.891063015500796471e-05
7.000000000000000000e+00 -3.216617909271582055e-07
8.000000000000000000e+00 -9.486548766908586632e-06
9.000000000000000000e+00 -9.080752109237864820e-06
1.000000000000000000e+01 -6.089301891400841887e-06
1.100000000000000000e+01 -9.377651056811476548e-06
1.200000000000000000e+01 -7.893633380889751011e-06
1.300000000000000000e+01 4.731456005818824108e-06
1.400000000000000000e+01 -9.438115884892495663e-06
1.500000000000000000e+01 -9.556588117307755973e-06
1.600000000000000000e+01 -9.375887037056451968e-06
1.700000000000000000e+01 -9.353365275404255391e-06
1.800000000000000000e+01 -4.943343624003293711e-06
1.900000000000000000e+01 -9.630970950311279168e-06
2.000000000000000000e+01 1.776568703105434486e-05
2.100000000000000000e+01 -8.780846561956005941e-06
2.200000000000000000e+01 3.909511555688466956e-05
2.300000000000000000e+01 2.365774599657657879e-05
2.400000000000000000e+01 -4.914514659642095911e-06
2.500000000000000000e+01 -1.389686996883398673e-06
2.600000000000000000e+01 -1.188899389798939865e-06
2.700000000000000000e+01 1.213684422080224131e-06
2.800000000000000000e+01 -4.132499184972948032e-06
2.900000000000000000e+01 -6.731271948663252766e-06
3.000000000000000000e+01 -9.662307263506662492e-06
1.000000000000000000e+00 2.206998106942871076e-05
2.000000000000000000e+00 2.468559376947288174e-05
3.000000000000000000e+00 -3.432204363317753597e-06
4.000000000000000000e+00 -4.548318522910174375e-06
5.000000000000000000e+00 -2.499324909172616827e-06
6.000000000000000000e+00 -4.279993367028796444e-06
7.000000000000000000e+00 -1.024648771827813871e-06
8.000000000000000000e+00 -4.491309620324059823e-06
9.000000000000000000e+00 -4.442732510277684742e-06
1.000000000000000000e+01 -1.802655057606529204e-06
1.100000000000000000e+01 -4.352007531996484613e-06
1.200000000000000000e+01 -3.891454147904869770e-06
1.300000000000000000e+01 2.200293167704199027e-05
1.400000000000000000e+01 -4.348806779170544053e-06
1.500000000000000000e+01 -4.699752407477492090e-06
1.600000000000000000e+01 -4.654620128462154345e-06
1.700000000000000000e+01 -4.390022712440450902e-06
1.800000000000000000e+01 -9.155472739470213983e-07
1.900000000000000000e+01 -3.994388583672888073e-06
2.000000000000000000e+01 9.524882767208972260e-06
2.100000000000000000e+01 2.455705272717819037e-06
2.200000000000000000e+01 7.678607401640621043e-05
2.300000000000000000e+01 1.608596009290398860e-05
2.400000000000000000e+01 -3.541122802544722852e-06
2.500000000000000000e+01 -4.306087546046513629e-06
2.600000000000000000e+01 -2.442006821396074032e-06
2.700000000000000000e+01 7.375358128928711786e-06
2.800000000000000000e+01 -3.873004054492257122e-06
2.900000000000000000e+01 -1.717578329272482166e-06
3.000000000000000000e+01 -4.710808040722030589e-06
1.000000000000000000e+00 3.688570854987646427e-06
2.000000000000000000e+00 -3.310898663222500999e-06
3.000000000000000000e+00 -3.312224451654736241e-06
4.000000000000000000e+00 8.066119010646745737e-07
5.000000000000000000e+00 -1.501319492323990006e-06
6.000000000000000000e+00 1.346046923258317489e-06
7.000000000000000000e+00 5.120882782052196685e-06
8.000000000000000000e+00 -2.954122894152878913e-06
9.000000000000000000e+00 -7.927216323018421607e-07
1.000000000000000000e+01 -3.390079851848966957e-06
1.100000000000000000e+01 -1.665229101510960513e-06
1.200000000000000000e+01 -1.597308793710592632e-06
1.300000000000000000e+01 -1.666821157076029526e-06
1.400000000000000000e+01 3.153451579238685594e-06
1.500000000000000000e+01 -1.546146673582955298e-06
1.600000000000000000e+01 -3.252674916842832789e-06
1.700000000000000000e+01 -3.534513129715528413e-06
1.800000000000000000e+01 -1.110261829902009734e-06
1.900000000000000000e+01 -2.388000139124576547e-06
2.000000000000000000e+01 1.713036810488084634e-05
2.100000000000000000e+01 2.005524044504553896e-06
2.200000000000000000e+01 1.140259041308516551e-05
2.300000000000000000e+01 1.456748593180377219e-05
2.400000000000000000e+01 1.811637193946039317e-06
2.500000000000000000e+01 -5.331832918039814264e-07
2.600000000000000000e+01 -1.457074770418098588e-06
2.700000000000000000e+01 1.376707583604135203e-05
2.800000000000000000e+01 -2.118931654164037671e-06
2.900000000000000000e+01 -2.952797105720643672e-06
3.000000000000000000e+01 -3.674974589517317758e-06
1.000000000000000000e+00 -5.656919978706453689e-06
2.000000000000000000e+00 -5.777719420897831529e-06
3.000000000000000000e+00 -2.702259003055972773e-06
4.000000000000000000e+00 -8.326722419675942826e-06
5.000000000000000000e+00 -8.700719424304998486e-06
6.000000000000000000e+00 -6.757385397012951299e-06
7.000000000000000000e+00 1.301483381496006732e-06
8.000000000000000000e+00 -7.728677972503427614e-06
9.000000000000000000e+00 -4.891762541884848597e-06
1.000000000000000000e+01 4.268151194687925905e-07
1.100000000000000000e+01 -8.171896256801171649e-06
1.200000000000000000e+01 -3.486021855784342698e-06
1.300000000000000000e+01 6.833904206270654264e-06
1.400000000000000000e+01 -8.193841106332228389e-06
1.500000000000000000e+01 -8.177321449632662275e-06
1.600000000000000000e+01 -8.281110159118522260e-06
1.700000000000000000e+01 -7.903526723064321422e-06
1.800000000000000000e+01 -5.153261974851179792e-06
1.900000000000000000e+01 -8.400331267844878821e-06
2.000000000000000000e+01 6.060425921547991286e-06
2.100000000000000000e+01 -5.145501397375460056e-06
2.200000000000000000e+01 4.684551532180348510e-06
2.300000000000000000e+01 8.757231995612803672e-06
2.400000000000000000e+01 -3.047399599123736861e-06
2.500000000000000000e+01 -6.701596885452325711e-06
2.600000000000000000e+01 -8.922722565900975594e-08
2.700000000000000000e+01 1.989515842589305560e-05
2.800000000000000000e+01 -5.271900624224462055e-06
2.900000000000000000e+01 -7.930619403830166096e-06
3.000000000000000000e+01 -8.721821094582081618e-06
1.000000000000000000e+00 -5.009877123820151733e-06
2.000000000000000000e+00 -1.146302195777458041e-06
3.000000000000000000e+00 -3.649543158735930622e-06
4.000000000000000000e+00 -5.901891288145528662e-06
5.000000000000000000e+00 -3.153881343733785671e-06
6.000000000000000000e+00 -2.764809590344191456e-06
7.000000000000000000e+00 3.238144088771406686e-06
8.000000000000000000e+00 -6.049494955042181258e-06
9.000000000000000000e+00 -5.958473053872721949e-06
1.000000000000000000e+01 -1.880824898263547270e-06
1.100000000000000000e+01 -4.386831302320925874e-06
1.200000000000000000e+01 -4.152194485974963757e-06
1.300000000000000000e+01 -3.981739143105828018e-06
1.400000000000000000e+01 -6.229333294747955166e-06
1.500000000000000000e+01 -6.042896376676854469e-06
1.600000000000000000e+01 -6.058866857414951353e-06
1.700000000000000000e+01 -6.017600999057638596e-06
1.800000000000000000e+01 -4.765862565909909918e-06
1.900000000000000000e+01 -4.194314618050118197e-06
2.000000000000000000e+01 2.719142149427006509e-07
2.100000000000000000e+01 -5.133078225479392832e-06
2.200000000000000000e+01 8.158674575466179100e-06
2.300000000000000000e+01 1.928877940871943647e-06
2.400000000000000000e+01 -1.674043653054147577e-07
2.500000000000000000e+01 -1.140147395966854627e-06
2.600000000000000000e+01 -7.672402764330483756e-07
2.700000000000000000e+01 9.766267937182478891e-06
2.800000000000000000e+01 -2.919904647987974369e-06
2.900000000000000000e+01 -2.617039798449093741e-06
3.000000000000000000e+01 -6.309157962278769828e-06
1.000000000000000000e+00 -1.699694053517141917e-06
2.000000000000000000e+00 -2.532158391071039830e-06
3.000000000000000000e+00 3.148093245149979823e-06
4.000000000000000000e+00 -2.857844844746130593e-06
5.000000000000000000e+00 -3.232640650773689260e-06
6.000000000000000000e+00 -2.489372883123376105e-06
7.000000000000000000e+00 3.147793694625541830e-06
8.000000000000000000e+00 -2.853958862796549117e-06
9.000000000000000000e+00 -3.302452564663564359e-06
1.000000000000000000e+01 -3.217280657507911893e-07
1.100000000000000000e+01 -3.355007040006645165e-06
1.200000000000000000e+01 -2.902730417920191054e-06
1.300000000000000000e+01 -9.502017077176865395e-07
1.400000000000000000e+01 -3.177229350984578605e-06
1.500000000000000000e+01 -3.132524208828161701e-06
1.600000000000000000e+01 -3.091314114749765301e-06
1.700000000000000000e+01 2.097808086918794380e-06
1.800000000000000000e+01 -1.772356952661537051e-06
1.900000000000000000e+01 -3.137466792481390270e-06
2.000000000000000000e+01 5.253567022682464606e-06
2.100000000000000000e+01 1.259565869366232210e-06
2.200000000000000000e+01 2.825933867518338222e-05
2.300000000000000000e+01 8.618211648275563355e-07
2.400000000000000000e+01 2.977013692708476727e-06
2.500000000000000000e+01 2.835280982523150702e-05
2.600000000000000000e+01 3.037611654355913575e-07
2.700000000000000000e+01 6.214955161534503283e-06
2.800000000000000000e+01 -3.595739096409813584e-07
2.900000000000000000e+01 -9.222077477423487579e-07
3.000000000000000000e+01 -3.411056271468170487e-06
1.000000000000000000e+00 -8.734834900699335989e-07
2.000000000000000000e+00 -2.223757404061988262e-06
3.000000000000000000e+00 -2.118839978857338280e-06
4.000000000000000000e+00 1.115688482531376781e-07
5.000000000000000000e+00 -2.309684026720245204e-06
6.000000000000000000e+00 1.605260896667824529e-07
7.000000000000000000e+00 4.827215243059951773e-06
8.000000000000000000e+00 -1.812091775005055201e-06
9.000000000000000000e+00 -2.200059629239775862e-06
1.000000000000000000e+01 1.226961867694133038e-06
1.100000000000000000e+01 -7.576129094317368060e-07
1.200000000000000000e+01 2.338058701982003107e-06
1.300000000000000000e+01 4.022042702702372309e-06
1.400000000000000000e+01 -2.492734505675403311e-06
1.500000000000000000e+01 -2.670237460736947686e-06
1.600000000000000000e+01 -2.595100204190395897e-06
1.700000000000000000e+01 -2.291774934400989783e-06
1.800000000000000000e+01 -2.341536232485494382e-06
1.900000000000000000e+01 -2.669203047961037164e-06
2.000000000000000000e+01 4.804712750739736542e-06
2.100000000000000000e+01 1.401569459645684659e-06
2.200000000000000000e+01 1.401035815933630182e-05
2.300000000000000000e+01 7.061143642852788279e-06
2.400000000000000000e+01 -2.012138972606107230e-06
2.500000000000000000e+01 -2.107576178435485614e-06
2.600000000000000000e+01 -6.278619866562736264e-08
2.700000000000000000e+01 1.133730241281728656e-05
2.800000000000000000e+01 7.567875105159094604e-06
2.900000000000000000e+01 -2.179623626794778005e-06
3.000000000000000000e+01 -2.755753588232085475e-06
1.000000000000000000e+00 5.444655440710044718e-06
2.000000000000000000e+00 -2.072046449857544267e-06
3.000000000000000000e+00 -6.327283688603028676e-07
4.000000000000000000e+00 -2.828658229904974772e-06
5.000000000000000000e+00 -2.720659171381178665e-06
6.000000000000000000e+00 -2.160555163001308026e-06
7.000000000000000000e+00 1.000387544220890597e-05
8.000000000000000000e+00 -2.791153394798940302e-06
9.000000000000000000e+00 -2.113875206276373987e-06
1.000000000000000000e+01 -2.053167759788133695e-07
1.100000000000000000e+01 -2.690332454397790057e-06
1.200000000000000000e+01 -2.236258237205132003e-06
1.300000000000000000e+01 -2.847283207103296941e-07
1.400000000000000000e+01 -5.200778103800276637e-07
1.500000000000000000e+01 -2.927665225463694529e-06
1.600000000000000000e+01 -2.884846142164851017e-06
1.700000000000000000e+01 -2.790812386014784815e-06
1.800000000000000000e+01 -1.914640824133445933e-06
1.900000000000000000e+01 -1.927274790843006560e-06
2.000000000000000000e+01 3.873861452177556881e-05
2.100000000000000000e+01 3.068928406259740410e-06
2.200000000000000000e+01 2.902927490633637146e-06
2.300000000000000000e+01 8.744354242657722257e-06
2.400000000000000000e+01 -5.412016695848464135e-07
2.500000000000000000e+01 -2.152977644179411507e-06
2.600000000000000000e+01 3.568446102179235552e-05
2.700000000000000000e+01 8.344872962564116634e-06
2.800000000000000000e+01 -2.340668236667605390e-06
2.900000000000000000e+01 -1.636546992816226485e-06
3.000000000000000000e+01 -2.975227192066140858e-06
1.000000000000000000e+00 -6.339773135322728355e-06
2.000000000000000000e+00 2.078896171849694806e-05
3.000000000000000000e+00 2.182206709942841573e-05
4.000000000000000000e+00 -7.095705525438027123e-06
5.000000000000000000e+00 -7.464807243865082581e-06
6.000000000000000000e+00 3.466491862293961018e-05
7.000000000000000000e+00 2.143239624498994553e-06
8.000000000000000000e+00 -7.461606491039142868e-06
9.000000000000000000e+00 -6.696504526536878145e-06
1.000000000000000000e+01 -2.415486673357737312e-07
1.100000000000000000e+01 -7.230550558886390621e-06
1.200000000000000000e+01 -5.337793272773150610e-06
1.300000000000000000e+01 -1.609054911351131578e-06
1.400000000000000000e+01 -7.241741953333525666e-06
1.500000000000000000e+01 -6.836061787533419899e-06
1.600000000000000000e+01 -7.472834088473636935e-06
1.700000000000000000e+01 -3.123543532286528989e-06
1.800000000000000000e+01 -5.638214712624875343e-06
1.900000000000000000e+01 -7.488699171804986695e-06
2.000000000000000000e+01 3.530680284408682873e-05
2.100000000000000000e+01 -6.406797711145536425e-06
2.200000000000000000e+01 5.738669126974973701e-05
2.300000000000000000e+01 5.720924378700753597e-05
2.400000000000000000e+01 -5.788799870706285836e-06
2.500000000000000000e+01 -2.903190838170716540e-06
2.600000000000000000e+01 -2.291522681327778463e-06
2.700000000000000000e+01 8.407043301701235612e-05
2.800000000000000000e+01 -4.344239655531377875e-06
2.900000000000000000e+01 -7.296016070576158758e-06
3.000000000000000000e+01 -7.539650497119130415e-06
1.000000000000000000e+00 -1.945469711586653087e-06
2.000000000000000000e+00 -3.457029394060878169e-06
3.000000000000000000e+00 2.855748283034639787e-06
4.000000000000000000e+00 -6.991259614947770277e-06
5.000000000000000000e+00 -7.637428926784247510e-06
6.000000000000000000e+00 -3.700724840155124656e-06
7.000000000000000000e+00 8.831063433762084192e-05
8.000000000000000000e+00 -7.568105169304569353e-06
9.000000000000000000e+00 -7.748112845564118323e-06
1.000000000000000000e+01 -7.807795513942439506e-06
1.100000000000000000e+01 -6.018275133717412285e-06
1.200000000000000000e+01 -7.191731029811988559e-06
1.300000000000000000e+01 -2.885165253980845921e-06
1.400000000000000000e+01 -4.605639238322896406e-06
1.500000000000000000e+01 -7.283742965901886094e-06
1.600000000000000000e+01 -7.046526686706596397e-06
1.700000000000000000e+01 -6.959584920604410279e-06
1.800000000000000000e+01 -4.316645096255291068e-06
1.900000000000000000e+01 -7.023361446150051540e-06
2.000000000000000000e+01 2.751517459163635833e-05
2.100000000000000000e+01 -1.145714189192449918e-06
2.200000000000000000e+01 6.548963280597462243e-05
2.300000000000000000e+01 3.066166439479782804e-05
2.400000000000000000e+01 -1.412308608710407702e-06
2.500000000000000000e+01 2.292311497708798764e-05
2.600000000000000000e+01 -3.838029924986446159e-06
2.700000000000000000e+01 1.062900673095575626e-05
2.800000000000000000e+01 -5.581824472379194958e-06
2.900000000000000000e+01 -4.505206604157128320e-06
3.000000000000000000e+01 -7.856794213615801392e-06
1.000000000000000000e+00 9.322935943217132842e-07
2.000000000000000000e+00 -1.798804299721023950e-06
3.000000000000000000e+00 2.107978859386437233e-05
4.000000000000000000e+00 -1.473291270033765520e-06
5.000000000000000000e+00 -1.491968799955673257e-06
6.000000000000000000e+00 -8.464499740533550000e-07
7.000000000000000000e+00 2.326004858948913107e-06
8.000000000000000000e+00 -2.020203960874492183e-06
9.000000000000000000e+00 -1.918272114288656735e-06
1.000000000000000000e+01 -1.089226142488984551e-06
1.100000000000000000e+01 -1.989168658001424252e-06
1.200000000000000000e+01 -1.213891713378811814e-06
1.300000000000000000e+01 1.931796179873379573e-06
1.400000000000000000e+01 -1.154005257216809301e-06
1.500000000000000000e+01 -1.861629329010189465e-06
1.600000000000000000e+01 -1.939484729204420181e-06
1.700000000000000000e+01 -1.951756769084946692e-06
1.800000000000000000e+01 -1.745466307921922011e-06
1.900000000000000000e+01 -1.801048009058554727e-06
2.000000000000000000e+01 4.240597320837386216e-06
2.100000000000000000e+01 1.166167228337381557e-06
2.200000000000000000e+01 4.206387146496038943e-07
2.300000000000000000e+01 7.634728300711097813e-07
2.400000000000000000e+01 -1.509992151513496100e-06
2.500000000000000000e+01 -4.530180963636062481e-07
2.600000000000000000e+01 -3.645512364836912846e-07
2.700000000000000000e+01 3.045462856083861177e-05
2.800000000000000000e+01 -5.755342608587812022e-07
2.900000000000000000e+01 -1.360910877205361371e-06
3.000000000000000000e+01 -2.046385435805276559e-06
1.000000000000000000e+00 -1.503252556673214718e-06
2.000000000000000000e+00 -3.990151374354009307e-06
3.000000000000000000e+00 -3.626050339535702023e-06
4.000000000000000000e+00 -1.969635789567928680e-06
5.000000000000000000e+00 -3.494589117567101879e-06
6.000000000000000000e+00 5.005899524955785725e-05
7.000000000000000000e+00 1.843666327214026758e-08
8.000000000000000000e+00 -3.983838332453498483e-06
9.000000000000000000e+00 -1.790931712812877323e-06
1.000000000000000000e+01 -2.363974785658680406e-06
1.100000000000000000e+01 -3.733652624996426710e-06
1.200000000000000000e+01 -1.472204407578825536e-06
1.300000000000000000e+01 -5.243325372734352341e-07
1.400000000000000000e+01 -3.376785472579680375e-06
1.500000000000000000e+01 -3.944952236595887979e-06
1.600000000000000000e+01 -3.566678316145687329e-06
1.700000000000000000e+01 -4.036825491887434168e-06
1.800000000000000000e+01 -3.763363599235136799e-06
1.900000000000000000e+01 -3.549434599698941195e-06
2.000000000000000000e+01 6.405500242792122920e-06
2.100000000000000000e+01 -2.007340616983164044e-06
2.200000000000000000e+01 2.729507998978526807e-05
2.300000000000000000e+01 7.448171533234264319e-05
2.400000000000000000e+01 -3.492018121545463136e-06
2.500000000000000000e+01 -1.129171759645996103e-06
2.600000000000000000e+01 2.190379213183600264e-05
2.700000000000000000e+01 6.106370461298259264e-05
2.800000000000000000e+01 -2.452178401046072135e-06
2.900000000000000000e+01 -1.999191441312485737e-06
3.000000000000000000e+01 -4.111019719005199262e-06
1.000000000000000000e+00 -3.107476120969374241e-06
2.000000000000000000e+00 -7.251840835049230372e-07
3.000000000000000000e+00 -9.267316613643450060e-07
4.000000000000000000e+00 -4.888686747757212497e-06
5.000000000000000000e+00 -7.006819600522748431e-06
6.000000000000000000e+00 -2.818260089624407427e-06
7.000000000000000000e+00 4.566708764609813775e-05
8.000000000000000000e+00 -6.911778875796866750e-06
9.000000000000000000e+00 -4.270347898533805575e-06
1.000000000000000000e+01 -6.477153253764947139e-06
1.100000000000000000e+01 -6.594615889968213580e-06
1.200000000000000000e+01 -6.262408811134448110e-06
1.300000000000000000e+01 -3.589508387109586302e-06
1.400000000000000000e+01 5.604340686799457075e-06
1.500000000000000000e+01 -7.188718882871806100e-06
1.600000000000000000e+01 -4.499487408033135009e-06
1.700000000000000000e+01 -6.977208476458851006e-06
1.800000000000000000e+01 -3.857134591767275161e-06
1.900000000000000000e+01 -6.588369706810486340e-06
2.000000000000000000e+01 1.364339475284002980e-05
2.100000000000000000e+01 4.546344876179958334e-07
2.200000000000000000e+01 3.418330239919445174e-05
2.300000000000000000e+01 4.414976993687638068e-05
2.400000000000000000e+01 -5.690916335593996757e-06
2.500000000000000000e+01 1.019708815810764750e-06
2.600000000000000000e+01 5.024488532734409154e-06
2.700000000000000000e+01 4.042691164130444076e-05
2.800000000000000000e+01 -5.993340326173909234e-06
2.900000000000000000e+01 -2.725920866850401715e-06
3.000000000000000000e+01 -7.231249510110079270e-06
1.000000000000000000e+00 -8.597566018855372661e-06
2.000000000000000000e+00 -9.345515942217590217e-06
3.000000000000000000e+00 -8.305354482266025923e-06
4.000000000000000000e+00 -1.073833712514372037e-05
5.000000000000000000e+00 -6.187743069302289457e-06
6.000000000000000000e+00 -5.331782992952407720e-06
7.000000000000000000e+00 -2.473011468513716872e-07
8.000000000000000000e+00 -9.836379401596792829e-06
9.000000000000000000e+00 -1.045983834589531623e-05
1.000000000000000000e+01 -4.892836077243872943e-06
1.100000000000000000e+01 -1.057639123606140062e-05
1.200000000000000000e+01 -1.096037617776748088e-05
1.300000000000000000e+01 3.898478111371664434e-06
1.400000000000000000e+01 -1.022373151308683476e-05
1.500000000000000000e+01 -1.086262285662585474e-05
1.600000000000000000e+01 -1.093552457870298881e-05
1.700000000000000000e+01 -1.080672894765848202e-05
1.800000000000000000e+01 -5.636137420245365884e-06
1.900000000000000000e+01 -1.048484526745396303e-05
2.000000000000000000e+01 1.263448639760483743e-06
2.100000000000000000e+01 -8.036935023441768941e-06
2.200000000000000000e+01 2.635600836500386703e-06
2.300000000000000000e+01 5.999161036642295378e-05
2.400000000000000000e+01 -2.288510534387595581e-06
2.500000000000000000e+01 -7.137212834364257844e-06
2.600000000000000000e+01 1.680813494906448175e-05
2.700000000000000000e+01 2.944726437979811146e-05
2.800000000000000000e+01 -4.833641565275747853e-06
2.900000000000000000e+01 -9.436240920498790345e-06
3.000000000000000000e+01 -1.106812561085424575e-05
1.000000000000000000e+00 -7.784788515475802483e-06
2.000000000000000000e+00 -5.362545313622406008e-06
3.000000000000000000e+00 -9.157491347975051861e-06
4.000000000000000000e+00 -1.139217563110879479e-05
5.000000000000000000e+00 -1.157969017197297689e-05
6.000000000000000000e+00 -8.629293557881894216e-06
7.000000000000000000e+00 -4.134189922874527450e-06
8.000000000000000000e+00 -1.183210031943559915e-05
9.000000000000000000e+00 -1.169799044019828248e-05
1.000000000000000000e+01 -9.825749737372872487e-06
1.100000000000000000e+01 -7.871875969406150113e-06
1.200000000000000000e+01 -9.479685673167878614e-06
1.300000000000000000e+01 -2.782189359953109277e-06
1.400000000000000000e+01 -1.110185161317489799e-05
1.500000000000000000e+01 -1.153826899112151194e-05
1.600000000000000000e+01 -1.186970500471644502e-05
1.700000000000000000e+01 -1.004691232735105432e-05
1.800000000000000000e+01 -1.121907571840499958e-05
1.900000000000000000e+01 -1.088790597194290028e-05
2.000000000000000000e+01 -1.851397124813048415e-06
2.100000000000000000e+01 -1.076526776834517699e-05
2.200000000000000000e+01 5.582035383976518417e-05
2.300000000000000000e+01 -4.769237034683258587e-06
2.400000000000000000e+01 -1.133994990224769998e-05
2.500000000000000000e+01 -8.196078392559099071e-06
2.600000000000000000e+01 -8.258799484239395073e-06
2.700000000000000000e+01 6.397355475711034498e-05
2.800000000000000000e+01 -1.021575897295931936e-05
2.900000000000000000e+01 -1.117832020538561906e-05
3.000000000000000000e+01 -1.192957073174858984e-05
1.000000000000000000e+00 -4.843978686005041216e-06
2.000000000000000000e+00 -2.891724709763058886e-06
3.000000000000000000e+00 -1.618407544391920539e-06
4.000000000000000000e+00 -5.307341889051034377e-06
5.000000000000000000e+00 -5.411687949366477711e-06
6.000000000000000000e+00 -3.312740344224602095e-06
7.000000000000000000e+00 6.303788679705982960e-05
8.000000000000000000e+00 -5.993919865931227884e-06
9.000000000000000000e+00 -5.540292346889048430e-06
1.000000000000000000e+01 6.598738943093081453e-07
1.100000000000000000e+01 -2.785667182416176117e-06
1.200000000000000000e+01 2.510204549185058659e-05
1.300000000000000000e+01 6.810392117738443895e-07
1.400000000000000000e+01 -5.295944955062764402e-06
1.500000000000000000e+01 -5.734481375608180449e-06
1.600000000000000000e+01 -5.537415961151461669e-06
1.700000000000000000e+01 -3.888911763921626635e-06
1.800000000000000000e+01 -5.611765510763379796e-06
1.900000000000000000e+01 -4.137954741600287232e-06
2.000000000000000000e+01 6.717691770165533100e-05
2.100000000000000000e+01 -3.752444311112345127e-06
2.200000000000000000e+01 5.691309926297694988e-05
2.300000000000000000e+01 6.423325834672792647e-06
2.400000000000000000e+01 2.178398272456506218e-05
2.500000000000000000e+01 -4.154047261440932928e-06
2.600000000000000000e+01 3.117722705034312280e-05
2.700000000000000000e+01 3.491386175044345388e-05
2.800000000000000000e+01 -4.743390729345120097e-06
2.900000000000000000e+01 -8.351065717119531029e-08
3.000000000000000000e+01 -6.130681322033014195e-06
1.000000000000000000e+00 1.569463733118747628e-07
2.000000000000000000e+00 -2.483577485550183254e-06
3.000000000000000000e+00 5.334662006326174140e-07
4.000000000000000000e+00 -3.128981279379764242e-06
5.000000000000000000e+00 -3.539065947335496576e-06
6.000000000000000000e+00 -2.404982843710847806e-06
7.000000000000000000e+00 2.145139405456615255e-06
8.000000000000000000e+00 -3.410012515985844857e-06
9.000000000000000000e+00 -3.559440930229220027e-06
1.000000000000000000e+01 -2.350256773045378490e-06
1.100000000000000000e+01 -3.510020640928870914e-06
1.200000000000000000e+01 -3.274139784831807132e-06
1.300000000000000000e+01 -2.941432287285676082e-06
1.400000000000000000e+01 -3.328110264115945171e-06
1.500000000000000000e+01 -3.599902439956097010e-06
1.600000000000000000e+01 -3.532397006712480273e-06
1.700000000000000000e+01 -3.737163146931946642e-06
1.800000000000000000e+01 -5.297591899028022019e-07
1.900000000000000000e+01 -3.720687868087851976e-06
2.000000000000000000e+01 -1.752911277096552774e-06
2.100000000000000000e+01 1.299075590877058518e-06
2.200000000000000000e+01 6.732876266530491265e-06
2.300000000000000000e+01 2.832090798633842623e-06
2.400000000000000000e+01 -1.576670171320214646e-06
2.500000000000000000e+01 -2.778357390524990770e-06
2.600000000000000000e+01 -8.539257020279666428e-07
2.700000000000000000e+01 9.717454923799118612e-06
2.800000000000000000e+01 -1.584946641365800025e-06
2.900000000000000000e+01 -1.129007386405003315e-06
3.000000000000000000e+01 -3.809132934044162516e-06
1.000000000000000000e+00 -3.331853323266285457e-07
2.000000000000000000e+00 1.481466928155348612e-06
3.000000000000000000e+00 -7.730202001487410572e-07
4.000000000000000000e+00 -1.652104058795449839e-06
5.000000000000000000e+00 -2.175678857925969265e-06
6.000000000000000000e+00 1.221373864464083977e-06
7.000000000000000000e+00 6.816375245318667729e-06
8.000000000000000000e+00 -1.814576539907372906e-06
9.000000000000000000e+00 -2.130335784097138542e-06
1.000000000000000000e+01 -1.670704700304451435e-06
1.100000000000000000e+01 -1.633047857304150192e-06
1.200000000000000000e+01 -1.172825847330700162e-06
1.300000000000000000e+01 1.808625047005856435e-06
1.400000000000000000e+01 4.260894110087160286e-07
1.500000000000000000e+01 -1.770506409827616080e-06
1.600000000000000000e+01 -1.903442903531094686e-06
1.700000000000000000e+01 -2.191898964101098233e-06
1.800000000000000000e+01 -1.686368623488298890e-06
1.900000000000000000e+01 -1.474769461364398994e-06
2.000000000000000000e+01 7.680311468355526476e-06
2.100000000000000000e+01 9.154457012107134102e-06
2.200000000000000000e+01 2.675092267602513619e-06
2.300000000000000000e+01 7.954622568368326937e-06
2.400000000000000000e+01 4.110309089398491833e-07
2.500000000000000000e+01 -1.418946206614291996e-06
2.600000000000000000e+01 5.210419776820786646e-06
2.700000000000000000e+01 1.499650544911196259e-05
2.800000000000000000e+01 -1.287184558242527588e-06
2.900000000000000000e+01 -1.894213477431156372e-06
3.000000000000000000e+01 -2.256951352991567980e-06
1.000000000000000000e+00 -7.648678713146477725e-06
2.000000000000000000e+00 1.979138373046681934e-05
3.000000000000000000e+00 -3.006280596432888300e-06
4.000000000000000000e+00 -9.494503497501998083e-06
5.000000000000000000e+00 -9.743249552292397806e-06
6.000000000000000000e+00 -2.234585892756807237e-06
7.000000000000000000e+00 2.040845489121351190e-05
8.000000000000000000e+00 -7.993846753414336434e-06
9.000000000000000000e+00 -9.434363036509330226e-06
1.000000000000000000e+01 -6.845824915737327378e-06
1.100000000000000000e+01 -7.519164569586726649e-06
1.200000000000000000e+01 -8.918692355921109530e-06
1.300000000000000000e+01 -6.189653944723777809e-06
1.400000000000000000e+01 -9.499714975924239660e-06
1.500000000000000000e+01 -9.825420698931310498e-06
1.600000000000000000e+01 -9.541491179619482964e-06
1.700000000000000000e+01 -7.997014222848672772e-06
1.800000000000000000e+01 -8.504574850349330678e-06
1.900000000000000000e+01 -9.636559640505035253e-06
2.000000000000000000e+01 1.221481202543302889e-06
2.100000000000000000e+01 -5.113011259937796211e-06
2.200000000000000000e+01 3.860712556364730230e-06
2.300000000000000000e+01 2.530018152207057661e-05
2.400000000000000000e+01 -8.085930803519376025e-06
2.500000000000000000e+01 -4.783769030592986950e-06
2.600000000000000000e+01 -8.785345367054511135e-06
2.700000000000000000e+01 3.307236935422842015e-05
2.800000000000000000e+01 -8.452641664982861157e-06
2.900000000000000000e+01 -6.814696769719257797e-06
3.000000000000000000e+01 -9.842600476231028273e-06
1.000000000000000000e+00 -3.474120415649650507e-07
2.000000000000000000e+00 1.818361548496480833e-05
3.000000000000000000e+00 -1.800858922298202450e-06
4.000000000000000000e+00 -4.134241015800235618e-06
5.000000000000000000e+00 -5.276166445581737700e-06
6.000000000000000000e+00 -4.394883255452970330e-06
7.000000000000000000e+00 9.709003861927399488e-06
8.000000000000000000e+00 -6.726124117428464832e-06
9.000000000000000000e+00 -6.234855710118078797e-06
1.000000000000000000e+01 -1.631662801078093245e-07
1.100000000000000000e+01 -6.522895728293028942e-06
1.200000000000000000e+01 1.979819835891799800e-05
1.300000000000000000e+01 2.947571613238779644e-06
1.400000000000000000e+01 -5.170092276539052819e-06
1.500000000000000000e+01 -6.133285893405832724e-06
1.600000000000000000e+01 -5.894527483732880769e-06
1.700000000000000000e+01 -5.084087992633719361e-06
1.800000000000000000e+01 -6.636336621344117363e-06
1.900000000000000000e+01 -4.749667568258272746e-06
2.000000000000000000e+01 2.862123161973236852e-05
2.100000000000000000e+01 -2.754533489166172499e-06
2.200000000000000000e+01 4.220157098717817763e-05
2.300000000000000000e+01 4.048550150499175964e-05
2.400000000000000000e+01 -5.161682672927050343e-06
2.500000000000000000e+01 -2.884183393928520967e-06
2.600000000000000000e+01 3.293300624634957265e-05
2.700000000000000000e+01 5.734614100431191459e-05
2.800000000000000000e+01 -3.488698541172304130e-06
2.900000000000000000e+01 -3.762826101656686350e-06
3.000000000000000000e+01 -6.748867768358022885e-06
1.000000000000000000e+00 -1.039728483901134275e-05
2.000000000000000000e+00 -1.000506225788321557e-05
3.000000000000000000e+00 -8.426206477180988485e-06
4.000000000000000000e+00 -1.082370055778088521e-05
5.000000000000000000e+00 -1.053654809671538012e-05
6.000000000000000000e+00 8.803956330193211488e-07
7.000000000000000000e+00 5.668386399073686907e-06
8.000000000000000000e+00 -7.692044052811036089e-06
9.000000000000000000e+00 -1.038108692176395162e-05
1.000000000000000000e+01 -5.302241063307897550e-06
1.100000000000000000e+01 -1.103474791630713516e-05
1.200000000000000000e+01 -1.013705601411748241e-05
1.300000000000000000e+01 -7.718333844744323025e-07
1.400000000000000000e+01 -8.994240107630779626e-06
1.500000000000000000e+01 -1.093827308614651631e-05
1.600000000000000000e+01 -1.091749607491736297e-05
1.700000000000000000e+01 -1.080285406017276862e-05
1.800000000000000000e+01 -9.682296567801183443e-06
1.900000000000000000e+01 -7.207154962224795027e-06
2.000000000000000000e+01 6.363571052279329407e-06
2.100000000000000000e+01 -7.173455528225511138e-06
2.200000000000000000e+01 1.380983944702085475e-05
2.300000000000000000e+01 2.341212303336504311e-05
2.400000000000000000e+01 -5.668014442574530870e-06
2.500000000000000000e+01 -8.728469598034815162e-06
2.600000000000000000e+01 2.027346854933061824e-07
2.700000000000000000e+01 2.411314600220147293e-05
2.800000000000000000e+01 -2.111747988809457772e-06
2.900000000000000000e+01 -1.032804429001067472e-05
3.000000000000000000e+01 -1.139479917985401952e-05
1.000000000000000000e+00 -9.540625811437772785e-07
2.000000000000000000e+00 -1.171514072958087583e-06
3.000000000000000000e+00 -1.437531580354905531e-06
4.000000000000000000e+00 -1.352659223723691375e-06
5.000000000000000000e+00 2.578755723236114445e-06
6.000000000000000000e+00 5.948658832743105879e-07
7.000000000000000000e+00 2.868144419474017589e-05
8.000000000000000000e+00 -1.259540468883165908e-06
9.000000000000000000e+00 -1.245075915635372682e-06
1.000000000000000000e+01 6.948743001769119982e-07
1.100000000000000000e+01 1.167462257969635707e-06
1.200000000000000000e+01 -5.844478897426107663e-07
1.300000000000000000e+01 1.904948642106378992e-07
1.400000000000000000e+01 1.718410706022163266e-06
1.500000000000000000e+01 -1.404680872841529287e-06
1.600000000000000000e+01 1.949300221216894247e-07
1.700000000000000000e+01 -1.462544049145485098e-06
1.800000000000000000e+01 -1.406444892596553444e-06
1.900000000000000000e+01 -2.003464561659148542e-07
2.000000000000000000e+01 1.140367767054423674e-05
2.100000000000000000e+01 3.338141411210139810e-06
2.200000000000000000e+01 4.038654998175237644e-05
2.300000000000000000e+01 3.016028075603550843e-05
2.400000000000000000e+01 3.290177124312687600e-07
2.500000000000000000e+01 -1.154753257649178012e-06
2.600000000000000000e+01 2.418996698961979440e-05
2.700000000000000000e+01 1.799576139511434899e-05
2.800000000000000000e+01 -7.703937318077616278e-07
2.900000000000000000e+01 -6.103283543510797491e-07
3.000000000000000000e+01 -1.667053848857683723e-06
1.000000000000000000e+00 -4.411047889308758717e-07
2.000000000000000000e+00 -1.176343084336455967e-06
3.000000000000000000e+00 -2.802824770788157321e-06
4.000000000000000000e+00 -1.329322018977191374e-06
5.000000000000000000e+00 -3.442997524903939821e-06
6.000000000000000000e+00 -8.749870818836335863e-07
7.000000000000000000e+00 9.050227151702729342e-07
8.000000000000000000e+00 -3.218273612024105027e-06
9.000000000000000000e+00 -3.223676615927858659e-06
1.000000000000000000e+01 3.963538967089822595e-06
1.100000000000000000e+01 -3.513341973059482462e-06
1.200000000000000000e+01 1.470596294237105330e-06
1.300000000000000000e+01 -1.946771851293274781e-07
1.400000000000000000e+01 -3.440237922996543400e-06
1.500000000000000000e+01 -3.471549127668436199e-06
1.600000000000000000e+01 -2.684574427650258064e-06
1.700000000000000000e+01 -3.020148676267984777e-06
1.800000000000000000e+01 -3.076039957599177830e-06
1.900000000000000000e+01 -3.209875102875970624e-06
2.000000000000000000e+01 1.362279525303276564e-05
2.100000000000000000e+01 5.826397840916896675e-07
2.200000000000000000e+01 9.215056141592872362e-06
2.300000000000000000e+01 2.938646117056911313e-06
2.400000000000000000e+01 1.669733453841399744e-06
2.500000000000000000e+01 1.369009835829057781e-06
2.600000000000000000e+01 1.746207593284054849e-06
2.700000000000000000e+01 1.304832391394373520e-05
2.800000000000000000e+01 -1.944876157769710716e-06
2.900000000000000000e+01 -3.383215006350806821e-06
3.000000000000000000e+01 -3.530249935994432005e-06
1.000000000000000000e+00 -2.209492843123395929e-06
2.000000000000000000e+00 2.260380521250086346e-05
3.000000000000000000e+00 -1.116327582042093204e-06
4.000000000000000000e+00 -2.495574688425631049e-06
5.000000000000000000e+00 1.241523351520984127e-06
6.000000000000000000e+00 2.518590445679532475e-06
7.000000000000000000e+00 3.376593421570932811e-05
8.000000000000000000e+00 -2.672248478292824267e-06
9.000000000000000000e+00 -2.933051587671646049e-06
1.000000000000000000e+01 1.023797125746151160e-07
1.100000000000000000e+01 -2.985768392538691538e-07
1.200000000000000000e+01 -3.415929952661586519e-07
1.300000000000000000e+01 5.974882057893183314e-06
1.400000000000000000e+01 -2.910665879181621159e-06
1.500000000000000000e+01 -2.206580546358025711e-06
1.600000000000000000e+01 -2.028153831199676410e-06
1.700000000000000000e+01 -2.763428329592615845e-06
1.800000000000000000e+01 -7.363311000965856811e-07
1.900000000000000000e+01 -2.905087991492157582e-06
2.000000000000000000e+01 3.304148528641544734e-05
2.100000000000000000e+01 -1.076551301438857560e-06
2.200000000000000000e+01 1.222735840426994804e-05
2.300000000000000000e+01 3.065872990910471871e-05
2.400000000000000000e+01 -2.275158347122364959e-06
2.500000000000000000e+01 2.915678649916793734e-05
2.600000000000000000e+01 2.523835207493378273e-06
2.700000000000000000e+01 3.422524239221153903e-05
2.800000000000000000e+01 -2.136446893015976473e-06
2.900000000000000000e+01 -2.519294652175580020e-06
3.000000000000000000e+01 -2.948095680676758349e-06
1.000000000000000000e+00 1.640647857013358423e-06
2.000000000000000000e+00 1.761780133120778477e-06
3.000000000000000000e+00 4.412352948611135212e-07
4.000000000000000000e+00 -3.708625266267497256e-07
5.000000000000000000e+00 -7.547312684217915734e-07
6.000000000000000000e+00 2.181659168954994670e-07
7.000000000000000000e+00 4.534790284020931126e-06
8.000000000000000000e+00 -4.519896258237613811e-07
9.000000000000000000e+00 -5.384099521241476070e-07
1.000000000000000000e+01 2.498946237603224600e-07
1.100000000000000000e+01 -6.689806973875465175e-07
1.200000000000000000e+01 -3.561293705695188986e-07
1.300000000000000000e+01 2.420139341152518668e-06
1.400000000000000000e+01 3.027109868426052070e-07
1.500000000000000000e+01 -8.076614957385098063e-07
1.600000000000000000e+01 -7.792763099320346410e-07
1.700000000000000000e+01 -6.924843190920678372e-07
1.800000000000000000e+01 -6.845269608624772559e-07
1.900000000000000000e+01 -4.828561760622045338e-07
2.000000000000000000e+01 5.424885106097131288e-06
2.100000000000000000e+01 2.192698160503731271e-07
2.200000000000000000e+01 5.321153036768912238e-06
2.300000000000000000e+01 3.400525289580761821e-06
2.400000000000000000e+01 -3.844745579141538640e-07
2.500000000000000000e+01 -3.784993132424679231e-08
2.600000000000000000e+01 2.547541449143279510e-06
2.700000000000000000e+01 6.665611991896217773e-06
2.800000000000000000e+01 1.979223450066975509e-06
2.900000000000000000e+01 -4.730241453984845036e-08
3.000000000000000000e+01 -8.282028955902544702e-07
1.000000000000000000e+00 -5.325780596040202751e-07
2.000000000000000000e+00 -2.794151235719924744e-06
3.000000000000000000e+00 -3.338181117712404234e-07
4.000000000000000000e+00 -3.163749577384864710e-06
5.000000000000000000e+00 -2.867263752610552643e-06
6.000000000000000000e+00 -2.274175903150889298e-06
7.000000000000000000e+00 2.826989534951343254e-05
8.000000000000000000e+00 -3.174713535322704243e-06
9.000000000000000000e+00 -2.574186847839494878e-06
1.000000000000000000e+01 1.987249126837227181e-06
1.100000000000000000e+01 -3.180696370943352512e-06
1.200000000000000000e+01 -2.288512870064199252e-06
1.300000000000000000e+01 -6.863852835603800928e-08
1.400000000000000000e+01 2.621125480748300545e-07
1.500000000000000000e+01 -3.034293533780631969e-06
1.600000000000000000e+01 -3.007278806221439800e-06
1.700000000000000000e+01 -2.979084853936901443e-06
1.800000000000000000e+01 -3.247005061887094257e-06
1.900000000000000000e+01 -2.049404692819826985e-06
2.000000000000000000e+01 2.915300737442298039e-06
2.100000000000000000e+01 -2.642818077206146100e-09
2.200000000000000000e+01 4.554108665211008330e-06
2.300000000000000000e+01 3.012451220452482835e-05
2.400000000000000000e+01 -4.201523099968614009e-07
2.500000000000000000e+01 -2.071216408784466839e-06
2.600000000000000000e+01 -1.095170147486094774e-06
2.700000000000000000e+01 1.345998954300066890e-05
2.800000000000000000e+01 -2.731262267283730234e-06
2.900000000000000000e+01 -3.037419544955250390e-06
3.000000000000000000e+01 -3.262201557790605212e-06
1.000000000000000000e+00 -7.494385084537376632e-06
2.000000000000000000e+00 -7.926919400130162216e-06
3.000000000000000000e+00 -4.303828070891906800e-06
4.000000000000000000e+00 -7.845397279627532264e-06
5.000000000000000000e+00 -8.041963443210186876e-06
6.000000000000000000e+00 -5.892164362928980204e-06
7.000000000000000000e+00 2.841543281849444459e-07
8.000000000000000000e+00 -8.260987721257586117e-06
9.000000000000000000e+00 -7.947843558985356167e-06
1.000000000000000000e+01 -6.099489236867915831e-06
1.100000000000000000e+01 -7.980195015624667819e-06
1.200000000000000000e+01 -6.959299092180020020e-06
1.300000000000000000e+01 -3.539436152077199647e-06
1.400000000000000000e+01 -7.236205815863355149e-06
1.500000000000000000e+01 -8.195965696162965791e-06
1.600000000000000000e+01 -7.709196093951083256e-06
1.700000000000000000e+01 -8.237575482900188836e-06
1.800000000000000000e+01 -5.204670800820094197e-06
1.900000000000000000e+01 -7.381853937523471109e-06
2.000000000000000000e+01 -3.955403805478767163e-06
2.100000000000000000e+01 -7.745849574935031269e-06
2.200000000000000000e+01 -1.003538634723042325e-06
2.300000000000000000e+01 2.118199419548744801e-06
2.400000000000000000e+01 -7.411110038743590173e-06
2.500000000000000000e+01 -7.563631180769979119e-06
2.600000000000000000e+01 -5.982825402063151550e-06
2.700000000000000000e+01 1.455371770214348838e-06
2.800000000000000000e+01 -6.955063926578168514e-07
2.900000000000000000e+01 -6.448343558735730686e-06
3.000000000000000000e+01 -8.287994273948664166e-06
