1.000000000000000000e+00 6.658237798875727732e-04
2.000000000000000000e+00 -6.546438940687139205e-04
3.000000000000000000e+00 -2.815639324426681906e-04
4.000000000000000000e+00 1.427170113444229662e-03
5.000000000000000000e+00 -6.651846817305838563e-04
6.000000000000000000e+00 -6.425618841827488706e-04
7.000000000000000000e+00 -3.001090884387415825e-04
8.000000000000000000e+00 1.407512379282472919e-03
9.000000000000000000e+00 -6.491479300616482314e-04
1.000000000000000000e+01 -6.639427732565771978e-04
1.100000000000000000e+01 -5.779581360618306915e-04
1.200000000000000000e+01 -6.509784533350215134e-04
1.300000000000000000e+01 -6.192052425298981335e-04
1.400000000000000000e+01 -5.461123424344278918e-04
1.500000000000000000e+01 -6.631260654990540904e-04
1.600000000000000000e+01 -6.651657351599132026e-04
1.700000000000000000e+01 -6.616758439638750463e-04
1.800000000000000000e+01 -6.647932172711533286e-04
1.900000000000000000e+01 -6.601363169870666644e-04
2.000000000000000000e+01 -6.626887314014072482e-04
2.100000000000000000e+01 1.868678021978963056e-03
2.200000000000000000e+01 -5.980949458669015907e-04
2.300000000000000000e+01 2.613187436148006054e-03
2.400000000000000000e+01 3.429560948343180361e-03
2.500000000000000000e+01 -6.331703405458279305e-04
2.600000000000000000e+01 -6.652411109474328909e-04
2.700000000000000000e+01 -6.149458279613524616e-04
2.800000000000000000e+01 1.094949855223876318e-03
2.900000000000000000e+01 -6.007189432369783007e-04
3.000000000000000000e+01 -6.606142380939590596e-04
1.000000000000000000e+00 -3.693410153364699681e-04
2.000000000000000000e+00 -6.065882821618049075e-04
3.000000000000000000e+00 -6.245566578495420957e-07
4.000000000000000000e+00 5.361977591160620865e-05
5.000000000000000000e+00 -6.528742864937861707e-04
6.000000000000000000e+00 -6.655673193017615100e-04
7.000000000000000000e+00 -1.636579463529083591e-04
8.000000000000000000e+00 1.301319728455565183e-03
9.000000000000000000e+00 -6.623648237204553734e-04
1.000000000000000000e+01 -6.667583802629373918e-04
1.100000000000000000e+01 -6.588495514728826387e-04
1.200000000000000000e+01 -6.644766049926564486e-04
1.300000000000000000e+01 -6.255308509669424291e-04
1.400000000000000000e+01 -5.902805978738249852e-04
1.500000000000000000e+01 -6.497225212730554662e-04
1.600000000000000000e+01 -6.636773404002883556e-04
1.700000000000000000e+01 -6.664051787603106044e-04
1.800000000000000000e+01 -6.633101247407189108e-04
1.900000000000000000e+01 -6.665284484238102360e-04
2.000000000000000000e+01 -6.508736355604587001e-04
2.100000000000000000e+01 2.279823618289504063e-03
2.200000000000000000e+01 -6.306845775224680616e-04
2.300000000000000000e+01 3.596541825608839515e-03
2.400000000000000000e+01 1.229494141769551640e-03
2.500000000000000000e+01 -6.437250977879472756e-04
2.600000000000000000e+01 -6.062655889819688112e-04
2.700000000000000000e+01 -5.339574890055601630e-04
2.800000000000000000e+01 3.952864735172985367e-03
2.900000000000000000e+01 -6.138209956128376716e-04
3.000000000000000000e+01 -6.530923825739512250e-04
1.000000000000000000e+00 -2.795930133818332031e-04
2.000000000000000000e+00 -5.756303397968278715e-04
3.000000000000000000e+00 -2.220993384611575543e-04
4.000000000000000000e+00 3.752993417371942603e-04
5.000000000000000000e+00 -6.498742312820987707e-04
6.000000000000000000e+00 -6.482771055470419727e-04
7.000000000000000000e+00 -3.091247189808622904e-04
8.000000000000000000e+00 1.270414028168722221e-03
9.000000000000000000e+00 -6.430473842253665818e-04
1.000000000000000000e+01 -6.590485818357596625e-04
1.100000000000000000e+01 -6.559574839170754460e-04
1.200000000000000000e+01 -6.448315857347055365e-04
1.300000000000000000e+01 -6.481086915855245210e-04
1.400000000000000000e+01 7.149740687114859933e-05
1.500000000000000000e+01 -6.554141149829019941e-04
1.600000000000000000e+01 -6.580695353394717039e-04
1.700000000000000000e+01 -6.403972034142662402e-04
1.800000000000000000e+01 -6.588563092296939160e-04
1.900000000000000000e+01 -6.399792093181112850e-04
2.000000000000000000e+01 -6.493269998103295623e-04
2.100000000000000000e+01 1.758510855017601446e-03
2.200000000000000000e+01 -6.202918511250058971e-04
2.300000000000000000e+01 3.142106423834845237e-03
2.400000000000000000e+01 2.422098102471844077e-03
2.500000000000000000e+01 -5.869362834294653691e-04
2.600000000000000000e+01 -6.368795940870616889e-04
2.700000000000000000e+01 -5.795564902747025147e-04
2.800000000000000000e+01 2.933128574198753339e-03
2.900000000000000000e+01 -6.186743383880528684e-04
3.000000000000000000e+01 -6.107230977959898126e-04
1.000000000000000000e+00 -2.683888547537044943e-04
2.000000000000000000e+00 -5.781722248069396178e-04
3.000000000000000000e+00 -6.451492281282707490e-04
4.000000000000000000e+00 1.006353404737251938e-03
5.000000000000000000e+00 -6.440393536800654911e-04
6.000000000000000000e+00 -6.334029136583180881e-04
7.000000000000000000e+00 -5.485822385891958586e-04
8.000000000000000000e+00 1.387943354348548106e-03
9.000000000000000000e+00 -6.425492802759491138e-04
1.000000000000000000e+01 -6.454544987733715124e-04
1.100000000000000000e+01 -6.312954026980906186e-04
1.200000000000000000e+01 -6.306572067396976978e-04
1.300000000000000000e+01 -6.084770749322366938e-04
1.400000000000000000e+01 -6.132232904052316346e-04
1.500000000000000000e+01 -6.457659222232257044e-04
1.600000000000000000e+01 -6.334510072346476043e-04
1.700000000000000000e+01 -6.375886107975385457e-04
1.800000000000000000e+01 -6.456336725157636215e-04
1.900000000000000000e+01 -6.440920033828900770e-04
2.000000000000000000e+01 -6.224042412403553957e-04
2.100000000000000000e+01 2.577460903576648133e-03
2.200000000000000000e+01 -5.621784732767895953e-04
2.300000000000000000e+01 4.580557320791194681e-03
2.400000000000000000e+01 1.488759754934706634e-03
2.500000000000000000e+01 -5.756985073210853449e-04
2.600000000000000000e+01 -6.034221835401567570e-04
2.700000000000000000e+01 -5.703400603031109385e-04
2.800000000000000000e+01 1.957217605100001166e-03
2.900000000000000000e+01 -6.188869457279859649e-04
3.000000000000000000e+01 -6.195021694762860515e-04
1.000000000000000000e+00 -6.288276039811446002e-04
2.000000000000000000e+00 -5.427665566822638442e-04
3.000000000000000000e+00 -6.580914112969974078e-04
4.000000000000000000e+00 -6.174402944089989404e-04
5.000000000000000000e+00 -6.629692749329819945e-04
6.000000000000000000e+00 -3.485151529263862146e-04
7.000000000000000000e+00 -6.107089933373680436e-04
8.000000000000000000e+00 2.215259651768850934e-03
9.000000000000000000e+00 -6.465735292185622067e-04
1.000000000000000000e+01 -6.669735507763382325e-04
1.100000000000000000e+01 -6.238668909833787034e-04
1.200000000000000000e+01 -6.546657445654836165e-04
1.300000000000000000e+01 -6.563209202336527928e-04
1.400000000000000000e+01 4.950944534770858113e-04
1.500000000000000000e+01 -6.643938824813133866e-04
1.600000000000000000e+01 -6.532210188578892619e-04
1.700000000000000000e+01 -5.908367064128928819e-04
1.800000000000000000e+01 -6.640971603187384225e-04
1.900000000000000000e+01 -6.637056893875372928e-04
2.000000000000000000e+01 -6.650445234300195402e-04
2.100000000000000000e+01 2.063581695243675226e-03
2.200000000000000000e+01 -6.054482781780307077e-04
2.300000000000000000e+01 3.092122625765814266e-03
2.400000000000000000e+01 2.459154491450797012e-03
2.500000000000000000e+01 -6.093520728357341510e-04
2.600000000000000000e+01 -6.544660004543618407e-04
2.700000000000000000e+01 -5.734250360568018783e-04
2.800000000000000000e+01 3.022090763144288927e-03
2.900000000000000000e+01 -6.155632407560475460e-04
3.000000000000000000e+01 -6.532857620546379026e-04
1.000000000000000000e+00 -6.266477755666659353e-04
2.000000000000000000e+00 -6.306563285899972806e-04
3.000000000000000000e+00 -3.905516786331306427e-04
4.000000000000000000e+00 -6.355580640121867618e-04
5.000000000000000000e+00 -6.422207205320576168e-04
6.000000000000000000e+00 -6.378021931250244664e-04
7.000000000000000000e+00 9.260752287653848357e-05
8.000000000000000000e+00 3.383911145137895923e-03
9.000000000000000000e+00 -6.580348118583927370e-04
1.000000000000000000e+01 -6.579842018727503081e-04
1.100000000000000000e+01 -6.447714569087380958e-04
1.200000000000000000e+01 -6.447235391268302425e-04
1.300000000000000000e+01 -6.270151524921923486e-04
1.400000000000000000e+01 1.045553817941267949e-04
1.500000000000000000e+01 -6.577162287811890102e-04
1.600000000000000000e+01 -6.572497953312473077e-04
1.700000000000000000e+01 -6.295272736628414710e-04
1.800000000000000000e+01 -6.580932685885136288e-04
1.900000000000000000e+01 -6.574154023934060918e-04
2.000000000000000000e+01 -6.422368805432200666e-04
2.100000000000000000e+01 1.894316020109773277e-03
2.200000000000000000e+01 -5.875509386508813566e-04
2.300000000000000000e+01 2.288078250665567977e-03
2.400000000000000000e+01 6.759343318594479046e-04
2.500000000000000000e+01 -6.205951649163541630e-04
2.600000000000000000e+01 -5.957416167130522629e-04
2.700000000000000000e+01 -6.193800782332872486e-04
2.800000000000000000e+01 4.411262072972951462e-03
2.900000000000000000e+01 -6.291324996852160761e-04
3.000000000000000000e+01 -6.572873142193409735e-04
1.000000000000000000e+00 -3.262124093737278283e-04
2.000000000000000000e+00 -6.433534032894295662e-04
3.000000000000000000e+00 -4.307824821429360459e-05
4.000000000000000000e+00 -3.024124046142028237e-04
5.000000000000000000e+00 -6.579020206199892541e-04
6.000000000000000000e+00 -6.691517964160634052e-04
7.000000000000000000e+00 4.302093231981225216e-05
8.000000000000000000e+00 1.120767147016039260e-03
9.000000000000000000e+00 -6.579043574574800195e-04
1.000000000000000000e+01 -6.648235823034557125e-04
1.100000000000000000e+01 -6.549608225649196109e-04
1.200000000000000000e+01 -6.643636569452652857e-04
1.300000000000000000e+01 -6.538328186533074945e-04
1.400000000000000000e+01 -6.163232685322060211e-04
1.500000000000000000e+01 -6.803232178032101850e-04
1.600000000000000000e+01 -6.701615784603282043e-04
1.700000000000000000e+01 -6.787512812779170892e-04
1.800000000000000000e+01 -6.816020324295177409e-04
1.900000000000000000e+01 -6.803407437762108495e-04
2.000000000000000000e+01 -6.638400334359916737e-04
2.100000000000000000e+01 2.659494306640691232e-03
2.200000000000000000e+01 -5.997349364409111303e-04
2.300000000000000000e+01 4.789779384959882633e-03
2.400000000000000000e+01 3.219640156972162874e-03
2.500000000000000000e+01 -6.476871064981001413e-04
2.600000000000000000e+01 -5.827818582648730062e-04
2.700000000000000000e+01 -6.406861147269934335e-04
2.800000000000000000e+01 9.827201255850795229e-04
2.900000000000000000e+01 -6.231205704373111130e-04
3.000000000000000000e+01 -6.660448334140479194e-04
1.000000000000000000e+00 -4.082814625191055649e-04
2.000000000000000000e+00 -5.580024841156179700e-04
3.000000000000000000e+00 2.900851300753730377e-04
4.000000000000000000e+00 1.317907927127131019e-05
5.000000000000000000e+00 -6.341245767780118690e-04
6.000000000000000000e+00 -6.703674502458443520e-04
7.000000000000000000e+00 -1.272529596765097624e-04
8.000000000000000000e+00 2.446696073714231274e-03
9.000000000000000000e+00 -6.654053399928080937e-04
1.000000000000000000e+01 -6.834014544949552732e-04
1.100000000000000000e+01 -6.457716610423589344e-04
1.200000000000000000e+01 -6.720956648640425595e-04
1.300000000000000000e+01 -6.505727281522716374e-04
1.400000000000000000e+01 -3.301289679694524300e-04
1.500000000000000000e+01 -6.849877210744395985e-04
1.600000000000000000e+01 -6.856281944885261707e-04
1.700000000000000000e+01 -6.617082863107469218e-04
1.800000000000000000e+01 -6.854855104377961979e-04
1.900000000000000000e+01 -6.688583946102804722e-04
2.000000000000000000e+01 -6.710517525507648509e-04
2.100000000000000000e+01 3.833546638230689394e-03
2.200000000000000000e+01 -5.716303210489449707e-04
2.300000000000000000e+01 2.855296502993046742e-03
2.400000000000000000e+01 3.004976633998075308e-03
2.500000000000000000e+01 -6.577899483694205247e-04
2.600000000000000000e+01 -6.547744894147882128e-04
2.700000000000000000e+01 -6.242153599229822731e-04
2.800000000000000000e+01 -1.586125432236900213e-04
2.900000000000000000e+01 -6.336262650503149017e-04
3.000000000000000000e+01 -6.684680040685370356e-04
1.000000000000000000e+00 -2.962007241385184527e-04
2.000000000000000000e+00 -4.649733200118496830e-04
3.000000000000000000e+00 -6.218764879987614567e-04
4.000000000000000000e+00 -6.140039706845364488e-04
5.000000000000000000e+00 -6.501592288466483171e-04
6.000000000000000000e+00 -6.060895942222910325e-04
7.000000000000000000e+00 6.711354305891785747e-04
8.000000000000000000e+00 1.460274943975973030e-03
9.000000000000000000e+00 -6.501945009209008849e-04
1.000000000000000000e+01 -6.487128648565562358e-04
1.100000000000000000e+01 -6.361898165371203655e-04
1.200000000000000000e+01 -6.384335315887171552e-04
1.300000000000000000e+01 -6.034039956560613644e-04
1.400000000000000000e+01 -5.749447742909120701e-04
1.500000000000000000e+01 -6.500154344249928218e-04
1.600000000000000000e+01 -6.457349785453365791e-04
1.700000000000000000e+01 -6.388641567319859518e-04
1.800000000000000000e+01 -6.512788386868978516e-04
1.900000000000000000e+01 -6.317846255341568427e-04
2.000000000000000000e+01 -6.128541248641687254e-04
2.100000000000000000e+01 1.797968667427531910e-03
2.200000000000000000e+01 -5.923677822139080144e-04
2.300000000000000000e+01 2.176199832080842351e-03
2.400000000000000000e+01 3.775357496415561020e-03
2.500000000000000000e+01 -6.379002632393569088e-04
2.600000000000000000e+01 -5.771899494091744121e-04
2.700000000000000000e+01 -1.877190423482528439e-04
2.800000000000000000e+01 2.739003004843836974e-03
2.900000000000000000e+01 -6.355964240389659322e-04
3.000000000000000000e+01 -6.478416221562280320e-04
1.000000000000000000e+00 -4.057403811835139269e-04
2.000000000000000000e+00 -5.903624823080781160e-04
3.000000000000000000e+00 -3.093639211781541005e-04
4.000000000000000000e+00 2.998825217300293096e-04
5.000000000000000000e+00 -6.808003118263674215e-04
6.000000000000000000e+00 -6.639373961128769517e-04
7.000000000000000000e+00 -2.673445041176861063e-04
8.000000000000000000e+00 2.596428830448823007e-03
9.000000000000000000e+00 -6.646615964872522623e-04
1.000000000000000000e+01 -6.714551079819845204e-04
1.100000000000000000e+01 -6.457356010280947351e-04
1.200000000000000000e+01 -6.664145051367125622e-04
1.300000000000000000e+01 -6.523951586264686809e-04
1.400000000000000000e+01 -3.034121025884527895e-04
1.500000000000000000e+01 -6.835514836929815164e-04
1.600000000000000000e+01 -6.840209949321079735e-04
1.700000000000000000e+01 -6.733288135502713684e-04
1.800000000000000000e+01 -6.851580230806303450e-04
1.900000000000000000e+01 -6.553617059553586534e-04
2.000000000000000000e+01 -6.555230135605633491e-04
2.100000000000000000e+01 3.623950367464541349e-03
2.200000000000000000e+01 -5.915105375612236772e-04
2.300000000000000000e+01 2.572024915005427341e-03
2.400000000000000000e+01 1.958131427844288317e-03
2.500000000000000000e+01 -6.628215199559498935e-04
2.600000000000000000e+01 -6.067672901742981366e-04
2.700000000000000000e+01 -6.214960085154959532e-04
2.800000000000000000e+01 1.719659808279286935e-03
2.900000000000000000e+01 -6.706367631570715618e-04
3.000000000000000000e+01 -6.575081931319497848e-04
1.000000000000000000e+00 -2.911380837999671045e-04
2.000000000000000000e+00 -5.478937893241454674e-04
3.000000000000000000e+00 -6.354814798675011188e-04
4.000000000000000000e+00 -6.199545996443975391e-04
5.000000000000000000e+00 -6.603004582496979028e-04
6.000000000000000000e+00 -6.445341981156216650e-04
7.000000000000000000e+00 -5.133284002063902532e-06
8.000000000000000000e+00 1.324891550374166080e-03
9.000000000000000000e+00 -6.555279279499311293e-04
1.000000000000000000e+01 -6.741965749044352089e-04
1.100000000000000000e+01 -6.722672994119413591e-04
1.200000000000000000e+01 -6.657945894909555497e-04
1.300000000000000000e+01 -6.704255056161244819e-04
1.400000000000000000e+01 -3.313010017621998338e-05
1.500000000000000000e+01 -6.590038979712000214e-04
1.600000000000000000e+01 -6.637118701668568528e-04
1.700000000000000000e+01 -6.516419690164959545e-04
1.800000000000000000e+01 -6.731205968169628540e-04
1.900000000000000000e+01 -6.699803781595027683e-04
2.000000000000000000e+01 -6.577710676743302523e-04
2.100000000000000000e+01 1.420837079940385356e-03
2.200000000000000000e+01 -6.059115636801793488e-04
2.300000000000000000e+01 3.139989377499907783e-03
2.400000000000000000e+01 3.637415476609093951e-03
2.500000000000000000e+01 -6.348270045003820807e-04
2.600000000000000000e+01 -5.624727577618988603e-04
2.700000000000000000e+01 -5.880478212679968219e-04
2.800000000000000000e+01 3.376273738702167092e-03
2.900000000000000000e+01 -6.735355501054793520e-04
3.000000000000000000e+01 -6.605426134672225157e-04
1.000000000000000000e+00 -3.830590350325720509e-04
2.000000000000000000e+00 -5.739685740127185463e-04
3.000000000000000000e+00 3.656630329013185092e-04
4.000000000000000000e+00 5.958971226813512098e-06
5.000000000000000000e+00 -6.650379391789638158e-04
6.000000000000000000e+00 -2.145722481335626656e-04
7.000000000000000000e+00 -6.520363813498198215e-04
8.000000000000000000e+00 2.034078195856710986e-03
9.000000000000000000e+00 -6.463316126515478632e-04
1.000000000000000000e+01 -6.813978117457329502e-04
1.100000000000000000e+01 -6.022355162780188269e-04
1.200000000000000000e+01 -6.682317228325176158e-04
1.300000000000000000e+01 -6.793748793779730592e-04
1.400000000000000000e+01 4.067199584131594162e-05
1.500000000000000000e+01 -6.799173126790270276e-04
1.600000000000000000e+01 -6.801423324442766507e-04
1.700000000000000000e+01 -6.440169565602087230e-04
1.800000000000000000e+01 -6.817518553181673921e-04
1.900000000000000000e+01 -6.785860674347382517e-04
2.000000000000000000e+01 -6.788677662271817371e-04
2.100000000000000000e+01 4.569211831606110469e-03
2.200000000000000000e+01 -5.341255565424433017e-04
2.300000000000000000e+01 2.155087376827577797e-03
2.400000000000000000e+01 1.619422116668612407e-03
2.500000000000000000e+01 -6.780317446194030840e-04
2.600000000000000000e+01 -6.349317381368022603e-04
2.700000000000000000e+01 -5.475544647989377374e-04
2.800000000000000000e+01 1.115153777211438674e-03
2.900000000000000000e+01 -6.519921726849214850e-04
3.000000000000000000e+01 -6.636332400516974398e-04
1.000000000000000000e+00 -5.079373422666062370e-05
2.000000000000000000e+00 -5.936265375470772560e-04
3.000000000000000000e+00 -6.551507103406152815e-04
4.000000000000000000e+00 -6.379601225424741309e-04
5.000000000000000000e+00 -6.423882605288330208e-04
6.000000000000000000e+00 -6.445247584174548664e-04
7.000000000000000000e+00 3.204478284830966915e-05
8.000000000000000000e+00 2.442428173404113945e-03
9.000000000000000000e+00 -6.416539018520170607e-04
1.000000000000000000e+01 -6.458099440704565854e-04
1.100000000000000000e+01 -6.520065152423972551e-04
1.200000000000000000e+01 -6.356825576212311348e-04
1.300000000000000000e+01 -6.561450878538763144e-04
1.400000000000000000e+01 1.661242167635399488e-04
1.500000000000000000e+01 -6.584146998936032122e-04
1.600000000000000000e+01 -6.382717087111318150e-04
1.700000000000000000e+01 -6.378090381335187273e-04
1.800000000000000000e+01 -6.595093906434664312e-04
1.900000000000000000e+01 -6.543205459493743690e-04
2.000000000000000000e+01 -6.465840869135649560e-04
2.100000000000000000e+01 1.010103517885698127e-03
2.200000000000000000e+01 -6.226785699724229819e-04
2.300000000000000000e+01 3.703013436843307412e-03
2.400000000000000000e+01 1.604299059221954817e-03
2.500000000000000000e+01 -6.305967567226222585e-04
2.600000000000000000e+01 -5.839310067228250861e-04
2.700000000000000000e+01 -5.663372902874580072e-04
2.800000000000000000e+01 3.505616800747092358e-03
2.900000000000000000e+01 -6.280028809760372470e-04
3.000000000000000000e+01 -6.374992062769601698e-04
1.000000000000000000e+00 7.487046866019853630e-06
2.000000000000000000e+00 -5.997320565120627806e-04
3.000000000000000000e+00 -6.353754595117876505e-04
4.000000000000000000e+00 -1.939731910300547451e-05
5.000000000000000000e+00 -6.364801029202791019e-04
6.000000000000000000e+00 -6.366887491059368409e-04
7.000000000000000000e+00 -1.810144020957451670e-04
8.000000000000000000e+00 1.000920567460959710e-03
9.000000000000000000e+00 -6.357138397352253556e-04
1.000000000000000000e+01 -6.457391486111089792e-04
1.100000000000000000e+01 -6.414141848330145437e-04
1.200000000000000000e+01 -6.449005670878697272e-04
1.300000000000000000e+01 -6.136832348853159085e-04
1.400000000000000000e+01 -5.700495241201708647e-04
1.500000000000000000e+01 -6.462449716342447701e-04
1.600000000000000000e+01 -6.284502655800969922e-04
1.700000000000000000e+01 -6.332444700244763006e-04
1.800000000000000000e+01 -6.487729390012211134e-04
1.900000000000000000e+01 -6.469395121481612493e-04
2.000000000000000000e+01 -6.208804924109805664e-04
2.100000000000000000e+01 2.112518309225963706e-03
2.200000000000000000e+01 -5.604618834702041657e-04
2.300000000000000000e+01 3.244891641627685192e-03
2.400000000000000000e+01 3.855949699864346172e-03
2.500000000000000000e+01 -5.706416865856822835e-04
2.600000000000000000e+01 -6.240144493002027209e-04
2.700000000000000000e+01 -5.639278059135426980e-04
2.800000000000000000e+01 2.128657466754307458e-03
2.900000000000000000e+01 -6.322482617485746057e-04
3.000000000000000000e+01 -6.320486306512970980e-04
1.000000000000000000e+00 2.819448314179497827e-05
2.000000000000000000e+00 -5.892575524993603217e-04
3.000000000000000000e+00 -6.392328637379685128e-04
4.000000000000000000e+00 -6.491621126865173468e-04
5.000000000000000000e+00 -6.181931842532258038e-04
6.000000000000000000e+00 -6.084016029319331718e-04
7.000000000000000000e+00 -5.946660822015076330e-04
8.000000000000000000e+00 3.098116461935903742e-03
9.000000000000000000e+00 -6.645141683731675686e-04
1.000000000000000000e+01 -6.751933119108818188e-04
1.100000000000000000e+01 -6.732523487088824593e-04
1.200000000000000000e+01 -6.597681730724496308e-04
1.300000000000000000e+01 -6.566854442097536755e-04
1.400000000000000000e+01 -6.611125594890619002e-04
1.500000000000000000e+01 -6.747060408653185763e-04
1.600000000000000000e+01 -6.617814493735820315e-04
1.700000000000000000e+01 -6.596829657408655092e-04
1.800000000000000000e+01 -6.746360850667984911e-04
1.900000000000000000e+01 -6.750409854943066178e-04
2.000000000000000000e+01 -6.176675825085907543e-04
2.100000000000000000e+01 2.543245284084292516e-03
2.200000000000000000e+01 -5.708208626387396151e-04
2.300000000000000000e+01 4.844130485890336089e-03
2.400000000000000000e+01 2.323069786537823676e-03
2.500000000000000000e+01 -5.900993047499319575e-04
2.600000000000000000e+01 -6.519885214397245620e-04
2.700000000000000000e+01 -5.821017102110842946e-04
2.800000000000000000e+01 9.396267581499851123e-04
2.900000000000000000e+01 -6.698555453037499793e-04
3.000000000000000000e+01 -6.466107609281024739e-04
1.000000000000000000e+00 -3.105263322020588722e-04
2.000000000000000000e+00 -6.615522945973365812e-04
3.000000000000000000e+00 4.263456679412467036e-04
4.000000000000000000e+00 2.602764237791604582e-04
5.000000000000000000e+00 -6.799346044017924888e-04
6.000000000000000000e+00 -6.558491022374725180e-04
7.000000000000000000e+00 3.103435286610405964e-04
8.000000000000000000e+00 1.511138575662096691e-04
9.000000000000000000e+00 -6.978613887275201492e-04
1.000000000000000000e+01 -6.961958010899185062e-04
1.100000000000000000e+01 -6.957588007155059324e-04
1.200000000000000000e+01 -6.989892741132765772e-04
1.300000000000000000e+01 -6.536800707580962301e-04
1.400000000000000000e+01 1.171947693089333599e-04
1.500000000000000000e+01 -6.838787992326868280e-04
1.600000000000000000e+01 -6.983216998824840101e-04
1.700000000000000000e+01 -6.921631491212345460e-04
1.800000000000000000e+01 -6.984849678618439226e-04
1.900000000000000000e+01 -6.922676857824928498e-04
2.000000000000000000e+01 -6.798317719294304142e-04
2.100000000000000000e+01 7.883766916959410317e-05
2.200000000000000000e+01 -6.312562050701483237e-04
2.300000000000000000e+01 4.652432760338313759e-03
2.400000000000000000e+01 3.156461447497816743e-03
2.500000000000000000e+01 -6.779844797701514150e-04
2.600000000000000000e+01 -6.058126641878982090e-04
2.700000000000000000e+01 -3.090832859849710918e-04
2.800000000000000000e+01 2.634380463846052248e-03
2.900000000000000000e+01 -6.546558247168825402e-04
3.000000000000000000e+01 -6.525651150454393453e-04
1.000000000000000000e+00 -2.541615999900597865e-04
2.000000000000000000e+00 -6.138315978302581830e-04
3.000000000000000000e+00 -6.421976953474943777e-04
4.000000000000000000e+00 -6.384252156094260113e-04
5.000000000000000000e+00 -6.124645710116713871e-04
6.000000000000000000e+00 -6.312206771437324070e-04
7.000000000000000000e+00 -5.964880340170720897e-04
8.000000000000000000e+00 2.894021343170394538e-03
9.000000000000000000e+00 -6.331370302933975441e-04
1.000000000000000000e+01 -6.503158326010639910e-04
1.100000000000000000e+01 -6.341433856231863675e-04
1.200000000000000000e+01 -6.138158722201868950e-04
1.300000000000000000e+01 -6.357395272308698220e-04
1.400000000000000000e+01 3.568224066693234534e-04
1.500000000000000000e+01 -6.333174738235947208e-04
1.600000000000000000e+01 -6.363714210054779259e-04
1.700000000000000000e+01 -6.350648916379790163e-04
1.800000000000000000e+01 -6.494350110198782253e-04
1.900000000000000000e+01 -6.376969385478870739e-04
2.000000000000000000e+01 -6.478736064207068178e-04
2.100000000000000000e+01 4.556827844811829273e-03
2.200000000000000000e+01 -5.858664595070846087e-04
2.300000000000000000e+01 1.923712233053772192e-03
2.400000000000000000e+01 1.292230149507279718e-03
2.500000000000000000e+01 -5.975522404821494941e-04
2.600000000000000000e+01 -2.900174493242889829e-04
2.700000000000000000e+01 -1.373050100360899341e-04
2.800000000000000000e+01 1.274589691897521065e-03
2.900000000000000000e+01 -6.388828535269054166e-04
3.000000000000000000e+01 -6.057323331842669537e-04
1.000000000000000000e+00 -6.206295961111409553e-04
2.000000000000000000e+00 -6.403205965903188083e-04
3.000000000000000000e+00 -6.073891176818284289e-04
4.000000000000000000e+00 -6.014760536603185785e-04
5.000000000000000000e+00 -6.316194424868658720e-04
6.000000000000000000e+00 -6.354370595228736986e-04
7.000000000000000000e+00 1.123335807227075810e-03
8.000000000000000000e+00 4.067894960291975996e-03
9.000000000000000000e+00 -6.461669204776221767e-04
1.000000000000000000e+01 -6.327008004647755555e-04
1.100000000000000000e+01 -6.468214690682027972e-04
1.200000000000000000e+01 -6.460127545813273888e-04
1.300000000000000000e+01 -6.200575901204157794e-04
1.400000000000000000e+01 -5.706739885611163783e-04
1.500000000000000000e+01 -6.473439266021545823e-04
1.600000000000000000e+01 -6.301521561869958795e-04
1.700000000000000000e+01 -6.334909426342280603e-04
1.800000000000000000e+01 -6.464440814494358794e-04
1.900000000000000000e+01 -6.477691718549860502e-04
2.000000000000000000e+01 -6.085245084723916228e-04
2.100000000000000000e+01 9.108790550783842001e-05
2.200000000000000000e+01 -6.062046061524892573e-04
2.300000000000000000e+01 1.380668275876386015e-03
2.400000000000000000e+01 1.538391386555161642e-03
2.500000000000000000e+01 -6.299764707289515599e-04
2.600000000000000000e+01 -5.892177524661282046e-04
2.700000000000000000e+01 -5.426551567441835651e-04
2.800000000000000000e+01 5.216866877797483697e-03
2.900000000000000000e+01 -6.168287202248792312e-04
3.000000000000000000e+01 -6.346329679141843403e-04
1.000000000000000000e+00 -6.171543436206971840e-04
2.000000000000000000e+00 -5.351555434684738318e-04
3.000000000000000000e+00 -3.728383254541043777e-04
4.000000000000000000e+00 9.255368538125617725e-05
5.000000000000000000e+00 -6.022591813117418331e-04
6.000000000000000000e+00 -6.314397070439916292e-04
7.000000000000000000e+00 4.341872676962834298e-04
8.000000000000000000e+00 2.189811480126378600e-03
9.000000000000000000e+00 -6.308607840512756330e-04
1.000000000000000000e+01 -6.447125656434726836e-04
1.100000000000000000e+01 -6.320887089573614011e-04
1.200000000000000000e+01 -6.328209354367142839e-04
1.300000000000000000e+01 -6.281539843608248408e-04
1.400000000000000000e+01 -1.761780189530040217e-04
1.500000000000000000e+01 -6.427442114869269269e-04
1.600000000000000000e+01 -6.421033719555326600e-04
1.700000000000000000e+01 -6.413846612275408716e-04
1.800000000000000000e+01 -6.425059281052152146e-04
1.900000000000000000e+01 -6.207558039812779982e-04
2.000000000000000000e+01 -6.262176473741558943e-04
2.100000000000000000e+01 2.580560028415561109e-03
2.200000000000000000e+01 -5.530626996932568908e-04
2.300000000000000000e+01 2.298201899719768022e-03
2.400000000000000000e+01 2.163176492908825462e-03
2.500000000000000000e+01 -6.072942943345276470e-04
2.600000000000000000e+01 -6.195425152617423971e-04
2.700000000000000000e+01 -6.311788993119195638e-04
2.800000000000000000e+01 2.289462063668692635e-03
2.900000000000000000e+01 -6.308259520574231380e-04
3.000000000000000000e+01 -6.028003448249907338e-04
1.000000000000000000e+00 -6.039278675929607779e-04
2.000000000000000000e+00 -6.396518605008617332e-04
3.000000000000000000e+00 -2.794039219770611654e-04
4.000000000000000000e+00 6.773466125589082225e-05
5.000000000000000000e+00 -5.926061424156633256e-04
6.000000000000000000e+00 -6.138418754205118583e-04
7.000000000000000000e+00 -1.628561721402415827e-04
8.000000000000000000e+00 1.105847561113478461e-03
9.000000000000000000e+00 -6.386415903001866744e-04
1.000000000000000000e+01 -6.479285442997843696e-04
1.100000000000000000e+01 -6.366181667250389760e-04
1.200000000000000000e+01 -6.371249290134104511e-04
1.300000000000000000e+01 -6.540741772220289756e-04
1.400000000000000000e+01 -2.738592887362759857e-04
1.500000000000000000e+01 -6.437438316093245950e-04
1.600000000000000000e+01 -6.600895761159886709e-04
1.700000000000000000e+01 -6.578566876762035904e-04
1.800000000000000000e+01 -6.596837655902381163e-04
1.900000000000000000e+01 -6.574945976589412211e-04
2.000000000000000000e+01 -6.453624769061308162e-04
2.100000000000000000e+01 2.347427664595011856e-03
2.200000000000000000e+01 -6.285653097591385697e-04
2.300000000000000000e+01 3.391807404845031352e-03
2.400000000000000000e+01 1.660549638406641233e-03
2.500000000000000000e+01 -6.207899442876211411e-04
2.600000000000000000e+01 -6.332647406704635740e-04
2.700000000000000000e+01 -5.840890334487793207e-04
2.800000000000000000e+01 3.934082727601541721e-03
2.900000000000000000e+01 -6.397244686819156950e-04
3.000000000000000000e+01 -6.144842782939420297e-04
1.000000000000000000e+00 -6.193026127569779306e-04
2.000000000000000000e+00 -5.508273171470353486e-04
3.000000000000000000e+00 3.983732138295612783e-05
4.000000000000000000e+00 -2.373452465090189793e-04
5.000000000000000000e+00 -6.401954745918688209e-04
6.000000000000000000e+00 -6.214407087106661211e-04
7.000000000000000000e+00 -5.868840487434971677e-04
8.000000000000000000e+00 1.706129286620686409e-03
9.000000000000000000e+00 -6.481612748186813379e-04
1.000000000000000000e+01 -6.536442650521535024e-04
1.100000000000000000e+01 -6.406502591189028621e-04
1.200000000000000000e+01 -6.378068235775305938e-04
1.300000000000000000e+01 -6.246321532814210495e-04
1.400000000000000000e+01 -6.179984186728643093e-04
1.500000000000000000e+01 -6.518897393845843801e-04
1.600000000000000000e+01 -6.524498720536625043e-04
1.700000000000000000e+01 -6.523734413675367399e-04
1.800000000000000000e+01 -6.524653673215316660e-04
1.900000000000000000e+01 -6.433239978353345488e-04
2.000000000000000000e+01 -6.542075198882719381e-04
2.100000000000000000e+01 1.889877827402615265e-03
2.200000000000000000e+01 -5.074470926923481092e-04
2.300000000000000000e+01 3.802025995174756513e-03
2.400000000000000000e+01 2.677199331842346035e-03
2.500000000000000000e+01 -6.359011524814546772e-04
2.600000000000000000e+01 -6.312664139172522631e-04
2.700000000000000000e+01 -2.878778743732190873e-04
2.800000000000000000e+01 2.623364284024562974e-03
2.900000000000000000e+01 -6.190800061036580947e-04
3.000000000000000000e+01 -6.390343945702190755e-04
1.000000000000000000e+00 4.263785042942995322e-05
2.000000000000000000e+00 -5.903169271305449889e-04
3.000000000000000000e+00 3.323546395376996906e-04
4.000000000000000000e+00 -5.816527376542615603e-04
5.000000000000000000e+00 -5.575061520134230470e-04
6.000000000000000000e+00 -6.174321897068270771e-04
7.000000000000000000e+00 4.438619440330898031e-05
8.000000000000000000e+00 1.143227358531253212e-03
9.000000000000000000e+00 -6.097861475467919153e-04
1.000000000000000000e+01 -6.273396529563692904e-04
1.100000000000000000e+01 -6.024788151091674867e-04
1.200000000000000000e+01 -6.243533385507644799e-04
1.300000000000000000e+01 -5.951216442266163854e-04
1.400000000000000000e+01 -6.147712429402545694e-04
1.500000000000000000e+01 -6.246279672112002319e-04
1.600000000000000000e+01 -6.056515266776810874e-04
1.700000000000000000e+01 -6.248227018637060723e-04
1.800000000000000000e+01 -6.106435637715244879e-04
1.900000000000000000e+01 -6.068336657087528615e-04
2.000000000000000000e+01 -6.125354944269304847e-04
2.100000000000000000e+01 2.044646335446494590e-03
2.200000000000000000e+01 -5.181415021361723350e-04
2.300000000000000000e+01 2.618804357218747821e-03
2.400000000000000000e+01 2.651811744643322710e-03
2.500000000000000000e+01 -6.206837151909862065e-04
2.600000000000000000e+01 -6.167272842230609592e-04
2.700000000000000000e+01 -5.134299206076421273e-04
2.800000000000000000e+01 2.797882580211820663e-03
2.900000000000000000e+01 -5.896777624273409190e-04
3.000000000000000000e+01 -6.137978169257775861e-04
1.000000000000000000e+00 -6.353520500869010417e-04
2.000000000000000000e+00 -6.187081232277246139e-04
3.000000000000000000e+00 -6.653273758143507305e-04
4.000000000000000000e+00 2.799455642368303579e-04
5.000000000000000000e+00 -6.639743303183766104e-04
6.000000000000000000e+00 -6.650942360902421628e-04
7.000000000000000000e+00 -1.743870769125913632e-04
8.000000000000000000e+00 8.284501416362647806e-04
9.000000000000000000e+00 -6.446366497179941129e-04
1.000000000000000000e+01 -6.652483148157494353e-04
1.100000000000000000e+01 -6.410195127258778644e-04
1.200000000000000000e+01 -6.356044574607476764e-04
1.300000000000000000e+01 -6.334541534363806632e-04
1.400000000000000000e+01 -5.564120170975831673e-04
1.500000000000000000e+01 -6.622636215490543699e-04
1.600000000000000000e+01 -6.638439295033181798e-04
1.700000000000000000e+01 -6.369410297118626623e-04
1.800000000000000000e+01 -6.635225395267557854e-04
1.900000000000000000e+01 -6.582624546826534601e-04
2.000000000000000000e+01 -6.503958407678730839e-04
2.100000000000000000e+01 3.325146337449857731e-03
2.200000000000000000e+01 -6.416016352563119621e-04
2.300000000000000000e+01 4.348602248709976248e-03
2.400000000000000000e+01 2.366050328902839610e-03
2.500000000000000000e+01 -6.165442582156408294e-04
2.600000000000000000e+01 -6.014606180695319200e-04
2.700000000000000000e+01 -5.755215452039223268e-04
2.800000000000000000e+01 2.259507676861067203e-03
2.900000000000000000e+01 -6.368333652042552440e-04
3.000000000000000000e+01 -6.619995830562731051e-04
1.000000000000000000e+00 -6.672024293860993622e-04
2.000000000000000000e+00 -5.937992042587363333e-04
3.000000000000000000e+00 4.364705746153117131e-04
4.000000000000000000e+00 1.669948557357233646e-04
5.000000000000000000e+00 -6.581106687950884822e-04
6.000000000000000000e+00 -6.884988426365355870e-04
7.000000000000000000e+00 1.108832090657844077e-04
8.000000000000000000e+00 1.751168377572556332e-03
9.000000000000000000e+00 -6.866825448432263990e-04
1.000000000000000000e+01 -6.867789150545390619e-04
1.100000000000000000e+01 -6.744296969082195451e-04
1.200000000000000000e+01 -6.764981783370208101e-04
1.300000000000000000e+01 -6.835085437281957031e-04
1.400000000000000000e+01 -6.025929328668434446e-04
1.500000000000000000e+01 -6.870801889190313125e-04
1.600000000000000000e+01 -6.637150908412896202e-04
1.700000000000000000e+01 -6.850246232952498376e-04
1.800000000000000000e+01 -6.891515135683527098e-04
1.900000000000000000e+01 -6.697873163716432142e-04
2.000000000000000000e+01 -6.769208505987735084e-04
2.100000000000000000e+01 1.511501161669172788e-03
2.200000000000000000e+01 -6.316451295430852578e-04
2.300000000000000000e+01 4.108639374616624047e-03
2.400000000000000000e+01 1.877171795554984698e-03
2.500000000000000000e+01 -6.639827598829049988e-04
2.600000000000000000e+01 -5.980331133152341338e-04
2.700000000000000000e+01 1.830389948647486115e-04
2.800000000000000000e+01 2.124291989653475429e-03
2.900000000000000000e+01 -6.404570893402667222e-04
3.000000000000000000e+01 -6.688552252917688481e-04
1.000000000000000000e+00 -3.819892030766005166e-04
2.000000000000000000e+00 -5.405610470872727240e-04
3.000000000000000000e+00 -5.846925597322667669e-04
4.000000000000000000e+00 3.011457800101292041e-05
5.000000000000000000e+00 -6.423499555769974795e-04
6.000000000000000000e+00 -6.267807865595525834e-04
7.000000000000000000e+00 -2.957153453521235774e-04
8.000000000000000000e+00 1.688390302462111029e-03
9.000000000000000000e+00 -6.177269191098830109e-04
1.000000000000000000e+01 -6.455161918088437147e-04
1.100000000000000000e+01 -6.274146808244884408e-04
1.200000000000000000e+01 -6.336951559926626721e-04
1.300000000000000000e+01 -6.308008278209731659e-04
1.400000000000000000e+01 -2.286991230427495056e-04
1.500000000000000000e+01 -6.422291901365109398e-04
1.600000000000000000e+01 -6.463081718290667691e-04
1.700000000000000000e+01 -6.218988868500666513e-04
1.800000000000000000e+01 -6.431990426329810273e-04
1.900000000000000000e+01 -6.319812693462422424e-04
2.000000000000000000e+01 -6.407254157915381106e-04
2.100000000000000000e+01 2.205733264202516721e-03
2.200000000000000000e+01 -5.389482703876347309e-04
2.300000000000000000e+01 3.019866854149390496e-03
2.400000000000000000e+01 3.212462956054017334e-03
2.500000000000000000e+01 -6.288805396366741688e-04
2.600000000000000000e+01 -6.320738970250768625e-04
2.700000000000000000e+01 -6.116277403720236754e-04
2.800000000000000000e+01 2.303383649595375313e-03
2.900000000000000000e+01 -6.418322831381427637e-04
3.000000000000000000e+01 -6.209437223891551075e-04
1.000000000000000000e+00 -6.258899902090211400e-04
2.000000000000000000e+00 -6.159034477320571603e-04
3.000000000000000000e+00 -2.107802817709768695e-04
4.000000000000000000e+00 -6.305260319764971477e-04
5.000000000000000000e+00 -6.178693719060439956e-04
6.000000000000000000e+00 -2.896108363386628616e-04
7.000000000000000000e+00 -2.454687997714103277e-04
8.000000000000000000e+00 1.768461995747162493e-03
9.000000000000000000e+00 -6.139892047450172790e-04
1.000000000000000000e+01 -6.308238751862177418e-04
1.100000000000000000e+01 -2.062580821463284658e-04
1.200000000000000000e+01 -6.053655783588435257e-04
1.300000000000000000e+01 -6.086046361420578699e-04
1.400000000000000000e+01 7.115997763037337949e-04
1.500000000000000000e+01 -6.299620950950047572e-04
1.600000000000000000e+01 -6.403516035212091862e-04
1.700000000000000000e+01 -5.810104560241396423e-04
1.800000000000000000e+01 -6.417828882858271937e-04
1.900000000000000000e+01 -6.413217670368856482e-04
2.000000000000000000e+01 -6.311379897919960165e-04
2.100000000000000000e+01 2.499512789216746383e-03
2.200000000000000000e+01 -5.840014954562441820e-04
2.300000000000000000e+01 1.880634925636234280e-03
2.400000000000000000e+01 1.638288368364996606e-03
2.500000000000000000e+01 -6.073795139881143449e-04
2.600000000000000000e+01 -6.194682890007846467e-04
2.700000000000000000e+01 -5.648407311302053617e-04
2.800000000000000000e+01 3.293828412156271732e-03
2.900000000000000000e+01 -5.952771664177865197e-04
3.000000000000000000e+01 -6.419541556377899010e-04
1.000000000000000000e+00 -6.451268933883578562e-04
2.000000000000000000e+00 -5.955226829056580427e-04
3.000000000000000000e+00 2.757084039490455765e-05
4.000000000000000000e+00 -2.756963263880043221e-04
5.000000000000000000e+00 -6.626344639533282826e-04
6.000000000000000000e+00 -6.634542921344757432e-04
7.000000000000000000e+00 4.472798189773035337e-04
8.000000000000000000e+00 1.242832494119469654e-03
9.000000000000000000e+00 -6.608349741407021404e-04
1.000000000000000000e+01 -6.622528192038673947e-04
1.100000000000000000e+01 -6.360755618821823266e-04
1.200000000000000000e+01 -6.635054010936307454e-04
1.300000000000000000e+01 -6.712192717877969381e-04
1.400000000000000000e+01 -6.078013341201984584e-04
1.500000000000000000e+01 -6.574508429026407674e-04
1.600000000000000000e+01 -6.651087253981044067e-04
1.700000000000000000e+01 -6.528656355063389366e-04
1.800000000000000000e+01 -6.720104231043998351e-04
1.900000000000000000e+01 -6.713068269985049278e-04
2.000000000000000000e+01 -6.539639314946898941e-04
2.100000000000000000e+01 3.097472977700839545e-03
2.200000000000000000e+01 -5.892815822803209496e-04
2.300000000000000000e+01 2.626873220784241205e-03
2.400000000000000000e+01 2.455687897245808701e-03
2.500000000000000000e+01 -6.269941935018919941e-04
2.600000000000000000e+01 -6.148834717245749712e-04
2.700000000000000000e+01 -2.138268345103022466e-04
2.800000000000000000e+01 2.600728706051877621e-03
2.900000000000000000e+01 -6.430367371853771283e-04
3.000000000000000000e+01 -6.707538344093875657e-04
1.000000000000000000e+00 -6.684440227553194646e-04
2.000000000000000000e+00 -5.880232690301464855e-04
3.000000000000000000e+00 1.381887214522087640e-04
4.000000000000000000e+00 9.215423883887273687e-05
5.000000000000000000e+00 -6.793657573116652264e-04
6.000000000000000000e+00 -6.549271968161331876e-04
7.000000000000000000e+00 -3.172605083233099395e-05
8.000000000000000000e+00 1.349832711338505922e-03
9.000000000000000000e+00 -6.822854402163556955e-04
1.000000000000000000e+01 -6.838500797762832968e-04
1.100000000000000000e+01 -3.636236632444480622e-04
1.200000000000000000e+01 -6.804309756182628155e-04
1.300000000000000000e+01 -6.535340594409868491e-04
1.400000000000000000e+01 -6.741654953576372948e-04
1.500000000000000000e+01 -6.707822590729945866e-04
1.600000000000000000e+01 -6.657782592414085128e-04
1.700000000000000000e+01 -6.590715277185136417e-04
1.800000000000000000e+01 -6.810442831281220827e-04
1.900000000000000000e+01 -6.801502856824005044e-04
2.000000000000000000e+01 -6.799678372240899318e-04
2.100000000000000000e+01 3.067797017405189414e-03
2.200000000000000000e+01 -6.439964863102102871e-04
2.300000000000000000e+01 5.324519011225419679e-03
2.400000000000000000e+01 1.864637387609591711e-03
2.500000000000000000e+01 -6.115381358322982209e-04
2.600000000000000000e+01 -5.351539528781859871e-04
2.700000000000000000e+01 -1.088374453612073059e-04
2.800000000000000000e+01 1.945236896947946236e-04
2.900000000000000000e+01 -6.637571914567939489e-04
3.000000000000000000e+01 -6.506132837316054573e-04
1.000000000000000000e+00 -6.087217361097157185e-04
2.000000000000000000e+00 -5.749853786252322662e-04
3.000000000000000000e+00 -3.187617130687332169e-04
4.000000000000000000e+00 -6.013927838639361806e-04
5.000000000000000000e+00 -6.506357333235630001e-04
6.000000000000000000e+00 -6.598245789263445160e-04
7.000000000000000000e+00 -3.380740329486264144e-04
8.000000000000000000e+00 1.657343793831670244e-03
9.000000000000000000e+00 -6.633799920448332907e-04
1.000000000000000000e+01 -6.656161348606861542e-04
1.100000000000000000e+01 -6.479343062593173521e-04
1.200000000000000000e+01 -6.646531141325479975e-04
1.300000000000000000e+01 -6.425727337943917860e-04
1.400000000000000000e+01 5.093622155478061322e-04
1.500000000000000000e+01 -6.644687944079984577e-04
1.600000000000000000e+01 -6.645959831908593773e-04
1.700000000000000000e+01 -6.329307071227846700e-04
1.800000000000000000e+01 -6.629600860027383327e-04
1.900000000000000000e+01 -6.517181628417747022e-04
2.000000000000000000e+01 -6.618515780226660568e-04
2.100000000000000000e+01 2.834416824017849806e-03
2.200000000000000000e+01 -5.920138451361004915e-04
2.300000000000000000e+01 3.044898529852439143e-03
2.400000000000000000e+01 1.404304795624079739e-03
2.500000000000000000e+01 -6.287588945818234267e-04
2.600000000000000000e+01 -1.879317615062907646e-04
2.700000000000000000e+01 -2.359111685383143251e-04
2.800000000000000000e+01 2.848774541585390781e-03
2.900000000000000000e+01 -6.354647561050381444e-04
3.000000000000000000e+01 -6.211030347039792933e-04
1.000000000000000000e+00 -3.426302613753355640e-04
2.000000000000000000e+00 -6.189512720427444142e-04
3.000000000000000000e+00 7.312770397272963345e-04
4.000000000000000000e+00 -2.802039644490617650e-04
5.000000000000000000e+00 -6.468976570106186631e-04
6.000000000000000000e+00 -6.492787839444692224e-04
7.000000000000000000e+00 1.126540785125008449e-04
8.000000000000000000e+00 5.076111178256195367e-06
9.000000000000000000e+00 -6.512979056412521043e-04
1.000000000000000000e+01 -6.625366710404373286e-04
1.100000000000000000e+01 -6.443260426491849348e-04
1.200000000000000000e+01 -6.295131528559281663e-04
1.300000000000000000e+01 -2.668967547929677387e-04
1.400000000000000000e+01 -5.817815516235772932e-04
1.500000000000000000e+01 -6.615285466939821706e-04
1.600000000000000000e+01 -6.637836564203562599e-04
1.700000000000000000e+01 -6.549553274021221571e-04
1.800000000000000000e+01 -6.590078086909852443e-04
1.900000000000000000e+01 -6.634774835576045388e-04
2.000000000000000000e+01 -6.618781930813239000e-04
2.100000000000000000e+01 2.513241734097573354e-03
2.200000000000000000e+01 -5.807248137270450746e-04
2.300000000000000000e+01 4.466963862381824815e-03
2.400000000000000000e+01 2.077266654532503205e-03
2.500000000000000000e+01 -6.521175143765458237e-04
2.600000000000000000e+01 -6.256568988211919959e-04
2.700000000000000000e+01 -5.812298856285615361e-04
2.800000000000000000e+01 2.152745241536419950e-03
2.900000000000000000e+01 -5.691593590938386115e-04
3.000000000000000000e+01 -6.479331517428364544e-04
1.000000000000000000e+00 -2.739979949060912675e-04
2.000000000000000000e+00 -5.756014459251915412e-04
3.000000000000000000e+00 1.110176067761770442e-04
4.000000000000000000e+00 -3.661609364669528971e-04
5.000000000000000000e+00 -6.360695334144113398e-04
6.000000000000000000e+00 -6.142388736527171428e-04
7.000000000000000000e+00 -2.136626006752497897e-04
8.000000000000000000e+00 2.673027799371077273e-03
9.000000000000000000e+00 -6.182171856770061124e-04
1.000000000000000000e+01 -6.401131838182149781e-04
1.100000000000000000e+01 -6.012490688671435308e-04
1.200000000000000000e+01 -5.760079317735992662e-04
1.300000000000000000e+01 -6.369428400020036522e-04
1.400000000000000000e+01 -5.992013947971472831e-04
1.500000000000000000e+01 -6.394550093279089244e-04
1.600000000000000000e+01 -6.412019322499586419e-04
1.700000000000000000e+01 -6.299844298530459441e-04
1.800000000000000000e+01 -6.342913626707233571e-04
1.900000000000000000e+01 -6.398195843730008570e-04
2.000000000000000000e+01 -6.375549679458229150e-04
2.100000000000000000e+01 2.678482154859344357e-03
2.200000000000000000e+01 -5.685954928022968809e-04
2.300000000000000000e+01 3.388838948764909872e-03
2.400000000000000000e+01 1.361422397175815827e-03
2.500000000000000000e+01 -5.897481580825412713e-04
2.600000000000000000e+01 -5.842461024091426518e-04
2.700000000000000000e+01 -5.967326346215262199e-04
2.800000000000000000e+01 2.063886374407122078e-03
2.900000000000000000e+01 -6.404349063205139192e-04
3.000000000000000000e+01 -6.374925740678368067e-04
1.000000000000000000e+00 -5.526473813344663600e-04
2.000000000000000000e+00 -5.436567453948049078e-04
3.000000000000000000e+00 -3.243907729679129594e-04
4.000000000000000000e+00 9.967647105438921969e-04
5.000000000000000000e+00 -5.507711826816559650e-04
6.000000000000000000e+00 -5.996690068668364664e-04
7.000000000000000000e+00 -1.607787995858246460e-04
8.000000000000000000e+00 2.342790781110192563e-03
9.000000000000000000e+00 -5.977663969182494706e-04
1.000000000000000000e+01 -5.970071509815922306e-04
1.100000000000000000e+01 -5.836221971418658781e-04
1.200000000000000000e+01 -5.963028328110072740e-04
1.300000000000000000e+01 -5.472894579355634496e-04
1.400000000000000000e+01 -5.619437782549084040e-04
1.500000000000000000e+01 -5.988133703790161000e-04
1.600000000000000000e+01 -5.979518861841985004e-04
1.700000000000000000e+01 -5.985032079998881590e-04
1.800000000000000000e+01 -5.973738988246019878e-04
1.900000000000000000e+01 -5.985197581663633968e-04
2.000000000000000000e+01 -5.872650846927993324e-04
2.100000000000000000e+01 1.443933243221456105e-03
2.200000000000000000e+01 -5.413487760292928904e-04
2.300000000000000000e+01 2.148916999354637519e-03
2.400000000000000000e+01 2.015053002163375538e-03
2.500000000000000000e+01 -5.533704717341469395e-04
2.600000000000000000e+01 -5.532902624585353838e-04
2.700000000000000000e+01 -4.947362321064754931e-04
2.800000000000000000e+01 2.732988996809229340e-03
2.900000000000000000e+01 -5.503467327169761286e-04
3.000000000000000000e+01 -5.977053468571994540e-04
1.000000000000000000e+00 -6.466895941026731863e-04
2.000000000000000000e+00 -6.046605963122704238e-04
3.000000000000000000e+00 4.554308309455735743e-04
4.000000000000000000e+00 6.242659682796756918e-05
5.000000000000000000e+00 -6.788898088973050523e-04
6.000000000000000000e+00 -6.911299952754224778e-04
7.000000000000000000e+00 -2.539996622501798033e-04
8.000000000000000000e+00 1.813949456684160570e-03
9.000000000000000000e+00 -6.759341438726745128e-04
1.000000000000000000e+01 -6.919236460690733441e-04
1.100000000000000000e+01 -6.896430403401916740e-04
1.200000000000000000e+01 -6.912184126052191508e-04
1.300000000000000000e+01 -6.897756663348866835e-04
1.400000000000000000e+01 -6.553769810330815340e-04
1.500000000000000000e+01 -6.896044658138610279e-04
1.600000000000000000e+01 -6.801396810831378736e-04
1.700000000000000000e+01 -6.876978590846656277e-04
1.800000000000000000e+01 -6.900341349841598772e-04
1.900000000000000000e+01 -6.879167972346382281e-04
2.000000000000000000e+01 -6.358174907625181900e-04
2.100000000000000000e+01 2.937519165270289622e-03
2.200000000000000000e+01 -6.491962554763296492e-04
2.300000000000000000e+01 3.685393226075384891e-03
2.400000000000000000e+01 1.291079827589072890e-03
2.500000000000000000e+01 -6.409762172891322407e-04
2.600000000000000000e+01 -6.565200907968809282e-04
2.700000000000000000e+01 -5.857226643458527445e-04
2.800000000000000000e+01 3.052035870057930034e-03
2.900000000000000000e+01 -6.412477048955237411e-04
3.000000000000000000e+01 -6.752299128728770717e-04
1.000000000000000000e+00 -6.117082713402879988e-04
2.000000000000000000e+00 -6.272760480025173961e-04
3.000000000000000000e+00 2.945846213594012389e-04
4.000000000000000000e+00 3.066536139802231555e-04
5.000000000000000000e+00 -6.236633568086168275e-04
6.000000000000000000e+00 -6.355958328690289273e-04
7.000000000000000000e+00 -2.341923427873779471e-04
8.000000000000000000e+00 4.442017758377806011e-04
9.000000000000000000e+00 -6.595730779757093265e-04
1.000000000000000000e+01 -6.623037435749405981e-04
1.100000000000000000e+01 8.101405095796056905e-05
1.200000000000000000e+01 -6.574279632547396770e-04
1.300000000000000000e+01 -6.411071734111873461e-04
1.400000000000000000e+01 -3.329802255639806611e-04
1.500000000000000000e+01 -6.597080101990615997e-04
1.600000000000000000e+01 -6.498702916362412898e-04
1.700000000000000000e+01 -6.483957911612410821e-04
1.800000000000000000e+01 -6.599725933177534240e-04
1.900000000000000000e+01 -6.606109652554756524e-04
2.000000000000000000e+01 -6.600037844783798692e-04
2.100000000000000000e+01 2.731396724621052482e-03
2.200000000000000000e+01 -5.763368508524970664e-04
2.300000000000000000e+01 3.063086278925914504e-03
2.400000000000000000e+01 2.823926669593824004e-03
2.500000000000000000e+01 -5.756965696499969851e-04
2.600000000000000000e+01 -5.592565550127714729e-04
2.700000000000000000e+01 -5.255343408432809268e-04
2.800000000000000000e+01 1.770657037067356263e-03
2.900000000000000000e+01 -6.257010568103110043e-04
3.000000000000000000e+01 -6.034098585584026040e-04
1.000000000000000000e+00 2.538667490277671162e-05
2.000000000000000000e+00 -6.063058393156173492e-04
3.000000000000000000e+00 -6.396648402986634084e-04
4.000000000000000000e+00 -3.082498673544551543e-04
5.000000000000000000e+00 -5.813539025274558217e-04
6.000000000000000000e+00 -6.446939459774442749e-04
7.000000000000000000e+00 1.842275587390059595e-04
8.000000000000000000e+00 2.123767182684195391e-03
9.000000000000000000e+00 -6.424170051197937480e-04
1.000000000000000000e+01 -6.496808843726785236e-04
1.100000000000000000e+01 -6.382419449298839089e-04
1.200000000000000000e+01 -6.166745272897883280e-04
1.300000000000000000e+01 -6.487278788724228475e-04
1.400000000000000000e+01 -3.060519770613267577e-04
1.500000000000000000e+01 -6.507376840944314664e-04
1.600000000000000000e+01 -6.408225096972123723e-04
1.700000000000000000e+01 -6.421664333514095569e-04
1.800000000000000000e+01 -6.546645915053112084e-04
1.900000000000000000e+01 -6.524099525011898540e-04
2.000000000000000000e+01 -6.420430163692789982e-04
2.100000000000000000e+01 1.890210403320373217e-03
2.200000000000000000e+01 -5.482528574049214164e-04
2.300000000000000000e+01 3.246796737482338362e-03
2.400000000000000000e+01 1.490628378403921830e-03
2.500000000000000000e+01 -6.178406166467821734e-04
2.600000000000000000e+01 -6.138751215018767565e-04
2.700000000000000000e+01 -1.826712386071726755e-04
2.800000000000000000e+01 2.844334436590596586e-03
2.900000000000000000e+01 -6.039128909927768060e-04
3.000000000000000000e+01 -6.394138770541969805e-04
1.000000000000000000e+00 -2.677021115398355066e-04
2.000000000000000000e+00 -5.930687961840241810e-04
3.000000000000000000e+00 -5.821748522030523480e-04
4.000000000000000000e+00 -2.995277015541882850e-04
5.000000000000000000e+00 -6.321133343254424497e-04
6.000000000000000000e+00 -6.341745340877917234e-04
7.000000000000000000e+00 5.393158074246102676e-05
8.000000000000000000e+00 3.572628718610370430e-03
9.000000000000000000e+00 -6.356659332803402639e-04
1.000000000000000000e+01 -6.326773075280964134e-04
1.100000000000000000e+01 -3.249610206049843202e-04
1.200000000000000000e+01 -6.060250760532761433e-04
1.300000000000000000e+01 -6.040284349761753562e-04
1.400000000000000000e+01 -2.763021170199723509e-04
1.500000000000000000e+01 -6.012075011207586913e-04
1.600000000000000000e+01 -6.356027780447712737e-04
1.700000000000000000e+01 -6.222952681855372856e-04
1.800000000000000000e+01 -6.343480940314666057e-04
1.900000000000000000e+01 -6.214943662352100150e-04
2.000000000000000000e+01 -6.249127018374536421e-04
2.100000000000000000e+01 1.253502013667645012e-03
2.200000000000000000e+01 -5.169595195821367504e-04
2.300000000000000000e+01 2.145323605673073522e-03
2.400000000000000000e+01 2.942653916303876894e-03
2.500000000000000000e+01 -6.048921616395022335e-04
2.600000000000000000e+01 -4.843536592258659281e-04
2.700000000000000000e+01 -4.388150404524360031e-04
2.800000000000000000e+01 1.673436258695414633e-03
2.900000000000000000e+01 -6.319472594467239780e-04
3.000000000000000000e+01 -6.309950522547794682e-04
1.000000000000000000e+00 -6.187746811394510436e-04
2.000000000000000000e+00 -6.337609420063430778e-04
3.000000000000000000e+00 -2.090854817540284286e-04
4.000000000000000000e+00 -6.212125159461014904e-04
5.000000000000000000e+00 -6.480698219288447874e-04
6.000000000000000000e+00 -5.967908114544320059e-04
7.000000000000000000e+00 3.992679850066632274e-04
8.000000000000000000e+00 1.842400012996703220e-03
9.000000000000000000e+00 -6.139803546559691703e-04
1.000000000000000000e+01 -6.500597194209911276e-04
1.100000000000000000e+01 -6.214168517476386343e-04
1.200000000000000000e+01 -6.519813297483985533e-04
1.300000000000000000e+01 -6.330274681130205507e-04
1.400000000000000000e+01 2.424025992824926229e-04
1.500000000000000000e+01 -6.525526167914496569e-04
1.600000000000000000e+01 -6.503651065579624030e-04
1.700000000000000000e+01 -6.260234987330962368e-04
1.800000000000000000e+01 -6.502994356527112959e-04
1.900000000000000000e+01 -6.240302660337880168e-04
2.000000000000000000e+01 -6.392814403768450233e-04
2.100000000000000000e+01 4.737100663699269319e-04
2.200000000000000000e+01 -6.450315300920950136e-04
2.300000000000000000e+01 4.083280455175970595e-03
2.400000000000000000e+01 3.103904200442121879e-03
2.500000000000000000e+01 -6.074123220259675148e-04
2.600000000000000000e+01 -2.750848451457670475e-04
2.700000000000000000e+01 -5.700069470054715086e-04
2.800000000000000000e+01 1.989449744102536437e-03
2.900000000000000000e+01 -5.690351308109094838e-04
3.000000000000000000e+01 -6.454708670310392886e-04
1.000000000000000000e+00 -2.802133314616568637e-04
2.000000000000000000e+00 -6.725279611111904376e-04
3.000000000000000000e+00 1.485130024536371503e-03
4.000000000000000000e+00 2.372018349491797362e-05
5.000000000000000000e+00 -6.998750026689837169e-04
6.000000000000000000e+00 -6.867294146608270144e-04
7.000000000000000000e+00 -2.989641026754822446e-04
8.000000000000000000e+00 1.101571440963509604e-03
9.000000000000000000e+00 -6.957720414374439629e-04
1.000000000000000000e+01 -7.009624260695362756e-04
1.100000000000000000e+01 -6.522186026404364501e-04
1.200000000000000000e+01 -6.495731047408989742e-04
1.300000000000000000e+01 -6.880418740192634523e-04
1.400000000000000000e+01 -2.456612218624279432e-04
1.500000000000000000e+01 -6.971163457374133197e-04
1.600000000000000000e+01 -7.002238579153902392e-04
1.700000000000000000e+01 -6.867565683611441280e-04
1.800000000000000000e+01 -6.995211567629139966e-04
1.900000000000000000e+01 -6.983907849757277700e-04
2.000000000000000000e+01 -6.992119503567560028e-04
2.100000000000000000e+01 1.575683264215048526e-03
2.200000000000000000e+01 -6.439987165178350913e-04
2.300000000000000000e+01 3.431530258348851770e-03
2.400000000000000000e+01 1.246490248982553162e-03
2.500000000000000000e+01 -6.940287564429274648e-04
2.600000000000000000e+01 -6.308047700662317014e-04
2.700000000000000000e+01 -1.546661197485995178e-04
2.800000000000000000e+01 3.427318161786536803e-03
2.900000000000000000e+01 -6.709244406724447583e-04
3.000000000000000000e+01 -6.814454469580687873e-04
1.000000000000000000e+00 -6.066750990092680028e-04
2.000000000000000000e+00 -6.209530426796583532e-04
3.000000000000000000e+00 -3.351359800974069015e-04
4.000000000000000000e+00 -5.894604004316794437e-04
5.000000000000000000e+00 -6.478603140861086780e-04
6.000000000000000000e+00 -6.359735631188979379e-04
7.000000000000000000e+00 4.525957250398810784e-04
8.000000000000000000e+00 2.762848199865426332e-03
9.000000000000000000e+00 -6.512536215024046287e-04
1.000000000000000000e+01 -6.520542895444520013e-04
1.100000000000000000e+01 -6.360970666906773591e-04
1.200000000000000000e+01 -6.435830672801262208e-04
1.300000000000000000e+01 -6.276819824135241709e-04
1.400000000000000000e+01 -6.273245037309222762e-04
1.500000000000000000e+01 -6.497923964779611953e-04
1.600000000000000000e+01 -6.504789172794245245e-04
1.700000000000000000e+01 -6.511139782593131130e-04
1.800000000000000000e+01 -6.476355282291389528e-04
1.900000000000000000e+01 -6.515347219334300831e-04
2.000000000000000000e+01 -6.483772513846551740e-04
2.100000000000000000e+01 2.320776285584973293e-03
2.200000000000000000e+01 -6.315297939574875683e-04
2.300000000000000000e+01 3.141394207842517113e-03
2.400000000000000000e+01 1.445405567905053363e-03
2.500000000000000000e+01 -6.012442651712092282e-04
2.600000000000000000e+01 -6.239304277588495797e-04
2.700000000000000000e+01 2.422395437887901433e-04
2.800000000000000000e+01 2.378897078919231436e-03
2.900000000000000000e+01 -6.093683341327166096e-04
3.000000000000000000e+01 -6.364661739563363431e-04
1.000000000000000000e+00 -6.768809163055317058e-04
2.000000000000000000e+00 -6.151810898404687410e-04
3.000000000000000000e+00 3.352103484677253892e-04
4.000000000000000000e+00 3.847913002654259089e-04
5.000000000000000000e+00 -6.623404386132964849e-04
6.000000000000000000e+00 -6.510790807252519411e-04
7.000000000000000000e+00 -2.835513353982760431e-04
8.000000000000000000e+00 2.177682719542496561e-03
9.000000000000000000e+00 -6.713728576906931485e-04
1.000000000000000000e+01 -6.770356856173891276e-04
1.100000000000000000e+01 -6.457604778232978529e-04
1.200000000000000000e+01 -6.778914986920927394e-04
1.300000000000000000e+01 -6.746483087493954306e-04
1.400000000000000000e+01 -6.333480012893107211e-04
1.500000000000000000e+01 -6.768415824247851244e-04
1.600000000000000000e+01 -6.632114723678885415e-04
1.700000000000000000e+01 -6.603982778255585405e-04
1.800000000000000000e+01 -6.779507348083003331e-04
1.900000000000000000e+01 -6.739202946530654546e-04
2.000000000000000000e+01 -6.744472231767099707e-04
2.100000000000000000e+01 4.507969016295385522e-04
2.200000000000000000e+01 -6.018580685207315520e-04
2.300000000000000000e+01 5.143071070451742458e-03
2.400000000000000000e+01 1.497781508378786663e-03
2.500000000000000000e+01 -6.345339875238441155e-04
2.600000000000000000e+01 -6.382824928959423758e-04
2.700000000000000000e+01 -1.685067815712437483e-04
2.800000000000000000e+01 2.644665125793923925e-03
2.900000000000000000e+01 -6.485405779761402225e-04
3.000000000000000000e+01 -6.406723044264216876e-04
1.000000000000000000e+00 4.209540517492390307e-04
2.000000000000000000e+00 -5.348308832335968563e-04
3.000000000000000000e+00 3.612715406085284064e-04
4.000000000000000000e+00 -5.922636671138712967e-04
5.000000000000000000e+00 -6.634830112182014744e-04
6.000000000000000000e+00 -6.503255307372399555e-04
7.000000000000000000e+00 -2.643731612183203620e-04
8.000000000000000000e+00 1.211096153776469904e-03
9.000000000000000000e+00 -6.208561343548714461e-04
1.000000000000000000e+01 -6.648237807427362367e-04
1.100000000000000000e+01 -6.415547312161012494e-04
1.200000000000000000e+01 -6.348483939957353739e-04
1.300000000000000000e+01 -6.340158539892108702e-04
1.400000000000000000e+01 -6.243974074867064379e-04
1.500000000000000000e+01 -6.532230385822739623e-04
1.600000000000000000e+01 -6.637782356941927461e-04
1.700000000000000000e+01 -6.506998903070017586e-04
1.800000000000000000e+01 -6.651431448701963355e-04
1.900000000000000000e+01 -6.644190583989834260e-04
2.000000000000000000e+01 -6.515611870846260483e-04
2.100000000000000000e+01 2.209064444357288545e-03
2.200000000000000000e+01 -6.253200814711828374e-04
2.300000000000000000e+01 3.254113931252640857e-03
2.400000000000000000e+01 2.955570116230727545e-03
2.500000000000000000e+01 -6.375777090288984846e-04
2.600000000000000000e+01 -6.125216147724044102e-04
2.700000000000000000e+01 -1.762006490955027164e-04
2.800000000000000000e+01 1.805842325505578648e-03
2.900000000000000000e+01 -6.325101221933860252e-04
3.000000000000000000e+01 -6.521290388590174477e-04
1.000000000000000000e+00 -6.707395179977095620e-04
2.000000000000000000e+00 -5.746409451628619984e-04
3.000000000000000000e+00 -9.247522768297408919e-06
4.000000000000000000e+00 -6.394155184553192064e-04
5.000000000000000000e+00 -6.782417545953984281e-04
6.000000000000000000e+00 -6.822505569800129148e-04
7.000000000000000000e+00 -2.240717404053942791e-04
8.000000000000000000e+00 3.667859167673195625e-04
9.000000000000000000e+00 -6.322844940204467223e-04
1.000000000000000000e+01 -6.831952616728435975e-04
1.100000000000000000e+01 -6.776740245299172315e-04
1.200000000000000000e+01 -6.817329179566267248e-04
1.300000000000000000e+01 -6.781894044430983098e-04
1.400000000000000000e+01 -6.392251906955618733e-04
1.500000000000000000e+01 -6.839843258302235902e-04
1.600000000000000000e+01 -6.835039771489753594e-04
1.700000000000000000e+01 -6.109464247563404669e-04
1.800000000000000000e+01 -6.813383146884602684e-04
1.900000000000000000e+01 -6.800772578302020270e-04
2.000000000000000000e+01 -6.246843127749452914e-04
2.100000000000000000e+01 3.279424893251649265e-03
2.200000000000000000e+01 -6.284625010109046259e-04
2.300000000000000000e+01 1.893715298911951206e-03
2.400000000000000000e+01 5.297201366142301887e-03
2.500000000000000000e+01 -6.787508634949550009e-04
2.600000000000000000e+01 -5.609909994725079379e-04
2.700000000000000000e+01 -6.258321973186319141e-04
2.800000000000000000e+01 2.870872226001055117e-03
2.900000000000000000e+01 -6.652907523890239355e-04
3.000000000000000000e+01 -6.776408452809887283e-04
1.000000000000000000e+00 -6.824393615237478580e-04
2.000000000000000000e+00 -6.335435088512121182e-04
3.000000000000000000e+00 -6.630123432461548479e-04
4.000000000000000000e+00 -2.119410401412255511e-05
5.000000000000000000e+00 -6.673785754448993517e-04
6.000000000000000000e+00 -6.510146154355001945e-04
7.000000000000000000e+00 -2.616371391473125982e-04
8.000000000000000000e+00 1.387912828718497298e-03
9.000000000000000000e+00 -6.790182393619960269e-04
1.000000000000000000e+01 -6.812149432078752750e-04
1.100000000000000000e+01 -6.358666858870328387e-04
1.200000000000000000e+01 -6.671016614569837177e-04
1.300000000000000000e+01 -6.558804129615152054e-04
1.400000000000000000e+01 -2.865537413359930193e-04
1.500000000000000000e+01 -6.754235572565693135e-04
1.600000000000000000e+01 -6.794670890112454280e-04
1.700000000000000000e+01 -6.429275748855244445e-04
1.800000000000000000e+01 -6.641453949539191702e-04
1.900000000000000000e+01 -6.794549257806913826e-04
2.000000000000000000e+01 -6.547540329426171802e-04
2.100000000000000000e+01 1.618010837489669432e-03
2.200000000000000000e+01 -6.166712702219947963e-04
2.300000000000000000e+01 3.388202825456698101e-03
2.400000000000000000e+01 3.331964451605072108e-03
2.500000000000000000e+01 -6.630965493023749163e-04
2.600000000000000000e+01 -6.347707253493645521e-04
2.700000000000000000e+01 -1.462048173039105694e-04
2.800000000000000000e+01 3.249861598855945891e-03
2.900000000000000000e+01 -6.571174452535557360e-04
3.000000000000000000e+01 -6.639071563198785213e-04
1.000000000000000000e+00 -6.801204916755264514e-04
2.000000000000000000e+00 -6.523760051479314277e-04
3.000000000000000000e+00 8.943592919273845893e-05
4.000000000000000000e+00 1.165733663465959730e-04
5.000000000000000000e+00 -6.759212126011849295e-04
6.000000000000000000e+00 -7.052991569216579028e-04
7.000000000000000000e+00 1.292265699412336113e-04
8.000000000000000000e+00 2.212397682819516268e-03
9.000000000000000000e+00 -6.914894663253605888e-04
1.000000000000000000e+01 -6.924316154612700268e-04
1.100000000000000000e+01 -6.764090049280576311e-04
1.200000000000000000e+01 -6.961299726900049053e-04
1.300000000000000000e+01 -6.880414374471897129e-04
1.400000000000000000e+01 -6.759097510954704697e-04
1.500000000000000000e+01 -6.962209426710298842e-04
1.600000000000000000e+01 -7.057433487451601328e-04
1.700000000000000000e+01 -6.921642713729793134e-04
1.800000000000000000e+01 -7.085370250877762264e-04
1.900000000000000000e+01 -7.046364947647428684e-04
2.000000000000000000e+01 -7.042221652316394678e-04
2.100000000000000000e+01 3.040179518146507529e-03
2.200000000000000000e+01 -6.983104453352451894e-04
2.300000000000000000e+01 2.941737808900522777e-03
2.400000000000000000e+01 2.771272398385529398e-03
2.500000000000000000e+01 -6.500100293686623606e-04
2.600000000000000000e+01 -6.508775887069862725e-04
2.700000000000000000e+01 -5.293310141833288459e-04
2.800000000000000000e+01 1.950440107766703447e-03
2.900000000000000000e+01 -6.476367894891755768e-04
3.000000000000000000e+01 -6.944264186876003726e-04
1.000000000000000000e+00 3.589775644425909898e-04
2.000000000000000000e+00 -5.581079008009379259e-04
3.000000000000000000e+00 -3.561665507015240872e-04
4.000000000000000000e+00 -6.552330430963522988e-04
5.000000000000000000e+00 -6.409512849115455921e-04
6.000000000000000000e+00 -2.018676710117684174e-04
7.000000000000000000e+00 1.529790285976338640e-04
8.000000000000000000e+00 3.632366014031343407e-04
9.000000000000000000e+00 -6.344443336448313394e-04
1.000000000000000000e+01 -6.585248343191779392e-04
1.100000000000000000e+01 -6.448384691756843144e-04
1.200000000000000000e+01 -6.202705792733187885e-04
1.300000000000000000e+01 -6.321673476168636731e-04
1.400000000000000000e+01 -6.266471883407253186e-04
1.500000000000000000e+01 -6.556218451486083270e-04
1.600000000000000000e+01 -6.577122369548565276e-04
1.700000000000000000e+01 -6.574333979453828285e-04
1.800000000000000000e+01 -6.587126423280754853e-04
1.900000000000000000e+01 -6.503562690291734422e-04
2.000000000000000000e+01 -6.133500948094631512e-04
2.100000000000000000e+01 2.732696759900916667e-03
2.200000000000000000e+01 -5.831531933553331468e-04
2.300000000000000000e+01 4.330378118129566203e-03
2.400000000000000000e+01 3.244922680522574401e-03
2.500000000000000000e+01 -5.873724369834437469e-04
2.600000000000000000e+01 -5.817762055572702016e-04
2.700000000000000000e+01 -5.358370292225773197e-04
2.800000000000000000e+01 9.323552486084524553e-04
2.900000000000000000e+01 -6.525843850004178293e-04
3.000000000000000000e+01 -6.246217004160440744e-04
1.000000000000000000e+00 1.258474297174750831e-03
2.000000000000000000e+00 -5.983738902681391822e-04
3.000000000000000000e+00 -3.130684557023348134e-04
4.000000000000000000e+00 -6.652834269792036416e-04
5.000000000000000000e+00 -6.683835535461682539e-04
6.000000000000000000e+00 -6.748066037223418839e-04
7.000000000000000000e+00 -2.312475451028723084e-04
8.000000000000000000e+00 1.842758397797110686e-03
9.000000000000000000e+00 -6.874258435529760321e-04
1.000000000000000000e+01 -6.845621044823404187e-04
1.100000000000000000e+01 -6.448564412955606071e-04
1.200000000000000000e+01 -6.762675033091784414e-04
1.300000000000000000e+01 -6.568436260856296829e-04
1.400000000000000000e+01 -2.743843666541420732e-04
1.500000000000000000e+01 -6.717827595190873800e-04
1.600000000000000000e+01 -6.876632096074335480e-04
1.700000000000000000e+01 -6.720094166422961807e-04
1.800000000000000000e+01 -6.876705319535864665e-04
1.900000000000000000e+01 -6.855990198870718678e-04
2.000000000000000000e+01 -6.785125346396671036e-04
2.100000000000000000e+01 1.726177271890290627e-03
2.200000000000000000e+01 -6.508355408207441980e-04
2.300000000000000000e+01 3.079699842363398197e-03
2.400000000000000000e+01 2.638212006297767018e-03
2.500000000000000000e+01 -5.817526450761793724e-04
2.600000000000000000e+01 -6.045441609568649602e-04
2.700000000000000000e+01 -6.413799627780312086e-04
2.800000000000000000e+01 2.513086471778714932e-03
2.900000000000000000e+01 -6.456685374278538052e-04
3.000000000000000000e+01 -6.839211289645175454e-04
1.000000000000000000e+00 6.915135512832459050e-05
2.000000000000000000e+00 -6.079634411304710119e-04
3.000000000000000000e+00 -5.946112061854610551e-04
4.000000000000000000e+00 -6.399193516570962073e-04
5.000000000000000000e+00 -5.887612087098477269e-04
6.000000000000000000e+00 -6.392879904959998831e-04
7.000000000000000000e+00 -5.299917366809340840e-04
8.000000000000000000e+00 3.353132452361828972e-03
9.000000000000000000e+00 -6.292965983206996261e-04
1.000000000000000000e+01 -6.417564042337788825e-04
1.100000000000000000e+01 -3.011787245870623702e-04
1.200000000000000000e+01 -6.265625410514100505e-04
1.300000000000000000e+01 -6.224566320604435531e-04
1.400000000000000000e+01 -2.469359132447055999e-04
1.500000000000000000e+01 -6.385712751865808747e-04
1.600000000000000000e+01 -6.273630921393173656e-04
1.700000000000000000e+01 -6.283109887358182422e-04
1.800000000000000000e+01 -6.333381053357199642e-04
1.900000000000000000e+01 -6.268321430612133933e-04
2.000000000000000000e+01 -6.325214917754781252e-04
2.100000000000000000e+01 1.758665335445831670e-03
2.200000000000000000e+01 -6.030556205269268447e-04
2.300000000000000000e+01 3.298357162978703475e-03
2.400000000000000000e+01 1.318677516586020141e-03
2.500000000000000000e+01 -5.876632918483840973e-04
2.600000000000000000e+01 -5.529541616548532728e-04
2.700000000000000000e+01 -1.543694404100335411e-04
2.800000000000000000e+01 2.285601405865993110e-03
2.900000000000000000e+01 -6.148698512102944002e-04
3.000000000000000000e+01 -6.224175693777026473e-04
1.000000000000000000e+00 4.892057999276839229e-04
2.000000000000000000e+00 -5.421389266254047221e-04
3.000000000000000000e+00 -2.699137752603497208e-04
4.000000000000000000e+00 -3.478180488062760875e-04
5.000000000000000000e+00 -6.338732794142303267e-04
6.000000000000000000e+00 -6.426477024136836294e-04
7.000000000000000000e+00 -2.986399747656333478e-04
8.000000000000000000e+00 1.968499895139301081e-03
9.000000000000000000e+00 -5.678696188328585803e-04
1.000000000000000000e+01 -6.626936964155568472e-04
1.100000000000000000e+01 -6.618823744391031261e-04
1.200000000000000000e+01 -6.324885303783068721e-04
1.300000000000000000e+01 -2.865216340112347105e-04
1.400000000000000000e+01 -6.586313779033204155e-04
1.500000000000000000e+01 -6.605816650424417265e-04
1.600000000000000000e+01 -6.496439932359186287e-04
1.700000000000000000e+01 -6.604533968739079511e-04
1.800000000000000000e+01 -6.615103951073179845e-04
1.900000000000000000e+01 -6.603876577377040553e-04
2.000000000000000000e+01 -6.618703987578192487e-04
2.100000000000000000e+01 2.041060834923396402e-03
2.200000000000000000e+01 -6.267739993883183688e-04
2.300000000000000000e+01 3.534711247735740618e-03
2.400000000000000000e+01 2.510458663278090571e-03
2.500000000000000000e+01 -6.157705368035036337e-04
2.600000000000000000e+01 -6.273879424084392387e-04
2.700000000000000000e+01 -5.798231479944503889e-04
2.800000000000000000e+01 1.795219153800665371e-03
2.900000000000000000e+01 -6.446633492187215037e-04
3.000000000000000000e+01 -6.238597972368300918e-04
1.000000000000000000e+00 3.017138822422469257e-04
2.000000000000000000e+00 -6.145235800197030142e-04
3.000000000000000000e+00 -3.510550528943278260e-04
4.000000000000000000e+00 9.786432701837892564e-05
5.000000000000000000e+00 -6.435872258524642699e-04
6.000000000000000000e+00 -3.329448689682283223e-04
7.000000000000000000e+00 4.522662090453581684e-04
8.000000000000000000e+00 2.433128357910601443e-03
9.000000000000000000e+00 -6.331653712526986002e-04
1.000000000000000000e+01 -6.448565545580747750e-04
1.100000000000000000e+01 -6.314689980099556484e-04
1.200000000000000000e+01 -5.941324593697831346e-04
1.300000000000000000e+01 -6.272275277241266085e-04
1.400000000000000000e+01 -2.524959196537117866e-04
1.500000000000000000e+01 -6.211823400714093632e-04
1.600000000000000000e+01 -6.473628716071205304e-04
1.700000000000000000e+01 -5.970238556973185779e-04
1.800000000000000000e+01 -6.435484821355596380e-04
1.900000000000000000e+01 -6.474010088266669675e-04
2.000000000000000000e+01 -5.996428729518752309e-04
2.100000000000000000e+01 1.448469974821296356e-03
2.200000000000000000e+01 -5.727956026513314741e-04
2.300000000000000000e+01 2.164063503487420083e-03
2.400000000000000000e+01 1.885020986897505829e-03
2.500000000000000000e+01 -6.035530719020541345e-04
2.600000000000000000e+01 -6.025454897094691684e-04
2.700000000000000000e+01 -5.850228560412178754e-04
2.800000000000000000e+01 2.352226320785417990e-03
2.900000000000000000e+01 -6.205204181529729154e-04
3.000000000000000000e+01 -6.201031328697872167e-04
1.000000000000000000e+00 -6.507873591944091356e-04
2.000000000000000000e+00 -6.829808947695872228e-04
3.000000000000000000e+00 -6.502508404312893437e-04
4.000000000000000000e+00 -3.417503723677457273e-04
5.000000000000000000e+00 -6.767827355396105688e-04
6.000000000000000000e+00 -6.887068914917524650e-04
7.000000000000000000e+00 3.959672008760979265e-04
8.000000000000000000e+00 2.170466179177985618e-03
9.000000000000000000e+00 -6.548723130544753827e-04
1.000000000000000000e+01 -6.881607156582203455e-04
1.100000000000000000e+01 -6.475149242977862795e-04
1.200000000000000000e+01 -6.736766471511632841e-04
1.300000000000000000e+01 -6.830540300917646883e-04
1.400000000000000000e+01 -5.719944796297725701e-04
1.500000000000000000e+01 -6.876739525277790650e-04
1.600000000000000000e+01 -6.877504608751519458e-04
1.700000000000000000e+01 -6.696242065420011241e-04
1.800000000000000000e+01 -6.893668179387853461e-04
1.900000000000000000e+01 -6.697860507318312935e-04
2.000000000000000000e+01 -6.879052012269366379e-04
2.100000000000000000e+01 2.529014650887698775e-03
2.200000000000000000e+01 -6.371654355310775409e-04
2.300000000000000000e+01 3.166815658475087732e-03
2.400000000000000000e+01 3.540548652979993126e-03
2.500000000000000000e+01 -6.474854054426802414e-04
2.600000000000000000e+01 -6.652868917991748305e-04
2.700000000000000000e+01 -6.090894418004111919e-04
2.800000000000000000e+01 2.205885228895803230e-03
2.900000000000000000e+01 -6.080481917754387670e-04
3.000000000000000000e+01 -6.630504685839552640e-04
