1.000000000000000000e+00 1.498554842950756390e-06
2.000000000000000000e+00 1.205873114052151452e-06
3.000000000000000000e+00 1.710779549074023932e-06
4.000000000000000000e+00 3.789301957710013492e-07
5.000000000000000000e+00 1.005278858055256088e-06
6.000000000000000000e+00 9.618458696396505855e-07
7.000000000000000000e+00 2.663401333756558240e-06
8.000000000000000000e+00 6.051590967182706020e-07
9.000000000000000000e+00 1.346690601845841443e-04
1.000000000000000000e+01 1.430932232590226917e-06
1.100000000000000000e+01 4.718059368566931619e-06
1.200000000000000000e+01 5.579975282863776095e-06
1.300000000000000000e+01 4.989734372442398973e-06
1.400000000000000000e+01 5.946340210013326470e-07
1.500000000000000000e+01 6.809069626732002582e-07
1.600000000000000000e+01 1.228785356179863233e-06
1.700000000000000000e+01 3.357741739479662851e-07
1.800000000000000000e+01 1.204237889000770585e-05
1.900000000000000000e+01 6.830113506187233158e-07
2.000000000000000000e+01 6.541016128931149023e-06
2.100000000000000000e+01 3.302946524199674422e-06
2.200000000000000000e+01 2.995283550888101530e-06
2.300000000000000000e+01 8.047278120755313945e-06
2.400000000000000000e+01 7.949906373604740695e-07
2.500000000000000000e+01 1.293229414664053223e-06
2.600000000000000000e+01 2.345265756733397224e-06
2.700000000000000000e+01 2.722299707692460089e-06
2.800000000000000000e+01 1.557820400705459679e-06
2.900000000000000000e+01 1.744952699506382410e-06
3.000000000000000000e+01 0.000000000000000000e+00
1.000000000000000000e+00 1.110676081039196623e-06
2.000000000000000000e+00 1.934862286095337883e-06
3.000000000000000000e+00 2.832563826385800700e-06
4.000000000000000000e+00 8.962178772939026871e-07
5.000000000000000000e+00 7.010465591701289555e-07
6.000000000000000000e+00 1.219437704484654573e-05
7.000000000000000000e+00 2.074142686463460914e-05
8.000000000000000000e+00 9.330372136430407294e-07
9.000000000000000000e+00 7.409698208107052717e-07
1.000000000000000000e+01 1.306345714048982974e-06
1.100000000000000000e+01 5.362566535648725130e-06
1.200000000000000000e+01 1.489469428487535382e-06
1.300000000000000000e+01 1.915671845026053010e-06
1.400000000000000000e+01 3.637264163347870304e-07
1.500000000000000000e+01 6.919249760677343289e-07
1.600000000000000000e+01 6.988776196494318636e-06
1.700000000000000000e+01 1.055620216272088332e-06
1.800000000000000000e+01 6.781001742592154518e-06
1.900000000000000000e+01 3.601498651651593468e-07
2.000000000000000000e+01 2.813147425779190046e-06
2.100000000000000000e+01 2.394589977594140964e-06
2.200000000000000000e+01 7.982322538790434226e-06
2.300000000000000000e+01 1.954880994153927061e-06
2.400000000000000000e+01 1.185695794660661901e-06
2.500000000000000000e+01 6.460101262019187747e-06
2.600000000000000000e+01 1.004876307627408772e-06
2.700000000000000000e+01 1.270674269151810443e-05
2.800000000000000000e+01 4.977724615305205280e-06
2.900000000000000000e+01 1.257600561173232910e-05
3.000000000000000000e+01 0.000000000000000000e+00
1.000000000000000000e+00 1.513922325838349175e-06
2.000000000000000000e+00 2.612766745081392416e-06
3.000000000000000000e+00 1.392083246512069088e-06
4.000000000000000000e+00 4.934873698108179718e-06
5.000000000000000000e+00 5.109040077314453281e-07
6.000000000000000000e+00 1.549841432315056148e-06
7.000000000000000000e+00 1.863472488701669569e-06
8.000000000000000000e+00 6.312070671222363837e-07
9.000000000000000000e+00 1.335940845580607574e-04
1.000000000000000000e+01 2.740635303146617079e-06
1.100000000000000000e+01 1.962525064302348966e-06
1.200000000000000000e+01 5.615677545811549935e-07
1.300000000000000000e+01 2.128983071839816616e-06
1.400000000000000000e+01 3.326208267700369660e-07
1.500000000000000000e+01 1.062314339267194007e-06
1.600000000000000000e+01 1.251517490162873345e-06
1.700000000000000000e+01 1.141832835660844109e-06
1.800000000000000000e+01 2.993710517348079250e-07
1.900000000000000000e+01 8.459017272102988409e-07
2.000000000000000000e+01 2.274139713902804480e-06
2.100000000000000000e+01 2.593411824291740308e-06
2.200000000000000000e+01 8.348867592976187666e-06
2.300000000000000000e+01 2.521014852233143878e-06
2.400000000000000000e+01 1.077861811798249087e-06
2.500000000000000000e+01 2.393427468413195310e-06
2.600000000000000000e+01 1.562684138099216930e-06
2.700000000000000000e+01 4.163243601651332220e-06
2.800000000000000000e+01 1.205764151303765326e-06
2.900000000000000000e+01 4.705219092916884450e-07
3.000000000000000000e+01 0.000000000000000000e+00
1.000000000000000000e+00 1.255566230988736261e-06
2.000000000000000000e+00 6.789266231990689264e-07
3.000000000000000000e+00 1.377926449570194086e-06
4.000000000000000000e+00 4.787467643191483392e-07
5.000000000000000000e+00 5.768558004204886516e-07
6.000000000000000000e+00 1.415449216146390640e-06
7.000000000000000000e+00 1.653971090475748247e-06
8.000000000000000000e+00 3.580144436341724405e-07
9.000000000000000000e+00 1.340680253689383592e-04
1.000000000000000000e+01 1.250855210779273389e-06
1.100000000000000000e+01 5.569674025074806899e-06
1.200000000000000000e+01 7.870757077268371942e-07
1.300000000000000000e+01 1.296161915032046425e-06
1.400000000000000000e+01 3.934024069467183572e-07
1.500000000000000000e+01 9.650036855164940085e-07
1.600000000000000000e+01 1.163170345730768186e-06
1.700000000000000000e+01 1.636121683280766096e-06
1.800000000000000000e+01 6.259167338534775345e-07
1.900000000000000000e+01 5.664589327401883123e-07
2.000000000000000000e+01 8.083092321004324681e-07
2.100000000000000000e+01 1.020320969170073987e-06
2.200000000000000000e+01 1.778177977415819722e-06
2.300000000000000000e+01 1.206864387224671387e-06
2.400000000000000000e+01 3.893361828945120405e-07
2.500000000000000000e+01 5.840004685628313097e-07
2.600000000000000000e+01 2.205740710899895835e-06
2.700000000000000000e+01 6.779118960551463537e-06
2.800000000000000000e+01 8.549543013735065901e-07
2.900000000000000000e+01 6.492303929189200941e-07
3.000000000000000000e+01 0.000000000000000000e+00
1.000000000000000000e+00 1.425659887466136031e-06
2.000000000000000000e+00 5.800158113181167598e-06
3.000000000000000000e+00 6.076262822193262196e-06
4.000000000000000000e+00 9.670142256325943292e-07
5.000000000000000000e+00 8.944140445572391319e-07
6.000000000000000000e+00 1.090054019626385011e-06
7.000000000000000000e+00 1.180764716447339382e-05
8.000000000000000000e+00 4.526686877307232447e-07
9.000000000000000000e+00 1.046262328817645495e-05
1.000000000000000000e+01 1.336845202404682612e-06
1.100000000000000000e+01 1.023290587904565607e-06
1.200000000000000000e+01 2.213786623903546620e-07
1.300000000000000000e+01 7.219739072543320553e-07
1.400000000000000000e+01 1.488622503563949225e-05
1.500000000000000000e+01 3.811463114938312266e-07
1.600000000000000000e+01 6.302197096428463186e-06
1.700000000000000000e+01 1.065967560738750901e-06
1.800000000000000000e+01 5.964043443353323836e-06
1.900000000000000000e+01 5.618162195647446605e-06
2.000000000000000000e+01 6.293840126258282226e-06
2.100000000000000000e+01 1.703769481165612768e-06
2.200000000000000000e+01 2.183723201217549970e-06
2.300000000000000000e+01 1.508904389136099776e-06
2.400000000000000000e+01 9.379066167699713908e-07
2.500000000000000000e+01 1.299791441407939545e-06
2.600000000000000000e+01 6.775406593222142916e-06
2.700000000000000000e+01 1.141828891115238517e-05
2.800000000000000000e+01 7.966584633050161651e-07
2.900000000000000000e+01 1.197314279596667772e-06
3.000000000000000000e+01 0.000000000000000000e+00
1.000000000000000000e+00 1.196054992686088716e-06
2.000000000000000000e+00 2.038001438765452809e-06
3.000000000000000000e+00 2.001970628555168926e-06
4.000000000000000000e+00 3.084503814169940469e-07
5.000000000000000000e+00 2.146287545074219699e-06
6.000000000000000000e+00 3.336370046095678213e-06
7.000000000000000000e+00 7.637765336346386073e-06
8.000000000000000000e+00 1.135294203465999831e-06
9.000000000000000000e+00 7.474612458900499847e-06
1.000000000000000000e+01 1.265932551110395548e-06
1.100000000000000000e+01 5.972700115179958185e-06
1.200000000000000000e+01 8.003237942293181902e-07
1.300000000000000000e+01 1.851959114365063084e-06
1.400000000000000000e+01 2.053384477946190881e-06
1.500000000000000000e+01 1.490428967371610398e-06
1.600000000000000000e+01 9.667764142539137899e-07
1.700000000000000000e+01 2.162770074820241653e-06
1.800000000000000000e+01 1.540277039105024176e-05
1.900000000000000000e+01 4.646612827971065206e-07
2.000000000000000000e+01 7.516186659200291234e-06
2.100000000000000000e+01 1.930945588281007203e-06
2.200000000000000000e+01 2.837204618295496911e-06
2.300000000000000000e+01 8.092776754080775603e-06
2.400000000000000000e+01 2.212576247091497050e-06
2.500000000000000000e+01 1.939710097952957730e-06
2.600000000000000000e+01 8.086447396792222897e-06
2.700000000000000000e+01 8.084299556674823863e-06
2.800000000000000000e+01 1.985333128383893723e-06
2.900000000000000000e+01 2.541716096517642690e-06
3.000000000000000000e+01 0.000000000000000000e+00
1.000000000000000000e+00 2.546303787850196989e-06
2.000000000000000000e+00 1.228344672396640125e-06
3.000000000000000000e+00 1.574449152393926133e-06
4.000000000000000000e+00 1.110785239572239098e-06
5.000000000000000000e+00 7.922806737331363484e-07
6.000000000000000000e+00 2.111231483124483951e-06
7.000000000000000000e+00 2.239475130243368344e-06
8.000000000000000000e+00 1.814203872400779988e-06
9.000000000000000000e+00 1.413771092341095084e-04
1.000000000000000000e+01 1.338410754909935534e-06
1.100000000000000000e+01 5.080609998429726241e-07
1.200000000000000000e+01 9.803041413551946339e-07
1.300000000000000000e+01 1.679880386951000103e-06
1.400000000000000000e+01 6.095929732702676735e-06
1.500000000000000000e+01 6.266401478547727196e-07
1.600000000000000000e+01 5.740586653922555580e-06
1.700000000000000000e+01 5.374068133709983919e-07
1.800000000000000000e+01 2.120884559742529719e-06
1.900000000000000000e+01 5.793301561052360321e-07
2.000000000000000000e+01 2.409863813589195187e-06
2.100000000000000000e+01 1.361839933792347593e-06
2.200000000000000000e+01 2.133465310808527398e-06
2.300000000000000000e+01 2.263323039266336626e-06
2.400000000000000000e+01 2.203076681100826708e-06
2.500000000000000000e+01 2.142841558226744609e-06
2.600000000000000000e+01 1.549224425557157000e-06
2.700000000000000000e+01 1.471824737679426266e-05
2.800000000000000000e+01 6.559130735030400665e-06
2.900000000000000000e+01 1.372777091558567642e-06
3.000000000000000000e+01 0.000000000000000000e+00
1.000000000000000000e+00 1.028388512943449028e-06
2.000000000000000000e+00 9.205194331052454266e-07
3.000000000000000000e+00 1.537119857123941672e-06
4.000000000000000000e+00 4.865016320960175289e-06
5.000000000000000000e+00 4.930059274404129685e-07
6.000000000000000000e+00 1.487125224259752881e-05
7.000000000000000000e+00 1.714481891885450035e-06
8.000000000000000000e+00 7.770501662564918531e-07
9.000000000000000000e+00 6.093871932918353591e-06
1.000000000000000000e+01 2.863606168919456409e-07
1.100000000000000000e+01 1.337790874926331812e-06
1.200000000000000000e+01 6.460442466588000218e-07
1.300000000000000000e+01 1.081929904391738362e-06
1.400000000000000000e+01 1.309071249426149356e-06
1.500000000000000000e+01 3.207388036645234440e-07
1.600000000000000000e+01 1.667562050868849455e-06
1.700000000000000000e+01 8.286720282579937084e-07
1.800000000000000000e+01 2.604822458053737011e-07
1.900000000000000000e+01 6.475937929096798035e-07
2.000000000000000000e+01 6.178268594661016885e-06
2.100000000000000000e+01 1.044045322618110388e-06
2.200000000000000000e+01 1.954670963587557869e-06
2.300000000000000000e+01 6.814151358318902681e-06
2.400000000000000000e+01 1.284423427840883170e-06
2.500000000000000000e+01 1.172719448674350290e-06
2.600000000000000000e+01 2.576181216829932670e-06
2.700000000000000000e+01 6.531835274600114934e-06
2.800000000000000000e+01 4.887480044483585756e-06
2.900000000000000000e+01 5.722458603943557988e-06
3.000000000000000000e+01 0.000000000000000000e+00
1.000000000000000000e+00 1.209200575616438891e-06
2.000000000000000000e+00 1.700569516630526275e-06
3.000000000000000000e+00 5.628112258697894322e-07
4.000000000000000000e+00 3.508768529354211447e-07
5.000000000000000000e+00 1.050627987469164279e-06
6.000000000000000000e+00 6.603228316179889848e-06
7.000000000000000000e+00 7.508867868084544184e-06
8.000000000000000000e+00 4.965720693924703273e-07
9.000000000000000000e+00 1.340395045593220256e-04
1.000000000000000000e+01 7.271907903635383311e-07
1.100000000000000000e+01 1.537909274598205477e-07
1.200000000000000000e+01 7.956626561720298690e-07
1.300000000000000000e+01 8.776146854321389344e-07
1.400000000000000000e+01 1.864573169431576079e-06
1.500000000000000000e+01 9.214766878349947193e-07
1.600000000000000000e+01 1.099845072904982557e-06
1.700000000000000000e+01 3.637428914418902115e-07
1.800000000000000000e+01 1.215686555477960045e-06
1.900000000000000000e+01 2.769098562378392976e-07
2.000000000000000000e+01 1.222914222575382598e-06
2.100000000000000000e+01 1.845387482151143561e-06
2.200000000000000000e+01 1.067903670054606889e-06
2.300000000000000000e+01 7.969590116442386714e-07
2.400000000000000000e+01 6.343610480241853984e-07
2.500000000000000000e+01 1.209797353010575921e-06
2.600000000000000000e+01 6.587237078833385808e-06
2.700000000000000000e+01 1.837814213917184004e-06
2.800000000000000000e+01 1.096359498056482311e-06
2.900000000000000000e+01 1.524417348095292395e-05
3.000000000000000000e+01 0.000000000000000000e+00
1.000000000000000000e+00 1.211329565449718953e-06
2.000000000000000000e+00 8.933547774344093766e-07
3.000000000000000000e+00 7.608384049729940089e-07
4.000000000000000000e+00 1.891779839802732345e-07
5.000000000000000000e+00 7.705736115370307143e-07
6.000000000000000000e+00 6.694812218923227695e-06
7.000000000000000000e+00 5.872972836457038296e-06
8.000000000000000000e+00 5.484473236247503525e-06
9.000000000000000000e+00 1.175159120420235885e-05
1.000000000000000000e+01 1.347029686667916910e-06
1.100000000000000000e+01 6.454518290798292825e-06
1.200000000000000000e+01 1.796770167553815961e-06
1.300000000000000000e+01 5.389289192000838542e-06
1.400000000000000000e+01 3.508470301234909132e-07
1.500000000000000000e+01 5.771105756809499035e-06
1.600000000000000000e+01 1.502302161276079698e-06
1.700000000000000000e+01 1.348123844677425345e-06
1.800000000000000000e+01 7.522802368723061534e-07
1.900000000000000000e+01 4.950232449687056296e-06
2.000000000000000000e+01 6.368724027154872906e-06
2.100000000000000000e+01 9.842384907019771845e-07
2.200000000000000000e+01 2.930785351076753333e-06
2.300000000000000000e+01 2.412772371554590001e-06
2.400000000000000000e+01 1.771461790863854376e-06
2.500000000000000000e+01 2.608138783936333764e-06
2.600000000000000000e+01 1.291853955149242352e-05
2.700000000000000000e+01 2.206454145035937453e-06
2.800000000000000000e+01 1.020279890457804473e-06
2.900000000000000000e+01 7.128839055909575685e-07
3.000000000000000000e+01 0.000000000000000000e+00
1.000000000000000000e+00 8.319432429513611266e-07
2.000000000000000000e+00 8.105833309949517988e-07
3.000000000000000000e+00 1.204162826880879416e-06
4.000000000000000000e+00 1.637514393999928116e-06
5.000000000000000000e+00 1.009449854377235681e-06
6.000000000000000000e+00 1.695293886102506389e-06
7.000000000000000000e+00 6.044598291477947185e-06
8.000000000000000000e+00 1.336794741485584759e-07
9.000000000000000000e+00 5.969108134805471813e-06
1.000000000000000000e+01 6.867666823756889527e-07
1.100000000000000000e+01 5.831471421679413146e-06
1.200000000000000000e+01 2.794795470284351175e-07
1.300000000000000000e+01 1.724264490358223671e-06
1.400000000000000000e+01 1.895416019422127630e-06
1.500000000000000000e+01 6.601360757254945554e-07
1.600000000000000000e+01 1.342327167634328174e-06
1.700000000000000000e+01 4.018254939388799606e-07
1.800000000000000000e+01 6.068632304121369961e-07
1.900000000000000000e+01 2.135766644379210955e-07
2.000000000000000000e+01 1.716971812450388869e-06
2.100000000000000000e+01 6.264627030683630260e-06
2.200000000000000000e+01 1.150167915732501800e-06
2.300000000000000000e+01 1.552196278641105673e-06
2.400000000000000000e+01 1.056098035424161771e-05
2.500000000000000000e+01 7.617533221294807736e-07
2.600000000000000000e+01 1.172545827184452122e-06
2.700000000000000000e+01 1.569405842687158629e-06
2.800000000000000000e+01 1.131701230428956242e-06
2.900000000000000000e+01 3.585459629109630313e-07
3.000000000000000000e+01 0.000000000000000000e+00
1.000000000000000000e+00 9.663597707656173498e-07
2.000000000000000000e+00 7.300198571822821364e-06
3.000000000000000000e+00 1.076734980077426481e-06
4.000000000000000000e+00 8.873843191823520515e-07
5.000000000000000000e+00 6.585110960508400833e-06
6.000000000000000000e+00 3.351595569650628601e-06
7.000000000000000000e+00 2.170118130589906884e-06
8.000000000000000000e+00 9.492491689937857524e-07
9.000000000000000000e+00 2.078706147383882594e-06
1.000000000000000000e+01 9.891871402447382393e-07
1.100000000000000000e+01 1.451281966132899675e-06
1.200000000000000000e+01 7.726807662288837942e-07
1.300000000000000000e+01 1.881633717310306211e-06
1.400000000000000000e+01 5.531235417375937489e-07
1.500000000000000000e+01 8.478115034898561657e-07
1.600000000000000000e+01 2.156324697948622817e-06
1.700000000000000000e+01 9.486231286631396044e-07
1.800000000000000000e+01 1.727610060285827459e-07
1.900000000000000000e+01 9.266910841355816090e-07
2.000000000000000000e+01 1.625092511534739052e-05
2.100000000000000000e+01 7.143008824443648625e-06
2.200000000000000000e+01 1.677365370571399044e-05
2.300000000000000000e+01 6.078486480777594450e-06
2.400000000000000000e+01 6.752964110616553602e-06
2.500000000000000000e+01 7.045438810980187890e-07
2.600000000000000000e+01 2.565090678959441075e-06
2.700000000000000000e+01 1.678339738597535107e-05
2.800000000000000000e+01 5.752866344861368029e-07
2.900000000000000000e+01 8.298823775914950818e-07
3.000000000000000000e+01 0.000000000000000000e+00
1.000000000000000000e+00 2.433115206264235256e-06
2.000000000000000000e+00 1.511975700825548204e-06
3.000000000000000000e+00 1.000384234773232206e-06
4.000000000000000000e+00 6.314523114482267790e-07
5.000000000000000000e+00 1.039187972612900981e-05
6.000000000000000000e+00 1.550506572902495537e-06
7.000000000000000000e+00 7.574036637214026222e-06
8.000000000000000000e+00 2.741683025844350591e-07
9.000000000000000000e+00 1.892975446895081313e-06
1.000000000000000000e+01 6.124300792817926647e-06
1.100000000000000000e+01 1.414938958396331873e-07
1.200000000000000000e+01 5.774589035481808310e-06
1.300000000000000000e+01 9.102388529238571362e-07
1.400000000000000000e+01 1.496173535984899498e-05
1.500000000000000000e+01 6.604608618617093540e-07
1.600000000000000000e+01 2.251152814276824636e-06
1.700000000000000000e+01 8.663368262980221249e-07
1.800000000000000000e+01 1.558184275076602855e-05
1.900000000000000000e+01 9.490467877682938593e-07
2.000000000000000000e+01 2.852417055191828536e-06
2.100000000000000000e+01 6.320000428967616469e-06
2.200000000000000000e+01 3.063206877893961556e-06
2.300000000000000000e+01 7.914319324775086797e-06
2.400000000000000000e+01 7.335650913939169004e-06
2.500000000000000000e+01 2.237488687096700148e-06
2.600000000000000000e+01 1.684450622020536520e-05
2.700000000000000000e+01 2.159392131899686088e-05
2.800000000000000000e+01 1.520721648909876643e-05
2.900000000000000000e+01 1.186377816007273662e-05
3.000000000000000000e+01 0.000000000000000000e+00
1.000000000000000000e+00 6.872734898505294361e-07
2.000000000000000000e+00 9.573372546994094641e-07
3.000000000000000000e+00 7.065193517168767308e-07
4.000000000000000000e+00 3.319765080525566712e-07
5.000000000000000000e+00 1.958414216805145122e-06
6.000000000000000000e+00 1.604620843994964888e-06
7.000000000000000000e+00 1.120789027306356861e-05
8.000000000000000000e+00 5.181178046881418067e-06
9.000000000000000000e+00 5.603960749499435050e-06
1.000000000000000000e+01 1.594547620373716538e-06
1.100000000000000000e+01 1.380652712081270150e-04
1.200000000000000000e+01 4.686873040157698056e-07
1.300000000000000000e+01 2.707981390126385567e-06
1.400000000000000000e+01 1.522932342599908191e-06
1.500000000000000000e+01 1.758769488913704672e-06
1.600000000000000000e+01 1.947658441501303235e-06
1.700000000000000000e+01 1.059555003558234018e-06
1.800000000000000000e+01 1.173778229942098378e-05
1.900000000000000000e+01 1.183585555501764525e-06
2.000000000000000000e+01 1.965019230302996724e-06
2.100000000000000000e+01 2.235398687606020119e-06
2.200000000000000000e+01 6.448354041801899222e-06
2.300000000000000000e+01 5.730080861276872540e-06
2.400000000000000000e+01 3.486191140815840659e-07
2.500000000000000000e+01 6.456530711477541139e-06
2.600000000000000000e+01 1.602146831792070914e-06
2.700000000000000000e+01 7.044729570757577778e-06
2.800000000000000000e+01 1.020355947988107106e-05
2.900000000000000000e+01 5.133252492715175836e-06
3.000000000000000000e+01 0.000000000000000000e+00
1.000000000000000000e+00 7.708049791961396399e-07
2.000000000000000000e+00 1.685587846300059691e-06
3.000000000000000000e+00 1.148430848998521799e-06
4.000000000000000000e+00 7.399764077462379081e-07
5.000000000000000000e+00 9.354045919045152527e-07
6.000000000000000000e+00 9.735683746201705577e-07
7.000000000000000000e+00 1.173181433484718262e-05
8.000000000000000000e+00 5.673235263703187343e-07
9.000000000000000000e+00 1.415918063724191415e-06
1.000000000000000000e+01 4.717788485037986898e-07
1.100000000000000000e+01 1.075222828695937202e-06
1.200000000000000000e+01 5.670961602748030936e-07
1.300000000000000000e+01 7.080489494004098389e-06
1.400000000000000000e+01 1.001885738217262712e-06
1.500000000000000000e+01 5.646250212976136935e-07
1.600000000000000000e+01 6.681425041161581473e-06
1.700000000000000000e+01 2.098076129852810974e-06
1.800000000000000000e+01 5.794142852873548623e-06
1.900000000000000000e+01 2.950895779094682641e-06
2.000000000000000000e+01 6.522782107930709678e-06
2.100000000000000000e+01 1.125261535090676195e-05
2.200000000000000000e+01 1.172507325960011296e-05
2.300000000000000000e+01 8.553413528696783780e-06
2.400000000000000000e+01 6.449827383168761125e-07
2.500000000000000000e+01 5.725877187808760648e-06
2.600000000000000000e+01 1.581877610395858876e-06
2.700000000000000000e+01 2.152845951519369992e-06
2.800000000000000000e+01 1.184883166400147685e-06
2.900000000000000000e+01 1.152143447147647777e-05
3.000000000000000000e+01 0.000000000000000000e+00
1.000000000000000000e+00 1.168424876168527510e-06
2.000000000000000000e+00 1.111223352393788638e-06
3.000000000000000000e+00 1.441093397870427292e-06
4.000000000000000000e+00 5.290344595073035491e-06
5.000000000000000000e+00 8.072292770655662601e-07
6.000000000000000000e+00 5.599355717485506899e-06
7.000000000000000000e+00 5.951122937211935434e-06
8.000000000000000000e+00 3.418466566149690013e-07
9.000000000000000000e+00 5.602494190181770340e-06
1.000000000000000000e+01 7.199625943040612526e-07
1.100000000000000000e+01 4.026759601603758013e-07
1.200000000000000000e+01 7.008301140801454100e-07
1.300000000000000000e+01 1.708538682048830981e-06
1.400000000000000000e+01 1.295265879073046544e-06
1.500000000000000000e+01 3.900983055832875056e-07
1.600000000000000000e+01 2.590665269542548784e-07
1.700000000000000000e+01 8.534829625058503934e-07
1.800000000000000000e+01 5.166950808681026455e-06
1.900000000000000000e+01 2.473874552541101222e-07
2.000000000000000000e+01 5.885130127637356196e-06
2.100000000000000000e+01 1.241955163167931285e-06
2.200000000000000000e+01 2.674713214768264242e-06
2.300000000000000000e+01 2.307503609066449521e-06
2.400000000000000000e+01 1.009437954448421209e-06
2.500000000000000000e+01 9.934787158713894560e-07
2.600000000000000000e+01 1.201313412025393488e-05
2.700000000000000000e+01 6.299986567437980311e-06
2.800000000000000000e+01 6.055450708836090344e-06
2.900000000000000000e+01 1.626030015542689425e-05
3.000000000000000000e+01 0.000000000000000000e+00
1.000000000000000000e+00 7.964245950980137553e-07
2.000000000000000000e+00 9.676674851827212768e-07
3.000000000000000000e+00 1.258516230039756026e-06
4.000000000000000000e+00 2.772896389710273745e-07
5.000000000000000000e+00 5.881496503522951211e-07
6.000000000000000000e+00 6.592762788194483758e-07
7.000000000000000000e+00 2.379408879982122585e-06
8.000000000000000000e+00 6.034097453558001099e-07
9.000000000000000000e+00 8.391104933081622223e-07
1.000000000000000000e+01 6.215620314143807178e-07
1.100000000000000000e+01 4.702967998719503530e-06
1.200000000000000000e+01 4.345873323922998542e-07
1.300000000000000000e+01 8.416611655085296482e-07
1.400000000000000000e+01 8.602249720235618025e-07
1.500000000000000000e+01 2.695073379854827695e-07
1.600000000000000000e+01 1.274985142447695840e-06
1.700000000000000000e+01 6.896120122014914416e-07
1.800000000000000000e+01 3.222924974587842402e-07
1.900000000000000000e+01 7.369400934228427117e-07
2.000000000000000000e+01 6.651493817771359541e-06
2.100000000000000000e+01 1.762576183229633565e-06
2.200000000000000000e+01 1.484583405991122979e-06
2.300000000000000000e+01 7.716271837307294807e-07
2.400000000000000000e+01 7.522568783888587888e-07
2.500000000000000000e+01 5.724324256544213675e-07
2.600000000000000000e+01 9.680662693320449928e-07
2.700000000000000000e+01 8.318821873344920411e-07
2.800000000000000000e+01 2.219733496974133590e-07
2.900000000000000000e+01 1.030598564494155219e-06
3.000000000000000000e+01 0.000000000000000000e+00
1.000000000000000000e+00 4.898356826727006536e-07
2.000000000000000000e+00 5.457557859097027389e-06
3.000000000000000000e+00 1.707948447984002908e-06
4.000000000000000000e+00 1.080634151730182614e-06
5.000000000000000000e+00 6.421459319932683411e-07
6.000000000000000000e+00 1.828710464392623287e-06
7.000000000000000000e+00 2.577875367223726840e-06
8.000000000000000000e+00 4.998195941424016914e-07
9.000000000000000000e+00 2.721107128392649431e-06
1.000000000000000000e+01 5.134000920782452452e-07
1.100000000000000000e+01 5.497957621091100119e-06
1.200000000000000000e+01 1.248424296961947602e-06
1.300000000000000000e+01 2.403033379820527771e-06
1.400000000000000000e+01 1.273656994295127070e-06
1.500000000000000000e+01 9.021364113941663132e-07
1.600000000000000000e+01 6.351835920905874389e-06
1.700000000000000000e+01 5.903477830826849148e-07
1.800000000000000000e+01 1.487432998426727359e-06
1.900000000000000000e+01 1.047141871636744792e-06
2.000000000000000000e+01 1.765953456532315577e-06
2.100000000000000000e+01 6.189491065628847931e-07
2.200000000000000000e+01 6.243101936586463406e-06
2.300000000000000000e+01 2.364958342511361510e-06
2.400000000000000000e+01 1.570484434099066335e-06
2.500000000000000000e+01 5.906977861109154166e-06
2.600000000000000000e+01 9.609775509488190697e-07
2.700000000000000000e+01 6.660485812040065296e-06
2.800000000000000000e+01 1.598669995121923765e-06
2.900000000000000000e+01 6.199796620375804315e-07
3.000000000000000000e+01 0.000000000000000000e+00
1.000000000000000000e+00 1.316589263451745474e-06
2.000000000000000000e+00 6.298587260149822429e-06
3.000000000000000000e+00 5.947213084990944717e-06
4.000000000000000000e+00 5.508229483703047042e-06
5.000000000000000000e+00 1.327891875605634791e-06
6.000000000000000000e+00 1.035921802809256760e-05
7.000000000000000000e+00 1.901689744672277982e-06
8.000000000000000000e+00 2.367318169324286908e-07
9.000000000000000000e+00 8.001028529618723445e-07
1.000000000000000000e+01 5.548345579490997205e-06
1.100000000000000000e+01 1.415756112717229656e-05
1.200000000000000000e+01 5.188578744679950134e-07
1.300000000000000000e+01 6.613586238170230682e-07
1.400000000000000000e+01 4.697510862075638386e-07
1.500000000000000000e+01 2.632845253330676111e-07
1.600000000000000000e+01 4.571406359831032876e-07
1.700000000000000000e+01 5.485982646643801384e-06
1.800000000000000000e+01 6.172779613814513719e-06
1.900000000000000000e+01 5.047407960502496813e-07
2.000000000000000000e+01 1.249383495798987552e-06
2.100000000000000000e+01 9.077008878346598572e-07
2.200000000000000000e+01 7.021927417998731770e-06
2.300000000000000000e+01 7.186711954467395431e-06
2.400000000000000000e+01 4.636137095139791835e-07
2.500000000000000000e+01 2.039205856167344444e-06
2.600000000000000000e+01 1.693237001697322429e-06
2.700000000000000000e+01 1.124456401604205244e-05
2.800000000000000000e+01 1.662259417514916635e-06
2.900000000000000000e+01 7.034586804082860517e-06
3.000000000000000000e+01 0.000000000000000000e+00
1.000000000000000000e+00 1.102351738210279396e-06
2.000000000000000000e+00 7.285866621461981011e-06
3.000000000000000000e+00 7.686866216718937314e-06
4.000000000000000000e+00 4.865482075483884861e-07
5.000000000000000000e+00 7.356621896240631707e-06
6.000000000000000000e+00 1.139034635838865159e-05
7.000000000000000000e+00 6.193848964166591104e-06
8.000000000000000000e+00 2.018247144755098082e-07
9.000000000000000000e+00 6.519548681393455158e-06
1.000000000000000000e+01 1.586032348004303102e-06
1.100000000000000000e+01 9.944955286371263728e-07
1.200000000000000000e+01 1.999341613296245680e-06
1.300000000000000000e+01 7.047801387365351298e-06
1.400000000000000000e+01 5.020682822493990676e-07
1.500000000000000000e+01 1.349715821241668108e-06
1.600000000000000000e+01 1.177021873862308123e-05
1.700000000000000000e+01 1.045378968369485387e-05
1.800000000000000000e+01 1.649600286466063945e-05
1.900000000000000000e+01 1.619069166007770942e-06
2.000000000000000000e+01 7.731234147283087808e-06
2.100000000000000000e+01 7.555350479027959020e-06
2.200000000000000000e+01 1.460611797989548652e-05
2.300000000000000000e+01 8.633547651051281667e-06
2.400000000000000000e+01 1.260821099756121377e-06
2.500000000000000000e+01 3.413248087567274313e-06
2.600000000000000000e+01 1.324263414195228370e-05
2.700000000000000000e+01 1.331749042690785306e-05
2.800000000000000000e+01 7.963432925998081542e-06
2.900000000000000000e+01 1.249701278168468600e-05
3.000000000000000000e+01 0.000000000000000000e+00
1.000000000000000000e+00 1.803488617651195618e-06
2.000000000000000000e+00 2.032486095686693508e-06
3.000000000000000000e+00 1.264315447131160017e-06
4.000000000000000000e+00 1.689114920626099830e-06
5.000000000000000000e+00 6.018978684163119553e-06
6.000000000000000000e+00 7.083029356830536098e-06
7.000000000000000000e+00 1.270263457813645532e-05
8.000000000000000000e+00 6.747826949645544175e-07
9.000000000000000000e+00 1.763670920006065092e-06
1.000000000000000000e+01 1.383150308795845158e-06
1.100000000000000000e+01 1.043388489311038735e-05
1.200000000000000000e+01 2.152904801982739603e-06
1.300000000000000000e+01 2.857612017289144266e-06
1.400000000000000000e+01 6.065690708353896052e-07
1.500000000000000000e+01 3.706160062656736674e-07
1.600000000000000000e+01 1.484701397160028491e-06
1.700000000000000000e+01 1.404611606290952249e-06
1.800000000000000000e+01 6.637901043794072298e-07
1.900000000000000000e+01 3.331027180712245102e-07
2.000000000000000000e+01 8.122703934689582485e-06
2.100000000000000000e+01 6.318728362814678330e-06
2.200000000000000000e+01 1.384513779248300411e-05
2.300000000000000000e+01 3.277921372341654141e-06
2.400000000000000000e+01 1.519614788769684960e-06
2.500000000000000000e+01 1.322918914417282809e-06
2.600000000000000000e+01 2.239184067155530072e-06
2.700000000000000000e+01 7.786195223080495469e-06
2.800000000000000000e+01 6.513764809353856415e-06
2.900000000000000000e+01 1.022177256051031162e-05
3.000000000000000000e+01 0.000000000000000000e+00
1.000000000000000000e+00 2.226763188000835055e-06
2.000000000000000000e+00 7.624129172023955077e-07
3.000000000000000000e+00 3.712468999949098847e-07
4.000000000000000000e+00 2.270537004872623334e-07
5.000000000000000000e+00 1.399285762150769228e-06
6.000000000000000000e+00 1.418708244103595847e-06
7.000000000000000000e+00 1.116337875162796929e-05
8.000000000000000000e+00 6.198614871058833939e-07
9.000000000000000000e+00 1.057692152052092700e-06
1.000000000000000000e+01 7.205012511337676895e-07
1.100000000000000000e+01 1.648015319507746459e-07
1.200000000000000000e+01 5.419981507634275349e-07
1.300000000000000000e+01 1.986490080028450111e-06
1.400000000000000000e+01 1.133692592922730147e-05
1.500000000000000000e+01 3.416246660104606943e-07
1.600000000000000000e+01 5.350103298311856067e-06
1.700000000000000000e+01 6.069921838043967915e-07
1.800000000000000000e+01 1.482336679165509332e-06
1.900000000000000000e+01 1.262316971815163770e-06
2.000000000000000000e+01 2.382187754656318904e-06
2.100000000000000000e+01 8.594085362667015855e-07
2.200000000000000000e+01 6.803754686423259113e-06
2.300000000000000000e+01 1.334162088753833046e-06
2.400000000000000000e+01 1.230446649099551601e-06
2.500000000000000000e+01 5.939813306006369750e-06
2.600000000000000000e+01 7.471586028267439107e-06
2.700000000000000000e+01 2.943556763767401301e-06
2.800000000000000000e+01 1.733762476332367751e-06
2.900000000000000000e+01 1.448219472653076244e-05
3.000000000000000000e+01 0.000000000000000000e+00
1.000000000000000000e+00 6.724588009905102961e-06
2.000000000000000000e+00 1.573466960881612489e-06
3.000000000000000000e+00 3.657012757276866586e-06
4.000000000000000000e+00 1.237836683503942685e-06
5.000000000000000000e+00 3.516204068234554262e-06
6.000000000000000000e+00 2.798663993051319318e-06
7.000000000000000000e+00 6.810431413779894120e-06
8.000000000000000000e+00 1.134028421313571108e-06
9.000000000000000000e+00 6.537607669193578861e-06
1.000000000000000000e+01 1.431091987717699480e-06
1.100000000000000000e+01 4.711132699769960060e-07
1.200000000000000000e+01 1.505603035627496970e-06
1.300000000000000000e+01 2.554619533328321076e-06
1.400000000000000000e+01 1.452040321340965016e-05
1.500000000000000000e+01 7.175776881636025889e-07
1.600000000000000000e+01 2.045066161506393226e-06
1.700000000000000000e+01 5.704853573782885704e-06
1.800000000000000000e+01 1.144291793054099125e-06
1.900000000000000000e+01 9.479739256337025460e-07
2.000000000000000000e+01 4.400486296318565594e-06
2.100000000000000000e+01 3.538343120688170859e-06
2.200000000000000000e+01 3.461346572824889138e-06
2.300000000000000000e+01 6.997066967406874417e-06
2.400000000000000000e+01 1.195452034335997741e-06
2.500000000000000000e+01 6.935328901899795293e-07
2.600000000000000000e+01 1.234008300713338196e-05
2.700000000000000000e+01 1.334979361575970289e-05
2.800000000000000000e+01 1.352415987049134724e-06
2.900000000000000000e+01 5.763844952300259619e-07
3.000000000000000000e+01 0.000000000000000000e+00
1.000000000000000000e+00 5.524606543911132300e-07
2.000000000000000000e+00 1.943959047481589193e-06
3.000000000000000000e+00 1.186633963821221585e-06
4.000000000000000000e+00 1.850100394945619142e-07
5.000000000000000000e+00 1.150836156243669071e-06
6.000000000000000000e+00 1.699208414828932698e-06
7.000000000000000000e+00 1.571594941673060177e-05
8.000000000000000000e+00 1.242616568390213928e-07
9.000000000000000000e+00 1.054683666284986350e-05
1.000000000000000000e+01 4.351611188285729951e-07
1.100000000000000000e+01 5.192750132571242848e-06
1.200000000000000000e+01 5.869576900067845802e-06
1.300000000000000000e+01 2.159796519783708581e-06
1.400000000000000000e+01 5.112008361621944613e-07
1.500000000000000000e+01 4.982029469940313268e-07
1.600000000000000000e+01 2.600195515332374074e-06
1.700000000000000000e+01 1.653015424349571488e-06
1.800000000000000000e+01 4.998242369866155264e-06
1.900000000000000000e+01 1.170715113557933559e-06
2.000000000000000000e+01 2.026949714344406717e-06
2.100000000000000000e+01 2.807253775221803548e-06
2.200000000000000000e+01 3.301518877941192771e-06
2.300000000000000000e+01 8.946785278170667612e-06
2.400000000000000000e+01 2.317229156920765802e-06
2.500000000000000000e+01 1.154546445507775864e-06
2.600000000000000000e+01 2.273499015484060109e-06
2.700000000000000000e+01 7.287831473339338393e-06
2.800000000000000000e+01 1.107678751219210029e-05
2.900000000000000000e+01 1.037592432080946171e-06
3.000000000000000000e+01 0.000000000000000000e+00
1.000000000000000000e+00 1.376523288415639341e-06
2.000000000000000000e+00 1.968761734730143670e-06
3.000000000000000000e+00 2.666475151146127978e-06
4.000000000000000000e+00 1.458221518934196441e-06
5.000000000000000000e+00 6.832851468737859474e-07
6.000000000000000000e+00 1.508482375309023829e-06
7.000000000000000000e+00 6.849457105814994731e-06
8.000000000000000000e+00 4.976313145324614197e-06
9.000000000000000000e+00 7.530787720723712460e-07
1.000000000000000000e+01 1.199635766965105377e-06
1.100000000000000000e+01 5.013928190018163302e-06
1.200000000000000000e+01 2.020458948063256973e-06
1.300000000000000000e+01 2.008345675799874059e-06
1.400000000000000000e+01 5.153912203173949878e-07
1.500000000000000000e+01 5.659275503409163437e-06
1.600000000000000000e+01 8.924356612122635972e-07
1.700000000000000000e+01 1.130175956323254051e-06
1.800000000000000000e+01 1.096589807619741428e-05
1.900000000000000000e+01 6.586390839156097231e-07
2.000000000000000000e+01 6.038480999885745822e-06
2.100000000000000000e+01 8.515069354463898359e-07
2.200000000000000000e+01 3.169752788349062668e-06
2.300000000000000000e+01 7.506012079236302804e-06
2.400000000000000000e+01 4.088049576141443516e-07
2.500000000000000000e+01 2.545664489120005799e-06
2.600000000000000000e+01 2.413899862760571647e-06
2.700000000000000000e+01 2.726833930922289212e-06
2.800000000000000000e+01 1.618962913331208853e-06
2.900000000000000000e+01 1.654453988178766471e-06
3.000000000000000000e+01 0.000000000000000000e+00
1.000000000000000000e+00 5.715886755336070599e-06
2.000000000000000000e+00 6.136884818983397886e-06
3.000000000000000000e+00 9.425572391303147294e-07
4.000000000000000000e+00 1.048475105725118486e-05
5.000000000000000000e+00 1.310890217690687395e-06
6.000000000000000000e+00 6.844183417676856332e-06
7.000000000000000000e+00 2.589057408659991124e-06
8.000000000000000000e+00 7.155364235957065803e-07
9.000000000000000000e+00 5.614112520550941416e-06
1.000000000000000000e+01 5.825789015896747690e-06
1.100000000000000000e+01 4.805369412477622589e-06
1.200000000000000000e+01 6.015066085804709591e-07
1.300000000000000000e+01 1.713268890872039674e-06
1.400000000000000000e+01 5.765106999087531278e-06
1.500000000000000000e+01 3.390816517380170505e-07
1.600000000000000000e+01 1.314566230557151445e-05
1.700000000000000000e+01 1.587634285542297402e-06
1.800000000000000000e+01 6.911735246731834339e-06
1.900000000000000000e+01 8.787295553974133615e-07
2.000000000000000000e+01 1.131635313341673757e-05
2.100000000000000000e+01 1.865665805816473407e-06
2.200000000000000000e+01 1.148283534783783077e-05
2.300000000000000000e+01 8.494020676567173630e-06
2.400000000000000000e+01 5.488882679389592629e-07
2.500000000000000000e+01 9.172437771915122066e-07
2.600000000000000000e+01 6.448314045057468404e-06
2.700000000000000000e+01 7.163625139405051301e-06
2.800000000000000000e+01 5.745798278324584726e-06
2.900000000000000000e+01 1.294680927759125351e-06
3.000000000000000000e+01 0.000000000000000000e+00
1.000000000000000000e+00 4.994915375437188221e-06
2.000000000000000000e+00 8.188885779502235523e-07
3.000000000000000000e+00 3.174091901864238598e-07
4.000000000000000000e+00 7.642455835232511051e-07
5.000000000000000000e+00 6.804190192217540088e-07
6.000000000000000000e+00 1.607784933567862497e-06
7.000000000000000000e+00 1.048300450354841082e-05
8.000000000000000000e+00 1.086239949037652353e-06
9.000000000000000000e+00 6.084368008142961930e-06
1.000000000000000000e+01 2.221196832714603164e-07
1.100000000000000000e+01 4.781763632400233130e-06
1.200000000000000000e+01 5.385261211218201756e-07
1.300000000000000000e+01 7.837052233429895845e-07
1.400000000000000000e+01 1.973937789868833320e-05
1.500000000000000000e+01 4.899599920185602059e-06
1.600000000000000000e+01 5.394144222129609867e-06
1.700000000000000000e+01 5.237288564092653804e-06
1.800000000000000000e+01 5.909292619668081906e-06
1.900000000000000000e+01 5.730911534356561023e-07
2.000000000000000000e+01 1.499606031380391877e-06
2.100000000000000000e+01 5.028504570653001062e-06
2.200000000000000000e+01 1.493858428448408839e-05
2.300000000000000000e+01 9.013405931355624651e-07
2.400000000000000000e+01 1.837155903466401310e-07
2.500000000000000000e+01 4.373121567620293020e-07
2.600000000000000000e+01 1.511896243168377983e-06
2.700000000000000000e+01 6.342694529204988979e-06
2.800000000000000000e+01 5.033285178568573373e-06
2.900000000000000000e+01 1.519449287877767001e-05
3.000000000000000000e+01 0.000000000000000000e+00
1.000000000000000000e+00 6.750881059763769643e-06
2.000000000000000000e+00 8.204392734913851001e-06
3.000000000000000000e+00 1.368119508538462987e-06
4.000000000000000000e+00 7.294951785183449067e-06
5.000000000000000000e+00 8.809549932177472004e-07
6.000000000000000000e+00 1.653814603578111718e-06
7.000000000000000000e+00 1.759120794940346314e-05
8.000000000000000000e+00 7.184665453518642240e-07
9.000000000000000000e+00 1.146859639690623529e-05
1.000000000000000000e+01 1.242065867369314511e-06
1.100000000000000000e+01 3.199977604570973404e-07
1.200000000000000000e+01 9.355237285854020186e-07
1.300000000000000000e+01 2.258671865617618710e-06
1.400000000000000000e+01 1.693209226037239119e-06
1.500000000000000000e+01 2.054397579390500643e-07
1.600000000000000000e+01 8.997682534288843119e-07
1.700000000000000000e+01 1.104982838404053361e-06
1.800000000000000000e+01 2.940707878904415252e-06
1.900000000000000000e+01 5.532942436317373280e-07
2.000000000000000000e+01 5.106752486452728711e-06
2.100000000000000000e+01 7.919557945133391352e-06
2.200000000000000000e+01 3.195729256135585402e-06
2.300000000000000000e+01 9.091702391445707481e-06
2.400000000000000000e+01 1.214996507303913882e-06
2.500000000000000000e+01 1.676333873269461188e-06
2.600000000000000000e+01 8.062014192973480440e-06
2.700000000000000000e+01 9.858556175227559522e-06
2.800000000000000000e+01 1.350917159328742957e-06
2.900000000000000000e+01 1.012249118821219687e-05
3.000000000000000000e+01 0.000000000000000000e+00
1.000000000000000000e+00 1.701721738529959741e-06
2.000000000000000000e+00 4.469633572821916483e-06
3.000000000000000000e+00 2.426890119761950026e-06
4.000000000000000000e+00 7.527450129879565121e-06
5.000000000000000000e+00 1.437189400297629445e-06
6.000000000000000000e+00 8.308214033957972140e-06
7.000000000000000000e+00 8.595836330111606124e-06
8.000000000000000000e+00 9.772591335060873982e-07
9.000000000000000000e+00 6.301093161207994634e-06
1.000000000000000000e+01 2.855917332781067956e-06
1.100000000000000000e+01 1.511313332136666557e-06
1.200000000000000000e+01 1.789151284929711465e-06
1.300000000000000000e+01 2.359356375026558352e-06
1.400000000000000000e+01 1.588123027589053054e-06
1.500000000000000000e+01 1.862323567662848371e-06
1.600000000000000000e+01 8.119430274405417975e-06
1.700000000000000000e+01 6.767397908499183863e-06
1.800000000000000000e+01 1.143910972318749762e-05
1.900000000000000000e+01 8.188801557751756658e-07
2.000000000000000000e+01 1.500484403441593570e-05
2.100000000000000000e+01 2.382571365494764287e-06
2.200000000000000000e+01 1.155514489174284537e-05
2.300000000000000000e+01 1.045364800601733117e-05
2.400000000000000000e+01 1.574806169149864035e-06
2.500000000000000000e+01 7.490549039697065993e-06
2.600000000000000000e+01 2.215742591622762594e-06
2.700000000000000000e+01 9.576157782952216926e-06
2.800000000000000000e+01 3.821192394722966425e-06
2.900000000000000000e+01 7.327337397658274355e-06
3.000000000000000000e+01 0.000000000000000000e+00
1.000000000000000000e+00 5.791625524174109531e-07
2.000000000000000000e+00 5.967128796580942699e-07
3.000000000000000000e+00 4.512351284321336224e-07
4.000000000000000000e+00 9.006886989258031888e-07
5.000000000000000000e+00 1.846773690758818811e-06
6.000000000000000000e+00 5.895270692593393275e-07
7.000000000000000000e+00 1.785694665601461293e-06
8.000000000000000000e+00 1.581949011686155410e-06
9.000000000000000000e+00 1.095471339853792523e-06
1.000000000000000000e+01 6.420761588069574651e-07
1.100000000000000000e+01 1.651902060552224477e-06
1.200000000000000000e+01 7.793250534418649335e-07
1.300000000000000000e+01 9.019419680343088384e-07
1.400000000000000000e+01 8.748415469048960051e-07
1.500000000000000000e+01 2.632981564104237958e-07
1.600000000000000000e+01 1.450471409067961973e-06
1.700000000000000000e+01 1.041587112297886827e-06
1.800000000000000000e+01 1.738317090362429830e-06
1.900000000000000000e+01 1.141702431057753291e-06
2.000000000000000000e+01 1.134738784721842528e-06
2.100000000000000000e+01 9.622879118936042633e-07
2.200000000000000000e+01 1.112486769673656007e-06
2.300000000000000000e+01 1.542719322343442070e-06
2.400000000000000000e+01 7.371338584060396455e-07
2.500000000000000000e+01 1.489776078781885265e-06
2.600000000000000000e+01 1.172432242887727220e-06
2.700000000000000000e+01 2.308729827261582735e-06
2.800000000000000000e+01 8.310725284746014029e-07
2.900000000000000000e+01 4.417315454211866219e-07
3.000000000000000000e+01 0.000000000000000000e+00
1.000000000000000000e+00 6.192390090255398691e-06
2.000000000000000000e+00 1.840581621449701159e-06
3.000000000000000000e+00 8.900269758230869767e-07
4.000000000000000000e+00 1.297225048043137442e-07
5.000000000000000000e+00 5.617367730707345606e-06
6.000000000000000000e+00 2.342727755578605689e-06
7.000000000000000000e+00 6.452131421659041580e-06
8.000000000000000000e+00 9.689087581874932374e-07
9.000000000000000000e+00 1.584815578994959866e-06
1.000000000000000000e+01 8.991983844031503798e-07
1.100000000000000000e+01 5.553210412591867355e-06
1.200000000000000000e+01 9.102522452813251379e-07
1.300000000000000000e+01 1.699329957600203219e-06
1.400000000000000000e+01 1.083055900249470562e-05
1.500000000000000000e+01 1.447190375945812461e-06
1.600000000000000000e+01 2.148183681689374303e-06
1.700000000000000000e+01 5.246435238544446942e-06
1.800000000000000000e+01 1.687221506104634192e-06
1.900000000000000000e+01 8.421186592936630196e-07
2.000000000000000000e+01 2.803118191878919846e-06
2.100000000000000000e+01 1.820369637869556448e-06
2.200000000000000000e+01 2.457835710327111571e-06
2.300000000000000000e+01 1.807963246779442226e-06
2.400000000000000000e+01 4.469900293350796764e-07
2.500000000000000000e+01 1.989216439762064499e-06
2.600000000000000000e+01 2.366576157498033921e-06
2.700000000000000000e+01 3.825671162807547511e-06
2.800000000000000000e+01 6.272730415071009310e-06
2.900000000000000000e+01 1.543384610628078518e-06
3.000000000000000000e+01 0.000000000000000000e+00
1.000000000000000000e+00 8.285046375289179446e-07
2.000000000000000000e+00 1.111300130892501782e-06
3.000000000000000000e+00 4.970413016699470151e-07
4.000000000000000000e+00 1.327218467409981463e-06
5.000000000000000000e+00 1.440093166691167844e-06
6.000000000000000000e+00 1.263021186898257480e-06
7.000000000000000000e+00 1.792511363530807195e-06
8.000000000000000000e+00 5.335532045861091451e-07
9.000000000000000000e+00 1.032304218095223338e-06
1.000000000000000000e+01 9.223466535213138181e-07
1.100000000000000000e+01 6.178258487707477777e-07
1.200000000000000000e+01 8.451740282728812896e-07
1.300000000000000000e+01 1.034420260380035742e-06
1.400000000000000000e+01 1.356601519523154616e-06
1.500000000000000000e+01 5.372228942951320654e-07
1.600000000000000000e+01 1.977511469530165663e-06
1.700000000000000000e+01 1.951976992475318977e-07
1.800000000000000000e+01 7.788698317891924633e-07
1.900000000000000000e+01 1.156061600638073808e-06
2.000000000000000000e+01 2.438298234084551427e-06
2.100000000000000000e+01 2.399407413634046039e-06
2.200000000000000000e+01 1.741330175008072901e-06
2.300000000000000000e+01 2.978894726426532870e-06
2.400000000000000000e+01 2.998905147985406608e-07
2.500000000000000000e+01 1.266690395732685695e-06
2.600000000000000000e+01 2.836644638112325050e-06
2.700000000000000000e+01 2.661309419354545343e-06
2.800000000000000000e+01 4.650316163445047784e-07
2.900000000000000000e+01 6.506101080021549530e-07
3.000000000000000000e+01 0.000000000000000000e+00
1.000000000000000000e+00 7.761851065214862621e-06
2.000000000000000000e+00 1.234340939875169627e-06
3.000000000000000000e+00 1.564659854307599892e-06
4.000000000000000000e+00 1.101677728921382607e-06
5.000000000000000000e+00 2.321104994133804745e-06
6.000000000000000000e+00 1.687351360621536396e-05
7.000000000000000000e+00 7.419535957743633686e-06
8.000000000000000000e+00 7.306739848827937421e-07
9.000000000000000000e+00 1.032732145134148323e-05
1.000000000000000000e+01 9.699983822365355230e-07
1.100000000000000000e+01 7.211611673622153543e-07
1.200000000000000000e+01 4.235513789405573755e-07
1.300000000000000000e+01 1.690796685064257102e-06
1.400000000000000000e+01 5.970671760377526303e-06
1.500000000000000000e+01 5.870094760788731853e-07
1.600000000000000000e+01 7.445123483853344866e-07
1.700000000000000000e+01 3.298742428248882344e-07
1.800000000000000000e+01 3.106837026610885565e-06
1.900000000000000000e+01 5.322648676977704344e-06
2.000000000000000000e+01 3.257155678839573416e-06
2.100000000000000000e+01 1.890742576127437830e-06
2.200000000000000000e+01 1.718429341630125128e-06
2.300000000000000000e+01 2.217844995960581976e-06
2.400000000000000000e+01 1.258646990146565391e-06
2.500000000000000000e+01 1.953452178339734299e-06
2.600000000000000000e+01 2.655186158047730288e-06
2.700000000000000000e+01 1.676619327298631506e-06
2.800000000000000000e+01 1.576725446137489179e-06
2.900000000000000000e+01 8.784026293692512401e-07
3.000000000000000000e+01 0.000000000000000000e+00
1.000000000000000000e+00 5.294813474315054400e-07
2.000000000000000000e+00 1.416563668781213238e-06
3.000000000000000000e+00 1.509871608274419051e-06
4.000000000000000000e+00 1.892236711885710737e-06
5.000000000000000000e+00 1.886510369621755097e-06
6.000000000000000000e+00 1.499355710392606603e-06
7.000000000000000000e+00 2.200053355543721676e-06
8.000000000000000000e+00 4.412307368569175677e-07
9.000000000000000000e+00 3.626046803390020282e-06
1.000000000000000000e+01 1.408131197864813967e-06
1.100000000000000000e+01 3.404582170926552500e-07
1.200000000000000000e+01 1.625675393713975030e-06
1.300000000000000000e+01 3.649374000792718520e-06
1.400000000000000000e+01 1.892649329766684141e-07
1.500000000000000000e+01 9.325616149294092959e-07
1.600000000000000000e+01 1.148997916929740410e-06
1.700000000000000000e+01 6.798331920291064395e-07
1.800000000000000000e+01 1.106607700607913960e-05
1.900000000000000000e+01 1.295686283687638969e-06
2.000000000000000000e+01 2.543454815399338313e-06
2.100000000000000000e+01 1.252874267527931325e-06
2.200000000000000000e+01 1.303960722553283784e-05
2.300000000000000000e+01 8.720503566888423424e-06
2.400000000000000000e+01 6.338432195905935786e-06
2.500000000000000000e+01 2.490564528152545124e-06
2.600000000000000000e+01 1.084428480355903552e-05
2.700000000000000000e+01 2.794136208388833982e-06
2.800000000000000000e+01 1.592682259732635358e-06
2.900000000000000000e+01 1.123763610899299864e-05
3.000000000000000000e+01 0.000000000000000000e+00
1.000000000000000000e+00 2.454333389020844045e-06
2.000000000000000000e+00 2.435039561631064342e-06
3.000000000000000000e+00 1.233547216855872044e-06
4.000000000000000000e+00 2.903296630581594807e-07
5.000000000000000000e+00 6.226675002813248810e-07
6.000000000000000000e+00 1.020752852089505739e-05
7.000000000000000000e+00 1.622791177448833040e-05
8.000000000000000000e+00 4.219853833437134393e-07
9.000000000000000000e+00 1.088907978854646374e-05
1.000000000000000000e+01 6.639269990721199946e-07
1.100000000000000000e+01 1.470568122027222086e-05
1.200000000000000000e+01 7.239817355811989580e-07
1.300000000000000000e+01 1.588258309634463639e-06
1.400000000000000000e+01 1.062900757935593327e-05
1.500000000000000000e+01 9.935138197168172392e-07
1.600000000000000000e+01 2.117239554356908710e-06
1.700000000000000000e+01 1.327445807744357971e-06
1.800000000000000000e+01 5.598338779348893294e-06
1.900000000000000000e+01 1.751438341038277772e-06
2.000000000000000000e+01 6.887937918846613090e-06
2.100000000000000000e+01 6.396173633653963880e-06
2.200000000000000000e+01 2.210663575259914570e-06
2.300000000000000000e+01 7.016846299526939849e-07
2.400000000000000000e+01 6.833432038940738766e-07
2.500000000000000000e+01 3.075557437726198522e-06
2.600000000000000000e+01 7.399977204517658450e-06
2.700000000000000000e+01 1.546093013130392113e-06
2.800000000000000000e+01 5.455205846496268679e-07
2.900000000000000000e+01 7.020429467874475125e-07
3.000000000000000000e+01 0.000000000000000000e+00
1.000000000000000000e+00 2.263728948946711365e-06
2.000000000000000000e+00 1.232657698465042411e-06
3.000000000000000000e+00 3.020262373913721439e-06
4.000000000000000000e+00 4.155769118798439705e-07
5.000000000000000000e+00 4.899702296669447128e-07
6.000000000000000000e+00 1.334153929342403041e-06
7.000000000000000000e+00 6.073543824993177580e-06
8.000000000000000000e+00 1.770337828933917740e-07
9.000000000000000000e+00 4.077926805262827539e-07
1.000000000000000000e+01 1.350672959187587196e-06
1.100000000000000000e+01 4.935285701156635562e-06
1.200000000000000000e+01 1.420352216950821669e-06
1.300000000000000000e+01 1.290078452967596564e-06
1.400000000000000000e+01 1.254226773696141038e-06
1.500000000000000000e+01 5.934274472203649401e-06
1.600000000000000000e+01 7.346020897294795785e-07
1.700000000000000000e+01 6.142804706402164255e-06
1.800000000000000000e+01 5.703789834526323082e-06
1.900000000000000000e+01 6.595346767830185368e-07
2.000000000000000000e+01 6.786377154598615836e-06
2.100000000000000000e+01 9.424882611044947051e-07
2.200000000000000000e+01 8.265270727011991966e-06
2.300000000000000000e+01 7.412864363723299438e-06
2.400000000000000000e+01 6.124489809164499053e-06
2.500000000000000000e+01 2.114076594839309087e-06
2.600000000000000000e+01 1.233867514371225249e-05
2.700000000000000000e+01 4.417886090919543018e-06
2.800000000000000000e+01 6.506508018430075424e-06
2.900000000000000000e+01 6.264475180791015987e-07
3.000000000000000000e+01 0.000000000000000000e+00
1.000000000000000000e+00 1.629885009418153054e-06
2.000000000000000000e+00 1.557338552339503705e-06
3.000000000000000000e+00 2.774093028965592314e-07
4.000000000000000000e+00 5.168726506819070238e-07
5.000000000000000000e+00 1.022732986333229517e-06
6.000000000000000000e+00 1.998935449439299437e-06
7.000000000000000000e+00 1.149167206769984236e-05
8.000000000000000000e+00 8.913235974937322113e-07
9.000000000000000000e+00 5.417229153193988089e-07
1.000000000000000000e+01 3.989229159925545451e-07
1.100000000000000000e+01 2.986749033230436074e-07
1.200000000000000000e+01 9.228786004330119973e-07
1.300000000000000000e+01 9.502224849350047890e-07
1.400000000000000000e+01 5.292610012463707605e-06
1.500000000000000000e+01 2.467202331666384062e-07
1.600000000000000000e+01 5.746231333375841419e-06
1.700000000000000000e+01 2.013731325282979635e-06
1.800000000000000000e+01 2.010281778246093200e-05
1.900000000000000000e+01 6.894632278844197514e-07
2.000000000000000000e+01 1.094465062706947888e-05
2.100000000000000000e+01 2.473831910986398518e-06
2.200000000000000000e+01 8.882761392450819337e-06
2.300000000000000000e+01 3.969760852341233536e-06
2.400000000000000000e+01 7.298746133044153975e-07
2.500000000000000000e+01 6.308385538569208130e-06
2.600000000000000000e+01 8.365466123413774566e-06
2.700000000000000000e+01 1.033469744077288575e-05
2.800000000000000000e+01 6.450409035339479749e-06
2.900000000000000000e+01 1.137614298015521441e-05
3.000000000000000000e+01 0.000000000000000000e+00
1.000000000000000000e+00 9.810060980451016470e-07
2.000000000000000000e+00 6.158695339631187073e-06
3.000000000000000000e+00 6.346019011064196974e-06
4.000000000000000000e+00 4.797991703919544396e-07
5.000000000000000000e+00 1.953862402152188771e-06
6.000000000000000000e+00 7.090200789078904194e-06
7.000000000000000000e+00 1.169402340511832146e-05
8.000000000000000000e+00 7.608648616627598736e-07
9.000000000000000000e+00 9.843397259673640189e-06
1.000000000000000000e+01 1.872505506725548233e-06
1.100000000000000000e+01 5.543301692734716097e-06
1.200000000000000000e+01 9.078771455477838507e-07
1.300000000000000000e+01 9.198877493677461311e-07
1.400000000000000000e+01 1.139220833573347655e-05
1.500000000000000000e+01 1.101274070764557674e-06
1.600000000000000000e+01 1.259636418821532119e-06
1.700000000000000000e+01 4.950757027195587707e-06
1.800000000000000000e+01 1.641744973432070947e-05
1.900000000000000000e+01 6.307330037724901551e-07
2.000000000000000000e+01 2.339185581790285215e-06
2.100000000000000000e+01 2.729002015860134690e-06
2.200000000000000000e+01 7.539190399741547876e-06
2.300000000000000000e+01 4.152885827358188232e-06
2.400000000000000000e+01 6.029960199175900803e-06
2.500000000000000000e+01 7.780383709338735423e-06
2.600000000000000000e+01 2.258882468081274102e-06
2.700000000000000000e+01 1.182959723664603280e-05
2.800000000000000000e+01 1.661780216363605638e-05
2.900000000000000000e+01 1.786345507039339557e-06
3.000000000000000000e+01 0.000000000000000000e+00
1.000000000000000000e+00 2.768370592090311165e-06
2.000000000000000000e+00 2.571944229056849174e-06
3.000000000000000000e+00 6.620840363674827952e-06
4.000000000000000000e+00 9.511523469869374094e-07
5.000000000000000000e+00 1.677010544542722724e-06
6.000000000000000000e+00 1.335023731874841814e-06
7.000000000000000000e+00 3.426938673154574365e-06
8.000000000000000000e+00 9.796119567240196989e-07
9.000000000000000000e+00 3.535836903626692809e-06
1.000000000000000000e+01 1.207501784782803702e-06
1.100000000000000000e+01 3.219400644681812126e-07
1.200000000000000000e+01 1.122547658861545088e-06
1.300000000000000000e+01 9.855447075381998618e-07
1.400000000000000000e+01 1.348187555409021969e-06
1.500000000000000000e+01 1.065510274760138806e-06
1.600000000000000000e+01 8.412065569709657794e-07
1.700000000000000000e+01 3.638038696036012789e-06
1.800000000000000000e+01 5.228333605754801456e-06
1.900000000000000000e+01 8.555671588706155007e-07
2.000000000000000000e+01 7.508220138592258519e-06
2.100000000000000000e+01 7.675333325743414234e-06
2.200000000000000000e+01 3.954973125604527478e-06
2.300000000000000000e+01 3.120710344544247760e-06
2.400000000000000000e+01 1.373790117436869865e-06
2.500000000000000000e+01 1.622173031189884891e-06
2.600000000000000000e+01 1.214139585684463301e-05
2.700000000000000000e+01 2.170606898397801668e-06
2.800000000000000000e+01 1.919660272155850574e-06
2.900000000000000000e+01 1.224753708728439556e-06
3.000000000000000000e+01 0.000000000000000000e+00
1.000000000000000000e+00 1.417134527034685306e-06
2.000000000000000000e+00 2.340995456372751823e-06
3.000000000000000000e+00 1.132068139462275084e-06
4.000000000000000000e+00 6.451327787470861027e-06
5.000000000000000000e+00 1.237257969820481105e-06
6.000000000000000000e+00 2.157058698060642856e-06
7.000000000000000000e+00 9.282080667610812289e-06
8.000000000000000000e+00 9.465302198811604272e-07
9.000000000000000000e+00 1.247948233860850233e-05
1.000000000000000000e+01 1.466888256496548132e-06
1.100000000000000000e+01 9.244100486250308190e-07
1.200000000000000000e+01 1.539246779196463771e-06
1.300000000000000000e+01 2.334178208872440301e-06
1.400000000000000000e+01 1.328379783163227203e-05
1.500000000000000000e+01 5.698892604217031482e-06
1.600000000000000000e+01 2.499705397761013747e-06
1.700000000000000000e+01 8.814530178615937419e-07
1.800000000000000000e+01 7.024006061979335120e-06
1.900000000000000000e+01 1.430553243300120522e-06
2.000000000000000000e+01 1.273035489642356347e-06
2.100000000000000000e+01 3.086423180462847621e-06
2.200000000000000000e+01 2.370256350882136790e-06
2.300000000000000000e+01 1.804574753642015665e-06
2.400000000000000000e+01 2.186516620630832753e-06
2.500000000000000000e+01 2.034359720501169864e-06
2.600000000000000000e+01 8.228359160632961404e-06
2.700000000000000000e+01 1.208206702114546819e-05
2.800000000000000000e+01 2.063802729089280757e-06
2.900000000000000000e+01 6.797870873186156104e-06
3.000000000000000000e+01 0.000000000000000000e+00
1.000000000000000000e+00 2.020813783709425576e-06
2.000000000000000000e+00 4.291162761463214587e-07
3.000000000000000000e+00 9.699000262077855576e-07
4.000000000000000000e+00 1.592535347391665283e-06
5.000000000000000000e+00 7.394438374149755805e-07
6.000000000000000000e+00 1.235531645481469182e-06
7.000000000000000000e+00 1.323911978847668834e-06
8.000000000000000000e+00 9.396897621098212970e-06
9.000000000000000000e+00 6.397905160025647582e-06
1.000000000000000000e+01 7.480715915043642352e-07
1.100000000000000000e+01 1.367160357788882328e-07
1.200000000000000000e+01 1.397432213850629894e-06
1.300000000000000000e+01 5.986942518104181329e-06
1.400000000000000000e+01 6.537857986746544737e-07
1.500000000000000000e+01 4.797814158149469917e-07
1.600000000000000000e+01 1.401830813270604088e-06
1.700000000000000000e+01 6.542275317949399376e-07
1.800000000000000000e+01 7.475848966094554524e-07
1.900000000000000000e+01 7.075440714348814245e-07
2.000000000000000000e+01 1.147243214119992441e-06
2.100000000000000000e+01 1.356907149676399722e-06
2.200000000000000000e+01 5.595766287463781942e-06
2.300000000000000000e+01 1.400304776635187174e-06
2.400000000000000000e+01 4.971617234881887099e-06
2.500000000000000000e+01 8.122452799649804434e-07
2.600000000000000000e+01 1.497588235210136230e-06
2.700000000000000000e+01 8.068713210584998002e-06
2.800000000000000000e+01 1.796034024115030047e-06
2.900000000000000000e+01 3.986164133954015609e-07
3.000000000000000000e+01 0.000000000000000000e+00
1.000000000000000000e+00 1.813848198658889176e-06
2.000000000000000000e+00 2.080943170847134971e-06
3.000000000000000000e+00 1.016200220808442826e-06
4.000000000000000000e+00 2.657516455725709713e-07
5.000000000000000000e+00 3.827388170201283564e-07
6.000000000000000000e+00 1.975821145524219524e-06
7.000000000000000000e+00 2.270069216936340514e-06
8.000000000000000000e+00 7.524398649114928588e-07
9.000000000000000000e+00 7.297597146743780308e-06
1.000000000000000000e+01 1.267566497722317576e-06
1.100000000000000000e+01 6.328628454407669488e-07
1.200000000000000000e+01 1.003504226428367944e-06
1.300000000000000000e+01 9.232414615326874332e-07
1.400000000000000000e+01 1.829064293636960680e-06
1.500000000000000000e+01 3.935182822674061385e-07
1.600000000000000000e+01 8.704762806813948094e-07
1.700000000000000000e+01 9.986009302295430109e-07
1.800000000000000000e+01 1.778439025341889595e-06
1.900000000000000000e+01 6.834956943803448419e-07
2.000000000000000000e+01 2.483529739855137369e-06
2.100000000000000000e+01 6.660757952712594178e-06
2.200000000000000000e+01 1.567081676160263735e-06
2.300000000000000000e+01 2.234074486059948241e-06
2.400000000000000000e+01 8.294530613402136872e-07
2.500000000000000000e+01 7.761840510017504302e-07
2.600000000000000000e+01 2.516285081349298109e-06
2.700000000000000000e+01 4.346832684196509965e-06
2.800000000000000000e+01 1.236538330684755898e-06
2.900000000000000000e+01 1.048623789745488953e-06
3.000000000000000000e+01 0.000000000000000000e+00
1.000000000000000000e+00 3.395430732381451778e-07
2.000000000000000000e+00 2.328734256779521882e-06
3.000000000000000000e+00 8.985086333409075021e-07
4.000000000000000000e+00 1.733462398563284509e-06
5.000000000000000000e+00 1.214684340690996709e-06
6.000000000000000000e+00 6.455558496395662511e-06
7.000000000000000000e+00 1.149113374233012493e-05
8.000000000000000000e+00 5.580054810934726612e-06
9.000000000000000000e+00 1.501028178494398781e-06
1.000000000000000000e+01 1.412435343209893925e-06
1.100000000000000000e+01 1.471012302970936509e-05
1.200000000000000000e+01 3.465617196058476639e-07
1.300000000000000000e+01 5.980102660910863280e-06
1.400000000000000000e+01 8.170802078182752967e-07
1.500000000000000000e+01 5.183720915174073929e-07
1.600000000000000000e+01 1.857885959008772113e-06
1.700000000000000000e+01 6.452768010317408734e-06
1.800000000000000000e+01 1.293854456836433235e-05
1.900000000000000000e+01 3.336782528301319594e-07
2.000000000000000000e+01 2.368255916002166301e-06
2.100000000000000000e+01 1.987088853052156169e-06
2.200000000000000000e+01 8.053320337518794992e-06
2.300000000000000000e+01 2.539779650589570397e-06
2.400000000000000000e+01 6.423570118967002060e-07
2.500000000000000000e+01 6.492344532179103259e-06
2.600000000000000000e+01 8.311916984732279230e-06
2.700000000000000000e+01 2.345005859471536643e-06
2.800000000000000000e+01 2.375607908073873194e-06
2.900000000000000000e+01 2.451505672944488730e-06
3.000000000000000000e+01 0.000000000000000000e+00
1.000000000000000000e+00 2.387057379329045258e-06
2.000000000000000000e+00 1.445505216189533404e-06
3.000000000000000000e+00 1.051473943773923668e-06
4.000000000000000000e+00 6.520441224142005186e-07
5.000000000000000000e+00 1.532718056453092765e-06
6.000000000000000000e+00 1.088199248530847406e-05
7.000000000000000000e+00 1.265071861151530236e-06
8.000000000000000000e+00 7.219965856437093916e-07
9.000000000000000000e+00 1.347219547018099577e-04
1.000000000000000000e+01 6.527822254169606742e-07
1.100000000000000000e+01 5.827446061663318282e-07
1.200000000000000000e+01 8.465729405569082417e-07
1.300000000000000000e+01 1.044133827587302026e-06
1.400000000000000000e+01 5.343370871937857172e-06
1.500000000000000000e+01 6.098458937287200654e-06
1.600000000000000000e+01 1.525091181006257353e-06
1.700000000000000000e+01 1.196968941223748650e-06
1.800000000000000000e+01 9.390058948917289088e-06
1.900000000000000000e+01 3.200296716386968414e-07
2.000000000000000000e+01 1.386543435503475424e-06
2.100000000000000000e+01 7.676301231845440956e-07
2.200000000000000000e+01 1.580576617918627923e-06
2.300000000000000000e+01 1.152970288000296057e-06
2.400000000000000000e+01 5.268739114200283968e-07
2.500000000000000000e+01 9.931451426106573997e-06
2.600000000000000000e+01 5.706432561580838409e-06
2.700000000000000000e+01 1.315351265546446437e-06
2.800000000000000000e+01 5.151943748171949857e-06
2.900000000000000000e+01 7.349541758034105958e-07
3.000000000000000000e+01 0.000000000000000000e+00
1.000000000000000000e+00 1.114912453979762243e-06
2.000000000000000000e+00 1.529330397976570074e-06
3.000000000000000000e+00 1.394414043956145778e-06
4.000000000000000000e+00 7.806377328891612551e-07
5.000000000000000000e+00 1.202332635346778276e-06
6.000000000000000000e+00 2.339493899689033988e-06
7.000000000000000000e+00 7.289995627127370034e-06
8.000000000000000000e+00 3.335187295529105831e-07
9.000000000000000000e+00 6.418260339473107122e-06
1.000000000000000000e+01 2.078478405175737312e-06
1.100000000000000000e+01 4.334497702983738338e-07
1.200000000000000000e+01 5.764901708570740237e-07
1.300000000000000000e+01 1.699468042457538295e-06
1.400000000000000000e+01 6.026048770373201952e-06
1.500000000000000000e+01 1.716032363819925077e-06
1.600000000000000000e+01 1.884952195106715215e-06
1.700000000000000000e+01 1.800184126435861081e-06
1.800000000000000000e+01 5.797289503872744735e-06
1.900000000000000000e+01 3.255078242197685238e-07
2.000000000000000000e+01 2.160299001104604298e-06
2.100000000000000000e+01 1.816566725288834633e-06
2.200000000000000000e+01 3.694137069446318626e-06
2.300000000000000000e+01 3.867409130102860611e-06
2.400000000000000000e+01 4.973811838336231724e-07
2.500000000000000000e+01 2.025599014890746362e-06
2.600000000000000000e+01 7.857296475108311115e-06
2.700000000000000000e+01 1.216485657423083300e-06
2.800000000000000000e+01 5.627788492702784407e-07
2.900000000000000000e+01 1.199276397358470837e-06
3.000000000000000000e+01 0.000000000000000000e+00
1.000000000000000000e+00 1.201004737935962671e-06
2.000000000000000000e+00 7.360151517484615346e-07
3.000000000000000000e+00 1.201413795627524582e-06
4.000000000000000000e+00 1.589238490060524776e-06
5.000000000000000000e+00 1.203552171102451640e-07
6.000000000000000000e+00 5.774520138174224023e-06
7.000000000000000000e+00 1.530879093766380651e-05
8.000000000000000000e+00 6.056382556213135281e-07
9.000000000000000000e+00 5.479968339498326077e-06
1.000000000000000000e+01 9.300166840282230857e-07
1.100000000000000000e+01 4.217275435381552224e-07
1.200000000000000000e+01 3.615177782119079073e-07
1.300000000000000000e+01 1.606601654039235484e-06
1.400000000000000000e+01 1.049280614465514186e-05
1.500000000000000000e+01 6.666865185438715089e-07
1.600000000000000000e+01 6.969343446151481648e-07
1.700000000000000000e+01 5.670678010390507005e-06
1.800000000000000000e+01 2.000978127435022513e-06
1.900000000000000000e+01 9.331745153617498823e-07
2.000000000000000000e+01 1.937131450873031778e-06
2.100000000000000000e+01 1.562493718629273004e-06
2.200000000000000000e+01 1.206655843934727580e-06
2.300000000000000000e+01 1.596995747784130637e-06
2.400000000000000000e+01 7.234154988760657720e-07
2.500000000000000000e+01 1.144848386506195366e-06
2.600000000000000000e+01 1.123376385429569357e-05
2.700000000000000000e+01 1.657420091376487656e-06
2.800000000000000000e+01 6.204655847852824638e-06
2.900000000000000000e+01 1.538079697585084197e-05
3.000000000000000000e+01 0.000000000000000000e+00
1.000000000000000000e+00 1.586550569381135314e-06
2.000000000000000000e+00 1.435350510085588334e-06
3.000000000000000000e+00 1.788998339329984503e-06
4.000000000000000000e+00 9.770399182349553851e-07
5.000000000000000000e+00 1.860472698521166537e-06
6.000000000000000000e+00 6.290906160940183373e-06
7.000000000000000000e+00 7.775458902588835836e-06
8.000000000000000000e+00 5.262206168347524620e-06
9.000000000000000000e+00 1.366823878843410780e-04
1.000000000000000000e+01 6.451599217135952605e-07
1.100000000000000000e+01 2.468387189494128274e-07
1.200000000000000000e+01 5.225286822104512033e-07
1.300000000000000000e+01 2.303641603867651521e-06
1.400000000000000000e+01 7.388484167741597381e-07
1.500000000000000000e+01 5.867884661150566372e-07
1.600000000000000000e+01 2.901114660389821376e-06
1.700000000000000000e+01 1.013467121960862496e-06
1.800000000000000000e+01 2.322737338402880141e-06
1.900000000000000000e+01 1.514687502080802136e-06
2.000000000000000000e+01 2.207927251117729883e-06
2.100000000000000000e+01 1.565970031489593665e-06
2.200000000000000000e+01 7.597126263675341643e-06
2.300000000000000000e+01 3.311369703931936637e-06
2.400000000000000000e+01 1.083831115951278569e-06
2.500000000000000000e+01 1.257916692768925969e-06
2.600000000000000000e+01 1.715000544332008493e-06
2.700000000000000000e+01 3.046215244496908466e-06
2.800000000000000000e+01 6.185109765672424764e-06
2.900000000000000000e+01 6.107617951324580675e-06
3.000000000000000000e+01 0.000000000000000000e+00
1.000000000000000000e+00 1.309155493502948167e-06
2.000000000000000000e+00 1.195431507860432656e-06
3.000000000000000000e+00 9.571200745582593918e-07
4.000000000000000000e+00 6.895250288569108049e-07
5.000000000000000000e+00 6.925355064752857340e-07
6.000000000000000000e+00 1.049181283635264062e-05
7.000000000000000000e+00 1.997309092058930489e-06
8.000000000000000000e+00 2.889763136419993614e-07
9.000000000000000000e+00 1.888557294598855826e-05
1.000000000000000000e+01 7.796516823582237695e-07
1.100000000000000000e+01 6.284007310738526904e-07
1.200000000000000000e+01 1.119279868682257139e-06
1.300000000000000000e+01 1.815433326194973213e-06
1.400000000000000000e+01 3.144797055891044098e-07
1.500000000000000000e+01 7.920273335398589296e-07
1.600000000000000000e+01 7.530499968800941474e-07
1.700000000000000000e+01 1.638313690012298868e-06
1.800000000000000000e+01 1.127351194190839259e-06
1.900000000000000000e+01 2.775296829817556903e-07
2.000000000000000000e+01 1.691470477959586237e-06
2.100000000000000000e+01 1.805574876624490969e-06
2.200000000000000000e+01 1.969905900262703237e-06
2.300000000000000000e+01 8.942408936374801220e-07
2.400000000000000000e+01 7.764841631190189707e-07
2.500000000000000000e+01 6.116388811976002786e-06
2.600000000000000000e+01 7.597332103763098092e-06
2.700000000000000000e+01 1.620594567201758885e-06
2.800000000000000000e+01 7.551794813272433307e-07
2.900000000000000000e+01 4.123661293837815422e-07
3.000000000000000000e+01 0.000000000000000000e+00
1.000000000000000000e+00 2.143576906505039564e-06
2.000000000000000000e+00 1.452498499857173438e-06
3.000000000000000000e+00 1.457474718970905801e-06
4.000000000000000000e+00 1.796231012675421852e-06
5.000000000000000000e+00 2.213307930418415237e-07
6.000000000000000000e+00 9.962078749821099949e-07
7.000000000000000000e+00 2.366681378011626093e-06
8.000000000000000000e+00 8.892176106401810729e-07
9.000000000000000000e+00 1.482526786066966388e-06
1.000000000000000000e+01 1.117653212472675735e-06
1.100000000000000000e+01 1.427413841485443375e-07
1.200000000000000000e+01 3.212618629832622991e-07
1.300000000000000000e+01 1.196496086930126764e-06
1.400000000000000000e+01 1.160828216820344461e-06
1.500000000000000000e+01 1.330060522136310816e-06
1.600000000000000000e+01 7.343935248001789850e-06
1.700000000000000000e+01 3.307518853306330930e-07
1.800000000000000000e+01 5.549679219918403620e-06
1.900000000000000000e+01 8.733239410315732490e-07
2.000000000000000000e+01 2.357052667996267222e-06
2.100000000000000000e+01 2.578732330404481676e-06
2.200000000000000000e+01 3.114401046595939742e-06
2.300000000000000000e+01 3.051863374225412695e-06
2.400000000000000000e+01 7.098302059335473572e-07
2.500000000000000000e+01 2.915704988105320267e-06
2.600000000000000000e+01 7.119799594166126042e-06
2.700000000000000000e+01 3.352563923996473688e-06
2.800000000000000000e+01 3.134384831137073794e-06
2.900000000000000000e+01 6.897359662153735442e-06
3.000000000000000000e+01 0.000000000000000000e+00
1.000000000000000000e+00 1.491016858890197698e-06
2.000000000000000000e+00 1.364730017586251806e-06
3.000000000000000000e+00 1.701025856316631803e-06
4.000000000000000000e+00 2.124543804168387899e-07
5.000000000000000000e+00 7.914085509807771716e-07
6.000000000000000000e+00 6.534109517757012136e-07
7.000000000000000000e+00 1.592829582534420372e-06
8.000000000000000000e+00 6.585543709860808180e-07
9.000000000000000000e+00 6.311921497053388514e-06
1.000000000000000000e+01 7.001341786271302488e-07
1.100000000000000000e+01 6.852714474754847003e-07
1.200000000000000000e+01 7.694879117681647395e-07
1.300000000000000000e+01 6.488367953455842537e-07
1.400000000000000000e+01 1.312743632032903664e-06
1.500000000000000000e+01 5.877335925005587684e-07
1.600000000000000000e+01 1.313506015767887788e-06
1.700000000000000000e+01 6.424741666872923176e-06
1.800000000000000000e+01 8.848418476112368194e-07
1.900000000000000000e+01 6.027330397343532765e-07
2.000000000000000000e+01 5.439250185282741068e-06
2.100000000000000000e+01 1.946160438137359474e-06
2.200000000000000000e+01 1.129716662693208424e-06
2.300000000000000000e+01 1.236067037516158031e-06
2.400000000000000000e+01 5.021850300139947275e-07
2.500000000000000000e+01 6.587109877198578554e-06
2.600000000000000000e+01 1.270946884688001672e-06
2.700000000000000000e+01 1.994998913830519336e-06
2.800000000000000000e+01 7.081461144058327917e-07
2.900000000000000000e+01 4.645137521888000705e-07
3.000000000000000000e+01 0.000000000000000000e+00
