1.000000000000000000e+00 9.137069205022843354e-07
2.000000000000000000e+00 -4.170786907963211130e-06
3.000000000000000000e+00 -4.447048818315196842e-06
4.000000000000000000e+00 -5.038169971399950233e-06
5.000000000000000000e+00 -5.485838949292980014e-06
6.000000000000000000e+00 -7.896478011729983241e-07
7.000000000000000000e+00 1.751046493848467138e-05
8.000000000000000000e+00 -1.932087188004121029e-06
9.000000000000000000e+00 -7.330320891342237534e-07
1.000000000000000000e+01 -5.422529301456710480e-06
1.100000000000000000e+01 -7.055930428129776793e-06
1.200000000000000000e+01 -3.577095205383228509e-06
1.300000000000000000e+01 1.051386965581570964e-06
1.400000000000000000e+01 -6.839713928754547585e-06
1.500000000000000000e+01 -6.559613036792403678e-06
1.600000000000000000e+01 1.440245665249262467e-05
1.700000000000000000e+01 -6.438989314765049139e-06
1.800000000000000000e+01 -6.094789879584788048e-06
1.900000000000000000e+01 -6.041794095321510603e-06
2.000000000000000000e+01 1.542656710753776686e-05
2.100000000000000000e+01 8.065101119347988675e-07
2.200000000000000000e+01 1.114274644071664997e-05
2.300000000000000000e+01 1.279209198472476928e-05
2.400000000000000000e+01 -6.348561805508254413e-06
2.500000000000000000e+01 -5.166482531283102817e-06
2.600000000000000000e+01 2.075586387578997778e-06
2.700000000000000000e+01 1.316426542358467883e-06
2.800000000000000000e+01 -4.796263964435296447e-06
2.900000000000000000e+01 -5.077179232980589197e-06
3.000000000000000000e+01 -7.675236829668901378e-06
1.000000000000000000e+00 -6.009914871273664958e-08
2.000000000000000000e+00 2.442844805487013387e-06
3.000000000000000000e+00 2.355825730206651013e-07
4.000000000000000000e+00 2.418222844650497432e-06
5.000000000000000000e+00 -2.287581081079068624e-06
6.000000000000000000e+00 4.560188189256007465e-06
7.000000000000000000e+00 1.183449021980220641e-05
8.000000000000000000e+00 -3.538477492506669453e-06
9.000000000000000000e+00 -3.506655523448984154e-06
1.000000000000000000e+01 -1.430663286298935856e-06
1.100000000000000000e+01 1.650505995732763072e-06
1.200000000000000000e+01 1.922161141204869699e-06
1.300000000000000000e+01 4.550459239213932508e-06
1.400000000000000000e+01 -2.978558349495171812e-06
1.500000000000000000e+01 -4.052885049492008468e-06
1.600000000000000000e+01 9.526429445386374871e-06
1.700000000000000000e+01 1.751020234317285381e-06
1.800000000000000000e+01 1.420282984748429929e-06
1.900000000000000000e+01 -3.054819686472899771e-06
2.000000000000000000e+01 -8.985971108315508376e-07
2.100000000000000000e+01 1.351265025556362832e-05
2.200000000000000000e+01 5.070349508501949176e-06
2.300000000000000000e+01 1.963232762291437089e-06
2.400000000000000000e+01 -2.201080361133461263e-06
2.500000000000000000e+01 8.448087643458997644e-06
2.600000000000000000e+01 4.902481310453794762e-06
2.700000000000000000e+01 1.236803034288192494e-05
2.800000000000000000e+01 -2.821067071418675744e-06
2.900000000000000000e+01 3.008966475112658719e-06
3.000000000000000000e+01 -4.633426291699321570e-06
1.000000000000000000e+00 1.067604186509130218e-06
2.000000000000000000e+00 3.321230058109296096e-06
3.000000000000000000e+00 -4.128209675389645503e-06
4.000000000000000000e+00 2.220057554928818753e-07
5.000000000000000000e+00 6.515345791063968660e-07
6.000000000000000000e+00 6.364315823982274996e-06
7.000000000000000000e+00 1.151664386136933067e-05
8.000000000000000000e+00 -4.975082575214397613e-06
9.000000000000000000e+00 -6.553161683336533623e-07
1.000000000000000000e+01 -2.945461149099268024e-06
1.100000000000000000e+01 -5.576088852670375407e-06
1.200000000000000000e+01 6.700835077049445915e-07
1.300000000000000000e+01 2.186740282274558076e-06
1.400000000000000000e+01 -5.894399438850123479e-06
1.500000000000000000e+01 2.038759709305241269e-07
1.600000000000000000e+01 -3.793004525502053521e-06
1.700000000000000000e+01 -3.514732667540164359e-06
1.800000000000000000e+01 -5.794502505852712562e-06
1.900000000000000000e+01 -6.120373002257136534e-07
2.000000000000000000e+01 8.468352542136083360e-07
2.100000000000000000e+01 1.237765591003832446e-05
2.200000000000000000e+01 6.394925125203948534e-06
2.300000000000000000e+01 5.050089432310085987e-06
2.400000000000000000e+01 -3.908383695239493025e-06
2.500000000000000000e+01 -3.416323132904470530e-06
2.600000000000000000e+01 -1.300247566417886694e-06
2.700000000000000000e+01 8.851007899935447734e-07
2.800000000000000000e+01 -4.160382030286087330e-06
2.900000000000000000e+01 -5.593217944070381615e-06
3.000000000000000000e+01 -6.732679583668949441e-06
1.000000000000000000e+00 -4.470821717770998547e-06
2.000000000000000000e+00 -3.502387241044228151e-06
3.000000000000000000e+00 2.593819930538567827e-06
4.000000000000000000e+00 -4.215460673052309878e-06
5.000000000000000000e+00 -4.485228140149905209e-06
6.000000000000000000e+00 3.049548710123995108e-06
7.000000000000000000e+00 5.989668268157505879e-06
8.000000000000000000e+00 -5.657401284371081145e-06
9.000000000000000000e+00 -1.099300104596218144e-08
1.000000000000000000e+01 -4.583149052957491824e-06
1.100000000000000000e+01 -4.449175316187630010e-06
1.200000000000000000e+01 2.344387698614609706e-07
1.300000000000000000e+01 -2.704474284117898515e-06
1.400000000000000000e+01 -5.285196440965305456e-06
1.500000000000000000e+01 -4.327640364281486163e-06
1.600000000000000000e+01 -4.095138952292418463e-06
1.700000000000000000e+01 4.549607486652895404e-06
1.800000000000000000e+01 -5.131241301700962852e-06
1.900000000000000000e+01 -5.428040835321714506e-06
2.000000000000000000e+01 1.262813462812534276e-06
2.100000000000000000e+01 -4.005507122184077433e-06
2.200000000000000000e+01 -3.327568332186765704e-06
2.300000000000000000e+01 1.193843740666304455e-06
2.400000000000000000e+01 -5.102752954554607419e-06
2.500000000000000000e+01 -4.438017189675415707e-06
2.600000000000000000e+01 3.159547106103239740e-06
2.700000000000000000e+01 -7.275818015185173358e-07
2.800000000000000000e+01 -4.363452790446723352e-06
2.900000000000000000e+01 -5.334902917628582138e-06
3.000000000000000000e+01 -6.214202232137536329e-06
1.000000000000000000e+00 5.337962523456463378e-07
2.000000000000000000e+00 1.031879914961593820e-05
3.000000000000000000e+00 5.453577125960747651e-06
4.000000000000000000e+00 3.249034986401597172e-06
5.000000000000000000e+00 1.682094129214222153e-05
6.000000000000000000e+00 6.420411306992783293e-06
7.000000000000000000e+00 1.752465628283137356e-05
8.000000000000000000e+00 -2.070198170569037609e-06
9.000000000000000000e+00 4.146032433545023357e-06
1.000000000000000000e+01 -2.139979584987730945e-06
1.100000000000000000e+01 -2.091318462714807764e-06
1.200000000000000000e+01 1.223208139997423202e-06
1.300000000000000000e+01 -1.538199171565150977e-06
1.400000000000000000e+01 4.726820307745014895e-06
1.500000000000000000e+01 -2.556169773412544984e-06
1.600000000000000000e+01 1.929416311066043421e-05
1.700000000000000000e+01 3.079692871654475680e-06
1.800000000000000000e+01 -1.642196979064149062e-06
1.900000000000000000e+01 2.646198093211428247e-06
2.000000000000000000e+01 6.710432770653433640e-06
2.100000000000000000e+01 4.812372931904496546e-06
2.200000000000000000e+01 1.341348883228098256e-05
2.300000000000000000e+01 9.602279292821018242e-06
2.400000000000000000e+01 -2.191011927366659842e-06
2.500000000000000000e+01 4.153551711583840526e-06
2.600000000000000000e+01 2.107098911602232636e-05
2.700000000000000000e+01 1.835677601534611045e-05
2.800000000000000000e+01 -3.254301433942263512e-06
2.900000000000000000e+01 -9.109493777685997124e-07
3.000000000000000000e+01 -4.177144447937843534e-06
1.000000000000000000e+00 -1.144811075789858727e-06
2.000000000000000000e+00 4.082697251267764245e-06
3.000000000000000000e+00 4.127267928865581255e-06
4.000000000000000000e+00 1.641464548664199419e-06
5.000000000000000000e+00 -2.078269755406419271e-06
6.000000000000000000e+00 -1.352175091203409783e-06
7.000000000000000000e+00 5.485819202521222619e-06
8.000000000000000000e+00 1.889570696761528448e-06
9.000000000000000000e+00 3.330448642204528776e-06
1.000000000000000000e+01 -1.592413071286637511e-06
1.100000000000000000e+01 -2.181452015049148127e-06
1.200000000000000000e+01 -2.889698020847616195e-06
1.300000000000000000e+01 -9.146884817253966228e-07
1.400000000000000000e+01 -2.422078170844654346e-06
1.500000000000000000e+01 -2.510188463929859101e-06
1.600000000000000000e+01 6.681028522275081556e-06
1.700000000000000000e+01 3.510675880651883198e-06
1.800000000000000000e+01 -1.050707980958026127e-06
1.900000000000000000e+01 -3.061418505275523860e-06
2.000000000000000000e+01 4.883135548607765708e-07
2.100000000000000000e+01 -1.980927863698552645e-06
2.200000000000000000e+01 4.971389599153116052e-06
2.300000000000000000e+01 1.131893700829047274e-05
2.400000000000000000e+01 -9.990098728546840990e-07
2.500000000000000000e+01 -1.599044302754367164e-06
2.600000000000000000e+01 2.147141425505339409e-06
2.700000000000000000e+01 2.011806429103972233e-05
2.800000000000000000e+01 -1.651632039162731823e-06
2.900000000000000000e+01 -2.845277396732319118e-06
3.000000000000000000e+01 -4.065345990652686349e-06
1.000000000000000000e+00 -4.170426624694846470e-06
2.000000000000000000e+00 -4.262969360467050914e-06
3.000000000000000000e+00 1.772546623341040193e-07
4.000000000000000000e+00 6.289648227348107271e-07
5.000000000000000000e+00 -1.351635785193000277e-06
6.000000000000000000e+00 3.819681965902972534e-07
7.000000000000000000e+00 1.366136565128400442e-05
8.000000000000000000e+00 -1.610746789612465059e-06
9.000000000000000000e+00 2.033983576958219529e-07
1.000000000000000000e+01 -5.310466582972743993e-06
1.100000000000000000e+01 -6.156399151418668939e-06
1.200000000000000000e+01 -5.987587946268048834e-06
1.300000000000000000e+01 -5.649933940788512904e-06
1.400000000000000000e+01 -5.357670914551916204e-06
1.500000000000000000e+01 -6.070047700099546842e-06
1.600000000000000000e+01 2.146013799826212423e-05
1.700000000000000000e+01 -5.217040784551146035e-07
1.800000000000000000e+01 -6.784092995120607414e-06
1.900000000000000000e+01 -2.387320046772054094e-06
2.000000000000000000e+01 1.938473209494045797e-06
2.100000000000000000e+01 -1.412588919098822032e-06
2.200000000000000000e+01 -4.124629637879204221e-06
2.300000000000000000e+01 -3.547820559577838548e-06
2.400000000000000000e+01 -5.988825544016987737e-06
2.500000000000000000e+01 -4.712873440042363101e-06
2.600000000000000000e+01 -2.977072991415665126e-06
2.700000000000000000e+01 1.408741640341010911e-05
2.800000000000000000e+01 -8.525580345707433144e-07
2.900000000000000000e+01 -6.296617967052099774e-06
3.000000000000000000e+01 -7.647254474227983424e-06
1.000000000000000000e+00 5.956418201162701167e-06
2.000000000000000000e+00 5.836761706860712916e-06
3.000000000000000000e+00 2.463864965802850967e-06
4.000000000000000000e+00 4.519045668362650716e-06
5.000000000000000000e+00 1.333912463832024084e-05
6.000000000000000000e+00 1.873208612190514251e-05
7.000000000000000000e+00 7.835876352500392754e-06
8.000000000000000000e+00 -8.948940879260548122e-07
9.000000000000000000e+00 4.422435116499848660e-06
1.000000000000000000e+01 -1.071724170623637169e-06
1.100000000000000000e+01 -1.485939819265416459e-06
1.200000000000000000e+01 -1.960096348768885234e-06
1.300000000000000000e+01 -1.474750544101317431e-06
1.400000000000000000e+01 -1.253968193687188626e-06
1.500000000000000000e+01 3.810896086507506780e-06
1.600000000000000000e+01 1.149515367533293419e-05
1.700000000000000000e+01 -1.001303952088621658e-06
1.800000000000000000e+01 -1.305486380843438956e-06
1.900000000000000000e+01 -1.439199466408771845e-06
2.000000000000000000e+01 1.449460716461890775e-05
2.100000000000000000e+01 -2.994616485084872773e-07
2.200000000000000000e+01 5.101843150125510001e-06
2.300000000000000000e+01 1.675257585075121973e-05
2.400000000000000000e+01 -1.176083669666599473e-07
2.500000000000000000e+01 1.114113178404562123e-05
2.600000000000000000e+01 2.888809315993556403e-04
2.700000000000000000e+01 2.196453389387881570e-05
2.800000000000000000e+01 -4.399841330137791717e-07
2.900000000000000000e+01 -9.632937074788903186e-08
3.000000000000000000e+01 -3.032009123560870594e-06
1.000000000000000000e+00 1.505697666595545735e-06
2.000000000000000000e+00 -1.902530529857732975e-07
3.000000000000000000e+00 -4.039666505863747014e-06
4.000000000000000000e+00 -5.029514553282081071e-06
5.000000000000000000e+00 -5.756059972156257989e-06
6.000000000000000000e+00 6.244468942841118630e-07
7.000000000000000000e+00 1.193209286575915870e-05
8.000000000000000000e+00 -5.539224360479366973e-06
9.000000000000000000e+00 3.470754683337246506e-06
1.000000000000000000e+01 -1.349633117680982223e-06
1.100000000000000000e+01 -6.204188786380662126e-06
1.200000000000000000e+01 -5.027901076471217825e-06
1.300000000000000000e+01 -4.982916054996113472e-06
1.400000000000000000e+01 -5.524619597938975252e-06
1.500000000000000000e+01 -1.272611138421267241e-06
1.600000000000000000e+01 3.428680668853152081e-07
1.700000000000000000e+01 -4.922468066112961880e-06
1.800000000000000000e+01 -5.514534762913669020e-06
1.900000000000000000e+01 -1.221926755181799388e-06
2.000000000000000000e+01 -1.524379696129734165e-07
2.100000000000000000e+01 -3.552281725934837177e-06
2.200000000000000000e+01 -2.964418080900087162e-06
2.300000000000000000e+01 -4.060313304839648396e-06
2.400000000000000000e+01 -4.928215973885089202e-06
2.500000000000000000e+01 -4.407998526109748290e-06
2.600000000000000000e+01 6.217664374653991104e-07
2.700000000000000000e+01 3.592158607220735386e-07
2.800000000000000000e+01 -5.124514578843141642e-06
2.900000000000000000e+01 -4.817263189532162643e-06
3.000000000000000000e+01 -6.923792715215888830e-06
1.000000000000000000e+00 -1.426840189007093088e-06
2.000000000000000000e+00 -1.848097660454639767e-06
3.000000000000000000e+00 -3.046012653747486020e-07
4.000000000000000000e+00 -2.832172645207304056e-06
5.000000000000000000e+00 1.699363580180137615e-05
6.000000000000000000e+00 1.214138276846860624e-05
7.000000000000000000e+00 2.474572366152891559e-05
8.000000000000000000e+00 -2.404981301477325605e-06
9.000000000000000000e+00 1.239427545469570677e-07
1.000000000000000000e+01 -1.112908938067566114e-06
1.100000000000000000e+01 1.355170130188348542e-04
1.200000000000000000e+01 8.544493562572758001e-06
1.300000000000000000e+01 8.765835365925413416e-06
1.400000000000000000e+01 -2.196567991936561259e-06
1.500000000000000000e+01 -1.367795790630812574e-06
1.600000000000000000e+01 3.314953432154893186e-06
1.700000000000000000e+01 -1.861608462487589313e-07
1.800000000000000000e+01 -1.855996453310799093e-06
1.900000000000000000e+01 -2.847395654475086544e-06
2.000000000000000000e+01 1.077670415465913999e-05
2.100000000000000000e+01 2.662719536016633366e-07
2.200000000000000000e+01 1.364732495464343108e-05
2.300000000000000000e+01 1.085382913553967315e-05
2.400000000000000000e+01 3.972569896744031990e-06
2.500000000000000000e+01 5.528436607014964556e-08
2.600000000000000000e+01 1.030288323612249857e-05
2.700000000000000000e+01 1.424466081420885684e-05
2.800000000000000000e+01 -2.256715137086096759e-06
2.900000000000000000e+01 -1.423479875120927461e-06
3.000000000000000000e+01 -3.702005436679894826e-06
1.000000000000000000e+00 5.210760598407331950e-06
2.000000000000000000e+00 1.672060467832860079e-06
3.000000000000000000e+00 5.763232335240448326e-06
4.000000000000000000e+00 5.509721584331337585e-06
5.000000000000000000e+00 1.781616982994622190e-07
6.000000000000000000e+00 1.953111954411613905e-06
7.000000000000000000e+00 6.913868006278457187e-06
8.000000000000000000e+00 -1.628471653722186151e-06
9.000000000000000000e+00 -3.797831350618424249e-07
1.000000000000000000e+01 9.204832376744872377e-06
1.100000000000000000e+01 4.882021848198201968e-06
1.200000000000000000e+01 -9.145904210910406673e-07
1.300000000000000000e+01 1.735915123478307739e-06
1.400000000000000000e+01 -4.673062459184877511e-07
1.500000000000000000e+01 -1.751658248425344636e-06
1.600000000000000000e+01 2.149420580452742206e-07
1.700000000000000000e+01 1.027946073967954615e-06
1.800000000000000000e+01 -1.552855815322105357e-06
1.900000000000000000e+01 -1.470623460216898589e-06
2.000000000000000000e+01 6.274591173055252898e-06
2.100000000000000000e+01 1.041050144883676930e-05
2.200000000000000000e+01 1.903278166199337185e-06
2.300000000000000000e+01 6.858382984979128959e-06
2.400000000000000000e+01 1.756200751285252203e-07
2.500000000000000000e+01 4.028753816027361327e-06
2.600000000000000000e+01 1.255205046080505985e-06
2.700000000000000000e+01 1.737583176120873142e-06
2.800000000000000000e+01 -2.220449416201385213e-07
2.900000000000000000e+01 2.695934626254295861e-08
3.000000000000000000e+01 -2.276568036149545393e-06
1.000000000000000000e+00 -1.809901102700523354e-06
2.000000000000000000e+00 1.467382775908079680e-06
3.000000000000000000e+00 -1.185415303944274703e-06
4.000000000000000000e+00 -2.256982877756082134e-06
5.000000000000000000e+00 1.213966765537729228e-05
6.000000000000000000e+00 1.073657602498445144e-06
7.000000000000000000e+00 9.995833238809272801e-06
8.000000000000000000e+00 -2.944971447020731602e-06
9.000000000000000000e+00 3.836354442831389874e-06
1.000000000000000000e+01 -1.837535852788288476e-06
1.100000000000000000e+01 1.890939777646578949e-06
1.200000000000000000e+01 2.164436784448759754e-06
1.300000000000000000e+01 4.378569595125403888e-06
1.400000000000000000e+01 -2.639137677732930883e-06
1.500000000000000000e+01 -1.633100325874681684e-06
1.600000000000000000e+01 1.205103723630837704e-05
1.700000000000000000e+01 7.734743645642685046e-06
1.800000000000000000e+01 -3.557561840618454435e-06
1.900000000000000000e+01 3.076492974098350931e-06
2.000000000000000000e+01 1.106829787730823127e-05
2.100000000000000000e+01 7.833984700040834887e-08
2.200000000000000000e+01 2.228980983521669794e-05
2.300000000000000000e+01 1.399482437283969948e-05
2.400000000000000000e+01 4.915947003014924037e-06
2.500000000000000000e+01 -1.968184219798350672e-06
2.600000000000000000e+01 1.344317441857371368e-04
2.700000000000000000e+01 2.689949899250821327e-05
2.800000000000000000e+01 -2.641027128473807298e-06
2.900000000000000000e+01 -2.360242535882270049e-06
3.000000000000000000e+01 -4.218977681642633312e-06
1.000000000000000000e+00 7.245280578954299046e-06
2.000000000000000000e+00 -3.271319644247730905e-06
3.000000000000000000e+00 -3.704046282199929412e-06
4.000000000000000000e+00 -4.815684325387677774e-06
5.000000000000000000e+00 -2.468232492136948347e-06
6.000000000000000000e+00 -3.827633660116799192e-06
7.000000000000000000e+00 1.290476261971938224e-05
8.000000000000000000e+00 -5.960829251799865153e-06
9.000000000000000000e+00 -4.568032665609263541e-06
1.000000000000000000e+01 -4.593708715579667966e-06
1.100000000000000000e+01 -1.177623849167334289e-06
1.200000000000000000e+01 -3.971472676593800158e-06
1.300000000000000000e+01 -5.037048927348359599e-06
1.400000000000000000e+01 -4.144790839384718148e-06
1.500000000000000000e+01 -4.940986034974644127e-06
1.600000000000000000e+01 5.543890640460002748e-06
1.700000000000000000e+01 -5.009944247043962897e-06
1.800000000000000000e+01 -2.862285620302896477e-06
1.900000000000000000e+01 -5.203902998658870852e-06
2.000000000000000000e+01 7.319024683407507129e-06
2.100000000000000000e+01 -2.743941343465110708e-06
2.200000000000000000e+01 -1.092382781940479761e-06
2.300000000000000000e+01 -1.415446128244527687e-06
2.400000000000000000e+01 -2.306341695826519926e-06
2.500000000000000000e+01 -3.264717789065522128e-06
2.600000000000000000e+01 5.558633006983134523e-07
2.700000000000000000e+01 9.873915040155448284e-06
2.800000000000000000e+01 -3.675962439893167711e-06
2.900000000000000000e+01 -2.764566913545055865e-06
3.000000000000000000e+01 -6.357262369163538631e-06
1.000000000000000000e+00 -6.112655708647186316e-06
2.000000000000000000e+00 -5.833223033152479822e-06
3.000000000000000000e+00 -1.374483002771025816e-06
4.000000000000000000e+00 -5.964387725519543183e-06
5.000000000000000000e+00 -5.299752860152226384e-06
6.000000000000000000e+00 -6.221768043380456384e-06
7.000000000000000000e+00 -3.666560915645351611e-07
8.000000000000000000e+00 -7.076443379097005222e-06
9.000000000000000000e+00 -1.621875893625467544e-06
1.000000000000000000e+01 -6.481231102960485648e-06
1.100000000000000000e+01 -2.262549186672264063e-06
1.200000000000000000e+01 -7.305080005401670589e-06
1.300000000000000000e+01 -9.057281582009929111e-07
1.400000000000000000e+01 -6.054403576927144747e-06
1.500000000000000000e+01 -5.860164478858227677e-06
1.600000000000000000e+01 -1.832315024789994689e-06
1.700000000000000000e+01 -5.154113148645293593e-06
1.800000000000000000e+01 -6.806604371598963311e-06
1.900000000000000000e+01 -6.487075651069504967e-06
2.000000000000000000e+01 -3.622868558929939842e-06
2.100000000000000000e+01 8.415488265052646736e-06
2.200000000000000000e+01 1.300850468093471788e-06
2.300000000000000000e+01 -3.548285448527277715e-06
2.400000000000000000e+01 -7.838343709742374440e-06
2.500000000000000000e+01 1.919384875275350851e-07
2.600000000000000000e+01 -5.850826115771042370e-07
2.700000000000000000e+01 1.536232447711692403e-06
2.800000000000000000e+01 -5.766994084955846338e-06
2.900000000000000000e+01 -6.088402092598136957e-06
3.000000000000000000e+01 -8.471120298302681960e-06
1.000000000000000000e+00 4.787231301915135694e-06
2.000000000000000000e+00 -5.679743695256062738e-07
3.000000000000000000e+00 -5.766351751563479100e-07
4.000000000000000000e+00 -2.175655200613309763e-06
5.000000000000000000e+00 2.553600175362049724e-06
6.000000000000000000e+00 -1.933483172105346908e-06
7.000000000000000000e+00 2.437534630988987202e-06
8.000000000000000000e+00 -2.941115638234570813e-06
9.000000000000000000e+00 -1.756635142480919094e-06
1.000000000000000000e+01 -2.549093183373566328e-06
1.100000000000000000e+01 -2.748592335068446691e-06
1.200000000000000000e+01 -1.751822908473685163e-06
1.300000000000000000e+01 -8.539749641953957016e-07
1.400000000000000000e+01 -3.350070391719845626e-06
1.500000000000000000e+01 -3.092943498205263284e-06
1.600000000000000000e+01 4.288034320154482978e-06
1.700000000000000000e+01 8.791628165377822671e-07
1.800000000000000000e+01 -1.792910934253575491e-06
1.900000000000000000e+01 -2.219629902847117590e-07
2.000000000000000000e+01 1.072287186671171062e-05
2.100000000000000000e+01 1.588741772708612563e-05
2.200000000000000000e+01 5.852143870162723871e-06
2.300000000000000000e+01 1.504590523254565793e-06
2.400000000000000000e+01 -3.113863724193234124e-06
2.500000000000000000e+01 -1.497247013467231428e-06
2.600000000000000000e+01 4.564638987613258168e-06
2.700000000000000000e+01 7.391249375272842570e-06
2.800000000000000000e+01 -3.083393677384607408e-06
2.900000000000000000e+01 -1.316942273491862264e-06
3.000000000000000000e+01 -4.102218285033997813e-06
1.000000000000000000e+00 6.446710869267392608e-07
2.000000000000000000e+00 2.451072303607336315e-06
3.000000000000000000e+00 -5.477609811046807664e-07
4.000000000000000000e+00 2.802706260961653148e-06
5.000000000000000000e+00 1.904829563817407276e-06
6.000000000000000000e+00 3.929243492464977267e-06
7.000000000000000000e+00 -1.492967418487630421e-06
8.000000000000000000e+00 -2.899208787781529268e-06
9.000000000000000000e+00 2.637643528235383984e-06
1.000000000000000000e+01 3.532632351891452626e-06
1.100000000000000000e+01 -3.072918751735689817e-06
1.200000000000000000e+01 2.043823200288311071e-06
1.300000000000000000e+01 8.291441028478082230e-07
1.400000000000000000e+01 -2.303958398898544784e-06
1.500000000000000000e+01 -1.867019764912923418e-06
1.600000000000000000e+01 -3.196353441664222478e-06
1.700000000000000000e+01 2.654690736996333125e-06
1.800000000000000000e+01 -2.319554060216236499e-06
1.900000000000000000e+01 -2.217838097127554471e-06
2.000000000000000000e+01 4.110158352387082791e-06
2.100000000000000000e+01 1.380024008237765043e-05
2.200000000000000000e+01 1.388791215307059459e-04
2.300000000000000000e+01 1.015822868209368445e-05
2.400000000000000000e+01 -1.999225210730912808e-06
2.500000000000000000e+01 2.287842891534853431e-07
2.600000000000000000e+01 1.365222613327662842e-05
2.700000000000000000e+01 4.712542234230306440e-06
2.800000000000000000e+01 -1.363365604619590519e-06
2.900000000000000000e+01 -6.592967348812335887e-07
3.000000000000000000e+01 -3.658216449932046924e-06
1.000000000000000000e+00 1.283221298028135915e-06
2.000000000000000000e+00 2.072769252461140126e-06
3.000000000000000000e+00 2.733882941085840907e-06
4.000000000000000000e+00 7.091609006286342511e-07
5.000000000000000000e+00 -1.224238485948188182e-07
6.000000000000000000e+00 1.575606803024054050e-06
7.000000000000000000e+00 1.420694687593745729e-05
8.000000000000000000e+00 1.940469972553002098e-07
9.000000000000000000e+00 5.773866533424834181e-07
1.000000000000000000e+01 4.460098832572038486e-06
1.100000000000000000e+01 4.147324164034074514e-06
1.200000000000000000e+01 5.410042733114942990e-06
1.300000000000000000e+01 1.725151228263449184e-06
1.400000000000000000e+01 -3.264217418440616051e-07
1.500000000000000000e+01 2.411322848936858968e-07
1.600000000000000000e+01 1.181466126485876671e-05
1.700000000000000000e+01 5.258248960283391440e-06
1.800000000000000000e+01 -2.731096794900805995e-07
1.900000000000000000e+01 -3.701438904580367524e-07
2.000000000000000000e+01 1.855428361460174959e-05
2.100000000000000000e+01 9.527864782203556644e-06
2.200000000000000000e+01 1.728504976837466788e-05
2.300000000000000000e+01 9.199871032112805046e-07
2.400000000000000000e+01 1.330307270912819351e-06
2.500000000000000000e+01 5.957959598306607020e-06
2.600000000000000000e+01 7.343188655845020698e-06
2.700000000000000000e+01 1.227361139415947782e-05
2.800000000000000000e+01 -4.104653815247434444e-07
2.900000000000000000e+01 6.987699150750750835e-07
3.000000000000000000e+01 -1.361178872051918462e-06
1.000000000000000000e+00 3.744546852683186724e-06
2.000000000000000000e+00 1.615286153048231619e-06
3.000000000000000000e+00 1.027343305391587737e-05
4.000000000000000000e+00 3.756111788798231895e-06
5.000000000000000000e+00 6.598306533787709385e-07
6.000000000000000000e+00 1.840647501269202789e-06
7.000000000000000000e+00 1.738339386971727001e-05
8.000000000000000000e+00 -9.313635055717574622e-07
9.000000000000000000e+00 1.405178859702371767e-06
1.000000000000000000e+01 3.269471727332580106e-06
1.100000000000000000e+01 2.263717327238198200e-07
1.200000000000000000e+01 -6.913558592672595727e-07
1.300000000000000000e+01 1.778326656970926030e-06
1.400000000000000000e+01 -1.554888302211235039e-06
1.500000000000000000e+01 -1.325834269888558508e-06
1.600000000000000000e+01 2.676230738205942304e-07
1.700000000000000000e+01 -3.128354631086237108e-07
1.800000000000000000e+01 -7.714073845404464439e-07
1.900000000000000000e+01 -6.164256329730867547e-07
2.000000000000000000e+01 1.605638242397262210e-06
2.100000000000000000e+01 1.429077899434052489e-06
2.200000000000000000e+01 5.597135795983740350e-06
2.300000000000000000e+01 7.407079249996800435e-06
2.400000000000000000e+01 4.571083938567379221e-06
2.500000000000000000e+01 1.610315068988209079e-06
2.600000000000000000e+01 1.153232963171646972e-05
2.700000000000000000e+01 5.628269197274168403e-06
2.800000000000000000e+01 -1.036031217751503050e-06
2.900000000000000000e+01 -6.812467452271388599e-07
3.000000000000000000e+01 -2.579329927002839521e-06
1.000000000000000000e+00 -2.338083810505494214e-07
2.000000000000000000e+00 1.432236903758109054e-06
3.000000000000000000e+00 6.672356893531135469e-06
4.000000000000000000e+00 2.579710945411995562e-05
5.000000000000000000e+00 5.008414863177884123e-06
6.000000000000000000e+00 4.778669590799129525e-06
7.000000000000000000e+00 9.213915871144532269e-06
8.000000000000000000e+00 -3.796754495507285922e-06
9.000000000000000000e+00 -2.673601051439995724e-06
1.000000000000000000e+01 2.919728046792996969e-06
1.100000000000000000e+01 -2.014052820863037924e-06
1.200000000000000000e+01 -3.065425830776900957e-06
1.300000000000000000e+01 4.691301180734482517e-06
1.400000000000000000e+01 -3.221482709741675864e-06
1.500000000000000000e+01 9.493880747727508127e-07
1.600000000000000000e+01 -4.049314406210261300e-07
1.700000000000000000e+01 1.006306300038690674e-05
1.800000000000000000e+01 -2.228323820128536745e-06
1.900000000000000000e+01 -2.649521527450983692e-06
2.000000000000000000e+01 8.674451494991688317e-07
2.100000000000000000e+01 -5.854889059571547830e-07
2.200000000000000000e+01 1.145246085252862047e-06
2.300000000000000000e+01 1.635934504562110050e-05
2.400000000000000000e+01 -2.101141638416344374e-06
2.500000000000000000e+01 4.589478073633828227e-06
2.600000000000000000e+01 1.790356468811358861e-05
2.700000000000000000e+01 2.182465722738929759e-06
2.800000000000000000e+01 -2.212534455654381379e-06
2.900000000000000000e+01 -1.128801299010312041e-06
3.000000000000000000e+01 -4.109119915721258402e-06
1.000000000000000000e+00 -5.398176953266281092e-07
2.000000000000000000e+00 3.360168936823333525e-08
3.000000000000000000e+00 -8.097036653810897692e-07
4.000000000000000000e+00 -4.831343187366413618e-06
5.000000000000000000e+00 1.625418553440610443e-06
6.000000000000000000e+00 7.173715312138360382e-06
7.000000000000000000e+00 8.112168422276524950e-06
8.000000000000000000e+00 -6.706200814889504071e-06
9.000000000000000000e+00 -4.539004522990857625e-06
1.000000000000000000e+01 -4.151084423038229014e-06
1.100000000000000000e+01 -6.649815670197119536e-06
1.200000000000000000e+01 -4.759096299703704928e-06
1.300000000000000000e+01 -3.223959521321675990e-06
1.400000000000000000e+01 -6.763293942660914768e-06
1.500000000000000000e+01 -3.415788269831835995e-06
1.600000000000000000e+01 -4.051975451152023263e-06
1.700000000000000000e+01 -4.987620710486830768e-06
1.800000000000000000e+01 1.687261607611030392e-07
1.900000000000000000e+01 -4.703280218572107608e-06
2.000000000000000000e+01 2.697882884523310290e-06
2.100000000000000000e+01 1.805826890977813841e-06
2.200000000000000000e+01 4.619042746929267991e-06
2.300000000000000000e+01 1.825770231045921365e-05
2.400000000000000000e+01 -4.020491176278606979e-06
2.500000000000000000e+01 1.736204163458028576e-06
2.600000000000000000e+01 -7.871811016987654502e-07
2.700000000000000000e+01 8.660995658642345620e-06
2.800000000000000000e+01 -4.521587739777405710e-06
2.900000000000000000e+01 -4.422744514649026641e-06
3.000000000000000000e+01 -7.212633288264202952e-06
1.000000000000000000e+00 2.117466795081547662e-06
2.000000000000000000e+00 3.361954456824978032e-06
3.000000000000000000e+00 1.794613340233718578e-08
4.000000000000000000e+00 2.497995713400394659e-06
5.000000000000000000e+00 2.236513473418240470e-06
6.000000000000000000e+00 1.030549389914598936e-05
7.000000000000000000e+00 6.532371229945043182e-06
8.000000000000000000e+00 1.458469859749096167e-06
9.000000000000000000e+00 -1.659668497828365121e-06
1.000000000000000000e+01 -2.090389797697134451e-06
1.100000000000000000e+01 -1.433481608146597586e-06
1.200000000000000000e+01 4.464704077544715952e-06
1.300000000000000000e+01 3.347973424699767072e-07
1.400000000000000000e+01 -3.509847064091613273e-06
1.500000000000000000e+01 -3.373515499573213427e-06
1.600000000000000000e+01 7.621700245249151517e-06
1.700000000000000000e+01 -6.382208686783952310e-07
1.800000000000000000e+01 -3.485202670455245320e-06
1.900000000000000000e+01 -3.865484499950548291e-06
2.000000000000000000e+01 7.185435890185681711e-06
2.100000000000000000e+01 1.412500161155245214e-05
2.200000000000000000e+01 5.681653473253029338e-06
2.300000000000000000e+01 1.689929701659130979e-05
2.400000000000000000e+01 -2.068370057100149873e-06
2.500000000000000000e+01 -1.426793719347132972e-06
2.600000000000000000e+01 9.194515220898312704e-06
2.700000000000000000e+01 1.451644538707818203e-05
2.800000000000000000e+01 -2.276156388604808307e-06
2.900000000000000000e+01 -1.985936340910556202e-06
3.000000000000000000e+01 -4.425144492773216806e-06
1.000000000000000000e+00 4.607108073207840144e-06
2.000000000000000000e+00 4.905101314466290954e-06
3.000000000000000000e+00 3.190540316992570481e-06
4.000000000000000000e+00 7.935122200187808922e-06
5.000000000000000000e+00 2.517959448905740098e-06
6.000000000000000000e+00 4.416516585834403161e-06
7.000000000000000000e+00 7.816469562516042917e-06
8.000000000000000000e+00 2.871306997726759575e-06
9.000000000000000000e+00 -1.939799489105331292e-06
1.000000000000000000e+01 -5.056628696511541108e-07
1.100000000000000000e+01 -2.773446371136689691e-06
1.200000000000000000e+01 -1.919985985693070121e-07
1.300000000000000000e+01 -7.655198496774612095e-07
1.400000000000000000e+01 4.139699028322827774e-07
1.500000000000000000e+01 1.787253039335976074e-06
1.600000000000000000e+01 1.180821012951387253e-05
1.700000000000000000e+01 -2.121522819440114312e-06
1.800000000000000000e+01 -2.694611920571696036e-06
1.900000000000000000e+01 -3.019198985008649749e-06
2.000000000000000000e+01 5.599789033582971774e-06
2.100000000000000000e+01 3.728251657940064506e-06
2.200000000000000000e+01 1.487792437502566932e-04
2.300000000000000000e+01 3.194148102684546453e-06
2.400000000000000000e+01 3.253729346023755690e-06
2.500000000000000000e+01 -3.951405625181739974e-08
2.600000000000000000e+01 6.919649448183942107e-06
2.700000000000000000e+01 1.659665231315938362e-06
2.800000000000000000e+01 -1.708883068977015710e-07
2.900000000000000000e+01 -1.863495331962336718e-06
3.000000000000000000e+01 -3.502730552874211498e-06
1.000000000000000000e+00 -2.768269380009949275e-07
2.000000000000000000e+00 7.709235031053996172e-06
3.000000000000000000e+00 6.227762801256240131e-06
4.000000000000000000e+00 -1.395634007346726625e-07
5.000000000000000000e+00 1.046096148690362378e-05
6.000000000000000000e+00 5.110874491957943822e-06
7.000000000000000000e+00 5.910717069827916247e-06
8.000000000000000000e+00 2.269743876076932163e-06
9.000000000000000000e+00 9.699847295198226046e-06
1.000000000000000000e+01 -1.350492222471093658e-06
1.100000000000000000e+01 -2.570592892444350573e-06
1.200000000000000000e+01 3.121396224566001549e-06
1.300000000000000000e+01 2.494098472115655191e-07
1.400000000000000000e+01 -2.072121124529904238e-06
1.500000000000000000e+01 -3.471392795337633830e-06
1.600000000000000000e+01 4.714258810554315507e-06
1.700000000000000000e+01 5.007668346587122247e-07
1.800000000000000000e+01 -2.600618781150806145e-06
1.900000000000000000e+01 5.739756221280164608e-06
2.000000000000000000e+01 1.258289369206047036e-05
2.100000000000000000e+01 1.493931109552091464e-05
2.200000000000000000e+01 1.545411085897808269e-05
2.300000000000000000e+01 6.696755249398432193e-06
2.400000000000000000e+01 -1.311307388423628873e-06
2.500000000000000000e+01 -1.878850774093555075e-06
2.600000000000000000e+01 1.667432648202325009e-05
2.700000000000000000e+01 1.292243545491534383e-05
2.800000000000000000e+01 -1.695688680710101748e-06
2.900000000000000000e+01 -2.714138137479098506e-06
3.000000000000000000e+01 -4.303636146971444522e-06
1.000000000000000000e+00 -1.417075247218998725e-06
2.000000000000000000e+00 5.703917106574909785e-07
3.000000000000000000e+00 -1.324466097513010511e-06
4.000000000000000000e+00 -2.746590373411637481e-06
5.000000000000000000e+00 1.501138235232488320e-06
6.000000000000000000e+00 -9.213870613975514728e-07
7.000000000000000000e+00 1.163697528033935595e-05
8.000000000000000000e+00 -3.370745902343880171e-06
9.000000000000000000e+00 2.668408766783727796e-06
1.000000000000000000e+01 2.821481712407766055e-06
1.100000000000000000e+01 -1.994169037628731510e-06
1.200000000000000000e+01 -8.090001115005640566e-07
1.300000000000000000e+01 2.008814293244832976e-06
1.400000000000000000e+01 -3.346143820519635401e-06
1.500000000000000000e+01 2.025915007891511777e-06
1.600000000000000000e+01 4.425613318024696788e-06
1.700000000000000000e+01 -2.468785199091871915e-07
1.800000000000000000e+01 -2.303267011145269870e-06
1.900000000000000000e+01 -2.570605817666497438e-06
2.000000000000000000e+01 -3.520491822625585381e-07
2.100000000000000000e+01 9.991401452172612966e-06
2.200000000000000000e+01 -8.797664961997655644e-07
2.300000000000000000e+01 3.885160632947729924e-06
2.400000000000000000e+01 7.612203774029980806e-07
2.500000000000000000e+01 -1.293279204076127425e-06
2.600000000000000000e+01 -1.667337101168173011e-07
2.700000000000000000e+01 1.007204489800652925e-05
2.800000000000000000e+01 -1.350518759879095047e-06
2.900000000000000000e+01 -2.557399799104024198e-06
3.000000000000000000e+01 -3.815624152003949599e-06
1.000000000000000000e+00 1.141658714404848887e-06
2.000000000000000000e+00 -2.757760655746647036e-07
3.000000000000000000e+00 1.205182679461020068e-08
4.000000000000000000e+00 1.250917700432880743e-07
5.000000000000000000e+00 -1.220740341381259195e-06
6.000000000000000000e+00 -8.456413971613027399e-07
7.000000000000000000e+00 3.624592825812648926e-07
8.000000000000000000e+00 2.830807397579738687e-06
9.000000000000000000e+00 -1.187350796710203540e-06
1.000000000000000000e+01 -1.013027137163211341e-06
1.100000000000000000e+01 -1.803778432182496318e-06
1.200000000000000000e+01 4.461984786667646073e-06
1.300000000000000000e+01 7.675912599302297087e-07
1.400000000000000000e+01 -1.761299699900058952e-06
1.500000000000000000e+01 -1.891764316140363292e-06
1.600000000000000000e+01 3.676446787089607682e-06
1.700000000000000000e+01 5.171964996278845221e-06
1.800000000000000000e+01 -1.545396177754920930e-06
1.900000000000000000e+01 -2.541979969581957846e-06
2.000000000000000000e+01 2.717815984882142050e-06
2.100000000000000000e+01 -9.763088274142342816e-07
2.200000000000000000e+01 2.415618007079242047e-06
2.300000000000000000e+01 1.516327452755523367e-06
2.400000000000000000e+01 -1.735939366427527858e-06
2.500000000000000000e+01 8.302078541262354558e-07
2.600000000000000000e+01 1.334226575342240201e-04
2.700000000000000000e+01 1.386728699482539234e-05
2.800000000000000000e+01 -6.942120448370418994e-07
2.900000000000000000e+01 -1.392861162496468642e-06
3.000000000000000000e+01 -3.104180201343693712e-06
1.000000000000000000e+00 1.812716054991202218e-06
2.000000000000000000e+00 1.655954483331816243e-05
3.000000000000000000e+00 2.450073319267204951e-06
4.000000000000000000e+00 7.895443633302256958e-06
5.000000000000000000e+00 1.783682069746467726e-06
6.000000000000000000e+00 9.522296778204426571e-06
7.000000000000000000e+00 9.494338906150028365e-06
8.000000000000000000e+00 -3.295836872314886814e-06
9.000000000000000000e+00 -2.905949404480324492e-06
1.000000000000000000e+01 -3.215765694727451853e-06
1.100000000000000000e+01 4.847648052841121718e-06
1.200000000000000000e+01 -2.243136463038895318e-06
1.300000000000000000e+01 6.899288072323844931e-07
1.400000000000000000e+01 -3.646425293233467791e-06
1.500000000000000000e+01 6.911620513488309896e-08
1.600000000000000000e+01 2.291322095138453066e-05
1.700000000000000000e+01 -1.100456504952399259e-06
1.800000000000000000e+01 -2.725001577169920168e-06
1.900000000000000000e+01 -3.893399775102886121e-06
2.000000000000000000e+01 3.830010071951020186e-06
2.100000000000000000e+01 3.093900709999781007e-06
2.200000000000000000e+01 1.407769482277119891e-06
2.300000000000000000e+01 1.001262045413344278e-05
2.400000000000000000e+01 -3.230688138481919609e-06
2.500000000000000000e+01 6.023995772465190877e-07
2.600000000000000000e+01 4.615211835425258110e-06
2.700000000000000000e+01 1.381270857155205857e-05
2.800000000000000000e+01 -3.409849339779111375e-06
2.900000000000000000e+01 -3.539653541742280484e-06
3.000000000000000000e+01 -5.118044869717020996e-06
1.000000000000000000e+00 -1.358225024286730085e-06
2.000000000000000000e+00 2.127563025117343910e-06
3.000000000000000000e+00 -2.540702862832819402e-06
4.000000000000000000e+00 -3.659860917393141761e-06
5.000000000000000000e+00 -2.847927819497761970e-06
6.000000000000000000e+00 -1.137603382162217088e-06
7.000000000000000000e+00 3.347998876705111427e-06
8.000000000000000000e+00 -2.095313242541485764e-06
9.000000000000000000e+00 3.134755973584237055e-06
1.000000000000000000e+01 -3.474502874106477534e-06
1.100000000000000000e+01 1.008993452864396447e-06
1.200000000000000000e+01 -3.374657350038080629e-06
1.300000000000000000e+01 -2.405809463704664528e-06
1.400000000000000000e+01 -1.106726281878643655e-06
1.500000000000000000e+01 1.519242530006497705e-06
1.600000000000000000e+01 3.556064896896028999e-06
1.700000000000000000e+01 2.691153774466607143e-06
1.800000000000000000e+01 -3.371371071948027875e-06
1.900000000000000000e+01 -2.869105459373792449e-06
2.000000000000000000e+01 -1.441762950482274800e-07
2.100000000000000000e+01 8.522354441422769536e-06
2.200000000000000000e+01 -7.828141077615411463e-07
2.300000000000000000e+01 -1.973187338693440073e-06
2.400000000000000000e+01 -4.177259546989542229e-06
2.500000000000000000e+01 -2.065919049594394310e-06
2.600000000000000000e+01 3.546051715620181953e-06
2.700000000000000000e+01 -1.156130413792604231e-06
2.800000000000000000e+01 -3.409013488710482029e-06
2.900000000000000000e+01 -2.501923629332061249e-06
3.000000000000000000e+01 -4.620295459597170283e-06
1.000000000000000000e+00 1.123664466064473387e-06
2.000000000000000000e+00 1.357783260253077767e-06
3.000000000000000000e+00 3.264114303470786116e-06
4.000000000000000000e+00 -1.363554397702957956e-06
5.000000000000000000e+00 2.178977020488153436e-06
6.000000000000000000e+00 -1.674478387731668193e-06
7.000000000000000000e+00 1.234686279278534187e-05
8.000000000000000000e+00 -3.071232228356452576e-06
9.000000000000000000e+00 4.158572488881018053e-06
1.000000000000000000e+01 -1.116928464044379626e-06
1.100000000000000000e+01 -3.359009647784764481e-06
1.200000000000000000e+01 -2.881946301768897993e-06
1.300000000000000000e+01 -8.155138000432070929e-07
1.400000000000000000e+01 -2.739404113051654580e-06
1.500000000000000000e+01 -4.127406607946523325e-06
1.600000000000000000e+01 7.977155063828444579e-06
1.700000000000000000e+01 -2.935841426286605927e-06
1.800000000000000000e+01 -2.745385152262208722e-06
1.900000000000000000e+01 -3.856505319272386918e-06
2.000000000000000000e+01 6.549803555712365546e-06
2.100000000000000000e+01 1.292432497263518136e-07
2.200000000000000000e+01 -1.552195095346120357e-06
2.300000000000000000e+01 7.504036751162413988e-06
2.400000000000000000e+01 -2.124186505757330033e-06
2.500000000000000000e+01 -2.651690211764663355e-06
2.600000000000000000e+01 5.460354071017778585e-06
2.700000000000000000e+01 7.220717025489561739e-06
2.800000000000000000e+01 -3.238293496508042418e-06
2.900000000000000000e+01 1.652626245670280762e-06
3.000000000000000000e+01 -4.757267088810294805e-06
1.000000000000000000e+00 -1.278394715066471869e-06
2.000000000000000000e+00 -3.527977494399855699e-07
3.000000000000000000e+00 -1.144321931869334513e-06
4.000000000000000000e+00 1.165479525800912948e-05
5.000000000000000000e+00 2.246118385293379671e-06
6.000000000000000000e+00 8.983972121211550570e-06
7.000000000000000000e+00 3.520359396631786508e-06
8.000000000000000000e+00 -4.780255698975905426e-06
9.000000000000000000e+00 -3.010795570939647382e-06
1.000000000000000000e+01 -1.539469589005192681e-06
1.100000000000000000e+01 1.014517419055088233e-06
1.200000000000000000e+01 -2.061167405786117815e-06
1.300000000000000000e+01 8.613340338824344934e-06
1.400000000000000000e+01 -4.268583786038680117e-06
1.500000000000000000e+01 -3.157133495184283744e-06
1.600000000000000000e+01 -1.565950468480627478e-06
1.700000000000000000e+01 7.426447142378649847e-06
1.800000000000000000e+01 1.377949119372525257e-06
1.900000000000000000e+01 -4.610289299090408879e-06
2.000000000000000000e+01 1.093525803678467265e-05
2.100000000000000000e+01 6.830729262671185669e-06
2.200000000000000000e+01 8.886138851233702255e-06
2.300000000000000000e+01 9.383575576083036076e-06
2.400000000000000000e+01 -2.810571061136180648e-06
2.500000000000000000e+01 3.559108539404768775e-06
2.600000000000000000e+01 1.749871114058989071e-05
2.700000000000000000e+01 1.229073825292743603e-05
2.800000000000000000e+01 -2.234533525513422153e-06
2.900000000000000000e+01 -2.860855837587285843e-06
3.000000000000000000e+01 -5.807258262640477899e-06
1.000000000000000000e+00 1.341128398791517618e-06
2.000000000000000000e+00 1.048221680691823323e-06
3.000000000000000000e+00 1.111462493047242275e-06
4.000000000000000000e+00 7.939723287312649668e-07
5.000000000000000000e+00 6.983393200408531429e-06
6.000000000000000000e+00 1.004869345593720183e-05
7.000000000000000000e+00 1.393230579634281695e-05
8.000000000000000000e+00 7.858646903211308269e-07
9.000000000000000000e+00 3.544173883152999887e-07
1.000000000000000000e+01 4.754156841735342949e-06
1.100000000000000000e+01 4.962908779731017948e-07
1.200000000000000000e+01 1.213315979400429254e-06
1.300000000000000000e+01 5.174711458287935762e-06
1.400000000000000000e+01 8.551307376971943888e-07
1.500000000000000000e+01 4.371109160680318805e-06
1.600000000000000000e+01 6.964368187069529209e-06
1.700000000000000000e+01 2.475009286061963884e-06
1.800000000000000000e+01 2.805986109071408387e-07
1.900000000000000000e+01 -2.252153924769629171e-07
2.000000000000000000e+01 3.776666452201749321e-06
2.100000000000000000e+01 3.051262104088631704e-07
2.200000000000000000e+01 3.313633142867132267e-06
2.300000000000000000e+01 3.269388747269001924e-06
2.400000000000000000e+01 -1.492252825100332974e-07
2.500000000000000000e+01 1.444829063573870530e-06
2.600000000000000000e+01 8.883984761463977622e-06
2.700000000000000000e+01 4.407157376833529008e-06
2.800000000000000000e+01 4.574064565895275458e-07
2.900000000000000000e+01 -3.425688426686379199e-07
3.000000000000000000e+01 -1.291285631963590078e-06
1.000000000000000000e+00 5.317156252725619044e-06
2.000000000000000000e+00 3.805544848753894348e-06
3.000000000000000000e+00 -2.047277458178818386e-07
4.000000000000000000e+00 -2.930521270205916688e-06
5.000000000000000000e+00 -1.005246641174807083e-06
6.000000000000000000e+00 1.262785371149145757e-06
7.000000000000000000e+00 1.535916947607387151e-06
8.000000000000000000e+00 2.268490984798465642e-06
9.000000000000000000e+00 3.436521777366834463e-06
1.000000000000000000e+01 -2.982089066446268246e-07
1.100000000000000000e+01 2.639158649017496629e-06
1.200000000000000000e+01 -1.567717723834711646e-06
1.300000000000000000e+01 -3.704496408299305608e-07
1.400000000000000000e+01 -1.769987935991621428e-06
1.500000000000000000e+01 3.048877519103706077e-06
1.600000000000000000e+01 1.240267508015986570e-06
1.700000000000000000e+01 -1.364589100721034556e-06
1.800000000000000000e+01 -1.856834540446294767e-06
1.900000000000000000e+01 -1.318121364259285810e-06
2.000000000000000000e+01 1.060112271952172313e-05
2.100000000000000000e+01 3.971079321175170893e-07
2.200000000000000000e+01 1.974852695003455326e-07
2.300000000000000000e+01 8.290567945693941859e-06
2.400000000000000000e+01 -1.833042076264118447e-06
2.500000000000000000e+01 4.270500165756871042e-06
2.600000000000000000e+01 1.122229132682110510e-07
2.700000000000000000e+01 7.433737295694861732e-06
2.800000000000000000e+01 -1.460548620513529615e-06
2.900000000000000000e+01 -2.298977173536797415e-06
3.000000000000000000e+01 -3.199481132465104716e-06
1.000000000000000000e+00 5.845441259731018052e-06
2.000000000000000000e+00 1.731103487129498718e-06
3.000000000000000000e+00 4.342033023342523327e-06
4.000000000000000000e+00 6.043227498335856631e-06
5.000000000000000000e+00 1.070222060934135206e-05
6.000000000000000000e+00 7.372742919922889925e-06
7.000000000000000000e+00 1.782959102271582053e-06
8.000000000000000000e+00 -9.948680226853833124e-07
9.000000000000000000e+00 5.029101729311994924e-06
1.000000000000000000e+01 3.080598116361967816e-07
1.100000000000000000e+01 8.909637624691861081e-09
1.200000000000000000e+01 -1.436311481288992290e-07
1.300000000000000000e+01 1.803657847725597080e-06
1.400000000000000000e+01 5.445201410268411831e-06
1.500000000000000000e+01 -2.317390986678633696e-07
1.600000000000000000e+01 5.028920106412319674e-06
1.700000000000000000e+01 5.405224136106372758e-06
1.800000000000000000e+01 2.833516969637763526e-08
1.900000000000000000e+01 -9.747746056062485738e-08
2.000000000000000000e+01 6.867146398943967221e-06
2.100000000000000000e+01 1.533745206305211071e-06
2.200000000000000000e+01 3.745588468273565244e-06
2.300000000000000000e+01 4.306578421115579290e-06
2.400000000000000000e+01 1.040350718452843777e-07
2.500000000000000000e+01 1.568286904179329384e-06
2.600000000000000000e+01 1.251716530168635292e-05
2.700000000000000000e+01 8.105120466602264178e-06
2.800000000000000000e+01 -8.537148264962376097e-07
2.900000000000000000e+01 -8.860996936154402941e-07
3.000000000000000000e+01 -1.552519642762447026e-06
1.000000000000000000e+00 6.585517943569567255e-06
2.000000000000000000e+00 -1.407677408531470595e-07
3.000000000000000000e+00 1.036910256854464257e-05
4.000000000000000000e+00 9.561303850088250281e-06
5.000000000000000000e+00 9.416347876993714894e-07
6.000000000000000000e+00 7.756634772894444683e-06
7.000000000000000000e+00 2.968668979688237850e-06
8.000000000000000000e+00 -1.534389846178224296e-06
9.000000000000000000e+00 6.964847045425950299e-07
1.000000000000000000e+01 -1.732289469860312877e-06
1.100000000000000000e+01 2.819125038758256078e-06
1.200000000000000000e+01 -1.572613727913786679e-06
1.300000000000000000e+01 -5.359175911206397200e-07
1.400000000000000000e+01 -1.702495783473870102e-06
1.500000000000000000e+01 -1.722170080560544694e-06
1.600000000000000000e+01 3.485778395846581291e-06
1.700000000000000000e+01 3.189099985949239266e-06
1.800000000000000000e+01 -5.006147958510785989e-07
1.900000000000000000e+01 -7.563258399914374442e-07
2.000000000000000000e+01 1.351475516560156880e-06
2.100000000000000000e+01 1.049100769256171325e-06
2.200000000000000000e+01 7.844932641419845627e-06
2.300000000000000000e+01 5.951968051986154062e-06
2.400000000000000000e+01 -1.119411039249881231e-06
2.500000000000000000e+01 -1.905920644229508252e-07
2.600000000000000000e+01 7.319258496657412511e-06
2.700000000000000000e+01 3.771783481541605298e-06
2.800000000000000000e+01 8.082918836907167494e-06
2.900000000000000000e+01 -1.309747716327707953e-06
3.000000000000000000e+01 -3.525964835000719361e-06
1.000000000000000000e+00 -6.396790710825643111e-07
2.000000000000000000e+00 4.662474708334130766e-06
3.000000000000000000e+00 5.725854263829857974e-06
4.000000000000000000e+00 3.429547835162365135e-06
5.000000000000000000e+00 -3.807313630884817131e-07
6.000000000000000000e+00 3.803070163326567554e-06
7.000000000000000000e+00 2.171087644530489538e-05
8.000000000000000000e+00 -1.638836818027408319e-06
9.000000000000000000e+00 5.684642004098374483e-06
1.000000000000000000e+01 -9.182643768446841352e-07
1.100000000000000000e+01 -2.651821320505554164e-06
1.200000000000000000e+01 -1.714709257980965676e-06
1.300000000000000000e+01 2.028819224246278451e-06
1.400000000000000000e+01 -3.118312684922568510e-06
1.500000000000000000e+01 2.769970884350226946e-06
1.600000000000000000e+01 -1.515486038998276504e-06
1.700000000000000000e+01 -1.379397137539738044e-06
1.800000000000000000e+01 -7.051388586472436695e-07
1.900000000000000000e+01 -2.379880444501384711e-06
2.000000000000000000e+01 1.122144153210663227e-05
2.100000000000000000e+01 3.466535963646541398e-06
2.200000000000000000e+01 2.758379393653088054e-06
2.300000000000000000e+01 3.130002237971473163e-06
2.400000000000000000e+01 3.964663746506570506e-06
2.500000000000000000e+01 6.899674747020423198e-07
2.600000000000000000e+01 7.841628296184298871e-06
2.700000000000000000e+01 8.736784568961358539e-06
2.800000000000000000e+01 -1.393603569326853088e-06
2.900000000000000000e+01 -5.286143700373117385e-07
3.000000000000000000e+01 -3.681294653904323922e-06
1.000000000000000000e+00 -8.044080871444278892e-07
2.000000000000000000e+00 4.116636782517463778e-06
3.000000000000000000e+00 -1.012461068764186413e-06
4.000000000000000000e+00 -2.996857274826648961e-06
5.000000000000000000e+00 6.612199957431365649e-06
6.000000000000000000e+00 3.874103745994425390e-06
7.000000000000000000e+00 5.095433831978871892e-06
8.000000000000000000e+00 -3.007429354317829384e-06
9.000000000000000000e+00 -8.376843051301486968e-07
1.000000000000000000e+01 -2.820642182648485947e-06
1.100000000000000000e+01 -2.031793723857908390e-06
1.200000000000000000e+01 -2.995769289186047881e-06
1.300000000000000000e+01 3.288706116905020517e-06
1.400000000000000000e+01 -2.583797409991124223e-06
1.500000000000000000e+01 -2.998425728036154865e-06
1.600000000000000000e+01 1.366341464934583212e-05
1.700000000000000000e+01 3.463951099545066927e-06
1.800000000000000000e+01 -2.591357722089569532e-06
1.900000000000000000e+01 2.497424523686934113e-06
2.000000000000000000e+01 4.450475853551405284e-06
2.100000000000000000e+01 5.878276933043667279e-06
2.200000000000000000e+01 4.133037036337707964e-06
2.300000000000000000e+01 -1.371114543212704600e-06
2.400000000000000000e+01 -3.754466812983993627e-06
2.500000000000000000e+01 8.900686642156464354e-07
2.600000000000000000e+01 1.395181690468567145e-04
2.700000000000000000e+01 8.583894470749803458e-06
2.800000000000000000e+01 -2.627937460954388666e-06
2.900000000000000000e+01 -3.243200191459807688e-06
3.000000000000000000e+01 -4.258974276658931996e-06
1.000000000000000000e+00 1.490734906658523612e-06
2.000000000000000000e+00 -1.220433874849700943e-07
3.000000000000000000e+00 1.166286698195666288e-06
4.000000000000000000e+00 -1.567976248886567665e-06
5.000000000000000000e+00 -2.327482535056766472e-06
6.000000000000000000e+00 4.514048529486630238e-06
7.000000000000000000e+00 1.613983525425637000e-05
8.000000000000000000e+00 -3.005195904783262386e-06
9.000000000000000000e+00 -2.611742054559345194e-06
1.000000000000000000e+01 -1.773869090303752125e-06
1.100000000000000000e+01 -2.899684654411006198e-06
1.200000000000000000e+01 4.781948415332960905e-06
1.300000000000000000e+01 4.372471988478226003e-06
1.400000000000000000e+01 -2.348948050509034714e-06
1.500000000000000000e+01 1.300951772913934196e-05
1.600000000000000000e+01 2.894945205925938291e-06
1.700000000000000000e+01 2.693603105780917651e-07
1.800000000000000000e+01 -2.155724066688089136e-06
1.900000000000000000e+01 -1.889176510116813863e-06
2.000000000000000000e+01 1.042015469719574262e-05
2.100000000000000000e+01 -1.421783605444097062e-06
2.200000000000000000e+01 8.900022404926299008e-06
2.300000000000000000e+01 1.665738682086545253e-05
2.400000000000000000e+01 -7.302973243996540223e-07
2.500000000000000000e+01 5.595451951762959763e-06
2.600000000000000000e+01 1.743058194086549546e-05
2.700000000000000000e+01 2.228795781369339394e-06
2.800000000000000000e+01 3.521180131064043189e-06
2.900000000000000000e+01 -2.699761744001233812e-06
3.000000000000000000e+01 -3.782501786410048771e-06
1.000000000000000000e+00 3.919596346061131856e-06
2.000000000000000000e+00 -1.307255013559755724e-06
3.000000000000000000e+00 -2.754091556826412241e-06
4.000000000000000000e+00 -3.760012099093332391e-06
5.000000000000000000e+00 -2.462258812025105003e-06
6.000000000000000000e+00 -1.173948789119531756e-06
7.000000000000000000e+00 4.532276448531942524e-06
8.000000000000000000e+00 -2.544528493303331678e-06
9.000000000000000000e+00 -3.390480688302365580e-06
1.000000000000000000e+01 -3.610290720590059862e-06
1.100000000000000000e+01 -4.181804388960872230e-06
1.200000000000000000e+01 -1.426567100324648787e-06
1.300000000000000000e+01 -3.146539688748460167e-06
1.400000000000000000e+01 -1.798955369909830745e-06
1.500000000000000000e+01 1.291911667949190937e-04
1.600000000000000000e+01 8.651251267373546622e-06
1.700000000000000000e+01 4.281667729433010183e-06
1.800000000000000000e+01 -1.868745414310093245e-06
1.900000000000000000e+01 -2.957475143085124052e-06
2.000000000000000000e+01 5.264420482508032516e-08
2.100000000000000000e+01 4.509781411485357519e-06
2.200000000000000000e+01 -4.439571412431731187e-07
2.300000000000000000e+01 4.732473919443901115e-06
2.400000000000000000e+01 -3.415944437291348764e-06
2.500000000000000000e+01 2.157618025628292567e-06
2.600000000000000000e+01 1.361846726489482421e-05
2.700000000000000000e+01 -1.282281900919950177e-06
2.800000000000000000e+01 -3.384012531714222365e-06
2.900000000000000000e+01 2.265940858734244967e-06
3.000000000000000000e+01 -4.766555215958996397e-06
1.000000000000000000e+00 -3.337837651315587044e-06
2.000000000000000000e+00 7.748814922472673986e-06
3.000000000000000000e+00 4.876545115914594932e-06
4.000000000000000000e+00 -4.097669436346846701e-06
5.000000000000000000e+00 -4.593746127623151859e-06
6.000000000000000000e+00 -8.047452901496467572e-07
7.000000000000000000e+00 5.456303346584211994e-06
8.000000000000000000e+00 -3.921341688990371749e-06
9.000000000000000000e+00 2.241469140295268827e-06
1.000000000000000000e+01 -2.695337220288366617e-06
1.100000000000000000e+01 5.464686438549352213e-06
1.200000000000000000e+01 -2.474363193260710148e-06
1.300000000000000000e+01 -2.788925731216195788e-06
1.400000000000000000e+01 -2.235924225146332300e-06
1.500000000000000000e+01 5.348420735278389922e-06
1.600000000000000000e+01 1.546467138717453157e-06
1.700000000000000000e+01 -3.817350586257154307e-06
1.800000000000000000e+01 -3.237210125546143013e-06
1.900000000000000000e+01 -4.075583879474503687e-06
2.000000000000000000e+01 2.741584841556527011e-07
2.100000000000000000e+01 2.521236040807524337e-06
2.200000000000000000e+01 9.753585539531573996e-07
2.300000000000000000e+01 1.006670673832448921e-05
2.400000000000000000e+01 1.065254660716991423e-06
2.500000000000000000e+01 -2.725546162496417898e-07
2.600000000000000000e+01 -3.708636463775921648e-07
2.700000000000000000e+01 5.356756416443290862e-06
2.800000000000000000e+01 -2.081984717741142894e-06
2.900000000000000000e+01 -3.159655879936606408e-06
3.000000000000000000e+01 -5.732885478198579926e-06
1.000000000000000000e+00 6.226617349384138718e-06
2.000000000000000000e+00 1.138669631068942143e-05
3.000000000000000000e+00 6.665834597333243745e-06
4.000000000000000000e+00 3.387492142000336532e-06
5.000000000000000000e+00 -4.192224221837897538e-07
6.000000000000000000e+00 3.762797850274235844e-07
7.000000000000000000e+00 1.781163069320847696e-05
8.000000000000000000e+00 -1.563291522212990121e-06
9.000000000000000000e+00 1.100225955638806468e-05
1.000000000000000000e+01 3.967164641316729187e-07
1.100000000000000000e+01 -2.794373092366510409e-06
1.200000000000000000e+01 -5.190512753604272348e-07
1.300000000000000000e+01 5.487978046079799818e-06
1.400000000000000000e+01 -1.636461148113990318e-06
1.500000000000000000e+01 -2.245477537460029178e-06
1.600000000000000000e+01 3.736221094709033048e-06
1.700000000000000000e+01 3.539036301416720927e-06
1.800000000000000000e+01 -2.157936988029681350e-06
1.900000000000000000e+01 -2.425741971557298781e-06
2.000000000000000000e+01 1.181358144378182283e-05
2.100000000000000000e+01 1.144766688316894574e-05
2.200000000000000000e+01 3.932232495597871481e-06
2.300000000000000000e+01 3.000729399000851209e-06
2.400000000000000000e+01 6.003203218682166238e-07
2.500000000000000000e+01 5.681054834187245922e-07
2.600000000000000000e+01 8.163759322823752369e-06
2.700000000000000000e+01 7.099323600128924346e-06
2.800000000000000000e+01 -6.844621183581733703e-07
2.900000000000000000e+01 -1.640170595847555927e-06
3.000000000000000000e+01 -3.186651958148562722e-06
1.000000000000000000e+00 4.825629808107609327e-06
2.000000000000000000e+00 6.029683814785071848e-07
3.000000000000000000e+00 4.457505972213014548e-06
4.000000000000000000e+00 -1.248443813600863351e-06
5.000000000000000000e+00 2.925182712084926418e-06
6.000000000000000000e+00 7.617935388740388521e-06
7.000000000000000000e+00 8.145535116817275930e-06
8.000000000000000000e+00 -2.823510828022504019e-06
9.000000000000000000e+00 6.258791174382912857e-08
1.000000000000000000e+01 -2.364217529436777317e-06
1.100000000000000000e+01 1.302248188495467272e-04
1.200000000000000000e+01 -1.910869717972358185e-06
1.300000000000000000e+01 -1.448946622706491907e-06
1.400000000000000000e+01 -7.848726219881199345e-07
1.500000000000000000e+01 2.644002181091221407e-06
1.600000000000000000e+01 2.796903439028197031e-06
1.700000000000000000e+01 -2.210847468574641870e-06
1.800000000000000000e+01 -2.744772688051822313e-06
1.900000000000000000e+01 -2.862774288501053282e-06
2.000000000000000000e+01 -1.903400603740836060e-07
2.100000000000000000e+01 4.044228688516451290e-06
2.200000000000000000e+01 -3.159843123916814542e-07
2.300000000000000000e+01 1.110341050556701207e-06
2.400000000000000000e+01 -2.406801631647412764e-06
2.500000000000000000e+01 -1.837640844886448064e-06
2.600000000000000000e+01 1.828200017727544849e-06
2.700000000000000000e+01 7.091573425001138045e-06
2.800000000000000000e+01 -3.129692994389129130e-06
2.900000000000000000e+01 -1.485198970125237481e-06
3.000000000000000000e+01 -4.374264609967191809e-06
1.000000000000000000e+00 2.687441925794885182e-06
2.000000000000000000e+00 -6.349740394792171629e-07
3.000000000000000000e+00 5.630085221899221360e-06
4.000000000000000000e+00 6.035784722292860731e-08
5.000000000000000000e+00 4.705593179003532580e-07
6.000000000000000000e+00 5.005948371510172208e-06
7.000000000000000000e+00 1.970342927853336543e-05
8.000000000000000000e+00 1.221233486006672056e-05
9.000000000000000000e+00 -4.659456971226782912e-07
1.000000000000000000e+01 3.483067013639188675e-06
1.100000000000000000e+01 -1.995791913820515532e-06
1.200000000000000000e+01 8.433846590418459115e-06
1.300000000000000000e+01 9.126515082762964994e-06
1.400000000000000000e+01 -1.796569793979757600e-06
1.500000000000000000e+01 -1.871689435059452728e-06
1.600000000000000000e+01 5.198886465079993609e-06
1.700000000000000000e+01 8.452469372767737357e-06
1.800000000000000000e+01 -1.650043277588637976e-06
1.900000000000000000e+01 2.980526919563592869e-06
2.000000000000000000e+01 2.809896054032499663e-06
2.100000000000000000e+01 5.167614901648812870e-06
2.200000000000000000e+01 6.325452798083355584e-06
2.300000000000000000e+01 6.781152862585829879e-06
2.400000000000000000e+01 3.607116821175426537e-06
2.500000000000000000e+01 5.412122101842257214e-06
2.600000000000000000e+01 5.339847364670865733e-06
2.700000000000000000e+01 1.397728100110654912e-05
2.800000000000000000e+01 -5.328373128374056127e-07
2.900000000000000000e+01 -1.116086071363850386e-06
3.000000000000000000e+01 -2.636855333556518196e-06
1.000000000000000000e+00 2.011572887032989759e-06
2.000000000000000000e+00 7.616088792512963807e-06
3.000000000000000000e+00 1.029934538677071348e-05
4.000000000000000000e+00 -9.437794815229935793e-07
5.000000000000000000e+00 4.970129877737992623e-06
6.000000000000000000e+00 2.366476740625579264e-05
7.000000000000000000e+00 6.471970691362543358e-06
8.000000000000000000e+00 -1.216860032034488067e-08
9.000000000000000000e+00 5.854574174299760243e-06
1.000000000000000000e+01 4.597020179476628748e-07
1.100000000000000000e+01 -1.044238526008476774e-06
1.200000000000000000e+01 -2.281349452964883554e-07
1.300000000000000000e+01 -1.589889104800379627e-07
1.400000000000000000e+01 -6.104015846822461964e-08
1.500000000000000000e+01 3.999120849952399712e-06
1.600000000000000000e+01 1.491591876880656605e-05
1.700000000000000000e+01 1.971149763120650373e-06
1.800000000000000000e+01 -6.455886385890423636e-07
1.900000000000000000e+01 -1.018416946211562700e-06
2.000000000000000000e+01 1.440243756692343496e-05
2.100000000000000000e+01 7.974252156139539062e-06
2.200000000000000000e+01 9.501605426197308487e-06
2.300000000000000000e+01 1.306296876081643079e-05
2.400000000000000000e+01 4.838403803781795792e-06
2.500000000000000000e+01 1.063337192848288622e-05
2.600000000000000000e+01 2.501508755805755883e-05
2.700000000000000000e+01 1.188717168210393588e-05
2.800000000000000000e+01 -9.619065903617125628e-08
2.900000000000000000e+01 4.518452873640604729e-06
3.000000000000000000e+01 -2.034765549463308655e-06
1.000000000000000000e+00 1.188568234993938474e-05
2.000000000000000000e+00 2.862115933397629637e-06
3.000000000000000000e+00 1.708397974707544284e-06
4.000000000000000000e+00 2.772247877079362157e-06
5.000000000000000000e+00 -1.521455623089016834e-06
6.000000000000000000e+00 3.107555755519698992e-06
7.000000000000000000e+00 1.097609765648811015e-05
8.000000000000000000e+00 1.523796371202389408e-06
9.000000000000000000e+00 -2.319460459693748587e-06
1.000000000000000000e+01 2.936313559268335703e-06
1.100000000000000000e+01 1.902870623262749066e-06
1.200000000000000000e+01 -3.094819044800710033e-06
1.300000000000000000e+01 3.441219547763798458e-06
1.400000000000000000e+01 1.750604894342622905e-06
1.500000000000000000e+01 -3.247270303726595636e-06
1.600000000000000000e+01 -1.981151947824958048e-06
1.700000000000000000e+01 9.093727345777789963e-06
1.800000000000000000e+01 -1.602513888522586813e-06
1.900000000000000000e+01 -3.467483575123253533e-06
2.000000000000000000e+01 1.159322330547863202e-06
2.100000000000000000e+01 -9.455946835090080180e-07
2.200000000000000000e+01 5.282876516439301570e-06
2.300000000000000000e+01 3.286448714663399478e-06
2.400000000000000000e+01 -3.049204694156212193e-06
2.500000000000000000e+01 3.186508710758969416e-06
2.600000000000000000e+01 1.896115179311042660e-05
2.700000000000000000e+01 4.809236430794072910e-06
2.800000000000000000e+01 2.423447310121619791e-06
2.900000000000000000e+01 1.169965575700788450e-05
3.000000000000000000e+01 -4.332116928929976944e-06
1.000000000000000000e+00 2.828862486541386831e-06
2.000000000000000000e+00 -3.906727274609896705e-07
3.000000000000000000e+00 -4.451819436061060992e-06
4.000000000000000000e+00 -5.121347275997505027e-06
5.000000000000000000e+00 -5.030006654581363657e-09
6.000000000000000000e+00 -3.462554878441362299e-06
7.000000000000000000e+00 8.216985196993644542e-06
8.000000000000000000e+00 -5.236532572554963029e-06
9.000000000000000000e+00 -7.412496022370650756e-07
1.000000000000000000e+01 -2.050002869902517408e-06
1.100000000000000000e+01 -1.323614988980448545e-06
1.200000000000000000e+01 -5.478510071832605375e-06
1.300000000000000000e+01 6.636353946568808158e-06
1.400000000000000000e+01 -5.812712352600302596e-06
1.500000000000000000e+01 4.946284381675044987e-06
1.600000000000000000e+01 6.056979522522292193e-06
1.700000000000000000e+01 5.330216789549042560e-06
1.800000000000000000e+01 -5.784738582488313913e-06
1.900000000000000000e+01 -6.362937384934126330e-06
2.000000000000000000e+01 -3.350319920981958176e-07
2.100000000000000000e+01 6.204765154083063747e-07
2.200000000000000000e+01 2.423993473747234613e-06
2.300000000000000000e+01 7.723235255227772775e-06
2.400000000000000000e+01 -6.108042161718110037e-06
2.500000000000000000e+01 -5.465939087673112159e-06
2.600000000000000000e+01 1.351918037627814297e-04
2.700000000000000000e+01 3.052970028104751661e-06
2.800000000000000000e+01 -4.999451791798652419e-06
2.900000000000000000e+01 -5.814822454366458779e-06
3.000000000000000000e+01 -7.511899679360839661e-06
1.000000000000000000e+00 -4.573555766225684815e-07
2.000000000000000000e+00 3.399139924221036819e-07
3.000000000000000000e+00 6.666111151747590339e-06
4.000000000000000000e+00 -1.219115234274837095e-06
5.000000000000000000e+00 5.926160675163882110e-06
6.000000000000000000e+00 1.107715413270066275e-05
7.000000000000000000e+00 2.039889156468637361e-05
8.000000000000000000e+00 -8.885704891107761820e-07
9.000000000000000000e+00 8.910538474549038158e-07
1.000000000000000000e+01 9.897727596308644258e-07
1.100000000000000000e+01 -1.322221457339656647e-06
1.200000000000000000e+01 5.809488916232757721e-07
1.300000000000000000e+01 1.511033536971032550e-06
1.400000000000000000e+01 -6.826822950030695245e-07
1.500000000000000000e+01 4.189204252098500849e-06
1.600000000000000000e+01 -9.613058715133064401e-07
1.700000000000000000e+01 5.749201451876429457e-06
1.800000000000000000e+01 -1.173288725193887033e-06
1.900000000000000000e+01 2.330685769539098274e-06
2.000000000000000000e+01 6.537802861343877172e-06
2.100000000000000000e+01 5.002770343443659211e-06
2.200000000000000000e+01 9.696735847654195696e-06
2.300000000000000000e+01 1.397778772271092615e-05
2.400000000000000000e+01 -8.949565844492993735e-07
2.500000000000000000e+01 3.042389280848998120e-07
2.600000000000000000e+01 6.529796094967069538e-06
2.700000000000000000e+01 4.609529355793993809e-06
2.800000000000000000e+01 -1.811974044882358507e-06
2.900000000000000000e+01 3.979467512128425937e-06
3.000000000000000000e+01 -2.871215305245967853e-06
1.000000000000000000e+00 5.598667464004145377e-06
2.000000000000000000e+00 3.946467815926275489e-06
3.000000000000000000e+00 5.471454513187515625e-07
4.000000000000000000e+00 -9.008809611758910464e-07
5.000000000000000000e+00 -3.147564353509368256e-06
6.000000000000000000e+00 -1.158595904210712763e-06
7.000000000000000000e+00 5.890314816192434578e-06
8.000000000000000000e+00 -2.271475361230792829e-06
9.000000000000000000e+00 -1.330585671542128282e-08
1.000000000000000000e+01 -2.711801698345578049e-06
1.100000000000000000e+01 2.632216208547083079e-04
1.200000000000000000e+01 -2.573029241862007912e-06
1.300000000000000000e+01 -8.655699137547995724e-07
1.400000000000000000e+01 -8.837290642982223863e-07
1.500000000000000000e+01 -2.569350224903253257e-06
1.600000000000000000e+01 6.710138605924459058e-06
1.700000000000000000e+01 3.402173837606275769e-06
1.800000000000000000e+01 -2.883422540405194539e-06
1.900000000000000000e+01 -2.194494656468003922e-06
2.000000000000000000e+01 -1.450472769256102030e-06
2.100000000000000000e+01 5.974370388432706436e-06
2.200000000000000000e+01 1.276112602053346774e-05
2.300000000000000000e+01 7.880189020269134914e-08
2.400000000000000000e+01 -2.108062419934347570e-06
2.500000000000000000e+01 -1.771365760207252641e-06
2.600000000000000000e+01 1.611738334135649253e-06
2.700000000000000000e+01 -1.630778957007483454e-06
2.800000000000000000e+01 -1.586875839826763581e-06
2.900000000000000000e+01 -1.926946107905163753e-06
3.000000000000000000e+01 -3.693989071702691304e-06
1.000000000000000000e+00 -4.483456192833702181e-06
2.000000000000000000e+00 -4.507878063468688964e-06
3.000000000000000000e+00 -4.504518101651422697e-06
4.000000000000000000e+00 -1.331946469362281512e-06
5.000000000000000000e+00 -5.668109976899853680e-06
6.000000000000000000e+00 3.446719562964845372e-07
7.000000000000000000e+00 2.340762154910807999e-06
8.000000000000000000e+00 -1.508498324888891089e-06
9.000000000000000000e+00 -3.433367530266448804e-07
1.000000000000000000e+01 -1.641819331070680481e-06
1.100000000000000000e+01 -1.816188893532574633e-06
1.200000000000000000e+01 -6.886522964242617895e-07
1.300000000000000000e+01 -2.743441422801432906e-06
1.400000000000000000e+01 -6.803731918728599663e-06
1.500000000000000000e+01 -6.644521903827235264e-06
1.600000000000000000e+01 -4.627729509483678650e-06
1.700000000000000000e+01 9.510603816098126565e-06
1.800000000000000000e+01 -6.473818548168369514e-06
1.900000000000000000e+01 -1.825131496828155983e-07
2.000000000000000000e+01 -3.391761624874170606e-06
2.100000000000000000e+01 1.550590360148429394e-06
2.200000000000000000e+01 7.167539611456971095e-06
2.300000000000000000e+01 6.041218773521352257e-06
2.400000000000000000e+01 -6.468229330729968391e-06
2.500000000000000000e+01 -5.158161410313970973e-06
2.600000000000000000e+01 7.028302059934850002e-06
2.700000000000000000e+01 8.378743914226945307e-06
2.800000000000000000e+01 -5.499121631287746209e-06
2.900000000000000000e+01 -6.432142335475497771e-06
3.000000000000000000e+01 -7.591430347033969341e-06
1.000000000000000000e+00 8.646003812661968908e-07
2.000000000000000000e+00 2.425665534823030191e-07
3.000000000000000000e+00 6.216532564163701476e-06
4.000000000000000000e+00 -1.499564658991137523e-06
5.000000000000000000e+00 1.323547853734772452e-06
6.000000000000000000e+00 6.428907840709678971e-06
7.000000000000000000e+00 1.136207445289746115e-05
8.000000000000000000e+00 -1.466619504272504357e-06
9.000000000000000000e+00 5.205322476918876332e-06
1.000000000000000000e+01 -1.032140262184682591e-06
1.100000000000000000e+01 1.315945988661488240e-04
1.200000000000000000e+01 3.835791881382089216e-06
1.300000000000000000e+01 1.087050878780400933e-06
1.400000000000000000e+01 -2.071484985832765149e-06
1.500000000000000000e+01 -1.716185354072292778e-06
1.600000000000000000e+01 4.461076026423383077e-06
1.700000000000000000e+01 4.395850359524868781e-06
1.800000000000000000e+01 -9.447395167383469924e-07
1.900000000000000000e+01 -1.964564055020374480e-06
2.000000000000000000e+01 3.954760515489438553e-07
2.100000000000000000e+01 1.063481817600114359e-05
2.200000000000000000e+01 3.709000150949454789e-06
2.300000000000000000e+01 6.330558913447035545e-06
2.400000000000000000e+01 -1.242898494860748987e-06
2.500000000000000000e+01 1.195135351967152697e-05
2.600000000000000000e+01 1.537808750683737277e-04
2.700000000000000000e+01 6.846422771664484554e-06
2.800000000000000000e+01 -9.463894833439162580e-07
2.900000000000000000e+01 -1.577678493214533079e-06
3.000000000000000000e+01 -2.753340236641929232e-06
1.000000000000000000e+00 7.765907369511139061e-06
2.000000000000000000e+00 -1.348309862427416488e-06
3.000000000000000000e+00 1.873990223867916520e-05
4.000000000000000000e+00 5.153603327117188685e-06
5.000000000000000000e+00 -1.155609551040318578e-06
6.000000000000000000e+00 9.933567172996993344e-06
7.000000000000000000e+00 1.080448855979047503e-05
8.000000000000000000e+00 3.670695205779057002e-06
9.000000000000000000e+00 2.676305112331680756e-06
1.000000000000000000e+01 4.385318108472011024e-06
1.100000000000000000e+01 -2.284211812620982458e-06
1.200000000000000000e+01 3.204064064856578622e-06
1.300000000000000000e+01 1.070209548748916728e-05
1.400000000000000000e+01 -2.917374320217790095e-07
1.500000000000000000e+01 3.467704054407606493e-07
1.600000000000000000e+01 5.595674282414503348e-06
1.700000000000000000e+01 -6.998282754058117148e-07
1.800000000000000000e+01 -1.395504291424752106e-06
1.900000000000000000e+01 -1.487689349238450756e-06
2.000000000000000000e+01 3.038465667027547075e-06
2.100000000000000000e+01 6.738353921062875858e-06
2.200000000000000000e+01 7.252515093362470838e-06
2.300000000000000000e+01 1.239321661349037724e-05
2.400000000000000000e+01 -3.287344137507290864e-07
2.500000000000000000e+01 6.475613905490298489e-06
2.600000000000000000e+01 1.085634399803940342e-05
2.700000000000000000e+01 1.561605481425756966e-06
2.800000000000000000e+01 -1.776645304710993185e-06
2.900000000000000000e+01 -9.238624440930408390e-07
3.000000000000000000e+01 -2.636184099600997701e-06
1.000000000000000000e+00 1.946324332736389679e-05
2.000000000000000000e+00 7.467689090964140238e-07
3.000000000000000000e+00 2.641471657536380256e-06
4.000000000000000000e+00 -1.031060997548342064e-06
5.000000000000000000e+00 -4.377934366655176262e-07
6.000000000000000000e+00 5.675225177733985024e-06
7.000000000000000000e+00 8.311703378519815383e-06
8.000000000000000000e+00 -6.310978776758270561e-07
9.000000000000000000e+00 5.211819910182802657e-06
1.000000000000000000e+01 3.159756549315639225e-08
1.100000000000000000e+01 4.124794627670124162e-06
1.200000000000000000e+01 -5.878015692767759397e-07
1.300000000000000000e+01 4.304422215497637403e-06
1.400000000000000000e+01 -3.932157331463869897e-07
1.500000000000000000e+01 -1.136611164414600074e-06
1.600000000000000000e+01 2.619681847126947785e-06
1.700000000000000000e+01 1.174590620341428996e-05
1.800000000000000000e+01 -8.382394748499621112e-07
1.900000000000000000e+01 -7.030363546996870496e-07
2.000000000000000000e+01 2.267524935215857267e-06
2.100000000000000000e+01 6.753558090350993757e-06
2.200000000000000000e+01 6.768345897805934915e-06
2.300000000000000000e+01 7.456204811257934719e-06
2.400000000000000000e+01 -7.742463101470903380e-07
2.500000000000000000e+01 1.363328043161500927e-06
2.600000000000000000e+01 1.680985547886462524e-05
2.700000000000000000e+01 1.106645820739238331e-05
2.800000000000000000e+01 -2.920645400953234342e-07
2.900000000000000000e+01 6.503664539971463403e-08
3.000000000000000000e+01 -1.966187314194424822e-06
