1.000000000000000000e+00 -1.176696729348466005e-04
2.000000000000000000e+00 -4.527429158921365024e-04
3.000000000000000000e+00 5.805583668514976460e-04
4.000000000000000000e+00 -7.571793344149023409e-05
5.000000000000000000e+00 -2.746125090525687400e-04
6.000000000000000000e+00 -9.652516895221170613e-05
7.000000000000000000e+00 -4.650533644059686106e-05
8.000000000000000000e+00 1.021551426757266344e-03
9.000000000000000000e+00 -4.078932172239521973e-04
1.000000000000000000e+01 -4.770611028070091404e-04
1.100000000000000000e+01 1.855745588030443193e-04
1.200000000000000000e+01 -6.410094159398299976e-04
1.300000000000000000e+01 2.674159784553256192e-04
1.400000000000000000e+01 8.228419393746335721e-04
1.500000000000000000e+01 -5.583431432869303797e-04
1.600000000000000000e+01 -1.574190229779086163e-04
1.700000000000000000e+01 -4.792726027789291079e-05
1.800000000000000000e+01 -2.128088547831498737e-04
1.900000000000000000e+01 -6.149242598191173755e-04
2.000000000000000000e+01 -6.272155893716388183e-04
2.100000000000000000e+01 5.687820789362698368e-04
2.200000000000000000e+01 -1.385919851173230853e-04
2.300000000000000000e+01 3.139479310329999578e-04
2.400000000000000000e+01 3.341058633459922044e-04
2.500000000000000000e+01 -2.088286648766324153e-04
2.600000000000000000e+01 -3.885368176631328750e-04
2.700000000000000000e+01 1.357451178262682960e-04
2.800000000000000000e+01 6.295174648873793082e-05
2.900000000000000000e+01 -7.059399474842425039e-05
3.000000000000000000e+01 -2.690345675019089906e-04
1.000000000000000000e+00 3.555179011201551297e-04
2.000000000000000000e+00 -2.142481725219398214e-04
3.000000000000000000e+00 2.097414625423892607e-04
4.000000000000000000e+00 -2.938450945014274858e-05
5.000000000000000000e+00 -3.205867481457868413e-04
6.000000000000000000e+00 -2.921377835363777459e-04
7.000000000000000000e+00 5.493108093653710673e-04
8.000000000000000000e+00 3.419412627602208738e-04
9.000000000000000000e+00 -3.524041672071238072e-04
1.000000000000000000e+01 -6.064800608007534909e-04
1.100000000000000000e+01 -9.534827194923331062e-05
1.200000000000000000e+01 -5.646968258258013539e-04
1.300000000000000000e+01 -3.341879164106097816e-04
1.400000000000000000e+01 1.481510362949813280e-04
1.500000000000000000e+01 -5.608397557659517080e-04
1.600000000000000000e+01 -4.263332668685035722e-04
1.700000000000000000e+01 3.409499440568672986e-04
1.800000000000000000e+01 -4.620129702760097457e-04
1.900000000000000000e+01 -4.966337390139639700e-04
2.000000000000000000e+01 -5.681564064838422450e-04
2.100000000000000000e+01 1.127283344556985782e-04
2.200000000000000000e+01 -1.318993354759702647e-04
2.300000000000000000e+01 1.150977157395340978e-03
2.400000000000000000e+01 5.457378845540170791e-04
2.500000000000000000e+01 -1.348226121463178115e-04
2.600000000000000000e+01 5.955300854861285100e-05
2.700000000000000000e+01 -1.400973360141016040e-04
2.800000000000000000e+01 7.377091811232392576e-04
2.900000000000000000e+01 -1.082800859966487128e-04
3.000000000000000000e+01 -2.703027436655214581e-04
1.000000000000000000e+00 1.234738406854580172e-04
2.000000000000000000e+00 -3.943824629273725755e-04
3.000000000000000000e+00 9.559107448896512907e-04
4.000000000000000000e+00 3.796180492938533110e-04
5.000000000000000000e+00 -2.941496118030694743e-04
6.000000000000000000e+00 -6.039204067070271377e-05
7.000000000000000000e+00 2.873596197695552816e-04
8.000000000000000000e+00 1.718672220885520839e-04
9.000000000000000000e+00 -4.978830827599378629e-04
1.000000000000000000e+01 -5.640276740463035128e-04
1.100000000000000000e+01 3.986156027009698653e-04
1.200000000000000000e+01 -6.230477051822648493e-04
1.300000000000000000e+01 1.069874433056384246e-04
1.400000000000000000e+01 2.173479587668366252e-04
1.500000000000000000e+01 -6.304543843367367171e-04
1.600000000000000000e+01 -1.102138121129080870e-04
1.700000000000000000e+01 -2.811311467796190604e-04
1.800000000000000000e+01 1.131238552895795648e-04
1.900000000000000000e+01 -5.735849378697318842e-04
2.000000000000000000e+01 -1.508542790633572370e-04
2.100000000000000000e+01 2.243168074669140094e-04
2.200000000000000000e+01 -2.364945723925836781e-04
2.300000000000000000e+01 6.698233158808715362e-04
2.400000000000000000e+01 2.268996878237535713e-04
2.500000000000000000e+01 -3.368559720204177140e-04
2.600000000000000000e+01 -4.590166388426914455e-04
2.700000000000000000e+01 3.788880108860179935e-05
2.800000000000000000e+01 2.498724284604160136e-04
2.900000000000000000e+01 -1.472972563863432635e-04
3.000000000000000000e+01 -3.757788854131713895e-04
1.000000000000000000e+00 2.627258564441343645e-04
2.000000000000000000e+00 -1.130645362589964917e-04
3.000000000000000000e+00 1.656021855762343292e-04
4.000000000000000000e+00 4.397503368800319908e-04
5.000000000000000000e+00 -4.155331784465481136e-04
6.000000000000000000e+00 1.516624560182746814e-04
7.000000000000000000e+00 1.269629929085723053e-04
8.000000000000000000e+00 5.811175518318953100e-04
9.000000000000000000e+00 -3.784587193344993291e-04
1.000000000000000000e+01 -4.802919604049626294e-04
1.100000000000000000e+01 -9.570866691449998308e-05
1.200000000000000000e+01 -5.016080433262892378e-04
1.300000000000000000e+01 -1.529494223888378977e-04
1.400000000000000000e+01 -4.587481017102389956e-06
1.500000000000000000e+01 -6.315568118120510905e-04
1.600000000000000000e+01 -4.221005892634431761e-04
1.700000000000000000e+01 -3.395619019532910231e-04
1.800000000000000000e+01 -2.010712571841614049e-04
1.900000000000000000e+01 -3.111680724091759448e-04
2.000000000000000000e+01 -5.581824005563112675e-04
2.100000000000000000e+01 6.823234363001007361e-04
2.200000000000000000e+01 -1.097690624665547006e-04
2.300000000000000000e+01 1.035595535827866826e-04
2.400000000000000000e+01 6.435877029704670368e-04
2.500000000000000000e+01 -2.904145733927505587e-04
2.600000000000000000e+01 8.120599941074615634e-05
2.700000000000000000e+01 4.567814351028211392e-04
2.800000000000000000e+01 2.872238328162238859e-04
2.900000000000000000e+01 -1.827801704937374091e-04
3.000000000000000000e+01 -3.750768449125064532e-04
1.000000000000000000e+00 1.083107952496696201e-06
2.000000000000000000e+00 -3.976643171324511518e-04
3.000000000000000000e+00 1.350695593237940444e-04
4.000000000000000000e+00 2.119145782593307771e-04
5.000000000000000000e+00 -2.290067722051629276e-04
6.000000000000000000e+00 -2.162304360681012127e-05
7.000000000000000000e+00 6.834613248030492645e-04
8.000000000000000000e+00 6.941953337608439308e-04
9.000000000000000000e+00 -4.857405555165279819e-04
1.000000000000000000e+01 -4.575971735163676863e-04
1.100000000000000000e+01 -6.799896457392880884e-05
1.200000000000000000e+01 -6.152271107488132065e-04
1.300000000000000000e+01 -5.807010415995112932e-05
1.400000000000000000e+01 -2.149596909677164809e-05
1.500000000000000000e+01 -5.522760679319275350e-04
1.600000000000000000e+01 -2.696816658988727402e-04
1.700000000000000000e+01 -7.602769270724491326e-05
1.800000000000000000e+01 -1.731088484799553730e-04
1.900000000000000000e+01 -3.994625166254698939e-04
2.000000000000000000e+01 -1.896218211673488332e-04
2.100000000000000000e+01 5.127550683144829150e-04
2.200000000000000000e+01 -3.046240544323123114e-04
2.300000000000000000e+01 4.345025324742331305e-04
2.400000000000000000e+01 1.231711283510609708e-04
2.500000000000000000e+01 -1.883827906957833570e-04
2.600000000000000000e+01 -4.392341918876760669e-05
2.700000000000000000e+01 4.576058183519401750e-04
2.800000000000000000e+01 4.873375285990770123e-04
2.900000000000000000e+01 -3.914012045378730638e-04
3.000000000000000000e+01 -3.327173679025080522e-04
1.000000000000000000e+00 1.527405897351421810e-04
2.000000000000000000e+00 1.185575697845835254e-04
3.000000000000000000e+00 3.490108432889924765e-04
4.000000000000000000e+00 3.675243792511625248e-04
5.000000000000000000e+00 -2.208147929126290593e-04
6.000000000000000000e+00 -9.723625973417779822e-05
7.000000000000000000e+00 9.240741247182546474e-05
8.000000000000000000e+00 4.167821815426636959e-04
9.000000000000000000e+00 -3.699815226920076983e-04
1.000000000000000000e+01 -5.074821309341022825e-04
1.100000000000000000e+01 2.455853067084776673e-04
1.200000000000000000e+01 -5.073029016837995141e-04
1.300000000000000000e+01 -1.324302541366958769e-04
1.400000000000000000e+01 7.748483044990977218e-05
1.500000000000000000e+01 -5.826212980587172109e-04
1.600000000000000000e+01 -8.400799163320619642e-05
1.700000000000000000e+01 -4.386931520426709161e-04
1.800000000000000000e+01 -2.352132615433972498e-04
1.900000000000000000e+01 -5.618307479396414611e-04
2.000000000000000000e+01 -5.602955448853044534e-04
2.100000000000000000e+01 9.888204843385203086e-04
2.200000000000000000e+01 1.748275653115895440e-04
2.300000000000000000e+01 5.821071873270579745e-05
2.400000000000000000e+01 5.364498270779686530e-04
2.500000000000000000e+01 -2.817387629560778916e-04
2.600000000000000000e+01 -2.994408881597142237e-04
2.700000000000000000e+01 3.650649670575155414e-05
2.800000000000000000e+01 2.413718259342627044e-04
2.900000000000000000e+01 -2.034139284070481785e-04
3.000000000000000000e+01 -3.647281587023906745e-04
1.000000000000000000e+00 3.905465885264490077e-04
2.000000000000000000e+00 2.038926660049820248e-05
3.000000000000000000e+00 2.141791376700206441e-04
4.000000000000000000e+00 4.598932491792135139e-04
5.000000000000000000e+00 -2.577016553906849648e-04
6.000000000000000000e+00 7.909664120118350115e-05
7.000000000000000000e+00 3.816295035981857506e-04
8.000000000000000000e+00 4.295237816954271520e-04
9.000000000000000000e+00 -2.840689843624071833e-04
1.000000000000000000e+01 -4.341226444158567243e-04
1.100000000000000000e+01 -9.837767988673992150e-05
1.200000000000000000e+01 -6.256716532658304891e-04
1.300000000000000000e+01 2.817765642419632318e-04
1.400000000000000000e+01 -2.688952464718658182e-05
1.500000000000000000e+01 -6.258964719021444488e-04
1.600000000000000000e+01 -2.606786692723098002e-04
1.700000000000000000e+01 -1.900774780339947701e-04
1.800000000000000000e+01 -7.318827392454053927e-05
1.900000000000000000e+01 -5.634219286949417342e-04
2.000000000000000000e+01 -5.037600768880006472e-04
2.100000000000000000e+01 3.920042032662786422e-04
2.200000000000000000e+01 -4.905852093805704783e-04
2.300000000000000000e+01 3.206271862956339537e-04
2.400000000000000000e+01 1.492099329182035254e-05
2.500000000000000000e+01 4.021230875096811645e-06
2.600000000000000000e+01 1.075287120648377078e-04
2.700000000000000000e+01 -1.983340867716556046e-04
2.800000000000000000e+01 5.461479046820264232e-04
2.900000000000000000e+01 -2.462476682940196808e-04
3.000000000000000000e+01 -3.661732494659743729e-04
1.000000000000000000e+00 -1.110312401088996696e-04
2.000000000000000000e+00 7.651344498727255213e-05
3.000000000000000000e+00 3.344679929379251542e-04
4.000000000000000000e+00 9.799801865366256429e-04
5.000000000000000000e+00 -2.712052612687326715e-04
6.000000000000000000e+00 -1.024563225554491163e-04
7.000000000000000000e+00 4.961156848349346270e-04
8.000000000000000000e+00 4.653115976016398221e-04
9.000000000000000000e+00 -6.180257471735849583e-04
1.000000000000000000e+01 -4.852179811950268931e-04
1.100000000000000000e+01 -2.101560036619956997e-04
1.200000000000000000e+01 -5.453338011581577776e-04
1.300000000000000000e+01 1.309721052833453614e-04
1.400000000000000000e+01 -1.591291138387927902e-04
1.500000000000000000e+01 -6.237416235961990149e-04
1.600000000000000000e+01 -6.163501910157936697e-04
1.700000000000000000e+01 -2.237463032959611901e-04
1.800000000000000000e+01 -2.754587152752680152e-04
1.900000000000000000e+01 -6.146437858211104433e-04
2.000000000000000000e+01 -5.509511991150929482e-04
2.100000000000000000e+01 4.870889437012351536e-04
2.200000000000000000e+01 -2.577480498606076397e-04
2.300000000000000000e+01 6.308308945634909671e-04
2.400000000000000000e+01 2.316903068988935183e-05
2.500000000000000000e+01 -6.435497527810678286e-05
2.600000000000000000e+01 -7.603610223060600819e-05
2.700000000000000000e+01 4.890588768940756954e-05
2.800000000000000000e+01 8.043053301686050802e-04
2.900000000000000000e+01 -7.716564248033990945e-05
3.000000000000000000e+01 -1.481493951908813831e-04
1.000000000000000000e+00 -1.737436082389090197e-06
2.000000000000000000e+00 -2.702027664044471611e-04
3.000000000000000000e+00 1.108596911098132807e-03
4.000000000000000000e+00 6.111795660748217804e-04
5.000000000000000000e+00 -1.352923549862210468e-04
6.000000000000000000e+00 -1.234455922279103157e-04
7.000000000000000000e+00 1.001792143588517452e-04
8.000000000000000000e+00 4.522992558927507560e-04
9.000000000000000000e+00 -4.482730580731851587e-04
1.000000000000000000e+01 -4.243902399112966877e-04
1.100000000000000000e+01 -1.045144460374945191e-04
1.200000000000000000e+01 -6.433623670790275181e-04
1.300000000000000000e+01 4.850252571420859976e-05
1.400000000000000000e+01 2.103698040358932487e-04
1.500000000000000000e+01 -5.508232631311795868e-04
1.600000000000000000e+01 -4.002875724808814778e-04
1.700000000000000000e+01 -1.936080704038184701e-04
1.800000000000000000e+01 -1.599625175492786725e-04
1.900000000000000000e+01 -5.565260185784048777e-04
2.000000000000000000e+01 -4.824875081169972390e-04
2.100000000000000000e+01 3.149326930124868328e-04
2.200000000000000000e+01 -5.147966536881683284e-05
2.300000000000000000e+01 2.080688465360424645e-04
2.400000000000000000e+01 4.093450831449759082e-04
2.500000000000000000e+01 -2.133222537041883288e-04
2.600000000000000000e+01 2.751864242678648902e-04
2.700000000000000000e+01 -9.470111831882297392e-05
2.800000000000000000e+01 4.603656243454145756e-04
2.900000000000000000e+01 -3.413548847016476461e-04
3.000000000000000000e+01 -6.282486107797953176e-04
1.000000000000000000e+00 2.488473082303972175e-04
2.000000000000000000e+00 -4.028125974840600083e-04
3.000000000000000000e+00 1.096400028545587530e-04
4.000000000000000000e+00 -2.006795554290781588e-04
5.000000000000000000e+00 -4.936395912957979503e-04
6.000000000000000000e+00 -2.743683949376704979e-04
7.000000000000000000e+00 6.788325230527497483e-04
8.000000000000000000e+00 3.099814791371254550e-04
9.000000000000000000e+00 -4.801668358093968145e-04
1.000000000000000000e+01 -5.405635041141353993e-04
1.100000000000000000e+01 2.141657238076257131e-05
1.200000000000000000e+01 -5.400111096593617410e-04
1.300000000000000000e+01 1.457996881995466982e-04
1.400000000000000000e+01 7.726598830544362717e-05
1.500000000000000000e+01 -6.229069276955459273e-04
1.600000000000000000e+01 -1.757357882822851471e-04
1.700000000000000000e+01 -1.793074520006597160e-04
1.800000000000000000e+01 -6.139513153878885796e-05
1.900000000000000000e+01 -6.373037886369897851e-04
2.000000000000000000e+01 -4.703872408733512206e-04
2.100000000000000000e+01 2.575424105255822056e-04
2.200000000000000000e+01 6.852275762439711298e-06
2.300000000000000000e+01 8.659199466952552165e-04
2.400000000000000000e+01 5.469117956640901380e-04
2.500000000000000000e+01 -1.724135334561904397e-04
2.600000000000000000e+01 1.852588395235636167e-04
2.700000000000000000e+01 3.825624795470515104e-04
2.800000000000000000e+01 1.417139084869328076e-04
2.900000000000000000e+01 4.684506144389249808e-05
3.000000000000000000e+01 -3.437708379373784705e-04
1.000000000000000000e+00 1.351619394917993953e-04
2.000000000000000000e+00 -1.250763968967705286e-04
3.000000000000000000e+00 7.687417219513837437e-04
4.000000000000000000e+00 -1.156528166484173571e-04
5.000000000000000000e+00 -1.887464327188824258e-04
6.000000000000000000e+00 2.404139660022186362e-05
7.000000000000000000e+00 3.078407454737123084e-04
8.000000000000000000e+00 2.438292318892411120e-04
9.000000000000000000e+00 -6.179461085549888596e-04
1.000000000000000000e+01 -5.906725282270366409e-04
1.100000000000000000e+01 4.354510947999040401e-04
1.200000000000000000e+01 -6.147453517228643584e-04
1.300000000000000000e+01 2.553446485647885311e-04
1.400000000000000000e+01 3.177145847903571716e-04
1.500000000000000000e+01 -5.972923648261133566e-04
1.600000000000000000e+01 -3.643855552196774731e-04
1.700000000000000000e+01 -3.297455671552799832e-04
1.800000000000000000e+01 -4.520629028228403414e-04
1.900000000000000000e+01 -6.217162048071316711e-04
2.000000000000000000e+01 -4.759490843279896659e-04
2.100000000000000000e+01 6.217952033840004698e-04
2.200000000000000000e+01 -1.094455548554764041e-04
2.300000000000000000e+01 4.519654787998774858e-04
2.400000000000000000e+01 6.055566225189130871e-04
2.500000000000000000e+01 -2.043599284473148110e-04
2.600000000000000000e+01 -9.962094695533532467e-05
2.700000000000000000e+01 1.456437146760764445e-04
2.800000000000000000e+01 4.132316461641379990e-04
2.900000000000000000e+01 -3.958688099754656712e-04
3.000000000000000000e+01 -3.829918908932044837e-04
1.000000000000000000e+00 6.295290284156409980e-05
2.000000000000000000e+00 -4.077390364434110674e-04
3.000000000000000000e+00 4.930437740001582117e-04
4.000000000000000000e+00 -2.156989684194520049e-05
5.000000000000000000e+00 -4.060202459133438252e-04
6.000000000000000000e+00 -1.997088937900335954e-04
7.000000000000000000e+00 7.542767556822768584e-04
8.000000000000000000e+00 7.574562262485745557e-04
9.000000000000000000e+00 -4.447156937730083756e-04
1.000000000000000000e+01 -5.008051128867455244e-04
1.100000000000000000e+01 -8.228574096394150530e-05
1.200000000000000000e+01 -6.254266893961392404e-04
1.300000000000000000e+01 -2.873720991352861744e-04
1.400000000000000000e+01 3.321747582083858547e-04
1.500000000000000000e+01 -5.721550959447693546e-04
1.600000000000000000e+01 -1.719338893141981106e-04
1.700000000000000000e+01 -2.881522293877473106e-04
1.800000000000000000e+01 -2.752270271830028234e-04
1.900000000000000000e+01 -6.472210800993773421e-04
2.000000000000000000e+01 -3.595397271343342177e-04
2.100000000000000000e+01 1.121911453535776683e-04
2.200000000000000000e+01 2.986029975792138134e-04
2.300000000000000000e+01 6.212349130993572149e-04
2.400000000000000000e+01 4.221626344062658163e-04
2.500000000000000000e+01 -9.061701637376450306e-05
2.600000000000000000e+01 -2.407735400857379665e-04
2.700000000000000000e+01 4.890906990293183380e-04
2.800000000000000000e+01 4.198393445258174648e-04
2.900000000000000000e+01 -4.262223484695804748e-04
3.000000000000000000e+01 -3.032586358821552424e-04
1.000000000000000000e+00 3.114781164065960747e-04
2.000000000000000000e+00 -3.901991881708919904e-05
3.000000000000000000e+00 1.465781993730665774e-04
4.000000000000000000e+00 2.591819642451244311e-04
5.000000000000000000e+00 -3.187256159765632221e-04
6.000000000000000000e+00 3.149745462878444252e-04
7.000000000000000000e+00 -1.298309038431746433e-04
8.000000000000000000e+00 4.322744784061110200e-04
9.000000000000000000e+00 -4.561550876354677564e-04
1.000000000000000000e+01 -5.436715017070299985e-04
1.100000000000000000e+01 -1.909875663954194093e-05
1.200000000000000000e+01 -6.382419834242626005e-04
1.300000000000000000e+01 1.261046069015982695e-04
1.400000000000000000e+01 9.249058099289995277e-05
1.500000000000000000e+01 -5.774440419845111193e-04
1.600000000000000000e+01 -4.964651987959310762e-04
1.700000000000000000e+01 -1.170733853247333655e-04
1.800000000000000000e+01 -5.122488938721548755e-04
1.900000000000000000e+01 -6.288398595319232443e-04
2.000000000000000000e+01 -6.341666645715942881e-04
2.100000000000000000e+01 7.823574303650931896e-04
2.200000000000000000e+01 -1.757711333903096704e-04
2.300000000000000000e+01 3.262840889930035946e-04
2.400000000000000000e+01 4.824917881640762530e-04
2.500000000000000000e+01 -1.759710104987574077e-04
2.600000000000000000e+01 -2.142458831427841964e-04
2.700000000000000000e+01 2.090883780670819959e-04
2.800000000000000000e+01 1.021132872895713509e-03
2.900000000000000000e+01 -4.284411646604247264e-04
3.000000000000000000e+01 -4.058348566851784756e-06
1.000000000000000000e+00 3.381673041480495225e-04
2.000000000000000000e+00 -2.121856521125835662e-04
3.000000000000000000e+00 3.328083524690579305e-04
4.000000000000000000e+00 -9.433713320028888085e-05
5.000000000000000000e+00 -4.004529838402836901e-04
6.000000000000000000e+00 7.398957247217817891e-04
7.000000000000000000e+00 2.457515691374224649e-04
8.000000000000000000e+00 3.605420087824033983e-04
9.000000000000000000e+00 -2.882141382634494792e-04
1.000000000000000000e+01 -5.752479007834004291e-04
1.100000000000000000e+01 -4.394174543233781647e-05
1.200000000000000000e+01 -5.532697271009122527e-04
1.300000000000000000e+01 -1.122548883170210968e-04
1.400000000000000000e+01 6.374807372690645673e-05
1.500000000000000000e+01 -6.108287466130447180e-04
1.600000000000000000e+01 -1.810122708528326424e-05
1.700000000000000000e+01 -3.060339242722630434e-04
1.800000000000000000e+01 -2.822964887129316910e-04
1.900000000000000000e+01 -5.756743323124339498e-04
2.000000000000000000e+01 -3.506229528919110796e-04
2.100000000000000000e+01 4.017890995750439550e-04
2.200000000000000000e+01 -2.264554412388997194e-04
2.300000000000000000e+01 2.904367475129235581e-04
2.400000000000000000e+01 6.343512731882868915e-04
2.500000000000000000e+01 -4.807186218227651412e-04
2.600000000000000000e+01 2.580067944799175868e-04
2.700000000000000000e+01 4.967550604966607239e-04
2.800000000000000000e+01 3.104582098712697783e-04
2.900000000000000000e+01 -6.056542847740369918e-04
3.000000000000000000e+01 -3.200022389351589881e-04
1.000000000000000000e+00 5.505012534586522800e-05
2.000000000000000000e+00 -1.019008689807602300e-04
3.000000000000000000e+00 4.421035347689285808e-04
4.000000000000000000e+00 4.171455612781388260e-04
5.000000000000000000e+00 -4.196162075402542851e-04
6.000000000000000000e+00 3.318731057851457243e-05
7.000000000000000000e+00 1.228899218555242032e-04
8.000000000000000000e+00 5.756425032731326023e-04
9.000000000000000000e+00 -5.102589984601635939e-04
1.000000000000000000e+01 -5.114854566085655189e-04
1.100000000000000000e+01 -1.590235849036900691e-04
1.200000000000000000e+01 -6.487426384767351357e-04
1.300000000000000000e+01 4.885090845035840428e-05
1.400000000000000000e+01 2.535072713633021468e-04
1.500000000000000000e+01 -5.711956885443330223e-04
1.600000000000000000e+01 -3.874304367038514346e-04
1.700000000000000000e+01 -2.439219841281230130e-04
1.800000000000000000e+01 -1.153426968627275751e-05
1.900000000000000000e+01 -5.919089498465562654e-04
2.000000000000000000e+01 -5.766890095134106966e-04
2.100000000000000000e+01 7.175828722735123465e-04
2.200000000000000000e+01 1.769294038427664240e-04
2.300000000000000000e+01 7.426001207777868044e-04
2.400000000000000000e+01 2.992968651738851186e-04
2.500000000000000000e+01 -3.594462384378547203e-04
2.600000000000000000e+01 -2.878277619792760024e-04
2.700000000000000000e+01 -1.251648263953510857e-05
2.800000000000000000e+01 6.877375165795804410e-04
2.900000000000000000e+01 -4.131216123355110361e-04
3.000000000000000000e+01 -4.039802416942562071e-04
1.000000000000000000e+00 -3.095970652379224290e-05
2.000000000000000000e+00 -1.402057050658143706e-04
3.000000000000000000e+00 1.443339628965278811e-04
4.000000000000000000e+00 2.349654577189695356e-04
5.000000000000000000e+00 -2.702244702590008547e-04
6.000000000000000000e+00 1.610647561404914354e-04
7.000000000000000000e+00 4.802915432938668580e-04
8.000000000000000000e+00 -1.312136358730033731e-04
9.000000000000000000e+00 -3.597177244624443653e-04
1.000000000000000000e+01 -5.450358085508657212e-04
1.100000000000000000e+01 2.648877270802429637e-04
1.200000000000000000e+01 -6.243541262105479052e-04
1.300000000000000000e+01 1.436604076338751851e-04
1.400000000000000000e+01 4.675671373305967144e-04
1.500000000000000000e+01 -4.879633006007266598e-04
1.600000000000000000e+01 -2.253610229610320686e-04
1.700000000000000000e+01 -2.953259080783462781e-04
1.800000000000000000e+01 -3.722565234604470886e-04
1.900000000000000000e+01 -4.812779413731660036e-04
2.000000000000000000e+01 -6.230498474447554056e-04
2.100000000000000000e+01 3.952623659576890770e-04
2.200000000000000000e+01 -1.452648259883244604e-04
2.300000000000000000e+01 1.003015554797316924e-03
2.400000000000000000e+01 3.599465820505685898e-04
2.500000000000000000e+01 -2.275558605907052783e-04
2.600000000000000000e+01 -6.510190526229154268e-06
2.700000000000000000e+01 5.154107294255998910e-04
2.800000000000000000e+01 -3.034819828275066387e-04
2.900000000000000000e+01 -2.467464679441611205e-04
3.000000000000000000e+01 -2.382186980013871328e-04
1.000000000000000000e+00 5.884943068290957209e-04
2.000000000000000000e+00 -1.896940255136272252e-04
3.000000000000000000e+00 8.578012479244259388e-04
4.000000000000000000e+00 3.227066679817653023e-04
5.000000000000000000e+00 -4.082474025326785589e-04
6.000000000000000000e+00 -1.978622879202637319e-04
7.000000000000000000e+00 1.049016722058300114e-04
8.000000000000000000e+00 5.315125281509709178e-04
9.000000000000000000e+00 -5.062529671512918912e-04
1.000000000000000000e+01 -6.158489786889467278e-04
1.100000000000000000e+01 -5.055634643892813131e-05
1.200000000000000000e+01 -5.566760027051027241e-04
1.300000000000000000e+01 4.888523202558872811e-05
1.400000000000000000e+01 7.132245263281292331e-05
1.500000000000000000e+01 -6.402238661309114440e-04
1.600000000000000000e+01 -2.327885521030231245e-04
1.700000000000000000e+01 6.918512817603579383e-05
1.800000000000000000e+01 -2.643236340754950820e-04
1.900000000000000000e+01 -5.595379295115599861e-04
2.000000000000000000e+01 -3.379299548041919785e-04
2.100000000000000000e+01 6.419533818110692092e-04
2.200000000000000000e+01 -1.867297857864759069e-04
2.300000000000000000e+01 4.115910379451549360e-04
2.400000000000000000e+01 4.463464337462740581e-04
2.500000000000000000e+01 -4.030843860181391168e-04
2.600000000000000000e+01 5.979071807504875142e-05
2.700000000000000000e+01 -1.243151067074517446e-04
2.800000000000000000e+01 2.412572903030167984e-04
2.900000000000000000e+01 -2.883770282778318791e-04
3.000000000000000000e+01 -4.320649056119994693e-04
1.000000000000000000e+00 3.860887531695638059e-04
2.000000000000000000e+00 -4.036941042930914303e-04
3.000000000000000000e+00 6.397785829143855154e-04
4.000000000000000000e+00 -7.290468097137068769e-05
5.000000000000000000e+00 -2.770229216217982241e-04
6.000000000000000000e+00 -2.168974879590693033e-04
7.000000000000000000e+00 5.720422131470072016e-05
8.000000000000000000e+00 3.516466209553552238e-04
9.000000000000000000e+00 -3.630926267570304161e-04
1.000000000000000000e+01 -3.678529801310740678e-04
1.100000000000000000e+01 -8.597692456041359881e-05
1.200000000000000000e+01 -4.970807006089633185e-04
1.300000000000000000e+01 -2.209795398119893993e-05
1.400000000000000000e+01 6.680789462089415038e-04
1.500000000000000000e+01 -6.262526206713373445e-04
1.600000000000000000e+01 -2.818421794176081876e-04
1.700000000000000000e+01 6.964035166274520612e-05
1.800000000000000000e+01 -2.437885220043946430e-04
1.900000000000000000e+01 -6.298870648330967721e-04
2.000000000000000000e+01 -5.627316960744579641e-04
2.100000000000000000e+01 4.032148261182464484e-04
2.200000000000000000e+01 -9.704054575978764239e-05
2.300000000000000000e+01 6.375843663352796700e-04
2.400000000000000000e+01 4.833193648624914689e-04
2.500000000000000000e+01 -1.573024678669863704e-04
2.600000000000000000e+01 -2.830685227384903868e-04
2.700000000000000000e+01 -1.335437673896232736e-04
2.800000000000000000e+01 4.337726647158707998e-04
2.900000000000000000e+01 -1.809334650182786686e-04
3.000000000000000000e+01 -2.284512016647033134e-04
1.000000000000000000e+00 1.074487941627641068e-06
2.000000000000000000e+00 -1.408058982904160145e-04
3.000000000000000000e+00 1.941933673677633822e-04
4.000000000000000000e+00 4.044510953088071323e-04
5.000000000000000000e+00 -2.129108882152541606e-04
6.000000000000000000e+00 5.022904043831636365e-04
7.000000000000000000e+00 2.843395864959370918e-04
8.000000000000000000e+00 3.708062380045593119e-04
9.000000000000000000e+00 -5.630770003531122229e-04
1.000000000000000000e+01 -6.228168260057433993e-04
1.100000000000000000e+01 -8.131007706500961919e-06
1.200000000000000000e+01 -6.165647203757789949e-04
1.300000000000000000e+01 -8.317829354401226735e-05
1.400000000000000000e+01 1.174107176725494697e-04
1.500000000000000000e+01 -5.716470649420958604e-04
1.600000000000000000e+01 -2.404922121003722597e-04
1.700000000000000000e+01 -3.795514246659387517e-04
1.800000000000000000e+01 -1.749102700933042123e-04
1.900000000000000000e+01 -5.647873088306561151e-04
2.000000000000000000e+01 -4.688935271124391579e-04
2.100000000000000000e+01 8.624292927821532368e-05
2.200000000000000000e+01 2.887689257634340557e-05
2.300000000000000000e+01 5.058707184450659785e-04
2.400000000000000000e+01 7.221619290164096178e-04
2.500000000000000000e+01 -3.888143473334840445e-04
2.600000000000000000e+01 1.347816100097229061e-04
2.700000000000000000e+01 3.854532100483620697e-04
2.800000000000000000e+01 1.555704181231782278e-04
2.900000000000000000e+01 -2.797037530797603509e-04
3.000000000000000000e+01 -1.570342120345572174e-04
1.000000000000000000e+00 7.719775387703247662e-04
2.000000000000000000e+00 -1.500570814417890393e-04
3.000000000000000000e+00 1.370429920388842066e-04
4.000000000000000000e+00 -3.551439470105471679e-05
5.000000000000000000e+00 -2.636436747800898601e-04
6.000000000000000000e+00 -7.828877021694418542e-05
7.000000000000000000e+00 2.083809302689882054e-04
8.000000000000000000e+00 6.674533444853542313e-04
9.000000000000000000e+00 -4.669414060876138535e-04
1.000000000000000000e+01 -5.146074922799662903e-04
1.100000000000000000e+01 1.535719118548308166e-04
1.200000000000000000e+01 -6.490055795647581890e-04
1.300000000000000000e+01 -3.818920232091048096e-06
1.400000000000000000e+01 1.125570726356117857e-04
1.500000000000000000e+01 -6.535789302321939366e-04
1.600000000000000000e+01 -3.123431011763989928e-04
1.700000000000000000e+01 -8.387485198378861703e-05
1.800000000000000000e+01 -2.062062233382231703e-04
1.900000000000000000e+01 -4.758697690070023034e-04
2.000000000000000000e+01 -4.945917771391608120e-04
2.100000000000000000e+01 2.205937557217301425e-04
2.200000000000000000e+01 -2.629551745301511199e-04
2.300000000000000000e+01 3.824779278113764379e-04
2.400000000000000000e+01 4.889611293638752940e-04
2.500000000000000000e+01 -1.545846106606280036e-04
2.600000000000000000e+01 -7.154143312928260088e-05
2.700000000000000000e+01 3.729460061789721323e-04
2.800000000000000000e+01 2.720892657516323326e-04
2.900000000000000000e+01 -2.802122645663753788e-04
3.000000000000000000e+01 -2.504359020074209278e-04
1.000000000000000000e+00 4.282610653088220827e-04
2.000000000000000000e+00 -1.505512768036537175e-04
3.000000000000000000e+00 4.390255214062547661e-04
4.000000000000000000e+00 -6.092721631764285632e-05
5.000000000000000000e+00 -4.201241542311094017e-04
6.000000000000000000e+00 5.103754726984565272e-04
7.000000000000000000e+00 1.027678713620355864e-04
8.000000000000000000e+00 3.655031662964531029e-04
9.000000000000000000e+00 -4.491862101846038984e-04
1.000000000000000000e+01 -5.751662528625590184e-04
1.100000000000000000e+01 -4.106195714974555537e-05
1.200000000000000000e+01 -6.249126859930858322e-04
1.300000000000000000e+01 2.823725055443065848e-04
1.400000000000000000e+01 1.344298361349807074e-04
1.500000000000000000e+01 -5.687585822432175524e-04
1.600000000000000000e+01 -4.252076595571447769e-04
1.700000000000000000e+01 -2.551475936523807820e-04
1.800000000000000000e+01 7.436560747782559443e-05
1.900000000000000000e+01 -6.380748196805770787e-04
2.000000000000000000e+01 -5.716128014462244777e-04
2.100000000000000000e+01 5.734014296257457536e-04
2.200000000000000000e+01 1.051166083892944971e-04
2.300000000000000000e+01 8.216307989798143354e-04
2.400000000000000000e+01 3.629335081396328045e-05
2.500000000000000000e+01 -2.735002189523727599e-04
2.600000000000000000e+01 1.676960140028209043e-04
2.700000000000000000e+01 6.823685427008441533e-05
2.800000000000000000e+01 2.395537268951542995e-04
2.900000000000000000e+01 -3.182305372116533298e-04
3.000000000000000000e+01 -5.666232285174404703e-04
1.000000000000000000e+00 1.278214993399035134e-04
2.000000000000000000e+00 -3.279610158911549687e-04
3.000000000000000000e+00 6.162668696187274765e-04
4.000000000000000000e+00 6.079705018069728141e-04
5.000000000000000000e+00 -2.934860909009785594e-04
6.000000000000000000e+00 -2.606663317561735862e-04
7.000000000000000000e+00 -3.783190501946581978e-05
8.000000000000000000e+00 4.547200759663333047e-04
9.000000000000000000e+00 -4.121153866676656669e-04
1.000000000000000000e+01 -6.167738901785544976e-04
1.100000000000000000e+01 1.851163610813013412e-04
1.200000000000000000e+01 -6.304448015836676845e-04
1.300000000000000000e+01 9.843300383169555144e-05
1.400000000000000000e+01 5.039976607438358992e-04
1.500000000000000000e+01 -5.440025606329597883e-04
1.600000000000000000e+01 -2.970032871892733413e-04
1.700000000000000000e+01 -6.747184235645409852e-05
1.800000000000000000e+01 -3.507397928019855503e-04
1.900000000000000000e+01 -6.231999320196149762e-04
2.000000000000000000e+01 -5.345231254448645298e-04
2.100000000000000000e+01 -4.657334932052737488e-05
2.200000000000000000e+01 -4.626236435522051841e-04
2.300000000000000000e+01 1.304588376096160697e-03
2.400000000000000000e+01 6.310163188001383918e-04
2.500000000000000000e+01 -3.289869280688050446e-04
2.600000000000000000e+01 7.662297608508282217e-05
2.700000000000000000e+01 2.622274589503364702e-04
2.800000000000000000e+01 2.132332940274107727e-04
2.900000000000000000e+01 -2.784138422426516856e-04
3.000000000000000000e+01 -5.354282223227148276e-04
1.000000000000000000e+00 9.904557570791907911e-05
2.000000000000000000e+00 -2.537279029142962597e-04
3.000000000000000000e+00 1.961161320346823994e-04
4.000000000000000000e+00 3.918609403634853820e-04
5.000000000000000000e+00 -3.622296134155385153e-04
6.000000000000000000e+00 5.595765147542702388e-04
7.000000000000000000e+00 1.479649339617178816e-04
8.000000000000000000e+00 1.328233471536225112e-04
9.000000000000000000e+00 -5.441025234137282420e-04
1.000000000000000000e+01 -4.016481634189956757e-04
1.100000000000000000e+01 -1.464506104180968155e-05
1.200000000000000000e+01 -6.179766143218022026e-04
1.300000000000000000e+01 -2.904231832081437996e-05
1.400000000000000000e+01 -1.562383884481510635e-04
1.500000000000000000e+01 -6.195348687522990840e-04
1.600000000000000000e+01 -3.474990193408706760e-04
1.700000000000000000e+01 -2.793203964724398419e-04
1.800000000000000000e+01 1.988597747564961420e-04
1.900000000000000000e+01 -6.208284282711430766e-04
2.000000000000000000e+01 -4.080317186747576684e-04
2.100000000000000000e+01 9.204887311175581101e-04
2.200000000000000000e+01 -5.587429634000037052e-05
2.300000000000000000e+01 2.882614876322927774e-04
2.400000000000000000e+01 6.058559337741804612e-04
2.500000000000000000e+01 -6.723814762666728811e-05
2.600000000000000000e+01 -3.230850699303459386e-04
2.700000000000000000e+01 4.055016591723771156e-04
2.800000000000000000e+01 3.593661798327067920e-04
2.900000000000000000e+01 -2.592478280973697490e-04
3.000000000000000000e+01 -4.853590945883160608e-04
1.000000000000000000e+00 1.274558693799847831e-04
2.000000000000000000e+00 -1.107085925823282570e-04
3.000000000000000000e+00 4.710350167253417254e-04
4.000000000000000000e+00 2.298622187502713174e-04
5.000000000000000000e+00 -6.206537850826159778e-04
6.000000000000000000e+00 -2.287335266711223569e-04
7.000000000000000000e+00 3.806399243313873630e-04
8.000000000000000000e+00 3.821876971165645391e-04
9.000000000000000000e+00 -3.871527418944580674e-04
1.000000000000000000e+01 -4.648537227317203801e-04
1.100000000000000000e+01 -7.619434964288812444e-05
1.200000000000000000e+01 -5.642482747098420551e-04
1.300000000000000000e+01 1.911065779211519296e-04
1.400000000000000000e+01 2.655101682226966207e-04
1.500000000000000000e+01 -5.510285124078023429e-04
1.600000000000000000e+01 -3.406785208458698176e-04
1.700000000000000000e+01 -1.404310930581049241e-05
1.800000000000000000e+01 -2.261882169908187561e-04
1.900000000000000000e+01 -4.216210988575736104e-04
2.000000000000000000e+01 -4.135545749154096633e-04
2.100000000000000000e+01 1.775988410210794144e-04
2.200000000000000000e+01 1.377716125044689576e-04
2.300000000000000000e+01 4.471752467833270232e-04
2.400000000000000000e+01 7.850301976929872352e-04
2.500000000000000000e+01 -7.390171082377764236e-05
2.600000000000000000e+01 -1.052160409470132127e-04
2.700000000000000000e+01 -3.387882959392924634e-04
2.800000000000000000e+01 2.440433647535643152e-04
2.900000000000000000e+01 -3.909205542696183797e-04
3.000000000000000000e+01 -1.084887980477637051e-04
1.000000000000000000e+00 7.807626927846854706e-04
2.000000000000000000e+00 -4.258061973670766704e-05
3.000000000000000000e+00 3.100274037888436072e-04
4.000000000000000000e+00 8.165270786307523513e-04
5.000000000000000000e+00 -4.017712667283197011e-04
6.000000000000000000e+00 -2.153352777387040624e-04
7.000000000000000000e+00 -3.197221263660233711e-04
8.000000000000000000e+00 3.905511317854673536e-04
9.000000000000000000e+00 -3.504582795498679525e-04
1.000000000000000000e+01 -4.142833412007611033e-04
1.100000000000000000e+01 -1.325471043140908972e-04
1.200000000000000000e+01 -6.223721549381615271e-04
1.300000000000000000e+01 3.838317859227772751e-04
1.400000000000000000e+01 -4.777696277038201818e-05
1.500000000000000000e+01 -6.282142347707598933e-04
1.600000000000000000e+01 1.490968367244085504e-05
1.700000000000000000e+01 -1.316357981542189961e-04
1.800000000000000000e+01 -5.089943286327860495e-04
1.900000000000000000e+01 -6.193527504608541470e-04
2.000000000000000000e+01 -5.535814266934597919e-04
2.100000000000000000e+01 7.198730191084291375e-04
2.200000000000000000e+01 -4.849009329834997792e-04
2.300000000000000000e+01 5.341379813288631801e-04
2.400000000000000000e+01 4.113903806057365195e-04
2.500000000000000000e+01 -3.421612121198122809e-04
2.600000000000000000e+01 1.238224516892020134e-04
2.700000000000000000e+01 2.721802540302332768e-04
2.800000000000000000e+01 3.069078573836141730e-04
2.900000000000000000e+01 -4.124810353484334598e-04
3.000000000000000000e+01 -4.096085483133733284e-04
1.000000000000000000e+00 -5.841524637351872103e-06
2.000000000000000000e+00 -2.002091393609845785e-04
3.000000000000000000e+00 8.094427127382957440e-05
4.000000000000000000e+00 -1.935036066610769585e-04
5.000000000000000000e+00 -4.322257157517785955e-04
6.000000000000000000e+00 1.690337262584323732e-04
7.000000000000000000e+00 3.628850162910466021e-04
8.000000000000000000e+00 2.264807404237802440e-04
9.000000000000000000e+00 -2.936571609746107679e-04
1.000000000000000000e+01 -5.458247122127829823e-04
1.100000000000000000e+01 2.421274484430295851e-04
1.200000000000000000e+01 -5.558609034475885851e-04
1.300000000000000000e+01 1.005005422092134408e-05
1.400000000000000000e+01 2.858386329354831688e-04
1.500000000000000000e+01 -6.129569027771378806e-04
1.600000000000000000e+01 -3.441963212356982616e-04
1.700000000000000000e+01 3.225131152416311998e-04
1.800000000000000000e+01 -1.443321152449973286e-04
1.900000000000000000e+01 -6.233362965252210947e-04
2.000000000000000000e+01 -4.207639086155258055e-04
2.100000000000000000e+01 9.068578441105718674e-04
2.200000000000000000e+01 -1.255307754549131178e-04
2.300000000000000000e+01 6.857067325877205322e-04
2.400000000000000000e+01 1.974668974948082180e-04
2.500000000000000000e+01 -4.253594156948749434e-04
2.600000000000000000e+01 -2.201645361495625059e-04
2.700000000000000000e+01 -1.046498226754939242e-04
2.800000000000000000e+01 9.343036357934163304e-04
2.900000000000000000e+01 -4.100854636524864415e-04
3.000000000000000000e+01 -3.508917299253650358e-04
1.000000000000000000e+00 -1.536939433800646796e-04
2.000000000000000000e+00 4.289742372916773992e-04
3.000000000000000000e+00 2.178289923220372466e-04
4.000000000000000000e+00 2.123149484744809895e-04
5.000000000000000000e+00 -5.430684033315702486e-04
6.000000000000000000e+00 -8.835101390134457498e-05
7.000000000000000000e+00 1.364164976707873554e-04
8.000000000000000000e+00 5.199014413680668996e-04
9.000000000000000000e+00 -5.568991317662347730e-04
1.000000000000000000e+01 -3.658765099854687365e-04
1.100000000000000000e+01 4.110376928678140685e-04
1.200000000000000000e+01 -5.548326944839163414e-04
1.300000000000000000e+01 -2.140229757680819130e-04
1.400000000000000000e+01 2.790495735612791642e-04
1.500000000000000000e+01 -5.517635219253494384e-04
1.600000000000000000e+01 -2.327639861029482196e-04
1.700000000000000000e+01 -1.632210651264851388e-04
1.800000000000000000e+01 9.327725271170649556e-06
1.900000000000000000e+01 -5.511714971899885464e-04
2.000000000000000000e+01 -5.486982036067016184e-04
2.100000000000000000e+01 3.548239134802724229e-04
2.200000000000000000e+01 -2.418639539798538647e-04
2.300000000000000000e+01 7.304249409983269194e-04
2.400000000000000000e+01 1.876618427232912875e-04
2.500000000000000000e+01 -4.093313259888655417e-04
2.600000000000000000e+01 7.065175139732447274e-05
2.700000000000000000e+01 2.645862478492820905e-04
2.800000000000000000e+01 1.586555898673851933e-04
2.900000000000000000e+01 8.396696762460365449e-05
3.000000000000000000e+01 -4.804966773256712600e-04
1.000000000000000000e+00 2.185289557365959899e-04
2.000000000000000000e+00 -1.986795184127446167e-04
3.000000000000000000e+00 5.654604099874781546e-04
4.000000000000000000e+00 1.045196060642474467e-04
5.000000000000000000e+00 -3.573655373389144165e-04
6.000000000000000000e+00 2.431363556754369222e-05
7.000000000000000000e+00 -8.964287574817872048e-05
8.000000000000000000e+00 1.201189075927368093e-04
9.000000000000000000e+00 -9.691986811177822107e-05
1.000000000000000000e+01 -5.782298660741683107e-04
1.100000000000000000e+01 5.097172810889347063e-04
1.200000000000000000e+01 -6.561297118393069876e-04
1.300000000000000000e+01 6.254220836374045818e-05
1.400000000000000000e+01 3.169785714434254970e-04
1.500000000000000000e+01 -6.546091959888608895e-04
1.600000000000000000e+01 -5.174604747902626298e-04
1.700000000000000000e+01 -7.647944464561729308e-05
1.800000000000000000e+01 -3.065251897034921018e-04
1.900000000000000000e+01 -6.017947418623742712e-04
2.000000000000000000e+01 -6.605712586894446365e-04
2.100000000000000000e+01 5.751997850552313055e-04
2.200000000000000000e+01 -1.876216406216858106e-04
2.300000000000000000e+01 -6.455996098120848447e-05
2.400000000000000000e+01 8.415184395969451921e-04
2.500000000000000000e+01 -1.241453460748826571e-04
2.600000000000000000e+01 -2.897791868128304959e-04
2.700000000000000000e+01 6.492300861163351623e-05
2.800000000000000000e+01 7.790639882335274316e-04
2.900000000000000000e+01 -4.788763976468630019e-05
3.000000000000000000e+01 -2.932158432444028967e-04
1.000000000000000000e+00 3.639118845284989136e-04
2.000000000000000000e+00 -1.341492164663506961e-04
3.000000000000000000e+00 2.656364947599172016e-04
4.000000000000000000e+00 1.089762041858948849e-04
5.000000000000000000e+00 -1.577759017296473989e-05
6.000000000000000000e+00 -8.431993713211832894e-05
7.000000000000000000e+00 2.863037569052652572e-04
8.000000000000000000e+00 4.303369512084663983e-04
9.000000000000000000e+00 -5.855775654673077380e-04
1.000000000000000000e+01 -6.573299886130846330e-04
1.100000000000000000e+01 2.530234240678421007e-04
1.200000000000000000e+01 -5.675053311980438660e-04
1.300000000000000000e+01 6.339154333745487899e-05
1.400000000000000000e+01 4.390890640142964510e-04
1.500000000000000000e+01 -6.556403455820646780e-04
1.600000000000000000e+01 -3.049451593533623623e-04
1.700000000000000000e+01 1.959837914145739005e-04
1.800000000000000000e+01 -7.315872397010882093e-06
1.900000000000000000e+01 -6.562970396720184049e-04
2.000000000000000000e+01 -4.932585034065730453e-04
2.100000000000000000e+01 4.811998194242011529e-04
2.200000000000000000e+01 -3.724609555157812660e-04
2.300000000000000000e+01 2.390366810035275561e-04
2.400000000000000000e+01 6.956698286198364524e-05
2.500000000000000000e+01 -4.231187382255452521e-04
2.600000000000000000e+01 1.100241644701151553e-04
2.700000000000000000e+01 1.742817483315119108e-05
2.800000000000000000e+01 8.407738293272057134e-04
2.900000000000000000e+01 -4.191421042849973648e-04
3.000000000000000000e+01 -4.350804468894284727e-04
1.000000000000000000e+00 3.301315749266672556e-05
2.000000000000000000e+00 -1.407306259464672824e-04
3.000000000000000000e+00 5.235326466496172636e-04
4.000000000000000000e+00 9.542203231092473740e-05
5.000000000000000000e+00 -4.100415583999444339e-04
6.000000000000000000e+00 7.691255654876688228e-05
7.000000000000000000e+00 4.084842526791105191e-04
8.000000000000000000e+00 3.613631238008104939e-04
9.000000000000000000e+00 -2.448940383834052902e-04
1.000000000000000000e+01 -5.662807474214903193e-04
1.100000000000000000e+01 2.743717517112704662e-04
1.200000000000000000e+01 -6.331219612534157853e-04
1.300000000000000000e+01 1.671146876879538905e-04
1.400000000000000000e+01 4.995005514964450267e-04
1.500000000000000000e+01 -6.296589263352824145e-04
1.600000000000000000e+01 -4.205241250899312256e-04
1.700000000000000000e+01 -1.956488223706783717e-04
1.800000000000000000e+01 1.164068642737419124e-04
1.900000000000000000e+01 -4.172515142620720477e-04
2.000000000000000000e+01 -6.086388341016127530e-04
2.100000000000000000e+01 2.047953601646461473e-04
2.200000000000000000e+01 -4.751588506583831906e-04
2.300000000000000000e+01 4.418136056394974219e-04
2.400000000000000000e+01 3.955794838243683882e-04
2.500000000000000000e+01 -3.486901120285364826e-04
2.600000000000000000e+01 -3.180636199868092269e-05
2.700000000000000000e+01 1.457582463819156657e-04
2.800000000000000000e+01 4.650601944405839097e-04
2.900000000000000000e+01 -2.839639304835254942e-04
3.000000000000000000e+01 -4.169463677664431286e-04
1.000000000000000000e+00 2.166149056140753042e-05
2.000000000000000000e+00 -2.621375642637097190e-04
3.000000000000000000e+00 5.704252846231764283e-04
4.000000000000000000e+00 4.613051514381307145e-04
5.000000000000000000e+00 -6.350844269416042014e-04
6.000000000000000000e+00 1.093397845467014264e-05
7.000000000000000000e+00 2.929336882895472601e-04
8.000000000000000000e+00 2.259642517352949563e-04
9.000000000000000000e+00 -5.509476947066445146e-04
1.000000000000000000e+01 -5.603216440879030388e-04
1.100000000000000000e+01 -3.060340799059240043e-04
1.200000000000000000e+01 -5.518430205914301402e-04
1.300000000000000000e+01 7.579589258371618283e-05
1.400000000000000000e+01 -2.194290466244060666e-04
1.500000000000000000e+01 -6.332613013485773653e-04
1.600000000000000000e+01 -2.892146150100135507e-04
1.700000000000000000e+01 1.010508953795776404e-04
1.800000000000000000e+01 -2.782356770132547513e-04
1.900000000000000000e+01 -6.331875237315076057e-04
2.000000000000000000e+01 -4.925523186848419126e-04
2.100000000000000000e+01 8.704420504567820073e-04
2.200000000000000000e+01 -2.032650744912486724e-04
2.300000000000000000e+01 5.599116382409404175e-04
2.400000000000000000e+01 4.517033833838680771e-04
2.500000000000000000e+01 -2.251650940439738784e-04
2.600000000000000000e+01 1.424355212795534590e-04
2.700000000000000000e+01 9.157960451507418675e-05
2.800000000000000000e+01 1.075479660944095523e-03
2.900000000000000000e+01 -2.324171066788774636e-04
3.000000000000000000e+01 -4.921233232091275570e-04
1.000000000000000000e+00 3.385520793135708955e-04
2.000000000000000000e+00 -1.240540500748610754e-04
3.000000000000000000e+00 2.211829209623311881e-04
4.000000000000000000e+00 2.027498467246617456e-04
5.000000000000000000e+00 -2.618203173510900246e-04
6.000000000000000000e+00 -8.767743137469058748e-05
7.000000000000000000e+00 7.117392965914950400e-04
8.000000000000000000e+00 2.416910218943342872e-04
9.000000000000000000e+00 -4.345051118008226836e-04
1.000000000000000000e+01 -5.527940935060379887e-04
1.100000000000000000e+01 -3.760701348355560193e-05
1.200000000000000000e+01 -6.348593661962469246e-04
1.300000000000000000e+01 1.487288729921314750e-05
1.400000000000000000e+01 1.192899192479629489e-04
1.500000000000000000e+01 -4.989584175754540078e-04
1.600000000000000000e+01 -4.517078658227759326e-05
1.700000000000000000e+01 -2.866011427632418639e-04
1.800000000000000000e+01 -4.241275616213044213e-04
1.900000000000000000e+01 -4.958915612650408858e-04
2.000000000000000000e+01 -5.721125034646439445e-04
2.100000000000000000e+01 5.199038658952957314e-04
2.200000000000000000e+01 -1.943856452689656910e-04
2.300000000000000000e+01 5.574732991760876109e-04
2.400000000000000000e+01 5.801912081240307882e-04
2.500000000000000000e+01 -1.330192233856301517e-04
2.600000000000000000e+01 -8.215482613992980832e-05
2.700000000000000000e+01 1.402655536306514274e-04
2.800000000000000000e+01 3.965425101470448324e-04
2.900000000000000000e+01 -4.354742227259956718e-04
3.000000000000000000e+01 -3.581934089179461935e-04
1.000000000000000000e+00 4.924626466420514714e-04
2.000000000000000000e+00 -8.525124024041173918e-05
3.000000000000000000e+00 7.074345134868689679e-05
4.000000000000000000e+00 4.099036183853350533e-04
5.000000000000000000e+00 -3.248120575508212115e-04
6.000000000000000000e+00 9.058966710301912938e-05
7.000000000000000000e+00 4.478907391259246860e-04
8.000000000000000000e+00 2.456370627769044360e-04
9.000000000000000000e+00 -5.503809676881311766e-04
1.000000000000000000e+01 -4.840129271607358005e-04
1.100000000000000000e+01 3.721326363868012550e-05
1.200000000000000000e+01 -4.866004723746304153e-04
1.300000000000000000e+01 -2.979690071500118984e-04
1.400000000000000000e+01 -6.339610394622913420e-05
1.500000000000000000e+01 -5.519423851775032098e-04
1.600000000000000000e+01 -3.451205343778555802e-04
1.700000000000000000e+01 -3.349093815226491817e-04
1.800000000000000000e+01 -2.442072185291556288e-04
1.900000000000000000e+01 -6.182306409433314985e-04
2.000000000000000000e+01 -4.105206349290984398e-04
2.100000000000000000e+01 5.414322733097023466e-04
2.200000000000000000e+01 -1.929537613562243162e-04
2.300000000000000000e+01 5.779817297423086621e-04
2.400000000000000000e+01 2.112683561712268678e-04
2.500000000000000000e+01 -1.251986891336183644e-04
2.600000000000000000e+01 -6.310801491739443379e-05
2.700000000000000000e+01 4.288118738217625860e-04
2.800000000000000000e+01 4.971020774903322104e-04
2.900000000000000000e+01 -1.136555777850056532e-04
3.000000000000000000e+01 -3.398253879601764965e-04
1.000000000000000000e+00 5.819876548187973399e-04
2.000000000000000000e+00 -2.584458508963040965e-04
3.000000000000000000e+00 7.307439637329395414e-05
4.000000000000000000e+00 5.195245966594093205e-04
5.000000000000000000e+00 -5.564259501637396120e-04
6.000000000000000000e+00 -1.400426312013556402e-04
7.000000000000000000e+00 1.009344793796232567e-04
8.000000000000000000e+00 3.860372490317630291e-04
9.000000000000000000e+00 -3.098312418669050259e-04
1.000000000000000000e+01 -4.233853142070645816e-04
1.100000000000000000e+01 -5.591369464791242500e-05
1.200000000000000000e+01 -5.766086423947475777e-04
1.300000000000000000e+01 -3.491550512947565557e-05
1.400000000000000000e+01 3.972393234091856312e-04
1.500000000000000000e+01 -6.429441146447084426e-04
1.600000000000000000e+01 -2.926971125704442515e-04
1.700000000000000000e+01 -2.598411327372757281e-04
1.800000000000000000e+01 -2.254500696704997073e-04
1.900000000000000000e+01 -2.947304219495092874e-04
2.000000000000000000e+01 -6.353523881352222567e-04
2.100000000000000000e+01 3.599982899157320375e-04
2.200000000000000000e+01 -3.484726860176218938e-04
2.300000000000000000e+01 7.007617677746336322e-04
2.400000000000000000e+01 7.163714062878344738e-04
2.500000000000000000e+01 -2.182277509216545657e-04
2.600000000000000000e+01 6.681718062417752835e-05
2.700000000000000000e+01 2.627057683121498087e-04
2.800000000000000000e+01 3.770479701077817411e-04
2.900000000000000000e+01 -5.388904985038082051e-04
3.000000000000000000e+01 -3.300981930172472282e-04
1.000000000000000000e+00 4.615296240317067530e-04
2.000000000000000000e+00 -1.553808920686060161e-04
3.000000000000000000e+00 3.231861613878416134e-04
4.000000000000000000e+00 -2.630595262401495501e-04
5.000000000000000000e+00 -5.627310228838147601e-04
6.000000000000000000e+00 -2.976182729962952565e-04
7.000000000000000000e+00 -3.747206623351215395e-05
8.000000000000000000e+00 1.610192776742522280e-04
9.000000000000000000e+00 -3.352438992539160030e-04
1.000000000000000000e+01 -4.221240609824283212e-04
1.100000000000000000e+01 4.017229598060989928e-04
1.200000000000000000e+01 -6.205223288362887984e-04
1.300000000000000000e+01 5.713614905548529036e-05
1.400000000000000000e+01 4.393343404069774459e-04
1.500000000000000000e+01 -6.326763622506088348e-04
1.600000000000000000e+01 -3.719089808845232946e-04
1.700000000000000000e+01 1.222306168246819352e-04
1.800000000000000000e+01 -3.973633490111610667e-06
1.900000000000000000e+01 -6.221262652690013988e-04
2.000000000000000000e+01 -3.397849561438768943e-04
2.100000000000000000e+01 3.943970524014986118e-04
2.200000000000000000e+01 2.070541168926019076e-04
2.300000000000000000e+01 3.569729415582281913e-04
2.400000000000000000e+01 3.047508039703386616e-04
2.500000000000000000e+01 -2.901948830434996165e-04
2.600000000000000000e+01 2.014757810993855075e-04
2.700000000000000000e+01 1.782634937749263395e-04
2.800000000000000000e+01 4.864039142619321776e-05
2.900000000000000000e+01 -7.000275567339867770e-05
3.000000000000000000e+01 -2.331764317056440568e-04
1.000000000000000000e+00 5.834416641533890908e-05
2.000000000000000000e+00 -1.957726624137111316e-04
3.000000000000000000e+00 2.384418015763676083e-04
4.000000000000000000e+00 4.557928260720622111e-04
5.000000000000000000e+00 -5.587291102834895853e-04
6.000000000000000000e+00 -5.003099320032110406e-04
7.000000000000000000e+00 -1.015566947098689920e-04
8.000000000000000000e+00 7.148188768860706853e-04
9.000000000000000000e+00 -5.813280398524061938e-04
1.000000000000000000e+01 -6.423056304980802019e-04
1.100000000000000000e+01 -1.207507814167506089e-04
1.200000000000000000e+01 -6.553854150504224985e-04
1.300000000000000000e+01 1.612798167753955669e-04
1.400000000000000000e+01 1.987044034503074915e-04
1.500000000000000000e+01 -5.732865877978069553e-04
1.600000000000000000e+01 2.376307323639589874e-04
1.700000000000000000e+01 -3.059316443415049111e-04
1.800000000000000000e+01 -2.894853268094025895e-04
1.900000000000000000e+01 -3.391717949574857261e-04
2.000000000000000000e+01 -4.953027922658052428e-04
2.100000000000000000e+01 3.983457741270139923e-04
2.200000000000000000e+01 -3.402342340985768090e-04
2.300000000000000000e+01 4.969505534734308411e-04
2.400000000000000000e+01 5.999147720710182319e-04
2.500000000000000000e+01 -1.686722180728578136e-04
2.600000000000000000e+01 9.960874042096452938e-05
2.700000000000000000e+01 3.923902270443335857e-04
2.800000000000000000e+01 6.355486338470114384e-04
2.900000000000000000e+01 8.272818203460059381e-05
3.000000000000000000e+01 -5.160591980832128370e-04
1.000000000000000000e+00 2.267611343961499363e-04
2.000000000000000000e+00 -2.207932193144537759e-04
3.000000000000000000e+00 3.834811178771193305e-04
4.000000000000000000e+00 3.146661451817101452e-04
5.000000000000000000e+00 -4.798138856044701782e-04
6.000000000000000000e+00 -1.045103276067216991e-04
7.000000000000000000e+00 -4.175515513474642801e-05
8.000000000000000000e+00 4.324689660819349161e-04
9.000000000000000000e+00 -6.448286075167506239e-04
1.000000000000000000e+01 -5.653877904123437437e-04
1.100000000000000000e+01 -1.005356867497788828e-04
1.200000000000000000e+01 -5.698497764018684540e-04
1.300000000000000000e+01 5.762335369350086588e-05
1.400000000000000000e+01 1.340013080683822937e-04
1.500000000000000000e+01 -6.360137653722024078e-04
1.600000000000000000e+01 -4.268896584087732604e-04
1.700000000000000000e+01 -1.363286837796735481e-04
1.800000000000000000e+01 -9.623238323049480608e-05
1.900000000000000000e+01 -6.189682567424414483e-04
2.000000000000000000e+01 -3.364467083382372513e-04
2.100000000000000000e+01 5.468955209223044659e-04
2.200000000000000000e+01 5.960205201065596432e-05
2.300000000000000000e+01 6.712589648726623344e-04
2.400000000000000000e+01 4.963467725355047997e-04
2.500000000000000000e+01 -1.977411739257408643e-04
2.600000000000000000e+01 -5.071656972349144034e-05
2.700000000000000000e+01 1.859265455110634807e-04
2.800000000000000000e+01 8.719914943502905412e-04
2.900000000000000000e+01 -4.144103261597183044e-04
3.000000000000000000e+01 -3.380576584021034595e-04
1.000000000000000000e+00 3.452098857477627547e-04
2.000000000000000000e+00 -3.423276294638659227e-04
3.000000000000000000e+00 2.228721305009019854e-04
4.000000000000000000e+00 3.484936104994625734e-04
5.000000000000000000e+00 -2.728725522086870468e-04
6.000000000000000000e+00 -9.080003620759951157e-05
7.000000000000000000e+00 1.360148465632867864e-04
8.000000000000000000e+00 5.248624119430000739e-04
9.000000000000000000e+00 -4.233457669579234871e-04
1.000000000000000000e+01 -5.721260640759033870e-04
1.100000000000000000e+01 2.697100899638778639e-04
1.200000000000000000e+01 -4.866866583851044733e-04
1.300000000000000000e+01 2.205265333093181979e-04
1.400000000000000000e+01 9.733102042032238529e-06
1.500000000000000000e+01 -6.236503021069887383e-04
1.600000000000000000e+01 -2.962218804101796510e-04
1.700000000000000000e+01 -2.371573846660021689e-04
1.800000000000000000e+01 -5.185333345800566030e-05
1.900000000000000000e+01 -6.254015136565629603e-04
2.000000000000000000e+01 -4.884319746837414858e-04
2.100000000000000000e+01 3.817246387875851714e-04
2.200000000000000000e+01 -2.655611402596016633e-04
2.300000000000000000e+01 2.083141294314499038e-04
2.400000000000000000e+01 7.298315695410843374e-04
2.500000000000000000e+01 -3.273541125754895358e-04
2.600000000000000000e+01 1.778082258698135778e-04
2.700000000000000000e+01 2.006985659377519249e-04
2.800000000000000000e+01 4.577266536568101989e-04
2.900000000000000000e+01 -3.205380391179125628e-04
3.000000000000000000e+01 -3.769261081429811991e-04
1.000000000000000000e+00 2.421567444252681095e-04
2.000000000000000000e+00 -4.353482420642985169e-05
3.000000000000000000e+00 3.889337542411751020e-04
4.000000000000000000e+00 -2.004495908252201060e-04
5.000000000000000000e+00 -4.290487178290118509e-04
6.000000000000000000e+00 7.202973853893619488e-05
7.000000000000000000e+00 2.836824645928450969e-04
8.000000000000000000e+00 3.757223027432003465e-04
9.000000000000000000e+00 -3.585594418174516498e-04
1.000000000000000000e+01 -4.865561452224847756e-04
1.100000000000000000e+01 6.839085690341690669e-04
1.200000000000000000e+01 -5.768206899371874832e-04
1.300000000000000000e+01 3.716229435521374103e-04
1.400000000000000000e+01 -4.671726081929158622e-05
1.500000000000000000e+01 -6.342511631875603169e-04
1.600000000000000000e+01 -2.549179651994798695e-04
1.700000000000000000e+01 -3.551165583154939818e-04
1.800000000000000000e+01 2.060843034630111090e-04
1.900000000000000000e+01 -6.417648251235033401e-04
2.000000000000000000e+01 -6.408658087588822499e-04
2.100000000000000000e+01 5.345494502150061663e-04
2.200000000000000000e+01 -1.886043859622963423e-04
2.300000000000000000e+01 5.070735206551500989e-04
2.400000000000000000e+01 1.203858543262881735e-04
2.500000000000000000e+01 1.593142032518837477e-04
2.600000000000000000e+01 -1.923771209626102131e-04
2.700000000000000000e+01 7.274200670510142885e-05
2.800000000000000000e+01 1.202492674276970459e-04
2.900000000000000000e+01 -4.013580036799663134e-05
3.000000000000000000e+01 -6.423675933011941145e-04
1.000000000000000000e+00 1.224719894265302903e-04
2.000000000000000000e+00 -2.826577339478104602e-05
3.000000000000000000e+00 1.759785182661448451e-04
4.000000000000000000e+00 2.602147425704878867e-04
5.000000000000000000e+00 -2.676063326718551772e-05
6.000000000000000000e+00 4.112335366287981719e-05
7.000000000000000000e+00 1.526589883511087061e-04
8.000000000000000000e+00 4.483301454764229395e-04
9.000000000000000000e+00 -2.075127387365642453e-04
1.000000000000000000e+01 -4.992321317501192306e-04
1.100000000000000000e+01 -2.684074620669735169e-04
1.200000000000000000e+01 -5.795713613332625436e-04
1.300000000000000000e+01 1.481709785288574835e-04
1.400000000000000000e+01 -1.105367348222099298e-04
1.500000000000000000e+01 -6.382040006430574021e-04
1.600000000000000000e+01 -2.405832917672123296e-04
1.700000000000000000e+01 1.809375045923898096e-04
1.800000000000000000e+01 -4.420289065386093881e-04
1.900000000000000000e+01 -5.227952102470729504e-04
2.000000000000000000e+01 -5.743397911365866800e-04
2.100000000000000000e+01 6.221693738329209982e-04
2.200000000000000000e+01 -1.135934056024221270e-04
2.300000000000000000e+01 2.144316453637841287e-05
2.400000000000000000e+01 3.033291354642067149e-04
2.500000000000000000e+01 -1.548768408376947176e-04
2.600000000000000000e+01 -2.086415607624116000e-05
2.700000000000000000e+01 5.140754040959294750e-04
2.800000000000000000e+01 3.379329177754285068e-04
2.900000000000000000e+01 -2.260195211335545688e-04
3.000000000000000000e+01 -3.094970553668676609e-04
1.000000000000000000e+00 -9.326241287772816041e-06
2.000000000000000000e+00 -6.031024238137612259e-05
3.000000000000000000e+00 4.822298453066223680e-05
4.000000000000000000e+00 4.603019487753972055e-04
5.000000000000000000e+00 -2.884787648869413263e-04
6.000000000000000000e+00 2.333921998013370870e-04
7.000000000000000000e+00 8.741180226309873435e-05
8.000000000000000000e+00 3.169181020768840722e-04
9.000000000000000000e+00 -3.672921374360610869e-04
1.000000000000000000e+01 -6.227189415997209064e-04
1.100000000000000000e+01 -1.169368921237831112e-04
1.200000000000000000e+01 -6.294615761656993484e-04
1.300000000000000000e+01 2.606129106592200884e-04
1.400000000000000000e+01 3.106256340204764616e-05
1.500000000000000000e+01 -5.579308634164090001e-04
1.600000000000000000e+01 -3.720726241537171929e-04
1.700000000000000000e+01 3.078919576826022442e-04
1.800000000000000000e+01 -2.762609575017183896e-04
1.900000000000000000e+01 -4.731238823998898542e-04
2.000000000000000000e+01 -4.918606919597702954e-04
2.100000000000000000e+01 5.640942754213024201e-04
2.200000000000000000e+01 -8.268745744916070756e-05
2.300000000000000000e+01 3.705222762507797665e-04
2.400000000000000000e+01 7.421162928561141634e-04
2.500000000000000000e+01 -1.015043378276641814e-04
2.600000000000000000e+01 -9.090347961133635372e-06
2.700000000000000000e+01 -7.191856088186058063e-05
2.800000000000000000e+01 5.167285901061780505e-04
2.900000000000000000e+01 -4.299064789879048680e-04
3.000000000000000000e+01 -5.490432636972006125e-04
1.000000000000000000e+00 -2.436159398751709139e-04
2.000000000000000000e+00 -1.863615081133610245e-04
3.000000000000000000e+00 3.133163861145640480e-04
4.000000000000000000e+00 2.495953031619658254e-04
5.000000000000000000e+00 -4.284992451636714735e-04
6.000000000000000000e+00 -1.503894468543877610e-04
7.000000000000000000e+00 3.038735615281922399e-04
8.000000000000000000e+00 3.925032483872417026e-04
9.000000000000000000e+00 -3.944914550295754488e-04
1.000000000000000000e+01 -4.804634895722503991e-04
1.100000000000000000e+01 -1.156618977759622817e-05
1.200000000000000000e+01 -5.601960326579154357e-04
1.300000000000000000e+01 -1.534112814317001815e-04
1.400000000000000000e+01 3.122062258224572902e-04
1.500000000000000000e+01 -5.421690622556821692e-04
1.600000000000000000e+01 -2.223465540613214558e-04
1.700000000000000000e+01 -2.334324890773731612e-04
1.800000000000000000e+01 -1.937793270361802165e-04
1.900000000000000000e+01 -5.540795961939754466e-04
2.000000000000000000e+01 -4.534743333518604811e-04
2.100000000000000000e+01 3.616150963256176479e-04
2.200000000000000000e+01 -2.394532946008766383e-04
2.300000000000000000e+01 6.652044268003638999e-04
2.400000000000000000e+01 2.757817254587722729e-04
2.500000000000000000e+01 -1.035749335291822552e-04
2.600000000000000000e+01 -8.831324766118453550e-05
2.700000000000000000e+01 4.763898620779387881e-04
2.800000000000000000e+01 8.394961621652709174e-04
2.900000000000000000e+01 -2.504298371917266803e-04
3.000000000000000000e+01 -2.766115550573847236e-04
1.000000000000000000e+00 6.374504859827558999e-04
2.000000000000000000e+00 -4.187172586627826900e-04
3.000000000000000000e+00 2.886721755795650305e-05
4.000000000000000000e+00 2.475220823217872648e-04
5.000000000000000000e+00 -3.553836121465636048e-04
6.000000000000000000e+00 3.557830689410434446e-05
7.000000000000000000e+00 2.112241686219841420e-04
8.000000000000000000e+00 6.213430435250131331e-04
9.000000000000000000e+00 -5.211195163868111418e-04
1.000000000000000000e+01 -4.931786680462968159e-04
1.100000000000000000e+01 7.283883245972342432e-05
1.200000000000000000e+01 -6.133004468522901959e-04
1.300000000000000000e+01 -3.650642484692097388e-04
1.400000000000000000e+01 6.538926685159282635e-04
1.500000000000000000e+01 -3.909931672124732126e-04
1.600000000000000000e+01 -4.195190908921130426e-04
1.700000000000000000e+01 -3.624940021971041819e-05
1.800000000000000000e+01 -1.309007272029080087e-04
1.900000000000000000e+01 -6.164778086349564533e-04
2.000000000000000000e+01 -4.773701137267570885e-04
2.100000000000000000e+01 -1.277412615984208621e-05
2.200000000000000000e+01 -1.987476201407782064e-05
2.300000000000000000e+01 5.128605159274593570e-04
2.400000000000000000e+01 5.416793614279173143e-04
2.500000000000000000e+01 -5.384077752916950708e-04
2.600000000000000000e+01 -1.892751041757196251e-04
2.700000000000000000e+01 3.371720955445087231e-04
2.800000000000000000e+01 5.043603093086362692e-05
2.900000000000000000e+01 -4.156623954834124768e-05
3.000000000000000000e+01 1.087062184313727741e-04
1.000000000000000000e+00 2.166115115102166058e-04
2.000000000000000000e+00 2.095134104756215491e-04
3.000000000000000000e+00 1.194986980407684033e-04
4.000000000000000000e+00 -3.427075061089668393e-04
5.000000000000000000e+00 -3.169629772009445717e-04
6.000000000000000000e+00 -1.352396663703095967e-04
7.000000000000000000e+00 7.119665831085057826e-04
8.000000000000000000e+00 8.333019167789259369e-04
9.000000000000000000e+00 -4.459241126877315367e-04
1.000000000000000000e+01 -5.360882929501196688e-04
1.100000000000000000e+01 -1.581835679755042479e-04
1.200000000000000000e+01 -5.610107941914569806e-04
1.300000000000000000e+01 4.193497691973571484e-05
1.400000000000000000e+01 3.825312098420992910e-04
1.500000000000000000e+01 -6.063166814584359859e-04
1.600000000000000000e+01 -1.404566933319733072e-04
1.700000000000000000e+01 -9.569528005544763430e-05
1.800000000000000000e+01 3.840924721447456038e-04
1.900000000000000000e+01 -5.950813422912300992e-04
2.000000000000000000e+01 -3.893681958971949124e-04
2.100000000000000000e+01 2.125052806456570356e-04
2.200000000000000000e+01 -3.203177065440140805e-04
2.300000000000000000e+01 5.149319374798975784e-04
2.400000000000000000e+01 7.458212193138628876e-04
2.500000000000000000e+01 -3.727863705879224960e-04
2.600000000000000000e+01 1.155594299802425149e-04
2.700000000000000000e+01 -1.397895948383904034e-04
2.800000000000000000e+01 -2.656450046170359290e-04
2.900000000000000000e+01 -3.346762133865716017e-04
3.000000000000000000e+01 -2.805445855328844154e-04
1.000000000000000000e+00 6.423621697794108538e-04
2.000000000000000000e+00 1.880059765744207360e-05
3.000000000000000000e+00 4.084311418794220631e-04
4.000000000000000000e+00 4.862618375516738339e-04
5.000000000000000000e+00 -3.304798288545406169e-04
6.000000000000000000e+00 1.763833347335113169e-04
7.000000000000000000e+00 3.411272201500843487e-04
8.000000000000000000e+00 3.479583271022179160e-04
9.000000000000000000e+00 -3.714171669755416544e-04
1.000000000000000000e+01 -6.295922100995038741e-04
1.100000000000000000e+01 -2.785590054558956643e-04
1.200000000000000000e+01 -5.541921996844645024e-04
1.300000000000000000e+01 -1.558881502665400377e-04
1.400000000000000000e+01 1.589509874471009348e-04
1.500000000000000000e+01 -6.387921216137064156e-04
1.600000000000000000e+01 -8.409585670921421738e-05
1.700000000000000000e+01 -1.863315467668513606e-04
1.800000000000000000e+01 -4.184125656516720455e-05
1.900000000000000000e+01 -5.589640338934646511e-04
2.000000000000000000e+01 -4.907165602642862270e-04
2.100000000000000000e+01 -4.545893216136135561e-05
2.200000000000000000e+01 -1.395424868246424878e-04
2.300000000000000000e+01 2.902403946405129084e-04
2.400000000000000000e+01 8.658900328564192103e-04
2.500000000000000000e+01 -3.454913393242624439e-04
2.600000000000000000e+01 -6.676219654637947164e-06
2.700000000000000000e+01 2.836000281395133858e-05
2.800000000000000000e+01 2.642147000938225155e-04
2.900000000000000000e+01 -3.631448948497261972e-04
3.000000000000000000e+01 -4.228220096552498509e-04
1.000000000000000000e+00 2.809514731908212032e-04
2.000000000000000000e+00 1.572990790841033055e-06
3.000000000000000000e+00 2.682854431978092869e-04
4.000000000000000000e+00 6.706908872804132494e-04
5.000000000000000000e+00 -2.708159780640395230e-04
6.000000000000000000e+00 -8.441079579347884323e-05
7.000000000000000000e+00 1.733092100147998389e-04
8.000000000000000000e+00 1.810999238065482623e-04
9.000000000000000000e+00 -3.529505471276083426e-04
1.000000000000000000e+01 -5.529713781006430004e-04
1.100000000000000000e+01 -2.797026117687485065e-04
1.200000000000000000e+01 -4.863375142616718641e-04
1.300000000000000000e+01 -3.721286399019863511e-05
1.400000000000000000e+01 1.123042034220169334e-05
1.500000000000000000e+01 -6.325682066618421723e-04
1.600000000000000000e+01 -2.911515163652071215e-04
1.700000000000000000e+01 -2.339150269881913439e-04
1.800000000000000000e+01 -3.443330146728352647e-04
1.900000000000000000e+01 -4.963406104935259118e-04
2.000000000000000000e+01 -1.411963944035070405e-04
2.100000000000000000e+01 8.678362319489449448e-04
2.200000000000000000e+01 3.067525879647024312e-05
2.300000000000000000e+01 6.932588260287613239e-04
2.400000000000000000e+01 2.188238579720056583e-04
2.500000000000000000e+01 -2.039536425441631031e-04
2.600000000000000000e+01 1.518431119390228326e-04
2.700000000000000000e+01 5.841050474808631717e-08
2.800000000000000000e+01 7.252867646349293728e-06
2.900000000000000000e+01 -2.605266504699063645e-04
3.000000000000000000e+01 -4.799078146997251201e-04
1.000000000000000000e+00 1.304121982579779305e-04
2.000000000000000000e+00 -2.602245555050745375e-04
3.000000000000000000e+00 1.485843077646809810e-04
4.000000000000000000e+00 6.655432081567569077e-04
5.000000000000000000e+00 -4.366819516553210228e-04
6.000000000000000000e+00 1.904779023897948181e-04
7.000000000000000000e+00 2.585904936703640306e-05
8.000000000000000000e+00 1.286381123057866701e-04
9.000000000000000000e+00 -3.452148684910444267e-04
1.000000000000000000e+01 -5.113314678478936325e-04
1.100000000000000000e+01 -1.534053778507947193e-04
1.200000000000000000e+01 -6.337334327572376365e-04
1.300000000000000000e+01 1.043478531052388181e-04
1.400000000000000000e+01 -8.347383312888290413e-05
1.500000000000000000e+01 -5.613881492714375629e-04
1.600000000000000000e+01 -1.035518975167967754e-04
1.700000000000000000e+01 1.048970224041711514e-04
1.800000000000000000e+01 2.387389589217632870e-05
1.900000000000000000e+01 -6.319366507994648172e-04
2.000000000000000000e+01 -2.973308727272733166e-04
2.100000000000000000e+01 3.494027135857543016e-04
2.200000000000000000e+01 -2.935502862969891608e-04
2.300000000000000000e+01 8.190714060405892725e-04
2.400000000000000000e+01 2.682246022235482770e-04
2.500000000000000000e+01 -7.536370895544956632e-05
2.600000000000000000e+01 6.818590371711262184e-06
2.700000000000000000e+01 7.602681373568253556e-05
2.800000000000000000e+01 4.306028580681105786e-04
2.900000000000000000e+01 -4.221756966173878544e-04
3.000000000000000000e+01 -2.690283502515987608e-04
1.000000000000000000e+00 3.232085907680430051e-04
2.000000000000000000e+00 -2.588363542798194838e-04
3.000000000000000000e+00 -1.124995480740750511e-04
4.000000000000000000e+00 -1.122925161882162230e-04
5.000000000000000000e+00 -4.145533593393944082e-04
6.000000000000000000e+00 4.504481254876409026e-05
7.000000000000000000e+00 4.665886199069809847e-04
8.000000000000000000e+00 5.864315463032036260e-04
9.000000000000000000e+00 -5.469746178208186862e-04
1.000000000000000000e+01 -4.784141991922587472e-04
1.100000000000000000e+01 3.388100733284243909e-05
1.200000000000000000e+01 -5.497639997649121212e-04
1.300000000000000000e+01 -9.695231254905304773e-05
1.400000000000000000e+01 2.957355849195561904e-04
1.500000000000000000e+01 -6.198141159091121680e-04
1.600000000000000000e+01 -4.261028854758975551e-04
1.700000000000000000e+01 -2.434995355489012541e-04
1.800000000000000000e+01 2.400059429160644590e-04
1.900000000000000000e+01 -5.574382119469738044e-04
2.000000000000000000e+01 -5.507943675631103318e-04
2.100000000000000000e+01 7.530929787241758336e-04
2.200000000000000000e+01 -2.626861534080267725e-04
2.300000000000000000e+01 4.056365830336430833e-04
2.400000000000000000e+01 3.530653478686285513e-04
2.500000000000000000e+01 -3.836470791401691712e-04
2.600000000000000000e+01 2.109246931992823470e-04
2.700000000000000000e+01 3.240403210670285352e-04
2.800000000000000000e+01 5.297046312650143104e-04
2.900000000000000000e+01 -3.204761146382830101e-04
3.000000000000000000e+01 -1.960186183552010335e-04
1.000000000000000000e+00 3.518733030090008627e-04
2.000000000000000000e+00 -6.602972322428253234e-05
3.000000000000000000e+00 1.031717563898846781e-04
4.000000000000000000e+00 2.907526562903640379e-04
5.000000000000000000e+00 -3.096973314853444900e-04
6.000000000000000000e+00 -2.766115412214327539e-04
7.000000000000000000e+00 3.901746949776906527e-04
8.000000000000000000e+00 1.143247619061280848e-04
9.000000000000000000e+00 -5.658210441541011541e-04
1.000000000000000000e+01 -4.166601106448554860e-04
1.100000000000000000e+01 -1.019205210109780401e-04
1.200000000000000000e+01 -6.346013412735074374e-04
1.300000000000000000e+01 -2.488959892529228591e-04
1.400000000000000000e+01 5.333295518903056207e-04
1.500000000000000000e+01 -4.838885491502504729e-04
1.600000000000000000e+01 -2.830468649125533753e-04
1.700000000000000000e+01 1.203892846882300235e-04
1.800000000000000000e+01 -8.313700227741636082e-05
1.900000000000000000e+01 -6.194119971397407274e-04
2.000000000000000000e+01 -4.148099014004191830e-04
2.100000000000000000e+01 2.743395867211698212e-04
2.200000000000000000e+01 -1.402855466947015286e-04
2.300000000000000000e+01 5.890287245619386719e-04
2.400000000000000000e+01 3.169034336137300980e-04
2.500000000000000000e+01 -1.940766692121379108e-04
2.600000000000000000e+01 -1.153589534243172680e-04
2.700000000000000000e+01 -6.296513396183116154e-05
2.800000000000000000e+01 5.896474228503084799e-04
2.900000000000000000e+01 -7.947381284404324362e-05
3.000000000000000000e+01 -1.550207643972713811e-04
1.000000000000000000e+00 4.241422455183479134e-04
2.000000000000000000e+00 2.459732824698076603e-04
3.000000000000000000e+00 7.091577692988626502e-05
4.000000000000000000e+00 2.632423378152161332e-04
5.000000000000000000e+00 -6.270221591878247886e-04
6.000000000000000000e+00 -1.719576285787954395e-04
7.000000000000000000e+00 1.406639058239493145e-04
8.000000000000000000e+00 5.961079511647605781e-04
9.000000000000000000e+00 -4.286468409311515113e-04
1.000000000000000000e+01 -5.235511053870282351e-04
1.100000000000000000e+01 -1.742544771244838723e-04
1.200000000000000000e+01 -5.594610888218858567e-04
1.300000000000000000e+01 6.021527739908834467e-05
1.400000000000000000e+01 -1.385004321939369487e-04
1.500000000000000000e+01 -6.321009117314547879e-04
1.600000000000000000e+01 -4.774963298195173973e-04
1.700000000000000000e+01 6.673302177935446964e-05
1.800000000000000000e+01 3.723819019557018830e-05
1.900000000000000000e+01 -4.828990664934819572e-04
2.000000000000000000e+01 -4.775436660440883496e-04
2.100000000000000000e+01 3.457488158700878491e-04
2.200000000000000000e+01 -2.498792104749476893e-04
2.300000000000000000e+01 6.874514677988453979e-04
2.400000000000000000e+01 1.002184087698818190e-03
2.500000000000000000e+01 -3.133711846319781687e-04
2.600000000000000000e+01 6.472137783753895862e-05
2.700000000000000000e+01 2.986938692375339086e-05
2.800000000000000000e+01 4.529375723797053090e-04
2.900000000000000000e+01 -3.840686043507885393e-04
3.000000000000000000e+01 -4.225180413230321093e-04
