1.000000000000000000e+00 -3.555755191543510832e-04
2.000000000000000000e+00 4.799704645900237606e-04
3.000000000000000000e+00 -3.593162585218411822e-04
4.000000000000000000e+00 -3.593162585218411822e-04
5.000000000000000000e+00 -3.590490148722445601e-04
6.000000000000000000e+00 -3.340770129919794066e-04
7.000000000000000000e+00 -3.454299088511777636e-04
8.000000000000000000e+00 -3.124568476128030434e-04
9.000000000000000000e+00 -2.996062393329217035e-04
1.000000000000000000e+01 3.238671003729903363e-04
1.100000000000000000e+01 3.972936229303297478e-05
1.200000000000000000e+01 7.672602594229825223e-04
1.300000000000000000e+01 3.654229479659760744e-04
1.400000000000000000e+01 -1.902198467989806702e-04
1.500000000000000000e+01 2.164757532567939790e-04
1.600000000000000000e+01 1.134870038584671545e-04
1.700000000000000000e+01 3.876145444988683491e-04
1.800000000000000000e+01 -3.116243594116173670e-04
1.900000000000000000e+01 5.000089415194574781e-04
1.000000000000000000e+00 -2.448747101026438008e-04
2.000000000000000000e+00 3.514930029198675039e-04
3.000000000000000000e+00 -3.020632039759202857e-04
4.000000000000000000e+00 -3.020407591005342231e-04
5.000000000000000000e+00 -3.020632039759202857e-04
6.000000000000000000e+00 -2.671591037706996016e-04
7.000000000000000000e+00 -3.008011490373947391e-04
8.000000000000000000e+00 -2.630939990315752904e-04
9.000000000000000000e+00 -2.818512470250030552e-04
1.000000000000000000e+01 1.078873265843905316e-04
1.100000000000000000e+01 3.221919482410961501e-04
1.200000000000000000e+01 2.094945525286539168e-04
1.300000000000000000e+01 4.316754599987060264e-04
1.400000000000000000e+01 -2.213733018837614746e-04
1.500000000000000000e+01 5.988150870052274367e-05
1.600000000000000000e+01 3.282149537865515954e-04
1.700000000000000000e+01 3.900101469498763545e-04
1.800000000000000000e+01 -2.456990543045947770e-04
1.900000000000000000e+01 4.947593832863339839e-04
1.000000000000000000e+00 -3.278766414846208507e-04
2.000000000000000000e+00 2.522032103785766446e-04
3.000000000000000000e+00 -3.292829538153029130e-04
4.000000000000000000e+00 -3.290655591651351687e-04
5.000000000000000000e+00 -3.289335619217933875e-04
6.000000000000000000e+00 -3.233803554669762857e-04
7.000000000000000000e+00 -2.500014634737635663e-04
8.000000000000000000e+00 -2.981734914470870654e-04
9.000000000000000000e+00 -3.234662759398015085e-04
1.000000000000000000e+01 1.638976153374203471e-04
1.100000000000000000e+01 5.253679723510521057e-04
1.200000000000000000e+01 1.655564595791078955e-04
1.300000000000000000e+01 3.693572215792137795e-05
1.400000000000000000e+01 -2.612664870787850899e-04
1.500000000000000000e+01 2.594035517297281035e-04
1.600000000000000000e+01 6.858454026515527560e-04
1.700000000000000000e+01 3.445902542529375302e-04
1.800000000000000000e+01 -1.592020734315513920e-04
1.900000000000000000e+01 4.706681088975924279e-04
1.000000000000000000e+00 -2.518299051192418895e-04
2.000000000000000000e+00 2.937813461076378956e-04
3.000000000000000000e+00 -3.342027915684957239e-04
4.000000000000000000e+00 -3.342027915684957239e-04
5.000000000000000000e+00 -3.335801027105127713e-04
6.000000000000000000e+00 -2.153345190430282522e-04
7.000000000000000000e+00 -3.275602238965163050e-04
8.000000000000000000e+00 -2.344326216912757108e-04
9.000000000000000000e+00 -2.533104216705236111e-04
1.000000000000000000e+01 2.623722288270241435e-04
1.100000000000000000e+01 4.998935911671498119e-05
1.200000000000000000e+01 2.784921667290734553e-05
1.300000000000000000e+01 3.417159581135563109e-05
1.400000000000000000e+01 -1.403122116608619815e-04
1.500000000000000000e+01 -9.945726352334070857e-06
1.600000000000000000e+01 6.270902966900109531e-04
1.700000000000000000e+01 1.956595379797104132e-04
1.800000000000000000e+01 -2.139051784939034610e-04
1.900000000000000000e+01 1.056217662296070553e-03
1.000000000000000000e+00 -3.511287089812594733e-04
2.000000000000000000e+00 2.996133689718499327e-04
3.000000000000000000e+00 -3.567485713719551681e-04
4.000000000000000000e+00 -3.565480638185064576e-04
5.000000000000000000e+00 -3.534049650871724292e-04
6.000000000000000000e+00 -3.513830510379474482e-04
7.000000000000000000e+00 -3.371779187130672381e-04
8.000000000000000000e+00 -2.508794830168209521e-04
9.000000000000000000e+00 -3.475695782906511972e-04
1.000000000000000000e+01 2.632327819703740492e-04
1.100000000000000000e+01 5.050949513326230154e-04
1.200000000000000000e+01 5.455057754536081754e-04
1.300000000000000000e+01 4.406902768542745154e-04
1.400000000000000000e+01 1.339151668731878696e-04
1.500000000000000000e+01 2.696170430413168118e-04
1.600000000000000000e+01 5.806483775656966722e-05
1.700000000000000000e+01 2.391783721200649792e-04
1.800000000000000000e+01 -2.669687239511140319e-04
1.900000000000000000e+01 1.511510688610595175e-04
1.000000000000000000e+00 -3.230873162646962404e-04
2.000000000000000000e+00 3.428021715772722080e-04
3.000000000000000000e+00 -3.297350219670237945e-04
4.000000000000000000e+00 -3.297350219670237945e-04
5.000000000000000000e+00 -3.276154775680676246e-04
6.000000000000000000e+00 -2.952425128421617257e-04
7.000000000000000000e+00 -2.880684738403916137e-04
8.000000000000000000e+00 -1.995712238407833423e-04
9.000000000000000000e+00 -2.789736359246503547e-04
1.000000000000000000e+01 2.867076447948758901e-04
1.100000000000000000e+01 5.472212814639781800e-04
1.200000000000000000e+01 1.917150864028737236e-04
1.300000000000000000e+01 4.888503129857644592e-04
1.400000000000000000e+01 -1.973704430942165261e-04
1.500000000000000000e+01 -9.568984504445987474e-05
1.600000000000000000e+01 9.280152865666721094e-05
1.700000000000000000e+01 7.632336909878474412e-04
1.800000000000000000e+01 -2.377967761405973192e-04
1.900000000000000000e+01 1.108410189085466761e-04
1.000000000000000000e+00 -2.973452871451863380e-04
2.000000000000000000e+00 2.533219349936565367e-04
3.000000000000000000e+00 -3.050122230596712786e-04
4.000000000000000000e+00 -3.050122230596712786e-04
5.000000000000000000e+00 -3.049448884335130908e-04
6.000000000000000000e+00 -3.005262697817011721e-04
7.000000000000000000e+00 -3.015485298900957302e-04
8.000000000000000000e+00 -2.949490201043114155e-04
9.000000000000000000e+00 -2.479636615993451032e-04
1.000000000000000000e+01 2.911164203218325245e-04
1.100000000000000000e+01 2.825385168891757053e-04
1.200000000000000000e+01 6.408073769718119128e-04
1.300000000000000000e+01 3.182278114708358670e-04
1.400000000000000000e+01 -1.398983592354990219e-04
1.500000000000000000e+01 2.655824110866948016e-05
1.600000000000000000e+01 2.978493722353892548e-04
1.700000000000000000e+01 3.114887482117955904e-04
1.800000000000000000e+01 -2.472005879853915954e-04
1.900000000000000000e+01 2.874685494789041423e-04
1.000000000000000000e+00 -3.896770404320782613e-04
2.000000000000000000e+00 1.273661152140184878e-04
3.000000000000000000e+00 -3.956796344248683433e-04
4.000000000000000000e+00 -3.950460904089714048e-04
5.000000000000000000e+00 -3.954251231409452788e-04
6.000000000000000000e+00 -3.841642793912236338e-04
7.000000000000000000e+00 -3.616870027956821105e-04
8.000000000000000000e+00 -2.803200484770471102e-04
9.000000000000000000e+00 -3.784565427795078050e-04
1.000000000000000000e+01 8.301991710742681390e-04
1.100000000000000000e+01 1.109396468066349847e-05
1.200000000000000000e+01 5.764263077274320779e-04
1.300000000000000000e+01 -1.432166851822591212e-04
1.400000000000000000e+01 -2.634065424786424564e-04
1.500000000000000000e+01 5.169094852693620953e-05
1.600000000000000000e+01 5.188668513557146474e-04
1.700000000000000000e+01 5.848385978254730042e-04
1.800000000000000000e+01 -2.153333064281644249e-04
1.900000000000000000e+01 8.121873327750704337e-04
1.000000000000000000e+00 -3.303189036145544018e-04
2.000000000000000000e+00 3.074328550652477804e-04
3.000000000000000000e+00 -3.332447009731248785e-04
4.000000000000000000e+00 -3.331279876211173854e-04
5.000000000000000000e+00 -3.332447009731248785e-04
6.000000000000000000e+00 -2.975746432718862728e-04
7.000000000000000000e+00 -3.208258666798054562e-04
8.000000000000000000e+00 -2.845003874521286253e-04
9.000000000000000000e+00 -3.261183257532622253e-04
1.000000000000000000e+01 8.582085012371860411e-04
1.100000000000000000e+01 4.579308172666955094e-04
1.200000000000000000e+01 2.522192326729666466e-04
1.300000000000000000e+01 9.516784584153120761e-05
1.400000000000000000e+01 -1.510795099408943694e-04
1.500000000000000000e+01 2.832323809089411701e-05
1.600000000000000000e+01 1.745457749896818208e-04
1.700000000000000000e+01 5.522670097988796470e-04
1.800000000000000000e+01 -3.082232874490831382e-04
1.900000000000000000e+01 2.058068595173052310e-04
1.000000000000000000e+00 -3.163537666809341370e-04
2.000000000000000000e+00 -1.309846795322999246e-05
3.000000000000000000e+00 -3.214129883105339212e-04
4.000000000000000000e+00 -3.214129883105339212e-04
5.000000000000000000e+00 -3.212379182825227087e-04
6.000000000000000000e+00 -3.037826413647107975e-04
7.000000000000000000e+00 -3.141082673415972735e-04
8.000000000000000000e+00 -1.222205510594173412e-04
9.000000000000000000e+00 -2.454731234537436057e-04
1.000000000000000000e+01 3.840266631279625202e-04
1.100000000000000000e+01 4.295036564319518429e-04
1.200000000000000000e+01 2.739715939148202337e-04
1.300000000000000000e+01 4.300346127137428978e-04
1.400000000000000000e+01 -1.149309714240321289e-04
1.500000000000000000e+01 2.619372882224316082e-04
1.600000000000000000e+01 4.790270563531441356e-04
1.700000000000000000e+01 2.623802749951186278e-04
1.800000000000000000e+01 -2.894697108022734749e-04
1.900000000000000000e+01 1.247274261751014619e-04
1.000000000000000000e+00 -4.053489947914616447e-04
2.000000000000000000e+00 2.600613380254700914e-05
3.000000000000000000e+00 -4.083254936012937542e-04
4.000000000000000000e+00 -4.081638904985141901e-04
5.000000000000000000e+00 -4.083254936012937542e-04
6.000000000000000000e+00 -3.974658784524629559e-04
7.000000000000000000e+00 -3.986148125145622394e-04
8.000000000000000000e+00 -3.565665518738646419e-04
9.000000000000000000e+00 -3.891964317712699609e-04
1.000000000000000000e+01 4.303991505308272614e-04
1.100000000000000000e+01 3.307549566902778858e-04
1.200000000000000000e+01 1.500962100467840372e-04
1.300000000000000000e+01 4.505342732367068536e-04
1.400000000000000000e+01 -2.206107776733382323e-04
1.500000000000000000e+01 7.769749886217363873e-04
1.600000000000000000e+01 2.865239744824195703e-04
1.700000000000000000e+01 6.001063892438334444e-04
1.800000000000000000e+01 -2.747740561659440021e-04
1.900000000000000000e+01 5.501549883687619066e-04
1.000000000000000000e+00 -3.671389168206202168e-04
2.000000000000000000e+00 6.522440696776837191e-04
3.000000000000000000e+00 -3.689575086478625427e-04
4.000000000000000000e+00 -3.689058174197007672e-04
5.000000000000000000e+00 -3.689575086478625427e-04
6.000000000000000000e+00 -3.646210936234223058e-04
7.000000000000000000e+00 -3.308575956704985972e-04
8.000000000000000000e+00 -2.676092378580651452e-04
9.000000000000000000e+00 -2.429305352861000386e-04
1.000000000000000000e+01 4.366360571786246942e-04
1.100000000000000000e+01 1.769419573072412760e-04
1.200000000000000000e+01 5.504010390952054303e-04
1.300000000000000000e+01 1.489927738589436404e-04
1.400000000000000000e+01 5.600117936458658661e-05
1.500000000000000000e+01 4.559806421614613029e-04
1.600000000000000000e+01 1.328578566538781835e-04
1.700000000000000000e+01 7.244913997182847703e-05
1.800000000000000000e+01 -1.243737643067424582e-04
1.900000000000000000e+01 5.615688763610269065e-05
1.000000000000000000e+00 -3.837128663956533830e-04
2.000000000000000000e+00 2.741334082394845614e-04
3.000000000000000000e+00 -3.852136434741615682e-04
4.000000000000000000e+00 -3.851559669458967596e-04
5.000000000000000000e+00 -3.850348870454050926e-04
6.000000000000000000e+00 -3.031657164945118755e-04
7.000000000000000000e+00 -3.770544043751008806e-04
8.000000000000000000e+00 -2.406746624511830134e-04
9.000000000000000000e+00 -2.771227678366378392e-04
1.000000000000000000e+01 2.294242285902852005e-04
1.100000000000000000e+01 5.623803961699182881e-04
1.200000000000000000e+01 9.190657012679756251e-05
1.300000000000000000e+01 1.328581302839462774e-04
1.400000000000000000e+01 -1.900234501333336221e-04
1.500000000000000000e+01 8.821363677260128872e-04
1.600000000000000000e+01 3.423930497002219920e-04
1.700000000000000000e+01 3.295879376754824535e-04
1.800000000000000000e+01 -2.943222210392105001e-04
1.900000000000000000e+01 3.324142161969626278e-04
1.000000000000000000e+00 -3.897860807194311237e-04
2.000000000000000000e+00 2.771232419321884174e-04
3.000000000000000000e+00 -4.013519434670165752e-04
4.000000000000000000e+00 -4.007980991631722553e-04
5.000000000000000000e+00 -4.010676417121265391e-04
6.000000000000000000e+00 -3.959063927396030600e-04
7.000000000000000000e+00 -3.922993691732141672e-04
8.000000000000000000e+00 -3.785373833795325723e-04
9.000000000000000000e+00 -3.856093750721372219e-04
1.000000000000000000e+01 2.608905496246240836e-04
1.100000000000000000e+01 4.648885487565860685e-04
1.200000000000000000e+01 3.128614785056255294e-04
1.300000000000000000e+01 2.341975339620570862e-04
1.400000000000000000e+01 -1.779597518067405819e-04
1.500000000000000000e+01 4.085182922974195255e-04
1.600000000000000000e+01 5.220463198814417243e-04
1.700000000000000000e+01 9.175604977822327413e-04
1.800000000000000000e+01 -1.692149569707863835e-04
1.900000000000000000e+01 3.101227289394282240e-05
1.000000000000000000e+00 -3.023098776497549632e-04
2.000000000000000000e+00 -1.791860835910651597e-07
3.000000000000000000e+00 -3.646717176201383403e-04
4.000000000000000000e+00 -3.642901547385754384e-04
5.000000000000000000e+00 -3.646492727447522776e-04
6.000000000000000000e+00 -3.213266339709396351e-04
7.000000000000000000e+00 -2.138990379912838720e-04
8.000000000000000000e+00 -2.900505873790198020e-04
9.000000000000000000e+00 -3.366541479271484825e-04
1.000000000000000000e+01 2.649648288368141973e-04
1.100000000000000000e+01 2.249842924105133776e-04
1.200000000000000000e+01 5.231444751166850534e-04
1.300000000000000000e+01 4.581083204162227280e-04
1.400000000000000000e+01 -1.623161676356896677e-04
1.500000000000000000e+01 -7.591417576265631990e-05
1.600000000000000000e+01 2.371204194787588098e-04
1.700000000000000000e+01 7.637502845780502498e-04
1.800000000000000000e+01 6.636875843186109563e-05
1.900000000000000000e+01 1.867999481871315923e-04
1.000000000000000000e+00 -3.524137044681756228e-04
2.000000000000000000e+00 5.070954338477600678e-04
3.000000000000000000e+00 -3.579423329747453064e-04
4.000000000000000000e+00 -3.574988086341621650e-04
5.000000000000000000e+00 -3.579423329747453064e-04
6.000000000000000000e+00 -3.243903806300552821e-04
7.000000000000000000e+00 -2.955235724117270227e-04
8.000000000000000000e+00 -2.493965473981474084e-04
9.000000000000000000e+00 -2.265688554464040513e-04
1.000000000000000000e+01 -8.428171684577778018e-05
1.100000000000000000e+01 9.026800730307982300e-05
1.200000000000000000e+01 9.014392406483343490e-04
1.300000000000000000e+01 1.847445441728657906e-04
1.400000000000000000e+01 -1.370077022114230133e-04
1.500000000000000000e+01 2.089921937142183255e-04
1.600000000000000000e+01 3.418403435604089021e-04
1.700000000000000000e+01 5.169479357342234190e-04
1.800000000000000000e+01 -2.799408945476292826e-04
1.900000000000000000e+01 1.743878521524815767e-04
1.000000000000000000e+00 -4.037656788352865880e-04
2.000000000000000000e+00 3.580490961715027684e-04
3.000000000000000000e+00 -4.074017117255211815e-04
4.000000000000000000e+00 -4.066670161378844192e-04
5.000000000000000000e+00 -4.071802556217120990e-04
6.000000000000000000e+00 -3.997427422843388353e-04
7.000000000000000000e+00 -4.026226763092308355e-04
8.000000000000000000e+00 -2.438695969973475456e-04
9.000000000000000000e+00 -3.165905030594732042e-04
1.000000000000000000e+01 2.959219125867771846e-04
1.100000000000000000e+01 4.377130422306485589e-04
1.200000000000000000e+01 1.105292082070387190e-05
1.300000000000000000e+01 7.205021045496342843e-04
1.400000000000000000e+01 -3.253722795822935020e-04
1.500000000000000000e+01 2.924300553907525761e-04
1.600000000000000000e+01 5.866805863809905713e-05
1.700000000000000000e+01 6.273720108104280293e-04
1.800000000000000000e+01 -5.924951813671205795e-05
1.900000000000000000e+01 5.116226063862929462e-04
1.000000000000000000e+00 -3.176434640826842769e-04
2.000000000000000000e+00 3.238276450461070248e-04
3.000000000000000000e+00 -3.187953849649972980e-04
4.000000000000000000e+00 -3.185514839858022071e-04
5.000000000000000000e+00 -3.181844422584663955e-04
6.000000000000000000e+00 -3.085093567803623036e-04
7.000000000000000000e+00 -3.141003523287882061e-04
8.000000000000000000e+00 -2.846757532350715049e-04
9.000000000000000000e+00 -2.950538817592083824e-04
1.000000000000000000e+01 5.245841931187990867e-04
1.100000000000000000e+01 1.292736183038973739e-04
1.200000000000000000e+01 3.581540112098792299e-04
1.300000000000000000e+01 4.117924338161908326e-04
1.400000000000000000e+01 -1.978329484605815909e-05
1.500000000000000000e+01 -1.820312760819964087e-04
1.600000000000000000e+01 -2.931264369440085140e-05
1.700000000000000000e+01 6.191460235274748878e-04
1.800000000000000000e+01 -2.397504429584233049e-04
1.900000000000000000e+01 5.377428268020734365e-04
1.000000000000000000e+00 -4.110979133309223643e-04
2.000000000000000000e+00 3.807014459211028852e-04
3.000000000000000000e+00 -4.136400607260109206e-04
4.000000000000000000e+00 -4.133512699960437044e-04
5.000000000000000000e+00 -4.126972399302489638e-04
6.000000000000000000e+00 -2.909835058229390107e-04
7.000000000000000000e+00 -3.282508493564074005e-04
8.000000000000000000e+00 -3.546354108180917934e-04
9.000000000000000000e+00 -3.913063101447113016e-04
1.000000000000000000e+01 5.781510588657477268e-04
1.100000000000000000e+01 8.046574557835510012e-05
1.200000000000000000e+01 2.231377449127998550e-05
1.300000000000000000e+01 -4.236803851301752444e-06
1.400000000000000000e+01 -1.945554648584650452e-04
1.500000000000000000e+01 2.404678459700323751e-04
1.600000000000000000e+01 9.571280493253218370e-04
1.700000000000000000e+01 4.273681447223687648e-04
1.800000000000000000e+01 -1.696589685897531021e-04
1.900000000000000000e+01 6.160691645033538775e-04
1.000000000000000000e+00 -2.723257593287438903e-04
2.000000000000000000e+00 -6.275765660178709703e-05
3.000000000000000000e+00 -2.760098923011711225e-04
4.000000000000000000e+00 -2.738982784248513835e-04
5.000000000000000000e+00 -2.759874474257851141e-04
6.000000000000000000e+00 -2.107971692456242778e-04
7.000000000000000000e+00 -2.749688309659921426e-04
8.000000000000000000e+00 -2.399207975723705543e-04
9.000000000000000000e+00 -2.320243979480297533e-04
1.000000000000000000e+01 2.689429065248758236e-04
1.100000000000000000e+01 4.584290112364501906e-04
1.200000000000000000e+01 4.046385417579034284e-04
1.300000000000000000e+01 3.276603502228635310e-04
1.400000000000000000e+01 -1.982086417299902298e-04
1.500000000000000000e+01 3.127706118331988259e-04
1.600000000000000000e+01 -3.940676658929824711e-05
1.700000000000000000e+01 4.821017586151427883e-04
1.800000000000000000e+01 -2.072540438147462425e-04
1.900000000000000000e+01 2.728781355331139189e-04
1.000000000000000000e+00 -4.009940080360108790e-04
2.000000000000000000e+00 -7.097583899035583095e-05
3.000000000000000000e+00 -4.042242683478538233e-04
4.000000000000000000e+00 -4.041657756423022892e-04
5.000000000000000000e+00 -4.037236796119709581e-04
6.000000000000000000e+00 -3.689127437768754242e-04
7.000000000000000000e+00 -3.971774182687908277e-04
8.000000000000000000e+00 -2.473740886554121879e-04
9.000000000000000000e+00 -3.784110947230555095e-04
1.000000000000000000e+01 3.912219350829892030e-04
1.100000000000000000e+01 4.850108523030006568e-04
1.200000000000000000e+01 4.954986777939427486e-04
1.300000000000000000e+01 6.501297465451733862e-04
1.400000000000000000e+01 2.223834877284527466e-04
1.500000000000000000e+01 -1.063963380293247215e-04
1.600000000000000000e+01 6.420234088135755779e-05
1.700000000000000000e+01 7.802880201265321352e-04
1.800000000000000000e+01 -1.102981963879212722e-04
1.900000000000000000e+01 1.026210994768166822e-04
1.000000000000000000e+00 -3.385198018015073119e-04
2.000000000000000000e+00 4.923325330894437381e-04
3.000000000000000000e+00 -3.399757441888222298e-04
4.000000000000000000e+00 -3.394505341047885922e-04
5.000000000000000000e+00 -3.396137695621417158e-04
6.000000000000000000e+00 -3.311376531378460103e-04
7.000000000000000000e+00 -3.347294037395848144e-04
8.000000000000000000e+00 -3.224621390964356265e-04
9.000000000000000000e+00 -2.849842851450069521e-04
1.000000000000000000e+01 2.587821963966471990e-04
1.100000000000000000e+01 4.853012623533606014e-04
1.200000000000000000e+01 5.944071948944837196e-04
1.300000000000000000e+01 -1.556732529931572855e-05
1.400000000000000000e+01 1.829745167274338721e-04
1.500000000000000000e+01 -1.122714304854088315e-04
1.600000000000000000e+01 1.373679213820832342e-04
1.700000000000000000e+01 3.890720455185234304e-04
1.800000000000000000e+01 -2.325953076649849244e-04
1.900000000000000000e+01 3.450795933442574962e-04
1.000000000000000000e+00 -3.747755390680234441e-04
2.000000000000000000e+00 2.839607557822551579e-05
3.000000000000000000e+00 -3.812420806185986091e-04
4.000000000000000000e+00 -3.803936643290058432e-04
5.000000000000000000e+00 -3.806085910145207965e-04
6.000000000000000000e+00 -3.118532819755982636e-04
7.000000000000000000e+00 -3.747022411655938747e-04
8.000000000000000000e+00 -3.560094790842999136e-04
9.000000000000000000e+00 -3.556703751493091206e-04
1.000000000000000000e+01 2.956439465519172523e-04
1.100000000000000000e+01 1.598836850454401202e-04
1.200000000000000000e+01 2.859158551875029823e-04
1.300000000000000000e+01 1.492265107567199557e-04
1.400000000000000000e+01 -1.526740913857281361e-04
1.500000000000000000e+01 3.486690313644422038e-04
1.600000000000000000e+01 6.219037142898885609e-04
1.700000000000000000e+01 5.515501576072002294e-04
1.800000000000000000e+01 -2.238248104593198984e-04
1.900000000000000000e+01 7.945612443889229961e-04
1.000000000000000000e+00 -3.590897753815337637e-04
2.000000000000000000e+00 2.736026408371043704e-04
3.000000000000000000e+00 -3.621362455235921699e-04
4.000000000000000000e+00 -3.617635245626359217e-04
5.000000000000000000e+00 -3.617995723928013932e-04
6.000000000000000000e+00 -2.798998200983122422e-04
7.000000000000000000e+00 -3.575351594274080408e-04
8.000000000000000000e+00 -2.947703376388680616e-04
9.000000000000000000e+00 -2.907626319756088538e-04
1.000000000000000000e+01 3.769830923042194492e-04
1.100000000000000000e+01 2.126019693307159338e-04
1.200000000000000000e+01 4.286247027263422938e-04
1.300000000000000000e+01 2.529941603649590344e-04
1.400000000000000000e+01 2.461251139518292339e-04
1.500000000000000000e+01 -1.378639112718456935e-04
1.600000000000000000e+01 1.870725758382078873e-04
1.700000000000000000e+01 5.643909657270251585e-04
1.800000000000000000e+01 -3.257197198429784952e-04
1.900000000000000000e+01 5.113044847007185492e-04
1.000000000000000000e+00 -3.141594243775266623e-04
2.000000000000000000e+00 4.752721846785652998e-04
3.000000000000000000e+00 -3.186642177478662030e-04
4.000000000000000000e+00 -3.164496567097757574e-04
5.000000000000000000e+00 -3.186642177478662030e-04
6.000000000000000000e+00 -1.908874633282178236e-04
7.000000000000000000e+00 -3.161702928274707169e-04
8.000000000000000000e+00 -3.058767850462178217e-04
9.000000000000000000e+00 -3.043769391223522859e-04
1.000000000000000000e+01 2.629543795875697405e-04
1.100000000000000000e+01 -6.980913191293974260e-06
1.200000000000000000e+01 2.586377553522529516e-04
1.300000000000000000e+01 2.706277099296231815e-04
1.400000000000000000e+01 -1.381662553982158459e-04
1.500000000000000000e+01 9.055536750110375658e-05
1.600000000000000000e+01 -6.828782398310320311e-05
1.700000000000000000e+01 6.143847936242047020e-04
1.800000000000000000e+01 -1.649825290286756709e-04
1.900000000000000000e+01 7.524291459288697794e-04
1.000000000000000000e+00 -3.258954896155721349e-04
2.000000000000000000e+00 1.589891330921577156e-04
3.000000000000000000e+00 -3.266552489712698927e-04
4.000000000000000000e+00 -3.260726616239766388e-04
5.000000000000000000e+00 -3.262368900970286740e-04
6.000000000000000000e+00 -2.336102946518057836e-04
7.000000000000000000e+00 -3.089922746906485491e-04
8.000000000000000000e+00 -2.982826230496243456e-04
9.000000000000000000e+00 -3.180273096448011424e-04
1.000000000000000000e+01 4.625379620703824594e-04
1.100000000000000000e+01 4.673512924176976050e-04
1.200000000000000000e+01 4.078269934867419515e-04
1.300000000000000000e+01 2.104264479229064422e-04
1.400000000000000000e+01 -1.686305590977782095e-04
1.500000000000000000e+01 8.820569509334560355e-06
1.600000000000000000e+01 9.852668934415372470e-05
1.700000000000000000e+01 7.829799166540624957e-04
1.800000000000000000e+01 -2.558299739443065037e-04
1.900000000000000000e+01 2.374260115118272173e-04
1.000000000000000000e+00 -3.000156170688129237e-04
2.000000000000000000e+00 1.571355780084852103e-04
3.000000000000000000e+00 -3.052377959429525842e-04
4.000000000000000000e+00 -3.051210825909450911e-04
5.000000000000000000e+00 -3.051929061921804590e-04
6.000000000000000000e+00 -2.876567364911316563e-04
7.000000000000000000e+00 -1.289503050487322768e-04
8.000000000000000000e+00 -2.742550638835398384e-04
9.000000000000000000e+00 -2.759929871025554792e-04
1.000000000000000000e+01 6.395034761686018690e-04
1.100000000000000000e+01 2.631262235612714115e-04
1.200000000000000000e+01 2.001954342412481469e-04
1.300000000000000000e+01 5.734952966176639537e-04
1.400000000000000000e+01 -7.958603635940251543e-05
1.500000000000000000e+01 2.046305861266753905e-05
1.600000000000000000e+01 1.172331253227579565e-04
1.700000000000000000e+01 3.972173719526947747e-04
1.800000000000000000e+01 -2.100047235651521748e-04
1.900000000000000000e+01 6.857618546080997374e-05
1.000000000000000000e+00 -3.410885504438140349e-04
2.000000000000000000e+00 3.905915321900479183e-04
3.000000000000000000e+00 -3.541397178804856394e-04
4.000000000000000000e+00 -3.539841000778090000e-04
5.000000000000000000e+00 -3.536286257202338017e-04
6.000000000000000000e+00 -2.390886062367695913e-04
7.000000000000000000e+00 -3.215772081507932336e-04
8.000000000000000000e+00 -2.814443858548054613e-04
9.000000000000000000e+00 -2.750772067714059147e-04
1.000000000000000000e+01 2.791745125150434602e-04
1.100000000000000000e+01 2.022302168755229048e-04
1.200000000000000000e+01 7.478710333373610793e-04
1.300000000000000000e+01 7.148162547280976456e-05
1.400000000000000000e+01 -2.473986668444139625e-04
1.500000000000000000e+01 2.335168573151579841e-04
1.600000000000000000e+01 5.611171408681093608e-04
1.700000000000000000e+01 1.914276339372302199e-04
1.800000000000000000e+01 -2.229623336527907505e-04
1.900000000000000000e+01 2.820718322465841517e-04
1.000000000000000000e+00 -3.073306762376627906e-04
2.000000000000000000e+00 -2.655413331169353939e-05
3.000000000000000000e+00 -3.212880741411391146e-04
4.000000000000000000e+00 -3.205818087289913397e-04
5.000000000000000000e+00 -3.207015147310502681e-04
6.000000000000000000e+00 -3.158323166633227822e-04
7.000000000000000000e+00 -3.172663683337190155e-04
8.000000000000000000e+00 -2.737259684907981374e-04
9.000000000000000000e+00 -3.043199329608130407e-04
1.000000000000000000e+01 2.316642142158102885e-04
1.100000000000000000e+01 4.339012761830883806e-04
1.200000000000000000e+01 3.479480015916824572e-04
1.300000000000000000e+01 5.187772301085500498e-04
1.400000000000000000e+01 -2.362892766202816805e-04
1.500000000000000000e+01 2.425473951875301275e-05
1.600000000000000000e+01 2.683762656830330487e-04
1.700000000000000000e+01 7.414908945395322143e-04
1.800000000000000000e+01 -2.392765950131272879e-05
1.900000000000000000e+01 1.318498561863318383e-04
1.000000000000000000e+00 -3.673796384907696217e-04
2.000000000000000000e+00 8.500920411333307827e-04
3.000000000000000000e+00 -3.704006688402313591e-04
4.000000000000000000e+00 -3.702457992000676192e-04
5.000000000000000000e+00 -3.700116243335397877e-04
6.000000000000000000e+00 -3.616688165422026076e-04
7.000000000000000000e+00 -3.559748654963607820e-04
8.000000000000000000e+00 -3.620741596558790559e-04
9.000000000000000000e+00 -2.919452134441590462e-04
1.000000000000000000e+01 7.386394060641872936e-04
1.100000000000000000e+01 3.350553696113334114e-04
1.200000000000000000e+01 4.869168012829007061e-04
1.300000000000000000e+01 1.035289243077508372e-04
1.400000000000000000e+01 -1.671920449586601751e-04
1.500000000000000000e+01 -1.111236701883438533e-04
1.600000000000000000e+01 -8.302412829920524076e-05
1.700000000000000000e+01 4.801212486057814888e-04
1.800000000000000000e+01 -2.872030467855591317e-04
1.900000000000000000e+01 4.469710528724139668e-04
1.000000000000000000e+00 -3.588969551917272423e-04
2.000000000000000000e+00 2.876671475430790138e-04
3.000000000000000000e+00 -3.648833888742393787e-04
4.000000000000000000e+00 -3.648833888742393787e-04
5.000000000000000000e+00 -3.647793262701767543e-04
6.000000000000000000e+00 -3.603638110353337733e-04
7.000000000000000000e+00 -3.516837072922048262e-04
8.000000000000000000e+00 -3.338106998271105183e-04
9.000000000000000000e+00 -3.545019396097368720e-04
1.000000000000000000e+01 1.925848399480612296e-04
1.100000000000000000e+01 3.774762820453422840e-04
1.200000000000000000e+01 2.778217440125272416e-04
1.300000000000000000e+01 2.868561944657820658e-04
1.400000000000000000e+01 -1.051177142801334026e-04
1.500000000000000000e+01 3.274842791944811301e-04
1.600000000000000000e+01 4.858146973407044349e-04
1.700000000000000000e+01 4.335340227562302362e-04
1.800000000000000000e+01 -1.440283175418718769e-04
1.900000000000000000e+01 3.762336667785473208e-04
1.000000000000000000e+00 -3.396362825916597475e-04
2.000000000000000000e+00 5.883993816698550924e-04
3.000000000000000000e+00 -3.417103251068787074e-04
4.000000000000000000e+00 -3.413848063990070547e-04
5.000000000000000000e+00 -3.414245270269629807e-04
6.000000000000000000e+00 -2.326161590799395934e-04
7.000000000000000000e+00 -3.239896224273848655e-04
8.000000000000000000e+00 -3.167341899531690187e-04
9.000000000000000000e+00 -2.280067379351543330e-04
1.000000000000000000e+01 2.443161686134548601e-04
1.100000000000000000e+01 2.780058105768087504e-04
1.200000000000000000e+01 2.264666061327155896e-04
1.300000000000000000e+01 -1.470385909265547564e-04
1.400000000000000000e+01 -2.999829220992445778e-04
1.500000000000000000e+01 2.077643294618935425e-04
1.600000000000000000e+01 3.310519562871846511e-04
1.700000000000000000e+01 4.675134964499247565e-04
1.800000000000000000e+01 -2.434928854503634675e-04
1.900000000000000000e+01 7.324811186682885162e-04
1.000000000000000000e+00 -3.145932964901170187e-04
2.000000000000000000e+00 7.192811810515544997e-04
3.000000000000000000e+00 -3.153797836084046898e-04
4.000000000000000000e+00 -3.149712868763785453e-04
5.000000000000000000e+00 -3.153797836084046898e-04
6.000000000000000000e+00 -2.243716512682049303e-04
7.000000000000000000e+00 -3.038378125076100734e-04
8.000000000000000000e+00 -1.608573044535726042e-04
9.000000000000000000e+00 -3.029116009196337693e-04
1.000000000000000000e+01 1.502565550510247608e-04
1.100000000000000000e+01 6.986261996342426922e-05
1.200000000000000000e+01 1.375414762597011134e-04
1.300000000000000000e+01 2.034352777169385772e-04
1.400000000000000000e+01 -1.078598011935185237e-04
1.500000000000000000e+01 8.827331713251131877e-05
1.600000000000000000e+01 7.123786333638963252e-04
1.700000000000000000e+01 1.632802909727414477e-04
1.800000000000000000e+01 -2.074240660992702340e-04
1.900000000000000000e+01 2.724442756771938506e-04
1.000000000000000000e+00 -2.985697615061773369e-04
2.000000000000000000e+00 -1.469383588727562952e-04
3.000000000000000000e+00 -3.015317368946233479e-04
4.000000000000000000e+00 -3.014150235426158548e-04
5.000000000000000000e+00 -3.014644022684651601e-04
6.000000000000000000e+00 -2.929859946226699794e-04
7.000000000000000000e+00 -2.999243728923013707e-04
8.000000000000000000e+00 -2.849221337659272701e-04
9.000000000000000000e+00 -2.928705428780371540e-04
1.000000000000000000e+01 6.111770768584662804e-04
1.100000000000000000e+01 3.953905783887449055e-04
1.200000000000000000e+01 3.188227522255840862e-04
1.300000000000000000e+01 1.639395160045023817e-04
1.400000000000000000e+01 -1.589449304557703487e-04
1.500000000000000000e+01 2.711799363629047209e-04
1.600000000000000000e+01 2.457058422293001703e-04
1.700000000000000000e+01 3.927924831534543000e-04
1.800000000000000000e+01 -6.303726816832505662e-05
1.900000000000000000e+01 3.028486061647694049e-04
1.000000000000000000e+00 -3.241243494226901255e-04
2.000000000000000000e+00 2.855899369815098426e-04
3.000000000000000000e+00 -3.551462686799034983e-04
4.000000000000000000e+00 -3.523601114819815993e-04
5.000000000000000000e+00 -3.547489263707964777e-04
6.000000000000000000e+00 -2.413348056410321077e-04
7.000000000000000000e+00 -2.250138171626480494e-04
8.000000000000000000e+00 -2.311185515253975822e-04
9.000000000000000000e+00 -3.414612452738593172e-04
1.000000000000000000e+01 2.236505854550579835e-04
1.100000000000000000e+01 2.657406637476396826e-04
1.200000000000000000e+01 1.183879539829392518e-04
1.300000000000000000e+01 1.899265163870196625e-04
1.400000000000000000e+01 9.409615185865417971e-05
1.500000000000000000e+01 1.097814600425928448e-04
1.600000000000000000e+01 -4.937066277894807390e-06
1.700000000000000000e+01 5.567181917387485678e-04
1.800000000000000000e+01 -1.724089093159376039e-04
1.900000000000000000e+01 6.990348546086769732e-04
1.000000000000000000e+00 -3.749151104267047516e-04
2.000000000000000000e+00 -1.011206462217013749e-04
3.000000000000000000e+00 -3.784583740802625624e-04
4.000000000000000000e+00 -3.780244398227988658e-04
5.000000000000000000e+00 -3.757342463561348374e-04
6.000000000000000000e+00 -3.365425019297965583e-04
7.000000000000000000e+00 -3.715580349495312476e-04
8.000000000000000000e+00 -2.626121991041856251e-04
9.000000000000000000e+00 -2.565217935039760741e-04
1.000000000000000000e+01 5.407535097443604824e-04
1.100000000000000000e+01 4.050984410896331920e-04
1.200000000000000000e+01 5.353128533065006816e-04
1.300000000000000000e+01 9.793841262783121884e-05
1.400000000000000000e+01 -1.387829931320105491e-04
1.500000000000000000e+01 6.723985538723240311e-04
1.600000000000000000e+01 5.350166086926599982e-04
1.700000000000000000e+01 4.086244057139729524e-04
1.800000000000000000e+01 -3.400046700633479395e-04
1.900000000000000000e+01 3.600490074938014995e-05
1.000000000000000000e+00 -3.613522707415221433e-04
2.000000000000000000e+00 1.230431193045646617e-04
3.000000000000000000e+00 -3.647898792736684894e-04
4.000000000000000000e+00 -3.647898792736684894e-04
5.000000000000000000e+00 -3.643813825416423449e-04
6.000000000000000000e+00 -3.554611957152930429e-04
7.000000000000000000e+00 -3.578932986069547793e-04
8.000000000000000000e+00 -3.138993145525715688e-04
9.000000000000000000e+00 -3.542967824622943770e-04
1.000000000000000000e+01 4.429218594352042474e-04
1.100000000000000000e+01 5.181746738354012574e-04
1.200000000000000000e+01 8.665839998328503900e-04
1.300000000000000000e+01 7.009067101579044340e-04
1.400000000000000000e+01 -1.866272646390076213e-04
1.500000000000000000e+01 -8.178269123352115686e-05
1.600000000000000000e+01 -1.314627256947067697e-04
1.700000000000000000e+01 4.610854022690745175e-04
1.800000000000000000e+01 -3.286027634054889930e-04
1.900000000000000000e+01 3.899267045656112235e-04
1.000000000000000000e+00 -2.788077558724512753e-04
2.000000000000000000e+00 1.415597952599715681e-04
3.000000000000000000e+00 -3.445994547392551609e-04
4.000000000000000000e+00 -3.444653296051300440e-04
5.000000000000000000e+00 -3.438408179512065913e-04
6.000000000000000000e+00 -2.926031287052993516e-04
7.000000000000000000e+00 -3.422014792320359844e-04
8.000000000000000000e+00 -2.469062883888542711e-04
9.000000000000000000e+00 -3.360252584199608272e-04
1.000000000000000000e+01 3.591861014800948890e-04
1.100000000000000000e+01 3.584251095880642071e-04
1.200000000000000000e+01 5.093740846680862549e-05
1.300000000000000000e+01 -1.618462147888276948e-06
1.400000000000000000e+01 -1.238392581650778212e-04
1.500000000000000000e+01 3.920294268544253515e-04
1.600000000000000000e+01 4.902510980191733233e-04
1.700000000000000000e+01 4.018983842184526605e-04
1.800000000000000000e+01 -1.795958059073897092e-04
1.900000000000000000e+01 5.792815419161162147e-04
1.000000000000000000e+00 -3.177494540310715114e-04
2.000000000000000000e+00 1.723005794820205421e-04
3.000000000000000000e+00 -3.186812564334621590e-04
4.000000000000000000e+00 -3.185121717055538712e-04
5.000000000000000000e+00 -3.186812564334621590e-04
6.000000000000000000e+00 -3.089267952084126848e-04
7.000000000000000000e+00 -3.086842428650200202e-04
8.000000000000000000e+00 -2.996410075962945376e-04
9.000000000000000000e+00 -3.118966036316525125e-04
1.000000000000000000e+01 3.670862633423808085e-04
1.100000000000000000e+01 4.222761817470928737e-04
1.200000000000000000e+01 1.194486073158540588e-04
1.300000000000000000e+01 1.776540414503924249e-04
1.400000000000000000e+01 -1.850934928017169392e-04
1.500000000000000000e+01 1.933289520978204135e-04
1.600000000000000000e+01 5.500286437534598677e-04
1.700000000000000000e+01 1.707319964709688926e-04
1.800000000000000000e+01 -1.681689106866255637e-04
1.900000000000000000e+01 6.608124405468537594e-04
1.000000000000000000e+00 -2.619900574560226096e-04
2.000000000000000000e+00 2.002796797372365881e-04
3.000000000000000000e+00 -3.343880923031489270e-04
4.000000000000000000e+00 -3.341157611484648488e-04
5.000000000000000000e+00 -3.338622836891050132e-04
6.000000000000000000e+00 -2.679370839154974820e-04
7.000000000000000000e+00 -3.309132440628945225e-04
8.000000000000000000e+00 -3.110308508699270963e-04
9.000000000000000000e+00 -3.221457254651938587e-04
1.000000000000000000e+01 6.494624272916159997e-04
1.100000000000000000e+01 3.765494707592797054e-04
1.200000000000000000e+01 4.342818169871944336e-04
1.300000000000000000e+01 2.193099965814274046e-04
1.400000000000000000e+01 -3.257067144165889721e-04
1.500000000000000000e+01 -1.587386037992926931e-04
1.600000000000000000e+01 2.806964845870015316e-04
1.700000000000000000e+01 3.098547883534031526e-04
1.800000000000000000e+01 -2.247153777300183309e-04
1.900000000000000000e+01 6.873798329823693938e-04
1.000000000000000000e+00 -2.824974620963512442e-04
2.000000000000000000e+00 2.579431234178015389e-04
3.000000000000000000e+00 -2.855539916234690152e-04
4.000000000000000000e+00 -2.855091018726968900e-04
5.000000000000000000e+00 -2.855539916234690152e-04
6.000000000000000000e+00 -1.774634946119832250e-04
7.000000000000000000e+00 -2.845483931913999850e-04
8.000000000000000000e+00 -2.180568574080685358e-04
9.000000000000000000e+00 -2.473857011267471318e-04
1.000000000000000000e+01 4.457795028133602590e-05
1.100000000000000000e+01 2.609919313588953565e-04
1.200000000000000000e+01 4.135416713751525379e-04
1.300000000000000000e+01 2.844243109454673110e-06
1.400000000000000000e+01 2.698159416335685100e-06
1.500000000000000000e+01 2.925657598338700328e-04
1.600000000000000000e+01 3.599395547855452327e-04
1.700000000000000000e+01 2.480934883484558150e-04
1.800000000000000000e+01 -2.590251308988788886e-04
1.900000000000000000e+01 4.174941270205299697e-04
1.000000000000000000e+00 -3.551093809916944558e-04
2.000000000000000000e+00 1.158954270076193076e-05
3.000000000000000000e+00 -3.596843502244017601e-04
4.000000000000000000e+00 -3.591924900511690635e-04
5.000000000000000000e+00 -3.584849777014998437e-04
6.000000000000000000e+00 -2.703732106635299364e-04
7.000000000000000000e+00 -3.062342464066508977e-04
8.000000000000000000e+00 -3.012428105678761252e-04
9.000000000000000000e+00 -2.556317430380410679e-04
1.000000000000000000e+01 1.768831128544995563e-04
1.100000000000000000e+01 1.768465670643003902e-04
1.200000000000000000e+01 5.642039289992389645e-04
1.300000000000000000e+01 1.274083486401168547e-04
1.400000000000000000e+01 9.184577325552940321e-05
1.500000000000000000e+01 3.707122130909949200e-04
1.600000000000000000e+01 3.170647030573543442e-04
1.700000000000000000e+01 6.083768465311907309e-04
1.800000000000000000e+01 -9.199179720603690958e-05
1.900000000000000000e+01 1.193226372150259641e-04
1.000000000000000000e+00 -2.228410073590704010e-04
2.000000000000000000e+00 3.579389238808499844e-05
3.000000000000000000e+00 -3.177562682057037788e-04
4.000000000000000000e+00 -3.176171099783102231e-04
5.000000000000000000e+00 -3.176746504770272170e-04
6.000000000000000000e+00 -3.157110775575719505e-04
7.000000000000000000e+00 -3.114319008519246664e-04
8.000000000000000000e+00 -3.018588059117572058e-04
9.000000000000000000e+00 -2.395430643797548571e-04
1.000000000000000000e+01 4.706601152354116229e-04
1.100000000000000000e+01 5.949966111899226810e-05
1.200000000000000000e+01 2.396961391864453454e-04
1.300000000000000000e+01 1.598652149978303317e-04
1.400000000000000000e+01 -1.793598340858700078e-04
1.500000000000000000e+01 2.922011028396634511e-04
1.600000000000000000e+01 7.270088778239130762e-04
1.700000000000000000e+01 3.256834848329828486e-04
1.800000000000000000e+01 -2.263584859470376992e-04
1.900000000000000000e+01 3.931814018951218796e-04
1.000000000000000000e+00 -3.074911243705345559e-04
2.000000000000000000e+00 2.375293734530484560e-04
3.000000000000000000e+00 -3.159034507100317701e-04
4.000000000000000000e+00 -3.159034507100317701e-04
5.000000000000000000e+00 -2.977405134294474004e-04
6.000000000000000000e+00 -3.112834791782955477e-04
7.000000000000000000e+00 -3.113429512965911849e-04
8.000000000000000000e+00 -3.002213484378329325e-04
9.000000000000000000e+00 -2.964782425106742242e-04
1.000000000000000000e+01 1.225212262303087391e-04
1.100000000000000000e+01 1.520136940927743817e-04
1.200000000000000000e+01 3.700131947369679074e-04
1.300000000000000000e+01 1.888078172767935603e-04
1.400000000000000000e+01 -2.157914978020939877e-04
1.500000000000000000e+01 3.220662869696207849e-04
1.600000000000000000e+01 5.195350383664855583e-04
1.700000000000000000e+01 3.734848207565024661e-04
1.800000000000000000e+01 -2.469646020700379382e-04
1.900000000000000000e+01 5.925090546882573559e-04
1.000000000000000000e+00 -3.244247017839234229e-04
2.000000000000000000e+00 4.308550684907166322e-04
3.000000000000000000e+00 -3.468339399242333933e-04
4.000000000000000000e+00 -3.468339399242333933e-04
5.000000000000000000e+00 -3.466239103024390642e-04
6.000000000000000000e+00 -3.071326233059000032e-04
7.000000000000000000e+00 -3.285304039128790011e-04
8.000000000000000000e+00 -3.325774093420975149e-04
9.000000000000000000e+00 -3.337532103519071720e-04
1.000000000000000000e+01 1.977566947573960315e-04
1.100000000000000000e+01 1.661416931676740509e-04
1.200000000000000000e+01 3.423688814169598854e-04
1.300000000000000000e+01 4.407115478702277440e-04
1.400000000000000000e+01 1.154071284482154850e-04
1.500000000000000000e+01 8.310040214093037877e-05
1.600000000000000000e+01 3.724574624594828467e-04
1.700000000000000000e+01 3.388907837410514985e-04
1.800000000000000000e+01 -1.459790316901506048e-04
1.900000000000000000e+01 2.936782539390057445e-04
1.000000000000000000e+00 -3.256532355110781625e-04
2.000000000000000000e+00 9.667150225185469669e-04
3.000000000000000000e+00 -3.514798277518676735e-04
4.000000000000000000e+00 -3.512464010478527415e-04
5.000000000000000000e+00 -3.483480194730005836e-04
6.000000000000000000e+00 -2.904380369744326436e-04
7.000000000000000000e+00 -3.467691041073205018e-04
8.000000000000000000e+00 -9.735826800595295946e-05
9.000000000000000000e+00 -2.684145209238939954e-04
1.000000000000000000e+01 1.664240522922896435e-04
1.100000000000000000e+01 3.819518253716811060e-04
1.200000000000000000e+01 1.935350480374869618e-04
1.300000000000000000e+01 1.347273121071418476e-04
1.400000000000000000e+01 1.447577028671499495e-04
1.500000000000000000e+01 5.812721594095812254e-05
1.600000000000000000e+01 2.948783478703199978e-04
1.700000000000000000e+01 4.282167311523791273e-04
1.800000000000000000e+01 -2.384699816086366289e-04
1.900000000000000000e+01 -1.870787580045901938e-04
1.000000000000000000e+00 -3.246452831604415795e-04
2.000000000000000000e+00 -1.154891273179467585e-04
3.000000000000000000e+00 -3.337403819614227361e-04
4.000000000000000000e+00 -3.337403819614227361e-04
5.000000000000000000e+00 -3.337179370860366735e-04
6.000000000000000000e+00 -3.314623767422410607e-04
7.000000000000000000e+00 -2.508026341259931994e-04
8.000000000000000000e+00 -3.202490595065148309e-04
9.000000000000000000e+00 -3.139128481895612425e-04
1.000000000000000000e+01 2.309005523589545026e-04
1.100000000000000000e+01 5.542827057498179782e-04
1.200000000000000000e+01 3.674323908153637424e-04
1.300000000000000000e+01 6.900299774241694774e-04
1.400000000000000000e+01 -9.212646922844126374e-05
1.500000000000000000e+01 1.614151218601086860e-04
1.600000000000000000e+01 1.513788551744801392e-04
1.700000000000000000e+01 8.380583682201049383e-04
1.800000000000000000e+01 -9.974490792353730886e-05
1.900000000000000000e+01 -1.901076449400861059e-04
1.000000000000000000e+00 -3.685309825819474980e-04
2.000000000000000000e+00 4.795389943229979093e-04
3.000000000000000000e+00 -3.820490106472650528e-04
4.000000000000000000e+00 -3.813662783468856955e-04
5.000000000000000000e+00 -3.813728725411549901e-04
6.000000000000000000e+00 -3.427780610171174283e-04
7.000000000000000000e+00 -3.713378186335520724e-04
8.000000000000000000e+00 -2.851406264051973768e-04
9.000000000000000000e+00 -3.171805156527837330e-04
1.000000000000000000e+01 2.783202881607540796e-04
1.100000000000000000e+01 7.032207333748213265e-05
1.200000000000000000e+01 3.840056649349663480e-05
1.300000000000000000e+01 1.955150098443733913e-04
1.400000000000000000e+01 -1.743262919583120840e-04
1.500000000000000000e+01 -9.434644052549276026e-05
1.600000000000000000e+01 3.709356664809922198e-04
1.700000000000000000e+01 5.538538782228387284e-04
1.800000000000000000e+01 5.374105295425783316e-05
1.900000000000000000e+01 9.989977877221856064e-04
1.000000000000000000e+00 -3.374019431702524334e-04
2.000000000000000000e+00 8.656337979261842031e-05
3.000000000000000000e+00 -3.382310821296435075e-04
4.000000000000000000e+00 -3.382310821296435075e-04
5.000000000000000000e+00 -3.382310821296435075e-04
6.000000000000000000e+00 -3.326395195527867771e-04
7.000000000000000000e+00 -3.310899525620433640e-04
8.000000000000000000e+00 -3.214730090175582015e-04
9.000000000000000000e+00 -3.287036785619922540e-04
1.000000000000000000e+01 9.584844145655629834e-04
1.100000000000000000e+01 2.696125861010938932e-04
1.200000000000000000e+01 3.557391904609471340e-04
1.300000000000000000e+01 4.809732983831089561e-04
1.400000000000000000e+01 -2.691122255379146326e-04
1.500000000000000000e+01 9.119456122699404470e-05
1.600000000000000000e+01 3.035378633907193156e-04
1.700000000000000000e+01 2.924033036271359107e-04
1.800000000000000000e+01 -5.103196955036340188e-05
1.900000000000000000e+01 5.413354391088127807e-05
1.000000000000000000e+00 -3.332809392500919081e-04
2.000000000000000000e+00 7.182141411633097793e-05
3.000000000000000000e+00 -3.492747124903821808e-04
4.000000000000000000e+00 -3.492747124903821808e-04
5.000000000000000000e+00 -3.491579991383747419e-04
6.000000000000000000e+00 -3.356134146379078438e-04
7.000000000000000000e+00 -3.405786087575137628e-04
8.000000000000000000e+00 -3.296544268599424922e-04
9.000000000000000000e+00 -2.591576419295551787e-04
1.000000000000000000e+01 7.003878105106539414e-04
1.100000000000000000e+01 4.139794748399447909e-04
1.200000000000000000e+01 2.703150897807394593e-04
1.300000000000000000e+01 9.005895526234967475e-05
1.400000000000000000e+01 7.457268439592693813e-05
1.500000000000000000e+01 3.051600921695419764e-04
1.600000000000000000e+01 5.016617049087932222e-05
1.700000000000000000e+01 4.285637650729703322e-04
1.800000000000000000e+01 -1.603162985475723259e-04
1.900000000000000000e+01 3.323692712949313463e-04
