1.000000000000000000e+00 -3.963054564416970552e-04
2.000000000000000000e+00 7.479348298738790462e-04
3.000000000000000000e+00 -3.994550896612909276e-04
4.000000000000000000e+00 -3.994342771404784244e-04
5.000000000000000000e+00 -3.994550896612909276e-04
6.000000000000000000e+00 -3.930739403354637602e-04
7.000000000000000000e+00 -3.981087436895948146e-04
8.000000000000000000e+00 -3.511405104378408147e-04
9.000000000000000000e+00 -2.572706476153825803e-04
1.000000000000000000e+01 3.989097354212257874e-04
1.100000000000000000e+01 2.893206049327177705e-04
1.200000000000000000e+01 6.285400144193032312e-04
1.300000000000000000e+01 4.567803777491080902e-04
1.400000000000000000e+01 -3.012409673988581597e-04
1.500000000000000000e+01 4.219734877969872310e-04
1.600000000000000000e+01 3.067508614610501340e-05
1.700000000000000000e+01 2.327826361642695732e-04
1.800000000000000000e+01 -3.564314553252492823e-04
1.900000000000000000e+01 4.009764733379318291e-04
1.000000000000000000e+00 -3.885465805634142678e-04
2.000000000000000000e+00 5.151239190511784031e-04
3.000000000000000000e+00 -4.515662344709812925e-04
4.000000000000000000e+00 -4.497960819655347025e-04
5.000000000000000000e+00 -4.515662344709812925e-04
6.000000000000000000e+00 -3.887999951728792728e-04
7.000000000000000000e+00 -4.496418344487844573e-04
8.000000000000000000e+00 -3.365324527311421357e-04
9.000000000000000000e+00 -4.351241088544138759e-04
1.000000000000000000e+01 2.648481106325173981e-04
1.100000000000000000e+01 4.039322287270242129e-04
1.200000000000000000e+01 2.390899420534395162e-04
1.300000000000000000e+01 5.625265570782513004e-04
1.400000000000000000e+01 -3.483634339702724493e-04
1.500000000000000000e+01 1.364471016839701801e-04
1.600000000000000000e+01 4.125092461237415899e-04
1.700000000000000000e+01 5.873297064310876048e-04
1.800000000000000000e+01 -2.966907213844129326e-04
1.900000000000000000e+01 8.484386006057103181e-04
1.000000000000000000e+00 -4.418216449320990554e-04
2.000000000000000000e+00 2.526201164247739053e-04
3.000000000000000000e+00 -4.478321662585544542e-04
4.000000000000000000e+00 -4.477516853482416213e-04
5.000000000000000000e+00 -4.478321662585544542e-04
6.000000000000000000e+00 -4.448901489958088863e-04
7.000000000000000000e+00 -3.343128529712089303e-04
8.000000000000000000e+00 -4.367287035707079841e-04
9.000000000000000000e+00 -4.338561156462684824e-04
1.000000000000000000e+01 3.068776099556090749e-04
1.100000000000000000e+01 6.731662569845727265e-04
1.200000000000000000e+01 1.083766698686653866e-04
1.300000000000000000e+01 -1.289872914925879612e-05
1.400000000000000000e+01 -3.027885815835463655e-04
1.500000000000000000e+01 5.542476709569701130e-04
1.600000000000000000e+01 8.160642356653988964e-04
1.700000000000000000e+01 5.963047133231569189e-04
1.800000000000000000e+01 -1.470938733276124259e-04
1.900000000000000000e+01 5.384860797700783677e-04
1.000000000000000000e+00 -3.604883534952932128e-04
2.000000000000000000e+00 4.799118244030824414e-04
3.000000000000000000e+00 -4.780483127527867366e-04
4.000000000000000000e+00 -4.780483127527867366e-04
5.000000000000000000e+00 -4.780483127527867366e-04
6.000000000000000000e+00 -4.503542161908313281e-04
7.000000000000000000e+00 -4.732226846253378971e-04
8.000000000000000000e+00 -3.300861886691846560e-04
9.000000000000000000e+00 -3.509085848077366692e-04
1.000000000000000000e+01 4.583483363827543029e-04
1.100000000000000000e+01 1.202360404188657290e-04
1.200000000000000000e+01 1.272043234324062477e-04
1.300000000000000000e+01 2.332990321264056468e-06
1.400000000000000000e+01 -2.434125448622096106e-04
1.500000000000000000e+01 1.031068545792494250e-05
1.600000000000000000e+01 9.062710414317309273e-04
1.700000000000000000e+01 1.907252956049001644e-04
1.800000000000000000e+01 -3.365435613579608951e-04
1.900000000000000000e+01 1.580225728266742473e-03
1.000000000000000000e+00 -3.918010069943783278e-04
2.000000000000000000e+00 4.683747236037858570e-04
3.000000000000000000e+00 -4.165830096037618970e-04
4.000000000000000000e+00 -4.165830096037618970e-04
5.000000000000000000e+00 -4.165830096037618970e-04
6.000000000000000000e+00 -4.155385378134917847e-04
7.000000000000000000e+00 -4.137158348265730970e-04
8.000000000000000000e+00 -3.318275948954101475e-04
9.000000000000000000e+00 -4.142096230567058560e-04
1.000000000000000000e+01 3.291830629971583618e-04
1.100000000000000000e+01 6.466619810687752445e-04
1.200000000000000000e+01 3.617566744701565615e-04
1.300000000000000000e+01 2.898631930877848149e-04
1.400000000000000000e+01 2.259057777193619599e-04
1.500000000000000000e+01 3.489006017194647515e-04
1.600000000000000000e+01 9.694794100638374113e-05
1.700000000000000000e+01 3.824997609282442001e-04
1.800000000000000000e+01 -2.959463233392029620e-04
1.900000000000000000e+01 3.102623511684493595e-04
1.000000000000000000e+00 -4.036288986967351451e-04
2.000000000000000000e+00 5.811885898990681301e-04
3.000000000000000000e+00 -4.163203036062772971e-04
4.000000000000000000e+00 -4.162974506422478446e-04
5.000000000000000000e+00 -4.163203036062772971e-04
6.000000000000000000e+00 -4.110365286096171649e-04
7.000000000000000000e+00 -4.056238293418758570e-04
8.000000000000000000e+00 -2.849684469956774782e-04
9.000000000000000000e+00 -3.372969801808180256e-04
1.000000000000000000e+01 1.511804974688905976e-04
1.100000000000000000e+01 7.567682072929910429e-04
1.200000000000000000e+01 2.890562249153760832e-04
1.300000000000000000e+01 4.142851044948624921e-04
1.400000000000000000e+01 -2.000951973474830964e-04
1.500000000000000000e+01 -1.864531506133492377e-04
1.600000000000000000e+01 3.211404276714466288e-04
1.700000000000000000e+01 8.124393096876505018e-04
1.800000000000000000e+01 -2.266194272279319663e-04
1.900000000000000000e+01 3.105314397608569736e-04
1.000000000000000000e+00 -4.307914973833559943e-04
2.000000000000000000e+00 4.668192216295925442e-04
3.000000000000000000e+00 -4.503931317433937506e-04
4.000000000000000000e+00 -4.503931317433937506e-04
5.000000000000000000e+00 -4.503402162493017513e-04
6.000000000000000000e+00 -4.470700464875353793e-04
7.000000000000000000e+00 -4.487949892488926813e-04
8.000000000000000000e+00 -4.198668907173277705e-04
9.000000000000000000e+00 -3.728631168884489230e-04
1.000000000000000000e+01 5.457351693734628379e-04
1.100000000000000000e+01 4.420521973825208796e-04
1.200000000000000000e+01 8.663361940918211683e-04
1.300000000000000000e+01 3.484234906914909606e-04
1.400000000000000000e+01 -1.793969369983670404e-04
1.500000000000000000e+01 -9.337320503933566399e-05
1.600000000000000000e+01 5.445285860070355009e-04
1.700000000000000000e+01 3.609270733672318679e-04
1.800000000000000000e+01 -2.931872091663769104e-04
1.900000000000000000e+01 4.164450686182236670e-04
1.000000000000000000e+00 -4.075401895196574726e-04
2.000000000000000000e+00 2.789775061366935602e-04
3.000000000000000000e+00 -4.210055818278368982e-04
4.000000000000000000e+00 -4.210055818278368982e-04
5.000000000000000000e+00 -4.210055818278368982e-04
6.000000000000000000e+00 -3.994202844892235683e-04
7.000000000000000000e+00 -4.069378354596703685e-04
8.000000000000000000e+00 -2.798729995537980412e-04
9.000000000000000000e+00 -4.109004620150840813e-04
1.000000000000000000e+01 5.495829271297347036e-04
1.100000000000000000e+01 1.497365626406730427e-04
1.200000000000000000e+01 7.747575491872565933e-04
1.300000000000000000e+01 -1.034166242062718494e-04
1.400000000000000000e+01 -2.120282138951221378e-04
1.500000000000000000e+01 1.810883829255878431e-04
1.600000000000000000e+01 7.595456524567385185e-04
1.700000000000000000e+01 4.087101770167018695e-04
1.800000000000000000e+01 -3.295316430347730932e-04
1.900000000000000000e+01 6.711211373544067119e-04
1.000000000000000000e+00 -4.309778302243707278e-04
2.000000000000000000e+00 3.282857628242900005e-04
3.000000000000000000e+00 -4.367572151561402655e-04
4.000000000000000000e+00 -4.367021231892836107e-04
5.000000000000000000e+00 -4.367572151561402655e-04
6.000000000000000000e+00 -3.314463289933080713e-04
7.000000000000000000e+00 -4.255612076994226838e-04
8.000000000000000000e+00 -4.072669913505432547e-04
9.000000000000000000e+00 -4.303994392693027732e-04
1.000000000000000000e+01 9.039022164812709993e-04
1.100000000000000000e+01 6.995959042216980724e-04
1.200000000000000000e+01 3.595396674329216216e-04
1.300000000000000000e+01 9.410061566746241572e-05
1.400000000000000000e+01 -2.195971887047870174e-04
1.500000000000000000e+01 -2.129754669194002518e-05
1.600000000000000000e+01 5.940631613146478722e-04
1.700000000000000000e+01 6.807937219983586268e-04
1.800000000000000000e+01 -4.196187977640339437e-04
1.900000000000000000e+01 2.155951249907293941e-04
1.000000000000000000e+00 -3.950023075982893794e-04
2.000000000000000000e+00 1.641154204274771511e-05
3.000000000000000000e+00 -3.969182909043286853e-04
4.000000000000000000e+00 -3.969068644223139861e-04
5.000000000000000000e+00 -3.969182909043286853e-04
6.000000000000000000e+00 -3.957238277525826288e-04
7.000000000000000000e+00 -3.910606315365152894e-04
8.000000000000000000e+00 -2.695213013731840549e-04
9.000000000000000000e+00 -3.024583557642084811e-04
1.000000000000000000e+01 3.343438448672676928e-04
1.100000000000000000e+01 7.723155726451053603e-04
1.200000000000000000e+01 4.780638148777811717e-04
1.300000000000000000e+01 5.551533970534363151e-04
1.400000000000000000e+01 -1.436548381479692998e-04
1.500000000000000000e+01 8.230166613886284439e-05
1.600000000000000000e+01 4.356335883696311139e-04
1.700000000000000000e+01 5.007806135546364994e-04
1.800000000000000000e+01 -3.615975994629614353e-04
1.900000000000000000e+01 2.255722991723260469e-04
1.000000000000000000e+00 -4.958320867571538483e-04
2.000000000000000000e+00 2.566626675113090343e-04
3.000000000000000000e+00 -4.986125527378999951e-04
4.000000000000000000e+00 -4.986125527378999951e-04
5.000000000000000000e+00 -4.986125527378999951e-04
6.000000000000000000e+00 -4.818956539219115538e-04
7.000000000000000000e+00 -4.912562577853165583e-04
8.000000000000000000e+00 -3.757632381869048109e-04
9.000000000000000000e+00 -4.817452743307424788e-04
1.000000000000000000e+01 5.565898557459025451e-04
1.100000000000000000e+01 1.946369201526359008e-04
1.200000000000000000e+01 2.506697756284787296e-04
1.300000000000000000e+01 4.284385822610890142e-04
1.400000000000000000e+01 -2.799716707959778528e-04
1.500000000000000000e+01 5.598286887019684544e-04
1.600000000000000000e+01 5.236236451411110764e-04
1.700000000000000000e+01 7.021880183123246043e-04
1.800000000000000000e+01 -3.911278180931779020e-04
1.900000000000000000e+01 9.776699495704420460e-04
1.000000000000000000e+00 -4.684826371997477643e-04
2.000000000000000000e+00 1.037501250489132176e-03
3.000000000000000000e+00 -4.806387601803475723e-04
4.000000000000000000e+00 -4.805221828578879481e-04
5.000000000000000000e+00 -4.806387601803475723e-04
6.000000000000000000e+00 -4.649243635048164939e-04
7.000000000000000000e+00 -3.889866791200032536e-04
8.000000000000000000e+00 -3.719062662762850652e-04
9.000000000000000000e+00 -4.078933730732289321e-04
1.000000000000000000e+01 7.947799473607377240e-04
1.100000000000000000e+01 3.117742407599810844e-04
1.200000000000000000e+01 3.324979647252471822e-04
1.300000000000000000e+01 1.767435971264984869e-04
1.400000000000000000e+01 -2.567117358521165676e-05
1.500000000000000000e+01 5.362048463586944775e-04
1.600000000000000000e+01 2.232508513798114370e-04
1.700000000000000000e+01 2.435577878508270167e-04
1.800000000000000000e+01 -2.226264486095474245e-04
1.900000000000000000e+01 7.994798661041494663e-05
1.000000000000000000e+00 -4.923372501299866279e-04
2.000000000000000000e+00 6.025828249192992630e-04
3.000000000000000000e+00 -4.991957044674325428e-04
4.000000000000000000e+00 -4.986671227938929479e-04
5.000000000000000000e+00 -4.991700152873315742e-04
6.000000000000000000e+00 -3.928377669645371204e-04
7.000000000000000000e+00 -4.897181713367968446e-04
8.000000000000000000e+00 -3.902412779310954487e-04
9.000000000000000000e+00 -3.591514669737078482e-04
1.000000000000000000e+01 2.428679473744947345e-04
1.100000000000000000e+01 7.769208087354908567e-04
1.200000000000000000e+01 -3.662043816195725642e-05
1.300000000000000000e+01 3.167008326455999297e-04
1.400000000000000000e+01 -2.379240617790916428e-04
1.500000000000000000e+01 8.196682668177492775e-04
1.600000000000000000e+01 5.659014720659365271e-04
1.700000000000000000e+01 5.860507368049379861e-04
1.800000000000000000e+01 -3.828569326391163753e-04
1.900000000000000000e+01 2.886230797745491130e-04
1.000000000000000000e+00 -4.803946533697960194e-04
2.000000000000000000e+00 7.799544388186127608e-04
3.000000000000000000e+00 -5.068715264940780365e-04
4.000000000000000000e+00 -5.068393555060247144e-04
5.000000000000000000e+00 -5.068715264940780365e-04
6.000000000000000000e+00 -4.759260454785690952e-04
7.000000000000000000e+00 -4.901456949858862136e-04
8.000000000000000000e+00 -4.976891630044769392e-04
9.000000000000000000e+00 -4.954823204620148859e-04
1.000000000000000000e+01 4.862453883686698557e-04
1.100000000000000000e+01 4.607920407509553062e-04
1.200000000000000000e+01 4.734506615046459705e-04
1.300000000000000000e+01 8.285520173596033972e-05
1.400000000000000000e+01 -1.383071563625048420e-04
1.500000000000000000e+01 3.613049014492683759e-04
1.600000000000000000e+01 6.380559754188550644e-04
1.700000000000000000e+01 8.865926046251633701e-04
1.800000000000000000e+01 -3.698132588073090032e-04
1.900000000000000000e+01 2.001404470598721046e-04
1.000000000000000000e+00 -3.835903114935841325e-04
2.000000000000000000e+00 8.432101668535724615e-05
3.000000000000000000e+00 -4.791517857747815937e-04
4.000000000000000000e+00 -4.791517857747815937e-04
5.000000000000000000e+00 -4.788797363955893437e-04
6.000000000000000000e+00 -4.077902938146883423e-04
7.000000000000000000e+00 -3.123705400101778155e-04
8.000000000000000000e+00 -3.603733725907572248e-04
9.000000000000000000e+00 -4.732596204069509818e-04
1.000000000000000000e+01 5.079370634708204766e-04
1.100000000000000000e+01 1.562449168606411644e-04
1.200000000000000000e+01 6.367808763588566701e-04
1.300000000000000000e+01 3.990147340344614131e-04
1.400000000000000000e+01 -5.348760333129691432e-05
1.500000000000000000e+01 -1.420880098563397965e-04
1.600000000000000000e+01 1.910373709463678818e-04
1.700000000000000000e+01 1.166765924441970836e-03
1.800000000000000000e+01 4.869518907576916812e-05
1.900000000000000000e+01 3.106139603446743912e-04
1.000000000000000000e+00 -4.778226105465769799e-04
2.000000000000000000e+00 1.076371019474858587e-03
3.000000000000000000e+00 -5.056857284615979761e-04
4.000000000000000000e+00 -5.055607853219489141e-04
5.000000000000000000e+00 -5.053587814434745131e-04
6.000000000000000000e+00 -3.947118459206327588e-04
7.000000000000000000e+00 -4.495510611136953414e-04
8.000000000000000000e+00 -4.351902070206983939e-04
9.000000000000000000e+00 -3.568571939857217209e-04
1.000000000000000000e+01 -2.240189444446202295e-04
1.100000000000000000e+01 2.757176673516600202e-04
1.200000000000000000e+01 7.048099680565247330e-04
1.300000000000000000e+01 2.981806210456055617e-04
1.400000000000000000e+01 -1.070920877398211972e-04
1.500000000000000000e+01 1.340365050130367893e-04
1.600000000000000000e+01 5.845451536349069964e-04
1.700000000000000000e+01 6.149258033662349712e-04
1.800000000000000000e+01 -2.817663044276060881e-04
1.900000000000000000e+01 4.953863618747292958e-04
1.000000000000000000e+00 -4.873946720004076745e-04
2.000000000000000000e+00 7.819568948941081361e-04
3.000000000000000000e+00 -4.948985052981161922e-04
4.000000000000000000e+00 -4.948985052981161922e-04
5.000000000000000000e+00 -4.948985052981161922e-04
6.000000000000000000e+00 -4.809090666062966089e-04
7.000000000000000000e+00 -4.906399914807788422e-04
8.000000000000000000e+00 -4.138318764418517405e-04
9.000000000000000000e+00 -4.131059121720423639e-04
1.000000000000000000e+01 3.756484250035375364e-04
1.100000000000000000e+01 5.492971920112122916e-04
1.200000000000000000e+01 2.178630859833116209e-05
1.300000000000000000e+01 8.901622529918872114e-04
1.400000000000000000e+01 -4.245964211129788098e-04
1.500000000000000000e+01 1.707799599429584282e-04
1.600000000000000000e+01 3.964757396139691106e-04
1.700000000000000000e+01 4.706682349317502017e-04
1.800000000000000000e+01 -1.221959455816421663e-04
1.900000000000000000e+01 6.057173638194709433e-04
1.000000000000000000e+00 -4.556166637457328516e-04
2.000000000000000000e+00 5.626659134119627731e-04
3.000000000000000000e+00 -4.650938334338619367e-04
4.000000000000000000e+00 -4.648760442980056111e-04
5.000000000000000000e+00 -4.650938334338619367e-04
6.000000000000000000e+00 -4.526842499218901132e-04
7.000000000000000000e+00 -4.634981524264162288e-04
8.000000000000000000e+00 -4.528601564549118762e-04
9.000000000000000000e+00 -4.580379723190695571e-04
1.000000000000000000e+01 6.723131218184879264e-04
1.100000000000000000e+01 3.781226230975238229e-04
1.200000000000000000e+01 4.214307761761323001e-04
1.300000000000000000e+01 3.878633084390028640e-04
1.400000000000000000e+01 -2.149459200339903542e-05
1.500000000000000000e+01 -2.426544650660777415e-04
1.600000000000000000e+01 -4.898795181577315417e-05
1.700000000000000000e+01 8.146921026848112819e-04
1.800000000000000000e+01 -3.629432060104938315e-04
1.900000000000000000e+01 1.051107025655040501e-03
1.000000000000000000e+00 -4.819053948077261997e-04
2.000000000000000000e+00 8.614562879657491467e-04
3.000000000000000000e+00 -4.907328237331943024e-04
4.000000000000000000e+00 -4.907328237331943024e-04
5.000000000000000000e+00 -4.907328237331943024e-04
6.000000000000000000e+00 -2.703586752017960609e-04
7.000000000000000000e+00 -4.163821316304013747e-04
8.000000000000000000e+00 -4.678151332481479273e-04
9.000000000000000000e+00 -4.719511848797767659e-04
1.000000000000000000e+01 4.253589575527512044e-04
1.100000000000000000e+01 8.056975308522656498e-05
1.200000000000000000e+01 -6.665125525617643474e-05
1.300000000000000000e+01 -2.553781350455796521e-04
1.400000000000000000e+01 -3.230104788961878277e-04
1.500000000000000000e+01 2.719284183735436568e-04
1.600000000000000000e+01 1.237722922476895346e-03
1.700000000000000000e+01 3.288404231763086675e-04
1.800000000000000000e+01 -2.131722263595478843e-04
1.900000000000000000e+01 1.194971268208743160e-03
1.000000000000000000e+00 -4.053019423134327425e-04
2.000000000000000000e+00 -8.821098183574261568e-05
3.000000000000000000e+00 -4.299784107740479912e-04
4.000000000000000000e+00 -4.269427132005353381e-04
5.000000000000000000e+00 -4.299784107740479912e-04
6.000000000000000000e+00 -2.717180712597011593e-04
7.000000000000000000e+00 -4.293911096790438376e-04
8.000000000000000000e+00 -3.058945975559045744e-04
9.000000000000000000e+00 -3.474967574678148523e-04
1.000000000000000000e+01 4.613385822662329438e-04
1.100000000000000000e+01 4.709203445513507726e-04
1.200000000000000000e+01 7.320788383571385323e-04
1.300000000000000000e+01 2.869261482010245965e-04
1.400000000000000000e+01 -2.976057047369149236e-04
1.500000000000000000e+01 4.891878863524030171e-04
1.600000000000000000e+01 1.254805160282864785e-04
1.700000000000000000e+01 6.938716130579002193e-04
1.800000000000000000e+01 -3.490501445023680795e-04
1.900000000000000000e+01 4.574333474333600589e-04
1.000000000000000000e+00 -4.274821059287836730e-04
2.000000000000000000e+00 1.523379923022371126e-05
3.000000000000000000e+00 -4.328209269013581230e-04
4.000000000000000000e+00 -4.328209269013581230e-04
5.000000000000000000e+00 -4.328209269013581230e-04
6.000000000000000000e+00 -3.410213930500035685e-04
7.000000000000000000e+00 -4.296672664472774949e-04
8.000000000000000000e+00 -3.774474651947381924e-04
9.000000000000000000e+00 -4.155513248103274580e-04
1.000000000000000000e+01 4.158330612800782895e-04
1.100000000000000000e+01 4.172608375383843218e-04
1.200000000000000000e+01 5.130057439156188561e-04
1.300000000000000000e+01 6.204655878378664401e-04
1.400000000000000000e+01 3.486770331769294476e-04
1.500000000000000000e+01 6.297171198948360994e-05
1.600000000000000000e+01 2.660648309636846269e-04
1.700000000000000000e+01 7.530501745896076449e-04
1.800000000000000000e+01 -2.012769495530451497e-04
1.900000000000000000e+01 1.342124037007995233e-05
1.000000000000000000e+00 -3.643658203712254995e-04
2.000000000000000000e+00 7.296613579230514868e-04
3.000000000000000000e+00 -3.967071251915219119e-04
4.000000000000000000e+00 -3.967071251915219119e-04
5.000000000000000000e+00 -3.966038787647461214e-04
6.000000000000000000e+00 -3.890706242689566103e-04
7.000000000000000000e+00 -3.860359345243855153e-04
8.000000000000000000e+00 -3.862439895358092310e-04
9.000000000000000000e+00 -3.148825325141322348e-04
1.000000000000000000e+01 9.803410497351233526e-05
1.100000000000000000e+01 5.073079106552964238e-04
1.200000000000000000e+01 6.824228421514974292e-04
1.300000000000000000e+01 3.397775619588107329e-06
1.400000000000000000e+01 4.128308062418975066e-04
1.500000000000000000e+01 -4.914974265934844011e-05
1.600000000000000000e+01 1.572440449037841288e-04
1.700000000000000000e+01 4.623109089850779190e-04
1.800000000000000000e+01 -2.246478008415444931e-04
1.900000000000000000e+01 1.520327746068333172e-04
1.000000000000000000e+00 -4.009568983286237293e-04
2.000000000000000000e+00 3.561791089498921102e-04
3.000000000000000000e+00 -4.188782041229831342e-04
4.000000000000000000e+00 -4.187615927931365428e-04
5.000000000000000000e+00 -4.188782041229831342e-04
6.000000000000000000e+00 -3.309042561262760872e-04
7.000000000000000000e+00 -4.169879650566236549e-04
8.000000000000000000e+00 -4.063022633798196227e-04
9.000000000000000000e+00 -4.139292869104104692e-04
1.000000000000000000e+01 9.008800338701295548e-05
1.100000000000000000e+01 1.490217414902497294e-04
1.200000000000000000e+01 1.101970712668206534e-04
1.300000000000000000e+01 -6.584776036938096546e-05
1.400000000000000000e+01 -1.441365799987383582e-04
1.500000000000000000e+01 5.696995342812104278e-04
1.600000000000000000e+01 6.028399396232212229e-04
1.700000000000000000e+01 6.215113245543546841e-04
1.800000000000000000e+01 -2.086076914699734055e-04
1.900000000000000000e+01 1.097540422041104902e-03
1.000000000000000000e+00 -4.144907243211812644e-04
2.000000000000000000e+00 3.620293045481463986e-04
3.000000000000000000e+00 -4.185912488873920912e-04
4.000000000000000000e+00 -4.185798224053773921e-04
5.000000000000000000e+00 -4.185912488873920912e-04
6.000000000000000000e+00 -3.204285270482918257e-04
7.000000000000000000e+00 -4.165105473678360967e-04
8.000000000000000000e+00 -3.240864515262891908e-04
9.000000000000000000e+00 -3.243455902509771900e-04
1.000000000000000000e+01 3.214046669099126174e-04
1.100000000000000000e+01 3.634458179080147003e-04
1.200000000000000000e+01 3.812844938913748094e-04
1.300000000000000000e+01 3.500511890662048441e-04
1.400000000000000000e+01 3.371780156862828827e-04
1.500000000000000000e+01 -1.127052544565661685e-04
1.600000000000000000e+01 1.994390063732537171e-04
1.700000000000000000e+01 6.089187489407501966e-04
1.800000000000000000e+01 -3.773260039492809916e-04
1.900000000000000000e+01 5.473280391648495608e-04
1.000000000000000000e+00 -5.260653405203327823e-04
2.000000000000000000e+00 9.342593770757801064e-04
3.000000000000000000e+00 -5.379232565541838687e-04
4.000000000000000000e+00 -5.377947086315183409e-04
5.000000000000000000e+00 -5.378005579020734509e-04
6.000000000000000000e+00 -3.086142225048984816e-04
7.000000000000000000e+00 -5.354248125378827366e-04
8.000000000000000000e+00 -5.164676586455047274e-04
9.000000000000000000e+00 -5.116733286498442420e-04
1.000000000000000000e+01 3.578272306091124415e-04
1.100000000000000000e+01 6.710181986905699699e-05
1.200000000000000000e+01 5.169202372080691906e-04
1.300000000000000000e+01 4.609169290523276535e-04
1.400000000000000000e+01 -2.128462118729818205e-04
1.500000000000000000e+01 -4.360909130134877373e-05
1.600000000000000000e+01 5.452350236400873581e-05
1.700000000000000000e+01 1.077795029742697986e-03
1.800000000000000000e+01 -3.174063995861346374e-04
1.900000000000000000e+01 1.027618351272553687e-03
1.000000000000000000e+00 -4.601189863028169540e-04
2.000000000000000000e+00 2.945013967468789124e-04
3.000000000000000000e+00 -4.645431630571758216e-04
4.000000000000000000e+00 -4.644532475260838107e-04
5.000000000000000000e+00 -4.644324350052712533e-04
6.000000000000000000e+00 -3.681855919271957212e-04
7.000000000000000000e+00 -4.628981033238807542e-04
8.000000000000000000e+00 -4.549448780037086779e-04
9.000000000000000000e+00 -4.582017090966742138e-04
1.000000000000000000e+01 6.989334357900049916e-04
1.100000000000000000e+01 6.167256585915011470e-04
1.200000000000000000e+01 6.201344329870543551e-04
1.300000000000000000e+01 5.985370608751221146e-04
1.400000000000000000e+01 -2.095395593166915005e-04
1.500000000000000000e+01 -2.217324456711375650e-04
1.600000000000000000e+01 1.881252250381312016e-04
1.700000000000000000e+01 9.497840632181685054e-04
1.800000000000000000e+01 -3.815140868169471385e-04
1.900000000000000000e+01 3.718453274415171395e-04
1.000000000000000000e+00 -4.178518206074568857e-04
2.000000000000000000e+00 3.224362586977017162e-04
3.000000000000000000e+00 -4.236698707619916443e-04
4.000000000000000000e+00 -4.236508266253004068e-04
5.000000000000000000e+00 -4.236698707619916443e-04
6.000000000000000000e+00 -4.162041870519285675e-04
7.000000000000000000e+00 -1.526189113848479696e-04
8.000000000000000000e+00 -4.058078165904136685e-04
9.000000000000000000e+00 -3.981880534559446437e-04
1.000000000000000000e+01 8.384960896190208528e-04
1.100000000000000000e+01 4.210258864144563232e-04
1.200000000000000000e+01 4.364859932458176441e-04
1.300000000000000000e+01 7.595290533379115598e-04
1.400000000000000000e+01 -1.743477913666542981e-04
1.500000000000000000e+01 -6.141974999865716233e-05
1.600000000000000000e+01 3.069875502254979156e-04
1.700000000000000000e+01 3.658712905391351029e-04
1.800000000000000000e+01 -3.227975389896797038e-04
1.900000000000000000e+01 1.232058387820203862e-04
1.000000000000000000e+00 -3.799554604567815532e-04
2.000000000000000000e+00 6.964966479042377550e-04
3.000000000000000000e+00 -3.932484460011676517e-04
4.000000000000000000e+00 -3.932484460011676517e-04
5.000000000000000000e+00 -3.932484460011676517e-04
6.000000000000000000e+00 -3.638905777651938291e-04
7.000000000000000000e+00 -3.815772190785770256e-04
8.000000000000000000e+00 -3.355655451728853139e-04
9.000000000000000000e+00 -2.932320112566750496e-04
1.000000000000000000e+01 1.100716461881163182e-04
1.100000000000000000e+01 5.636785199848325692e-05
1.200000000000000000e+01 7.540139391787844311e-04
1.300000000000000000e+01 1.492900509875780127e-04
1.400000000000000000e+01 -2.540357263299488255e-04
1.500000000000000000e+01 3.928843852183092652e-04
1.600000000000000000e+01 7.846613175896820658e-04
1.700000000000000000e+01 2.425011533987005629e-04
1.800000000000000000e+01 -3.103952221863812036e-04
1.900000000000000000e+01 2.679884789189162261e-04
1.000000000000000000e+00 -4.419836687249156792e-04
2.000000000000000000e+00 3.604594278776006321e-05
3.000000000000000000e+00 -4.525843253952502028e-04
4.000000000000000000e+00 -4.524097586765658775e-04
5.000000000000000000e+00 -4.524375495131802171e-04
6.000000000000000000e+00 -4.487972485339436620e-04
7.000000000000000000e+00 -4.504668881587653440e-04
8.000000000000000000e+00 -3.318933743515330506e-04
9.000000000000000000e+00 -4.368741615058146003e-04
1.000000000000000000e+01 3.659666041674756098e-04
1.100000000000000000e+01 6.202466056850628384e-04
1.200000000000000000e+01 4.751827501886886134e-04
1.300000000000000000e+01 7.335216166978293043e-04
1.400000000000000000e+01 -3.200911828986442503e-04
1.500000000000000000e+01 1.754952452152891407e-04
1.600000000000000000e+01 1.653353321432064814e-04
1.700000000000000000e+01 1.072825876054937485e-03
1.800000000000000000e+01 -1.499513834114576136e-04
1.900000000000000000e+01 2.138302058449209739e-04
1.000000000000000000e+00 -4.441999165904693164e-04
2.000000000000000000e+00 1.449587454559222305e-03
3.000000000000000000e+00 -4.564173654063075113e-04
4.000000000000000000e+00 -4.563966209002688883e-04
5.000000000000000000e+00 -4.564173654063075113e-04
6.000000000000000000e+00 -4.448627665530391676e-04
7.000000000000000000e+00 -4.525377181705678631e-04
8.000000000000000000e+00 -4.361811444610529326e-04
9.000000000000000000e+00 -3.834441806153809245e-04
1.000000000000000000e+01 7.170459615935741117e-04
1.100000000000000000e+01 3.573749577085846754e-04
1.200000000000000000e+01 4.334645549378931054e-04
1.300000000000000000e+01 -1.338987596253229854e-05
1.400000000000000000e+01 -1.780029013614974249e-04
1.500000000000000000e+01 -2.717428647820600905e-04
1.600000000000000000e+01 1.678914943236091547e-04
1.700000000000000000e+01 6.067914019979343690e-04
1.800000000000000000e+01 -3.019566833319329018e-04
1.900000000000000000e+01 5.243722367227455182e-04
1.000000000000000000e+00 -4.647142010004859727e-04
2.000000000000000000e+00 5.698483581689379454e-04
3.000000000000000000e+00 -4.733306753032348233e-04
4.000000000000000000e+00 -4.732752432625086589e-04
5.000000000000000000e+00 -4.732857855524626981e-04
6.000000000000000000e+00 -4.634639326983969816e-04
7.000000000000000000e+00 -4.688302054053559683e-04
8.000000000000000000e+00 -4.618143527070390922e-04
9.000000000000000000e+00 -4.686027212493003389e-04
1.000000000000000000e+01 3.188216660286621830e-04
1.100000000000000000e+01 4.398895747190250316e-04
1.200000000000000000e+01 4.170623717544788165e-04
1.300000000000000000e+01 3.386381702117380885e-04
1.400000000000000000e+01 -1.699312491315747549e-04
1.500000000000000000e+01 4.301288853877478172e-04
1.600000000000000000e+01 6.108405405253168607e-04
1.700000000000000000e+01 5.483379132308169009e-04
1.800000000000000000e+01 -2.509348174146930279e-04
1.900000000000000000e+01 4.489468935687341232e-04
1.000000000000000000e+00 -4.659345696651478325e-04
2.000000000000000000e+00 8.790912903101476966e-04
3.000000000000000000e+00 -4.723177652640297010e-04
4.000000000000000000e+00 -4.720876848868904682e-04
5.000000000000000000e+00 -4.723177652640297010e-04
6.000000000000000000e+00 -4.027458203244376985e-04
7.000000000000000000e+00 -4.646681614322991727e-04
8.000000000000000000e+00 -4.517777296598602505e-04
9.000000000000000000e+00 -3.770040469898772780e-04
1.000000000000000000e+01 3.557330842663945390e-04
1.100000000000000000e+01 5.370809437812083912e-05
1.200000000000000000e+01 9.781702465329393482e-05
1.300000000000000000e+01 -2.760038184199675726e-04
1.400000000000000000e+01 -3.236132942271866615e-04
1.500000000000000000e+01 2.630268485315503339e-04
1.600000000000000000e+01 8.567973264256375674e-04
1.700000000000000000e+01 6.549175287195391562e-04
1.800000000000000000e+01 -2.664867476070316432e-04
1.900000000000000000e+01 1.226416750499664072e-03
1.000000000000000000e+00 -4.725895064992308332e-04
2.000000000000000000e+00 1.322653847028918599e-03
3.000000000000000000e+00 -4.998484049886764945e-04
4.000000000000000000e+00 -4.998035152379043692e-04
5.000000000000000000e+00 -4.998484049886764945e-04
6.000000000000000000e+00 -3.199965805068690460e-04
7.000000000000000000e+00 -4.953541451635342296e-04
8.000000000000000000e+00 -3.476358358118216102e-04
9.000000000000000000e+00 -4.948926383644924832e-04
1.000000000000000000e+01 1.156531855376433262e-04
1.100000000000000000e+01 1.945725701994739610e-04
1.200000000000000000e+01 1.350321281797211138e-04
1.300000000000000000e+01 2.689038682920838193e-04
1.400000000000000000e+01 -2.098810510218721437e-04
1.500000000000000000e+01 2.709841229001361327e-04
1.600000000000000000e+01 1.017604209923336171e-03
1.700000000000000000e+01 2.012470760084264878e-04
1.800000000000000000e+01 -2.696807058055402133e-04
1.900000000000000000e+01 5.043992815926013349e-04
1.000000000000000000e+00 -4.528765794277844043e-04
2.000000000000000000e+00 -1.346266123762747109e-04
3.000000000000000000e+00 -4.589749527968160683e-04
4.000000000000000000e+00 -4.587020639209859769e-04
5.000000000000000000e+00 -4.589749527968160683e-04
6.000000000000000000e+00 -4.534468938996889516e-04
7.000000000000000000e+00 -4.582627263755560286e-04
8.000000000000000000e+00 -4.422966839623538302e-04
9.000000000000000000e+00 -4.500211359035733816e-04
1.000000000000000000e+01 9.403396692366120880e-04
1.100000000000000000e+01 5.927098055014097880e-04
1.200000000000000000e+01 6.110128764444125666e-04
1.300000000000000000e+01 5.077778013061740297e-04
1.400000000000000000e+01 -2.324382118032645289e-04
1.500000000000000000e+01 1.587949385953485221e-04
1.600000000000000000e+01 2.284893025489962326e-04
1.700000000000000000e+01 6.512509521942646531e-04
1.800000000000000000e+01 -2.062860958127541572e-04
1.900000000000000000e+01 4.473836614917063364e-04
1.000000000000000000e+00 -3.254938409805218161e-04
2.000000000000000000e+00 3.408844695593522952e-04
3.000000000000000000e+00 -4.234519966592657325e-04
4.000000000000000000e+00 -4.234071069084936073e-04
5.000000000000000000e+00 -4.234519966592657325e-04
6.000000000000000000e+00 -3.638631619840378053e-04
7.000000000000000000e+00 -3.615000567543063918e-04
8.000000000000000000e+00 -3.390731653152352534e-04
9.000000000000000000e+00 -3.796509756909807938e-04
1.000000000000000000e+01 1.654171859340628024e-04
1.100000000000000000e+01 4.985828254576576491e-04
1.200000000000000000e+01 2.670800819236329683e-04
1.300000000000000000e+01 3.992786333531527280e-04
1.400000000000000000e+01 1.157546370450980289e-05
1.500000000000000000e+01 -1.513397578185743408e-04
1.600000000000000000e+01 3.925034593238162250e-05
1.700000000000000000e+01 5.055496740824547792e-04
1.800000000000000000e+01 -2.633870452193451590e-04
1.900000000000000000e+01 1.157688163702358559e-03
1.000000000000000000e+00 -4.767758301289141509e-04
2.000000000000000000e+00 1.498055015831965501e-05
3.000000000000000000e+00 -4.922145648691194026e-04
4.000000000000000000e+00 -4.922145648691194026e-04
5.000000000000000000e+00 -4.922145648691194026e-04
6.000000000000000000e+00 -4.079236589833256212e-04
7.000000000000000000e+00 -4.910610990797992627e-04
8.000000000000000000e+00 -4.437496845502475517e-04
9.000000000000000000e+00 -3.032808221801246650e-04
1.000000000000000000e+01 7.880559528634984616e-04
1.100000000000000000e+01 5.365939341749182247e-04
1.200000000000000000e+01 5.945610956439041075e-04
1.300000000000000000e+01 1.979757183088578707e-04
1.400000000000000000e+01 -1.217372979913326628e-04
1.500000000000000000e+01 6.810651732381476893e-04
1.600000000000000000e+01 5.384108605359887298e-04
1.700000000000000000e+01 5.457904671659278943e-04
1.800000000000000000e+01 -4.399696139727226674e-04
1.900000000000000000e+01 2.319662069327866694e-04
1.000000000000000000e+00 -4.235570520543183452e-04
2.000000000000000000e+00 1.932833962401975670e-04
3.000000000000000000e+00 -4.251351658173061084e-04
4.000000000000000000e+00 -4.251351658173061084e-04
5.000000000000000000e+00 -4.251351658173061084e-04
6.000000000000000000e+00 -4.171367245993270719e-04
7.000000000000000000e+00 -4.185529678966977809e-04
8.000000000000000000e+00 -3.021919785708975393e-04
9.000000000000000000e+00 -4.207210261002951963e-04
1.000000000000000000e+01 6.561287497206813330e-04
1.100000000000000000e+01 5.426709440809772194e-04
1.200000000000000000e+01 8.728854189784318119e-04
1.300000000000000000e+01 8.404587718640326322e-04
1.400000000000000000e+01 -2.207000803304887864e-04
1.500000000000000000e+01 -1.239469903402026622e-04
1.600000000000000000e+01 -2.271286158440909717e-04
1.700000000000000000e+01 5.860275567541331715e-04
1.800000000000000000e+01 -3.919403003899888348e-04
1.900000000000000000e+01 4.768690559673220220e-04
1.000000000000000000e+00 -3.086956276772560349e-04
2.000000000000000000e+00 2.921399793532689082e-04
3.000000000000000000e+00 -4.139981305419087741e-04
4.000000000000000000e+00 -4.139981305419087741e-04
5.000000000000000000e+00 -4.139981305419087741e-04
6.000000000000000000e+00 -3.313651808478699601e-04
7.000000000000000000e+00 -4.109467144302685580e-04
8.000000000000000000e+00 -3.199281071359753067e-04
9.000000000000000000e+00 -4.087586448227311861e-04
1.000000000000000000e+01 2.399684301018754646e-04
1.100000000000000000e+01 5.633986719168909436e-04
1.200000000000000000e+01 2.088920684133593604e-04
1.300000000000000000e+01 -8.473350276251158495e-06
1.400000000000000000e+01 -4.742756275146063665e-05
1.500000000000000000e+01 2.808261806302030398e-04
1.600000000000000000e+01 5.426202662611375469e-04
1.700000000000000000e+01 3.515803719274198974e-04
1.800000000000000000e+01 -2.077414019327172812e-04
1.900000000000000000e+01 7.462880471904984785e-04
1.000000000000000000e+00 -4.909487290334504190e-04
2.000000000000000000e+00 3.982433705873349638e-04
3.000000000000000000e+00 -4.959964046693613468e-04
4.000000000000000000e+00 -4.959964046693613468e-04
5.000000000000000000e+00 -4.959964046693613468e-04
6.000000000000000000e+00 -4.943405675093224269e-04
7.000000000000000000e+00 -4.922394981901158980e-04
8.000000000000000000e+00 -4.753786408278373970e-04
9.000000000000000000e+00 -4.905309910369308858e-04
1.000000000000000000e+01 7.153226862910040673e-04
1.100000000000000000e+01 6.993026720420185589e-04
1.200000000000000000e+01 1.935873063324737662e-04
1.300000000000000000e+01 4.587450698317061589e-04
1.400000000000000000e+01 -2.134573768613707092e-04
1.500000000000000000e+01 2.028636494931277225e-04
1.600000000000000000e+01 8.760292571981601875e-04
1.700000000000000000e+01 2.572487760984809059e-04
1.800000000000000000e+01 -3.446480099478821152e-04
1.900000000000000000e+01 6.210376403582296145e-04
1.000000000000000000e+00 -3.944991209365302453e-04
2.000000000000000000e+00 2.206301866713515874e-04
3.000000000000000000e+00 -4.691762004952993131e-04
4.000000000000000000e+00 -4.690723419355583837e-04
5.000000000000000000e+00 -4.691762004952993131e-04
6.000000000000000000e+00 -3.978408636165082211e-04
7.000000000000000000e+00 -4.639178490972420041e-04
8.000000000000000000e+00 -4.528572362027705905e-04
9.000000000000000000e+00 -4.580846232272514228e-04
1.000000000000000000e+01 6.258606397884031386e-04
1.100000000000000000e+01 5.533556473985256881e-04
1.200000000000000000e+01 6.583488695596539974e-04
1.300000000000000000e+01 1.643167639129588132e-04
1.400000000000000000e+01 -4.026484572431162788e-04
1.500000000000000000e+01 -2.485575729313239642e-04
1.600000000000000000e+01 7.691913405294441763e-04
1.700000000000000000e+01 5.517499174479748286e-04
1.800000000000000000e+01 -2.390790008257854095e-04
1.900000000000000000e+01 8.744091000511486095e-04
1.000000000000000000e+00 -4.350635240590355521e-04
2.000000000000000000e+00 5.557783709562876505e-04
3.000000000000000000e+00 -4.388661884490599008e-04
4.000000000000000000e+00 -4.388038869161701517e-04
5.000000000000000000e+00 -4.388661884490599008e-04
6.000000000000000000e+00 -2.658468289632404200e-04
7.000000000000000000e+00 -4.364292910016582682e-04
8.000000000000000000e+00 -2.338835721149951053e-04
9.000000000000000000e+00 -3.409776740689488906e-04
1.000000000000000000e+01 1.680968106317634137e-04
1.100000000000000000e+01 4.130095412160014203e-04
1.200000000000000000e+01 3.290128964439183374e-04
1.300000000000000000e+01 1.310460327635122320e-04
1.400000000000000000e+01 7.112648039684414073e-05
1.500000000000000000e+01 2.146544946762394461e-04
1.600000000000000000e+01 6.494713756550853697e-04
1.700000000000000000e+01 3.559990716411966824e-04
1.800000000000000000e+01 -4.107203543205463167e-04
1.900000000000000000e+01 5.121591483120939295e-04
1.000000000000000000e+00 -4.657083328488347647e-04
2.000000000000000000e+00 2.299524718561390241e-04
3.000000000000000000e+00 -4.700138784463298654e-04
4.000000000000000000e+00 -4.696496638664289947e-04
5.000000000000000000e+00 -4.700138784463298654e-04
6.000000000000000000e+00 -4.055023086249890849e-04
7.000000000000000000e+00 -4.313483248122888455e-04
8.000000000000000000e+00 -3.419463713347050998e-04
9.000000000000000000e+00 -3.995317993157913514e-04
1.000000000000000000e+01 3.760166878999409617e-04
1.100000000000000000e+01 4.717728069736683169e-05
1.200000000000000000e+01 4.552714741340266216e-04
1.300000000000000000e+01 1.486116699122610443e-04
1.400000000000000000e+01 2.179109676813529683e-04
1.500000000000000000e+01 3.305604659506282124e-04
1.600000000000000000e+01 3.769140325084301417e-04
1.700000000000000000e+01 1.027798470955305476e-03
1.800000000000000000e+01 -1.154180418028200744e-04
1.900000000000000000e+01 2.770976940409416544e-04
1.000000000000000000e+00 -4.526894083550239375e-04
2.000000000000000000e+00 9.600056630957038014e-05
3.000000000000000000e+00 -4.900259733876673966e-04
4.000000000000000000e+00 -4.900259733876673966e-04
5.000000000000000000e+00 -4.900259733876673966e-04
6.000000000000000000e+00 -4.881746695405652617e-04
7.000000000000000000e+00 -4.879412758722976445e-04
8.000000000000000000e+00 -4.709226059423838630e-04
9.000000000000000000e+00 -3.914543294685095048e-04
1.000000000000000000e+01 1.067403160288907769e-03
1.100000000000000000e+01 1.888341100035046522e-04
1.200000000000000000e+01 2.980139366764044295e-04
1.300000000000000000e+01 4.330109897386382714e-04
1.400000000000000000e+01 -2.902693674472276559e-04
1.500000000000000000e+01 5.065000358611389340e-04
1.600000000000000000e+01 1.020429481970710735e-03
1.700000000000000000e+01 3.488846033115178659e-04
1.800000000000000000e+01 -2.974624765612560802e-04
1.900000000000000000e+01 3.429359128810780715e-04
1.000000000000000000e+00 -3.951089397677771866e-04
2.000000000000000000e+00 2.978811400148138127e-05
3.000000000000000000e+00 -4.082832108778696985e-04
4.000000000000000000e+00 -4.078420689976521582e-04
5.000000000000000000e+00 -4.082619086506851167e-04
6.000000000000000000e+00 -4.060723381838037124e-04
7.000000000000000000e+00 -4.062331600883231164e-04
8.000000000000000000e+00 -3.814325860704964035e-04
9.000000000000000000e+00 -3.798797169273848760e-04
1.000000000000000000e+01 -1.308718348836122573e-05
1.100000000000000000e+01 2.397692098466751667e-04
1.200000000000000000e+01 5.263848830625127281e-04
1.300000000000000000e+01 4.855852112855498946e-04
1.400000000000000000e+01 -3.126760516736772316e-04
1.500000000000000000e+01 1.910204471893305121e-04
1.600000000000000000e+01 6.100435311405731469e-04
1.700000000000000000e+01 6.779488822763865465e-04
1.800000000000000000e+01 -2.341939852554940512e-04
1.900000000000000000e+01 9.383809035872739575e-04
1.000000000000000000e+00 -4.078149083235593753e-04
2.000000000000000000e+00 7.149169562804493687e-04
3.000000000000000000e+00 -4.178373002426805484e-04
4.000000000000000000e+00 -4.178315870016731989e-04
5.000000000000000000e+00 -4.178373002426805484e-04
6.000000000000000000e+00 -3.160454680756836143e-04
7.000000000000000000e+00 -4.123327465083937381e-04
8.000000000000000000e+00 -4.000107562606743778e-04
9.000000000000000000e+00 -4.113146669080724126e-04
1.000000000000000000e+01 1.192848874036106689e-04
1.100000000000000000e+01 3.341393926110409617e-04
1.200000000000000000e+01 4.306047375440017421e-04
1.300000000000000000e+01 4.154947435313417780e-04
1.400000000000000000e+01 6.438863761631155027e-05
1.500000000000000000e+01 -6.521596199243713055e-05
1.600000000000000000e+01 2.684827432574020856e-04
1.700000000000000000e+01 4.745851656192229501e-04
1.800000000000000000e+01 -1.860270524877538753e-04
1.900000000000000000e+01 5.850789067849937160e-04
1.000000000000000000e+00 -4.533855074290225168e-04
2.000000000000000000e+00 1.863779094484406497e-03
3.000000000000000000e+00 -4.868679285842101613e-04
4.000000000000000000e+00 -4.867994377068957383e-04
5.000000000000000000e+00 -4.868679285842101613e-04
6.000000000000000000e+00 -4.086472997622831306e-04
7.000000000000000000e+00 -4.841358162495067998e-04
8.000000000000000000e+00 -2.926883943895859175e-04
9.000000000000000000e+00 -4.494950294877981135e-04
1.000000000000000000e+01 -3.038091098352432067e-05
1.100000000000000000e+01 5.551800100146048753e-04
1.200000000000000000e+01 4.739806387053924880e-04
1.300000000000000000e+01 1.804375450061483459e-04
1.400000000000000000e+01 2.065778767843278103e-04
1.500000000000000000e+01 -8.659459798783140320e-05
1.600000000000000000e+01 2.950089934933921871e-04
1.700000000000000000e+01 6.897997044998554258e-04
1.800000000000000000e+01 -2.811778844862680487e-04
1.900000000000000000e+01 -3.594465303195190664e-04
1.000000000000000000e+00 -4.222524869696248030e-04
2.000000000000000000e+00 -1.339124663001863176e-04
3.000000000000000000e+00 -4.269642735879240173e-04
4.000000000000000000e+00 -4.269642735879240173e-04
5.000000000000000000e+00 -4.269642735879240173e-04
6.000000000000000000e+00 -4.219959206678904366e-04
7.000000000000000000e+00 -3.730565320457940055e-04
8.000000000000000000e+00 -4.238801080387724954e-04
9.000000000000000000e+00 -4.211598947268224680e-04
1.000000000000000000e+01 4.667444257807676334e-04
1.100000000000000000e+01 8.941423574895005725e-04
1.200000000000000000e+01 6.391430159137718222e-04
1.300000000000000000e+01 4.057333688907534741e-04
1.400000000000000000e+01 -1.820539240085977174e-04
1.500000000000000000e+01 3.178928431624325718e-04
1.600000000000000000e+01 2.381774822848223554e-04
1.700000000000000000e+01 1.029248856714687658e-03
1.800000000000000000e+01 -1.886272053480537146e-04
1.900000000000000000e+01 -2.021899348507749422e-04
1.000000000000000000e+00 -4.529255318811212499e-04
2.000000000000000000e+00 7.654540468454212529e-04
3.000000000000000000e+00 -4.662244078097549328e-04
4.000000000000000000e+00 -4.660604105869342096e-04
5.000000000000000000e+00 -4.662244078097549328e-04
6.000000000000000000e+00 -3.677101466527736800e-04
7.000000000000000000e+00 -4.636167563575656911e-04
8.000000000000000000e+00 -3.823061940596083979e-04
9.000000000000000000e+00 -3.473073244853097023e-04
1.000000000000000000e+01 1.662491268992378763e-04
1.100000000000000000e+01 1.471725919241672535e-04
1.200000000000000000e+01 1.594222969134797164e-04
1.300000000000000000e+01 1.956468676282280825e-04
1.400000000000000000e+01 -2.914546118419113555e-04
1.500000000000000000e+01 -1.402518000044295464e-04
1.600000000000000000e+01 8.494323292154719492e-04
1.700000000000000000e+01 2.530847649531249230e-04
1.800000000000000000e+01 -1.314237472280583850e-05
1.900000000000000000e+01 1.276002574830296032e-03
1.000000000000000000e+00 -4.652945719105964573e-04
2.000000000000000000e+00 1.850721319373314954e-04
3.000000000000000000e+00 -4.811243284441345030e-04
4.000000000000000000e+00 -4.811243284441345030e-04
5.000000000000000000e+00 -4.811243284441345030e-04
6.000000000000000000e+00 -4.783309027340420963e-04
7.000000000000000000e+00 -4.799366512235440918e-04
8.000000000000000000e+00 -4.631196837186543473e-04
9.000000000000000000e+00 -4.717095170445817975e-04
1.000000000000000000e+01 1.311540553887886222e-03
1.100000000000000000e+01 4.471879122975733005e-04
1.200000000000000000e+01 3.576967575183776274e-04
1.300000000000000000e+01 8.698590020091185194e-04
1.400000000000000000e+01 -3.431064960127703850e-04
1.500000000000000000e+01 6.427382915718510559e-06
1.600000000000000000e+01 4.260943036675314045e-04
1.700000000000000000e+01 4.622101833981177182e-04
1.800000000000000000e+01 1.426693727807318328e-05
1.900000000000000000e+01 1.114546258029689738e-06
1.000000000000000000e+00 -4.179676804180318048e-04
2.000000000000000000e+00 6.420456908325065395e-05
3.000000000000000000e+00 -4.518416004075164827e-04
4.000000000000000000e+00 -4.515669101118177566e-04
5.000000000000000000e+00 -4.518416004075164827e-04
6.000000000000000000e+00 -4.462522408615742929e-04
7.000000000000000000e+00 -4.444515027600658965e-04
8.000000000000000000e+00 -4.330568790273819392e-04
9.000000000000000000e+00 -3.877092571186421571e-04
1.000000000000000000e+01 1.003872245860659576e-03
1.100000000000000000e+01 4.991391279797742454e-04
1.200000000000000000e+01 4.358761890101052819e-04
1.300000000000000000e+01 -3.226343230115910274e-05
1.400000000000000000e+01 1.583269820443197534e-04
1.500000000000000000e+01 1.845461353427936991e-04
1.600000000000000000e+01 1.810216570811761861e-04
1.700000000000000000e+01 7.146315903710452047e-04
1.800000000000000000e+01 -2.622805361946222206e-04
1.900000000000000000e+01 4.736732641878163477e-04
