1.000000000000000000e+00 -6.026459466424419122e-04
2.000000000000000000e+00 9.613056279384713746e-04
3.000000000000000000e+00 -6.091925421175414411e-04
4.000000000000000000e+00 -6.088534204548904337e-04
5.000000000000000000e+00 -6.082076609856015793e-04
6.000000000000000000e+00 -5.984918240551287535e-04
7.000000000000000000e+00 -6.068419742032481277e-04
8.000000000000000000e+00 -4.986314097944323596e-04
9.000000000000000000e+00 -4.925829376775874664e-04
1.000000000000000000e+01 6.001160281330544105e-04
1.100000000000000000e+01 3.041445827143533396e-04
1.200000000000000000e+01 1.108652565033175098e-03
1.300000000000000000e+01 6.205929824884471495e-04
1.400000000000000000e+01 -4.624071476427566016e-04
1.500000000000000000e+01 2.713070081847088612e-04
1.600000000000000000e+01 1.655200953138385555e-04
1.700000000000000000e+01 5.488734617679538047e-04
1.800000000000000000e+01 -4.155715855097357435e-04
1.900000000000000000e+01 8.379375043715511133e-04
1.000000000000000000e+00 -5.046577745860144053e-04
2.000000000000000000e+00 6.600351030218257762e-04
3.000000000000000000e+00 -6.240180295318200785e-04
4.000000000000000000e+00 -6.239955846564339617e-04
5.000000000000000000e+00 -6.227326863347121266e-04
6.000000000000000000e+00 -5.048316541917331930e-04
7.000000000000000000e+00 -6.204799109592261906e-04
8.000000000000000000e+00 -4.835780544936307693e-04
9.000000000000000000e+00 -5.894110226028696341e-04
1.000000000000000000e+01 4.346960741595488225e-04
1.100000000000000000e+01 4.888088103192256458e-04
1.200000000000000000e+01 4.855147393932525575e-04
1.300000000000000000e+01 8.328080752660061955e-04
1.400000000000000000e+01 -4.492323232818177495e-04
1.500000000000000000e+01 9.523030956151966884e-05
1.600000000000000000e+01 6.837255394175970058e-04
1.700000000000000000e+01 9.118317713084104700e-04
1.800000000000000000e+01 -4.466520564211462030e-04
1.900000000000000000e+01 8.125388080057429534e-04
1.000000000000000000e+00 -6.426755615310378094e-04
2.000000000000000000e+00 5.276726248396604530e-04
3.000000000000000000e+00 -6.475525110656581325e-04
4.000000000000000000e+00 -6.472189277488814849e-04
5.000000000000000000e+00 -6.464325117838940794e-04
6.000000000000000000e+00 -6.380174476878075615e-04
7.000000000000000000e+00 -5.262951998661200481e-04
8.000000000000000000e+00 -5.997569239756031772e-04
9.000000000000000000e+00 -6.297479941730501447e-04
1.000000000000000000e+01 3.825609648120958809e-04
1.100000000000000000e+01 1.042237193229085621e-03
1.200000000000000000e+01 2.826668724298519336e-04
1.300000000000000000e+01 -4.155748731851395392e-05
1.400000000000000000e+01 -5.091001937198754964e-04
1.500000000000000000e+01 6.256459248834990829e-04
1.600000000000000000e+01 1.317193259741381538e-03
1.700000000000000000e+01 7.943296209484133246e-04
1.800000000000000000e+01 -2.571671945858965353e-04
1.900000000000000000e+01 7.498189143891437983e-04
1.000000000000000000e+00 -5.671560148958432147e-04
2.000000000000000000e+00 4.656710522337838883e-04
3.000000000000000000e+00 -6.760728451845774908e-04
4.000000000000000000e+00 -6.760728451845774908e-04
5.000000000000000000e+00 -6.754594335417541447e-04
6.000000000000000000e+00 -5.281441681131996075e-04
7.000000000000000000e+00 -6.651397653351811103e-04
8.000000000000000000e+00 -5.767307940825577546e-04
9.000000000000000000e+00 -5.785484287876120971e-04
1.000000000000000000e+01 8.425707603379222399e-04
1.100000000000000000e+01 1.822839256803641104e-04
1.200000000000000000e+01 1.805006986615713895e-05
1.300000000000000000e+01 2.618410365251719004e-04
1.400000000000000000e+01 -3.971279642647522414e-04
1.500000000000000000e+01 -7.291753304089647661e-05
1.600000000000000000e+01 1.208352076291747219e-03
1.700000000000000000e+01 2.297001737418373501e-04
1.800000000000000000e+01 -3.930668324733274893e-04
1.900000000000000000e+01 2.410670048761420856e-03
1.000000000000000000e+00 -6.558228094452743951e-04
2.000000000000000000e+00 4.822823055001354445e-04
3.000000000000000000e+00 -6.758737359606616741e-04
4.000000000000000000e+00 -6.757510373085512563e-04
5.000000000000000000e+00 -6.735453181910674644e-04
6.000000000000000000e+00 -6.653102266926706147e-04
7.000000000000000000e+00 -6.688390164784631907e-04
8.000000000000000000e+00 -5.591396685868162825e-04
9.000000000000000000e+00 -6.614755760880620386e-04
1.000000000000000000e+01 5.811855970564614674e-04
1.100000000000000000e+01 7.995041283992708513e-04
1.200000000000000000e+01 9.159037320655622795e-04
1.300000000000000000e+01 8.651950185863168654e-04
1.400000000000000000e+01 3.217733041638685954e-04
1.500000000000000000e+01 6.233102149440444091e-04
1.600000000000000000e+01 1.123344940651989891e-04
1.700000000000000000e+01 4.965816948445117432e-04
1.800000000000000000e+01 -4.901787169697623906e-04
1.900000000000000000e+01 4.219982430562752821e-04
1.000000000000000000e+00 -7.204192682774109490e-04
2.000000000000000000e+00 7.736832975641774529e-04
3.000000000000000000e+00 -7.332584181176111503e-04
4.000000000000000000e+00 -7.331933279789916609e-04
5.000000000000000000e+00 -7.292205850356604747e-04
6.000000000000000000e+00 -6.779391271015414383e-04
7.000000000000000000e+00 -6.911718875069209006e-04
8.000000000000000000e+00 -5.927372834693036673e-04
9.000000000000000000e+00 -6.018974993004599190e-04
1.000000000000000000e+01 4.713072389874166271e-04
1.100000000000000000e+01 1.409410661162906805e-03
1.200000000000000000e+01 5.052163469477841508e-04
1.300000000000000000e+01 8.335587285794981418e-04
1.400000000000000000e+01 -4.101831431856154363e-04
1.500000000000000000e+01 -2.589754344274319549e-04
1.600000000000000000e+01 3.504543103652659744e-04
1.700000000000000000e+01 1.473135978291774829e-03
1.800000000000000000e+01 -4.542304450445800931e-04
1.900000000000000000e+01 6.166350799830586224e-04
1.000000000000000000e+00 -6.486879177116834519e-04
2.000000000000000000e+00 5.673185698968872008e-04
3.000000000000000000e+00 -6.712762676722323083e-04
4.000000000000000000e+00 -6.712470213194565412e-04
5.000000000000000000e+00 -6.704832154085918266e-04
6.000000000000000000e+00 -6.601843438527174243e-04
7.000000000000000000e+00 -6.662727984005557174e-04
8.000000000000000000e+00 -6.448994918906946188e-04
9.000000000000000000e+00 -5.582764066944301056e-04
1.000000000000000000e+01 1.001333827115596367e-03
1.100000000000000000e+01 6.421470577971033966e-04
1.200000000000000000e+01 1.345434953307511226e-03
1.300000000000000000e+01 7.089428213805906622e-04
1.400000000000000000e+01 -3.110210783120979927e-04
1.500000000000000000e+01 -1.518212251738413330e-04
1.600000000000000000e+01 5.354034729244263420e-04
1.700000000000000000e+01 5.682573255274247495e-04
1.800000000000000000e+01 -4.493620488605471440e-04
1.900000000000000000e+01 6.468643362012888465e-04
1.000000000000000000e+00 -6.508218792261512980e-04
2.000000000000000000e+00 2.660976009461299592e-04
3.000000000000000000e+00 -6.641777923632268509e-04
4.000000000000000000e+00 -6.635442483473298582e-04
5.000000000000000000e+00 -6.623237096267911746e-04
6.000000000000000000e+00 -6.425544624585697445e-04
7.000000000000000000e+00 -6.378336448881270337e-04
8.000000000000000000e+00 -4.862055927348647960e-04
9.000000000000000000e+00 -6.358874364643274813e-04
1.000000000000000000e+01 1.255845195218715333e-03
1.100000000000000000e+01 1.207823834320329335e-04
1.200000000000000000e+01 1.121305426151044532e-03
1.300000000000000000e+01 -1.595421515331315134e-04
1.400000000000000000e+01 -4.298410362989930336e-04
1.500000000000000000e+01 1.165979352046811338e-04
1.600000000000000000e+01 9.623279571432418519e-04
1.700000000000000000e+01 8.544704716744350474e-04
1.800000000000000000e+01 -3.605270635003408083e-04
1.900000000000000000e+01 1.191695186050467561e-03
1.000000000000000000e+00 -6.590544308242889593e-04
2.000000000000000000e+00 3.573704200150757001e-04
3.000000000000000000e+00 -6.665473077444104399e-04
4.000000000000000000e+00 -6.662066431180315102e-04
5.000000000000000000e+00 -6.660310756105312707e-04
6.000000000000000000e+00 -5.931849097174097651e-04
7.000000000000000000e+00 -6.476271281120047404e-04
8.000000000000000000e+00 -5.870116814290427714e-04
9.000000000000000000e+00 -6.533456119534289570e-04
1.000000000000000000e+01 1.614983448837599639e-03
1.100000000000000000e+01 1.091775599062176725e-03
1.200000000000000000e+01 5.345603559475903092e-04
1.300000000000000000e+01 2.691209573940211834e-04
1.400000000000000000e+01 -3.932591469356531760e-04
1.500000000000000000e+01 1.616302260944403187e-05
1.600000000000000000e+01 5.663334239950414692e-04
1.700000000000000000e+01 1.313305112990769373e-03
1.800000000000000000e+01 -6.227179035356436099e-04
1.900000000000000000e+01 2.127731965477736389e-04
1.000000000000000000e+00 -6.599608381724576724e-04
2.000000000000000000e+00 3.959902767385772393e-05
3.000000000000000000e+00 -6.700697285947234240e-04
4.000000000000000000e+00 -6.699135666738556885e-04
5.000000000000000000e+00 -6.697929084649621116e-04
6.000000000000000000e+00 -6.480835199050834303e-04
7.000000000000000000e+00 -6.489722718705160558e-04
8.000000000000000000e+00 -3.357879419088133583e-04
9.000000000000000000e+00 -5.864620860596512098e-04
1.000000000000000000e+01 9.250282676942360753e-04
1.100000000000000000e+01 1.082169225497055286e-03
1.200000000000000000e+01 7.348014998619501045e-04
1.300000000000000000e+01 7.568184158463544522e-04
1.400000000000000000e+01 -1.808323849878244087e-04
1.500000000000000000e+01 3.139018459567691015e-04
1.600000000000000000e+01 8.057389152466127268e-04
1.700000000000000000e+01 5.488839270360216334e-04
1.800000000000000000e+01 -6.052427613908418439e-04
1.900000000000000000e+01 3.744183601916026239e-04
1.000000000000000000e+00 -7.891973767985221251e-04
2.000000000000000000e+00 1.865981145623477858e-04
3.000000000000000000e+00 -7.965391246864885356e-04
4.000000000000000000e+00 -7.963775215837089715e-04
5.000000000000000000e+00 -7.965391246864885356e-04
6.000000000000000000e+00 -7.711041977372058362e-04
7.000000000000000000e+00 -7.817832560090511767e-04
8.000000000000000000e+00 -6.993513234458161032e-04
9.000000000000000000e+00 -7.626396889460531616e-04
1.000000000000000000e+01 7.453369217184950199e-04
1.100000000000000000e+01 4.107173775484171765e-04
1.200000000000000000e+01 2.328164869634049585e-04
1.300000000000000000e+01 9.482715640338769923e-04
1.400000000000000000e+01 -4.450928120520628679e-04
1.500000000000000000e+01 1.296889691100544702e-03
1.600000000000000000e+01 7.456080835359287515e-04
1.700000000000000000e+01 8.732179626018158822e-04
1.800000000000000000e+01 -5.169990427290986623e-04
1.900000000000000000e+01 1.625148811269180177e-03
1.000000000000000000e+00 -6.276513917869333114e-04
2.000000000000000000e+00 1.049171697056230446e-03
3.000000000000000000e+00 -6.353558895366404101e-04
4.000000000000000000e+00 -6.351114444392541147e-04
5.000000000000000000e+00 -6.349159699790737346e-04
6.000000000000000000e+00 -6.248599966702993126e-04
7.000000000000000000e+00 -5.040639380241005753e-04
8.000000000000000000e+00 -4.488020278339691690e-04
9.000000000000000000e+00 -5.003644915679461742e-04
1.000000000000000000e+01 1.000580649990852420e-03
1.100000000000000000e+01 2.169786306815935876e-04
1.200000000000000000e+01 8.576425753602882071e-04
1.300000000000000000e+01 4.225482441211049706e-04
1.400000000000000000e+01 2.127363145887277459e-05
1.500000000000000000e+01 7.875031351487228864e-04
1.600000000000000000e+01 3.057037150661141058e-05
1.700000000000000000e+01 1.295382411908958201e-04
1.800000000000000000e+01 -1.867893731146937943e-04
1.900000000000000000e+01 1.718204938698061261e-04
1.000000000000000000e+00 -6.648398671288405963e-04
2.000000000000000000e+00 4.504042395633014941e-04
3.000000000000000000e+00 -6.697895606814753761e-04
4.000000000000000000e+00 -6.693247496599416578e-04
5.000000000000000000e+00 -6.694215259384405986e-04
6.000000000000000000e+00 -5.061751833065937381e-04
7.000000000000000000e+00 -6.498423806422693079e-04
8.000000000000000000e+00 -5.147695137109957160e-04
9.000000000000000000e+00 -5.119566531755209834e-04
1.000000000000000000e+01 6.349587428017903741e-04
1.100000000000000000e+01 1.047213460239394085e-03
1.200000000000000000e+01 1.180312290951288491e-04
1.300000000000000000e+01 3.924616139965004342e-04
1.400000000000000000e+01 -2.281376476455985558e-04
1.500000000000000000e+01 1.130797496985406396e-03
1.600000000000000000e+01 6.545399962402686546e-04
1.700000000000000000e+01 8.403427310582960380e-04
1.800000000000000000e+01 -5.213926238109748519e-04
1.900000000000000000e+01 2.480844935104473841e-04
1.000000000000000000e+00 -7.147314015755600481e-04
2.000000000000000000e+00 6.318114061526777054e-04
3.000000000000000000e+00 -7.366970047036281366e-04
4.000000000000000000e+00 -7.354475733071379499e-04
5.000000000000000000e+00 -7.355604778318071196e-04
6.000000000000000000e+00 -7.172128315342308526e-04
7.000000000000000000e+00 -7.093322304122542899e-04
8.000000000000000000e+00 -6.966232501762980277e-04
9.000000000000000000e+00 -6.988029488036198679e-04
1.000000000000000000e+01 4.114243986425090548e-04
1.100000000000000000e+01 7.319756044407704906e-04
1.200000000000000000e+01 9.530124783226648312e-04
1.300000000000000000e+01 2.574396437420826294e-04
1.400000000000000000e+01 -2.098730747935678112e-04
1.500000000000000000e+01 7.616907793158553177e-04
1.600000000000000000e+01 8.247852685252895404e-04
1.700000000000000000e+01 1.596696218568582600e-03
1.800000000000000000e+01 -3.929097364940910167e-04
1.900000000000000000e+01 7.285467304052197326e-05
1.000000000000000000e+00 -5.222643682845819072e-04
2.000000000000000000e+00 -4.217179782110694260e-05
3.000000000000000000e+00 -6.491146004322271646e-04
4.000000000000000000e+00 -6.485923829982450164e-04
5.000000000000000000e+00 -6.485534785475758702e-04
6.000000000000000000e+00 -5.028961152618125364e-04
7.000000000000000000e+00 -4.232468499048333663e-04
8.000000000000000000e+00 -4.719328892425621205e-04
9.000000000000000000e+00 -6.152727813619416610e-04
1.000000000000000000e+01 3.345799848717185719e-04
1.100000000000000000e+01 3.647056028703866948e-04
1.200000000000000000e+01 8.363660664236751080e-04
1.300000000000000000e+01 7.231790076294748607e-04
1.400000000000000000e+01 -1.723321992521373617e-04
1.500000000000000000e+01 -6.675291575269216946e-05
1.600000000000000000e+01 3.477841181408789862e-04
1.700000000000000000e+01 1.489629669308100823e-03
1.800000000000000000e+01 7.985010071870574447e-05
1.900000000000000000e+01 4.765862285169808715e-04
1.000000000000000000e+00 -6.746122444550862714e-04
2.000000000000000000e+00 1.043977615892414945e-03
3.000000000000000000e+00 -6.890151435285448052e-04
4.000000000000000000e+00 -6.882469846721505627e-04
5.000000000000000000e+00 -6.865821190366967666e-04
6.000000000000000000e+00 -5.994010453030608390e-04
7.000000000000000000e+00 -5.440174733908185621e-04
8.000000000000000000e+00 -5.380418061231345608e-04
9.000000000000000000e+00 -3.823210152612482936e-04
1.000000000000000000e+01 -1.594356692620034358e-04
1.100000000000000000e+01 2.608250157033625578e-04
1.200000000000000000e+01 1.561032971346530728e-03
1.300000000000000000e+01 4.261349846785088117e-04
1.400000000000000000e+01 -2.527310644009002111e-04
1.500000000000000000e+01 2.339409515381029496e-04
1.600000000000000000e+01 7.356959201333093581e-04
1.700000000000000000e+01 7.795792227531060789e-04
1.800000000000000000e+01 -3.796209237822798389e-04
1.900000000000000000e+01 4.299092379488996451e-04
1.000000000000000000e+00 -6.783368691709674905e-04
2.000000000000000000e+00 7.501299351084759906e-04
3.000000000000000000e+00 -6.841385167779911016e-04
4.000000000000000000e+00 -6.835020345238617453e-04
5.000000000000000000e+00 -6.839694320500827596e-04
6.000000000000000000e+00 -6.636113464433977729e-04
7.000000000000000000e+00 -6.732599935220167720e-04
8.000000000000000000e+00 -4.773685542379722357e-04
9.000000000000000000e+00 -5.118124879190859376e-04
1.000000000000000000e+01 6.486834816424569793e-04
1.100000000000000000e+01 7.968349724356322975e-04
1.200000000000000000e+01 -1.195520268293200934e-04
1.300000000000000000e+01 1.122931208223755702e-03
1.400000000000000000e+01 -5.089635384079846175e-04
1.500000000000000000e+01 4.413934609620505877e-04
1.600000000000000000e+01 4.454098025098778501e-04
1.700000000000000000e+01 6.792446116183695204e-04
1.800000000000000000e+01 -1.709958588681030330e-04
1.900000000000000000e+01 8.587735465188511830e-04
1.000000000000000000e+00 -7.060085790255759067e-04
2.000000000000000000e+00 8.432752746064892330e-04
3.000000000000000000e+00 -7.150707426439369564e-04
4.000000000000000000e+00 -7.145611973339714880e-04
5.000000000000000000e+00 -7.119298475912772548e-04
6.000000000000000000e+00 -6.926188751175265008e-04
7.000000000000000000e+00 -7.046094505124768544e-04
8.000000000000000000e+00 -6.785213519410099358e-04
9.000000000000000000e+00 -6.801020192601360493e-04
1.000000000000000000e+01 1.300609828157255760e-03
1.100000000000000000e+01 5.052970939805743371e-04
1.200000000000000000e+01 5.940849095779236538e-04
1.300000000000000000e+01 6.787777841827287179e-04
1.400000000000000000e+01 -2.708283469743975403e-04
1.500000000000000000e+01 -3.211007570139244181e-04
1.600000000000000000e+01 -7.986784272511400246e-05
1.700000000000000000e+01 1.358435028356277247e-03
1.800000000000000000e+01 -5.004548992970288832e-04
1.900000000000000000e+01 1.396698116172928519e-03
1.000000000000000000e+00 -7.056595811141876682e-04
2.000000000000000000e+00 1.003145646810614392e-03
3.000000000000000000e+00 -7.138432615405150778e-04
4.000000000000000000e+00 -7.135843973110625937e-04
5.000000000000000000e+00 -7.132849962763675123e-04
6.000000000000000000e+00 -3.140928837042977003e-04
7.000000000000000000e+00 -5.433870024375473361e-04
8.000000000000000000e+00 -6.775343653590515337e-04
9.000000000000000000e+00 -6.759506630999474871e-04
1.000000000000000000e+01 8.086469502036382076e-04
1.100000000000000000e+01 2.205427306025426067e-04
1.200000000000000000e+01 -1.093678529432582573e-04
1.300000000000000000e+01 -2.206506312087520112e-04
1.400000000000000000e+01 -4.083549648573194619e-04
1.500000000000000000e+01 3.258388557889626506e-04
1.600000000000000000e+01 1.591773186056324096e-03
1.700000000000000000e+01 7.133972067914121735e-04
1.800000000000000000e+01 -3.798658376853774536e-04
1.900000000000000000e+01 1.391952817461798459e-03
1.000000000000000000e+00 -6.858951327600327358e-04
2.000000000000000000e+00 -3.072255892183174209e-04
3.000000000000000000e+00 -7.140216053746449576e-04
4.000000000000000000e+00 -7.105412757913741936e-04
5.000000000000000000e+00 -7.133532922063318430e-04
6.000000000000000000e+00 -4.346903451494127401e-04
7.000000000000000000e+00 -7.101478433601266915e-04
8.000000000000000000e+00 -5.550550746435628600e-04
9.000000000000000000e+00 -6.107979994987281945e-04
1.000000000000000000e+01 8.405934116277552579e-04
1.100000000000000000e+01 1.172392746509496111e-03
1.200000000000000000e+01 9.833355241681469329e-04
1.300000000000000000e+01 7.233618908420029773e-04
1.400000000000000000e+01 -5.588524463581188506e-04
1.500000000000000000e+01 7.973139645595072591e-04
1.600000000000000000e+01 6.105050898348168419e-05
1.700000000000000000e+01 1.069574791860799590e-03
1.800000000000000000e+01 -5.282762063105631923e-04
1.900000000000000000e+01 7.901942996976667796e-04
1.000000000000000000e+00 -4.911533029510315894e-04
2.000000000000000000e+00 -1.082467804611758502e-04
3.000000000000000000e+00 -4.936132243710371088e-04
4.000000000000000000e+00 -4.930444848317092760e-04
5.000000000000000000e+00 -4.920083477661604289e-04
6.000000000000000000e+00 -3.981436968812015077e-04
7.000000000000000000e+00 -4.863287973912319923e-04
8.000000000000000000e+00 -3.483590039636304389e-04
9.000000000000000000e+00 -4.530611391235737093e-04
1.000000000000000000e+01 5.371782003992317403e-04
1.100000000000000000e+01 6.015451639464220726e-04
1.200000000000000000e+01 4.316079726165334579e-04
1.300000000000000000e+01 8.460338265466345710e-04
1.400000000000000000e+01 2.686361260472173084e-04
1.500000000000000000e+01 -4.516941239947467099e-05
1.600000000000000000e+01 1.677749322250734858e-04
1.700000000000000000e+01 8.006192053437239308e-04
1.800000000000000000e+01 -7.877868979658454078e-05
1.900000000000000000e+01 9.895557391620950921e-05
1.000000000000000000e+00 -6.732940217624877079e-04
2.000000000000000000e+00 8.122517642662584062e-04
3.000000000000000000e+00 -6.805050837967289729e-04
4.000000000000000000e+00 -6.799349839619232101e-04
5.000000000000000000e+00 -6.780450574396438114e-04
6.000000000000000000e+00 -6.586523783918527041e-04
7.000000000000000000e+00 -6.622419697375991855e-04
8.000000000000000000e+00 -6.558308246861953511e-04
9.000000000000000000e+00 -5.386670851330588577e-04
1.000000000000000000e+01 4.492028129536145280e-04
1.100000000000000000e+01 1.066473229469628052e-03
1.200000000000000000e+01 1.087133574578551514e-03
1.300000000000000000e+01 2.339132653939391331e-05
1.400000000000000000e+01 5.421295397329738358e-04
1.500000000000000000e+01 -1.820785956864320258e-04
1.600000000000000000e+01 2.633103062493365979e-04
1.700000000000000000e+01 7.204074623291558104e-04
1.800000000000000000e+01 -3.865419293392781245e-04
1.900000000000000000e+01 6.449056720054518067e-04
1.000000000000000000e+00 -5.980946206982416889e-04
2.000000000000000000e+00 9.904866457209779657e-05
3.000000000000000000e+00 -6.089900620386182835e-04
4.000000000000000000e+00 -6.078881886940978949e-04
5.000000000000000000e+00 -6.079480757025143263e-04
6.000000000000000000e+00 -4.531234188908127075e-04
7.000000000000000000e+00 -5.990371605853666908e-04
8.000000000000000000e+00 -5.737970689288555927e-04
9.000000000000000000e+00 -5.817302172498869462e-04
1.000000000000000000e+01 5.104997335209741915e-04
1.100000000000000000e+01 1.602423759070033618e-04
1.200000000000000000e+01 2.581572170577097120e-04
1.300000000000000000e+01 1.940241319561795082e-05
1.400000000000000000e+01 -3.659238048793052268e-04
1.500000000000000000e+01 5.643682043558051606e-04
1.600000000000000000e+01 1.086785124952990064e-03
1.700000000000000000e+01 8.530520475315495283e-04
1.800000000000000000e+01 -3.129829917858939232e-04
1.900000000000000000e+01 1.661121433548672218e-03
1.000000000000000000e+00 -7.294149716764161467e-04
2.000000000000000000e+00 3.233240308988173011e-04
3.000000000000000000e+00 -7.341794360609785099e-04
4.000000000000000000e+00 -7.337766525699597692e-04
5.000000000000000000e+00 -7.327983280622235454e-04
6.000000000000000000e+00 -5.915875462195309496e-04
7.000000000000000000e+00 -7.240012439877916090e-04
8.000000000000000000e+00 -5.685513427265308966e-04
9.000000000000000000e+00 -5.955820529870548387e-04
1.000000000000000000e+01 6.454783378090434356e-04
1.100000000000000000e+01 5.443110595549258916e-04
1.200000000000000000e+01 9.823834030612053729e-04
1.300000000000000000e+01 3.844783906077245514e-04
1.400000000000000000e+01 4.374469160959756887e-04
1.500000000000000000e+01 -2.349561093153815130e-04
1.600000000000000000e+01 3.687907192396352681e-04
1.700000000000000000e+01 1.230737436071517414e-03
1.800000000000000000e+01 -6.424345570339072770e-04
1.900000000000000000e+01 1.240463674687358958e-03
1.000000000000000000e+00 -6.378657790136868294e-04
2.000000000000000000e+00 1.257619323400624824e-03
3.000000000000000000e+00 -6.577137592839978541e-04
4.000000000000000000e+00 -6.548102539295121019e-04
5.000000000000000000e+00 -6.570284424222104513e-04
6.000000000000000000e+00 -4.293308571482393329e-04
7.000000000000000000e+00 -6.523118733936665624e-04
8.000000000000000000e+00 -6.264114565706306982e-04
9.000000000000000000e+00 -6.357136461074140883e-04
1.000000000000000000e+01 5.525017977344820431e-04
1.100000000000000000e+01 -2.817233050581663171e-06
1.200000000000000000e+01 4.752347006263533177e-04
1.300000000000000000e+01 8.388947861951667707e-04
1.400000000000000000e+01 -3.244796649776457236e-04
1.500000000000000000e+01 3.448162545964147377e-05
1.600000000000000000e+01 -5.525256991589213364e-05
1.700000000000000000e+01 1.268153033137404658e-03
1.800000000000000000e+01 -4.527644581714946443e-04
1.900000000000000000e+01 1.270179236440259485e-03
1.000000000000000000e+00 -7.558714222356890944e-04
2.000000000000000000e+00 2.991102770024258264e-04
3.000000000000000000e+00 -7.609090025358744395e-04
4.000000000000000000e+00 -7.597902683289049818e-04
5.000000000000000000e+00 -7.589987395961998078e-04
6.000000000000000000e+00 -6.463358108530889348e-04
7.000000000000000000e+00 -7.541997055692245674e-04
8.000000000000000000e+00 -7.212489261898737819e-04
9.000000000000000000e+00 -7.420859912671349656e-04
1.000000000000000000e+01 1.337806291823048560e-03
1.100000000000000000e+01 1.053382723913443572e-03
1.200000000000000000e+01 1.042918439625337536e-03
1.300000000000000000e+01 7.742276714030762010e-04
1.400000000000000000e+01 -4.011974927844319679e-04
1.500000000000000000e+01 -2.675274953871133177e-04
1.600000000000000000e+01 2.911264045433697815e-04
1.700000000000000000e+01 1.859942553162011484e-03
1.800000000000000000e+01 -5.306168778618498665e-04
1.900000000000000000e+01 3.233098344101794372e-04
1.000000000000000000e+00 -6.485170485594111967e-04
2.000000000000000000e+00 2.879884266108758382e-04
3.000000000000000000e+00 -6.546534742511590094e-04
4.000000000000000000e+00 -6.543143331557153873e-04
5.000000000000000000e+00 -6.540024368354157040e-04
6.000000000000000000e+00 -6.347527271606544274e-04
7.000000000000000000e+00 -3.671874802996017329e-04
8.000000000000000000e+00 -6.205134448905413446e-04
9.000000000000000000e+00 -6.070868980868937602e-04
1.000000000000000000e+01 1.390963876832863747e-03
1.100000000000000000e+01 8.921105928389041562e-04
1.200000000000000000e+01 5.868409270430238744e-04
1.300000000000000000e+01 1.206852684096597740e-03
1.400000000000000000e+01 -2.387223592820737598e-04
1.500000000000000000e+01 -5.213293573131753944e-05
1.600000000000000000e+01 2.841954566269040390e-04
1.700000000000000000e+01 5.831325091281763448e-04
1.800000000000000000e+01 -3.464572372777561388e-04
1.900000000000000000e+01 1.758868399717018294e-04
1.000000000000000000e+00 -6.917813553901087627e-04
2.000000000000000000e+00 7.918207973476314339e-04
3.000000000000000000e+00 -7.119267795271295735e-04
4.000000000000000000e+00 -7.117352499238352231e-04
5.000000000000000000e+00 -7.112189109095971070e-04
6.000000000000000000e+00 -5.067992233837866718e-04
7.000000000000000000e+00 -6.830557470869721591e-04
8.000000000000000000e+00 -5.193709901337496306e-04
9.000000000000000000e+00 -5.743218785060286982e-04
1.000000000000000000e+01 4.358401883052835852e-04
1.100000000000000000e+01 3.048455916360845105e-04
1.200000000000000000e+01 1.204428352934951022e-03
1.300000000000000000e+01 1.148221887490201361e-04
1.400000000000000000e+01 -4.197046889774185387e-04
1.500000000000000000e+01 6.124520008017963297e-04
1.600000000000000000e+01 1.562592341285777000e-03
1.700000000000000000e+01 6.194051594431246744e-04
1.800000000000000000e+01 -5.305529542543592318e-04
1.900000000000000000e+01 3.389778965719663175e-04
1.000000000000000000e+00 -7.530086624567141566e-04
2.000000000000000000e+00 -7.276193577420736632e-05
3.000000000000000000e+00 -7.640674496403262756e-04
4.000000000000000000e+00 -7.632955907802321241e-04
5.000000000000000000e+00 -7.626921909121264212e-04
6.000000000000000000e+00 -7.514448157641909903e-04
7.000000000000000000e+00 -7.565050436885645746e-04
8.000000000000000000e+00 -6.689409324768692952e-04
9.000000000000000000e+00 -7.271898065214367057e-04
1.000000000000000000e+01 7.897720885482493536e-04
1.100000000000000000e+01 1.225528034483775027e-03
1.200000000000000000e+01 9.983786814916197159e-04
1.300000000000000000e+01 1.261087285275334750e-03
1.400000000000000000e+01 -5.176243075014000513e-04
1.500000000000000000e+01 2.384844829634741336e-04
1.600000000000000000e+01 3.392880261175199117e-04
1.700000000000000000e+01 1.517243356359689521e-03
1.800000000000000000e+01 -2.870686760270980942e-04
1.900000000000000000e+01 2.941218233090572669e-04
1.000000000000000000e+00 -6.584605064450398029e-04
2.000000000000000000e+00 1.661211703249099473e-03
3.000000000000000000e+00 -6.691178433891414000e-04
4.000000000000000000e+00 -6.688414993627974118e-04
5.000000000000000000e+00 -6.677502023156179755e-04
6.000000000000000000e+00 -6.470869441348528223e-04
7.000000000000000000e+00 -6.379962067002778198e-04
8.000000000000000000e+00 -6.505455216217916449e-04
9.000000000000000000e+00 -5.193749407363861068e-04
1.000000000000000000e+01 1.245034529305490828e-03
1.100000000000000000e+01 9.644880377000059849e-04
1.200000000000000000e+01 8.509446659803985040e-04
1.300000000000000000e+01 3.068548888840029495e-06
1.400000000000000000e+01 -2.299009461658799700e-04
1.500000000000000000e+01 -1.616725384901434193e-04
1.600000000000000000e+01 -6.914553685623469551e-05
1.700000000000000000e+01 7.825823715367738768e-04
1.800000000000000000e+01 -4.954173160553961052e-04
1.900000000000000000e+01 5.004635832972555848e-04
1.000000000000000000e+00 -8.390595299324292823e-04
2.000000000000000000e+00 5.831057328410987808e-04
3.000000000000000000e+00 -8.473906586154486944e-04
4.000000000000000000e+00 -8.470943862603528629e-04
5.000000000000000000e+00 -8.471968165098418737e-04
6.000000000000000000e+00 -8.318299678796879301e-04
7.000000000000000000e+00 -8.286235749236451611e-04
8.000000000000000000e+00 -8.014966627147588956e-04
9.000000000000000000e+00 -8.264863738893852467e-04
1.000000000000000000e+01 8.801136434462457966e-04
1.100000000000000000e+01 4.854532912716089392e-04
1.200000000000000000e+01 7.385426482782527120e-04
1.300000000000000000e+01 6.186199113620832876e-04
1.400000000000000000e+01 -2.616618227596870954e-04
1.500000000000000000e+01 9.612186014059569475e-04
1.600000000000000000e+01 1.366495490796677511e-03
1.700000000000000000e+01 9.440642716255957063e-04
1.800000000000000000e+01 -4.075964702098420697e-04
1.900000000000000000e+01 6.517269515313969027e-04
1.000000000000000000e+00 -6.756579062892240865e-04
2.000000000000000000e+00 9.409177984857308675e-04
3.000000000000000000e+00 -6.805209567930308682e-04
4.000000000000000000e+00 -6.799701459481023551e-04
5.000000000000000000e+00 -6.791862348700736110e-04
6.000000000000000000e+00 -5.088822537205042393e-04
7.000000000000000000e+00 -6.560729324843892407e-04
8.000000000000000000e+00 -6.092803242232985124e-04
9.000000000000000000e+00 -5.599577787893766619e-04
1.000000000000000000e+01 5.114925191159264617e-04
1.100000000000000000e+01 3.058034873190754459e-04
1.200000000000000000e+01 3.508138191705369082e-04
1.300000000000000000e+01 -3.404387129299519805e-04
1.400000000000000000e+01 -5.211752063755037325e-04
1.500000000000000000e+01 5.881099638001644229e-04
1.600000000000000000e+01 8.319171655461779459e-04
1.700000000000000000e+01 1.122032975334899454e-03
1.800000000000000000e+01 -3.174385582677051953e-04
1.900000000000000000e+01 1.455170734507120695e-03
1.000000000000000000e+00 -7.089594317640944207e-04
2.000000000000000000e+00 1.519733569376244611e-03
3.000000000000000000e+00 -7.298828129630293088e-04
4.000000000000000000e+00 -7.287940732713484634e-04
5.000000000000000000e+00 -7.297144083828599860e-04
6.000000000000000000e+00 -4.818970541555602557e-04
7.000000000000000000e+00 -7.042332096873756084e-04
8.000000000000000000e+00 -4.973440865167398856e-04
9.000000000000000000e+00 -7.056161718984190574e-04
1.000000000000000000e+01 1.921251858176618703e-04
1.100000000000000000e+01 8.812971260712838535e-05
1.200000000000000000e+01 1.220227448498764167e-04
1.300000000000000000e+01 6.505091523874394340e-04
1.400000000000000000e+01 -2.091059589174498507e-04
1.500000000000000000e+01 1.994258289976011519e-04
1.600000000000000000e+01 1.938114942697113192e-03
1.700000000000000000e+01 4.921396172501441707e-04
1.800000000000000000e+01 -4.835549994016311395e-04
1.900000000000000000e+01 6.501026203914585331e-04
1.000000000000000000e+00 -5.757346250366924883e-04
2.000000000000000000e+00 -2.480081674159978142e-04
3.000000000000000000e+00 -5.832789024601715963e-04
4.000000000000000000e+00 -5.828125795673781825e-04
5.000000000000000000e+00 -5.825606664478180262e-04
6.000000000000000000e+00 -5.693785114823687703e-04
7.000000000000000000e+00 -5.799904221496324794e-04
8.000000000000000000e+00 -5.603719559334462705e-04
9.000000000000000000e+00 -5.649289864124264812e-04
1.000000000000000000e+01 9.430486214675123675e-04
1.100000000000000000e+01 6.282730804946864847e-04
1.200000000000000000e+01 7.733264761397612604e-04
1.300000000000000000e+01 5.264510285920509730e-04
1.400000000000000000e+01 -2.051779077063793167e-04
1.500000000000000000e+01 4.503437087513773788e-04
1.600000000000000000e+01 3.906295462376167468e-04
1.700000000000000000e+01 5.936989581166759837e-04
1.800000000000000000e+01 -1.375489938068700005e-04
1.900000000000000000e+01 7.827936237204715904e-04
1.000000000000000000e+00 -6.019469809541203552e-04
2.000000000000000000e+00 4.765174392460594789e-04
3.000000000000000000e+00 -7.574988799058791737e-04
4.000000000000000000e+00 -7.548702449243031029e-04
5.000000000000000000e+00 -7.568136990736395314e-04
6.000000000000000000e+00 -5.540940294855922288e-04
7.000000000000000000e+00 -5.824336213116207894e-04
8.000000000000000000e+00 -5.671358796023266008e-04
9.000000000000000000e+00 -7.295832045935982590e-04
1.000000000000000000e+01 3.029960684931529190e-04
1.100000000000000000e+01 6.985419292745777579e-04
1.200000000000000000e+01 4.390676620931100631e-04
1.300000000000000000e+01 5.838704925777189617e-04
1.400000000000000000e+01 5.568228385232741883e-05
1.500000000000000000e+01 1.864983291121317892e-05
1.600000000000000000e+01 6.328513081203843529e-05
1.700000000000000000e+01 1.213698605738407817e-03
1.800000000000000000e+01 -3.653732162234310868e-04
1.900000000000000000e+01 1.689939194251959681e-03
1.000000000000000000e+00 -5.852336350879896835e-04
2.000000000000000000e+00 -1.584618743379685214e-04
3.000000000000000000e+00 -5.951846020067436214e-04
4.000000000000000000e+00 -5.948284766506183258e-04
5.000000000000000000e+00 -5.912581771244364249e-04
6.000000000000000000e+00 -5.278090552456927466e-04
7.000000000000000000e+00 -5.842034486673970076e-04
8.000000000000000000e+00 -4.324668815334209698e-04
9.000000000000000000e+00 -3.918184925481972645e-04
1.000000000000000000e+01 8.962482563550492644e-04
1.100000000000000000e+01 8.393357867598203511e-04
1.200000000000000000e+01 5.973840492008049546e-04
1.300000000000000000e+01 2.403705070160500523e-04
1.400000000000000000e+01 -2.642656285205227011e-04
1.500000000000000000e+01 7.799798073407959763e-04
1.600000000000000000e+01 1.010917422449270943e-03
1.700000000000000000e+01 4.754122852681500117e-04
1.800000000000000000e+01 -5.403816922236064947e-04
1.900000000000000000e+01 3.282551199310345118e-04
1.000000000000000000e+00 -6.821742274716793147e-04
2.000000000000000000e+00 9.126840059610370076e-05
3.000000000000000000e+00 -6.868585273765674811e-04
4.000000000000000000e+00 -6.868585273765674811e-04
5.000000000000000000e+00 -6.856154893688235549e-04
6.000000000000000000e+00 -6.637430078587370488e-04
7.000000000000000000e+00 -6.776446014215700220e-04
8.000000000000000000e+00 -5.968394994986460540e-04
9.000000000000000000e+00 -6.757621476177227320e-04
1.000000000000000000e+01 9.810931316965930231e-04
1.100000000000000000e+01 9.239693403779756587e-04
1.200000000000000000e+01 1.510717840824960401e-03
1.300000000000000000e+01 1.607439448563350963e-03
1.400000000000000000e+01 -3.485720439102008971e-04
1.500000000000000000e+01 -2.525726875333370730e-04
1.600000000000000000e+01 -3.594269688933855364e-04
1.700000000000000000e+01 1.119142501985894312e-03
1.800000000000000000e+01 -6.314445631673940061e-04
1.900000000000000000e+01 6.066288051503107960e-04
1.000000000000000000e+00 -5.964432620254825779e-04
2.000000000000000000e+00 3.288522315188390139e-04
3.000000000000000000e+00 -7.571664955690943135e-04
4.000000000000000000e+00 -7.569557857995609651e-04
5.000000000000000000e+00 -7.565798681442315867e-04
6.000000000000000000e+00 -6.239282331628779417e-04
7.000000000000000000e+00 -7.490248751550648886e-04
8.000000000000000000e+00 -5.680110467640891222e-04
9.000000000000000000e+00 -7.385567911006713209e-04
1.000000000000000000e+01 6.664209402877893955e-04
1.100000000000000000e+01 1.139319882112422135e-03
1.200000000000000000e+01 5.399550303251227193e-05
1.300000000000000000e+01 4.194725336058713198e-05
1.400000000000000000e+01 -6.843183775359213382e-05
1.500000000000000000e+01 5.521399049771243735e-04
1.600000000000000000e+01 1.251286553986083244e-03
1.700000000000000000e+01 6.814499408986908697e-04
1.800000000000000000e+01 -4.661822316349136051e-04
1.900000000000000000e+01 1.232584155740961904e-03
1.000000000000000000e+00 -5.981316103243167030e-04
2.000000000000000000e+00 3.136861276559024282e-04
3.000000000000000000e+00 -6.036844478799554018e-04
4.000000000000000000e+00 -6.034854366515323820e-04
5.000000000000000000e+00 -6.019606814503065733e-04
6.000000000000000000e+00 -5.921282947271636066e-04
7.000000000000000000e+00 -5.965311527364641807e-04
8.000000000000000000e+00 -5.677924414666522031e-04
9.000000000000000000e+00 -5.759709077889643095e-04
1.000000000000000000e+01 8.913183112913802527e-04
1.100000000000000000e+01 7.683025429812410283e-04
1.200000000000000000e+01 1.488407506009763030e-04
1.300000000000000000e+01 2.082553933874624070e-04
1.400000000000000000e+01 -2.372611901226911676e-04
1.500000000000000000e+01 2.376532310197361335e-04
1.600000000000000000e+01 1.183297361936785485e-03
1.700000000000000000e+01 4.402251364504798019e-04
1.800000000000000000e+01 -3.428452437933053013e-04
1.900000000000000000e+01 1.065704092378751350e-03
1.000000000000000000e+00 -5.443571879889187899e-04
2.000000000000000000e+00 2.920130780859748446e-04
3.000000000000000000e+00 -6.581107627721356551e-04
4.000000000000000000e+00 -6.574681591883555594e-04
5.000000000000000000e+00 -6.559396767775202246e-04
6.000000000000000000e+00 -5.456878803604024112e-04
7.000000000000000000e+00 -6.501955716374066855e-04
8.000000000000000000e+00 -6.187019616642799305e-04
9.000000000000000000e+00 -6.303685363166738713e-04
1.000000000000000000e+01 9.763823073407472842e-04
1.100000000000000000e+01 8.757320042428183874e-04
1.200000000000000000e+01 6.942772948678948381e-04
1.300000000000000000e+01 2.905643160979565036e-04
1.400000000000000000e+01 -6.359388481632462968e-04
1.500000000000000000e+01 -2.985800175402756598e-04
1.600000000000000000e+01 8.883313143389581995e-04
1.700000000000000000e+01 8.116923963237024061e-04
1.800000000000000000e+01 -3.589743080622751479e-04
1.900000000000000000e+01 1.338072373482334732e-03
1.000000000000000000e+00 -6.737054400114479875e-04
2.000000000000000000e+00 6.271047908859221469e-04
3.000000000000000000e+00 -6.814663237614774095e-04
4.000000000000000000e+00 -6.806663437072957160e-04
5.000000000000000000e+00 -6.804159035934102427e-04
6.000000000000000000e+00 -4.093092706229732028e-04
7.000000000000000000e+00 -6.762143259149418044e-04
8.000000000000000000e+00 -3.865347500060057153e-04
9.000000000000000000e+00 -5.748014158273118211e-04
1.000000000000000000e+01 2.593942144904224701e-04
1.100000000000000000e+01 6.342974455533677757e-04
1.200000000000000000e+01 6.960460863737011296e-04
1.300000000000000000e+01 3.976240558946015285e-05
1.400000000000000000e+01 2.106155715841919124e-04
1.500000000000000000e+01 5.193414654806922806e-04
1.600000000000000000e+01 8.684929612133318079e-04
1.700000000000000000e+01 5.523276347019304708e-04
1.800000000000000000e+01 -6.213193921276809716e-04
1.900000000000000000e+01 9.022536346327042402e-04
1.000000000000000000e+00 -6.945669652765708909e-04
2.000000000000000000e+00 5.609687631091951241e-05
3.000000000000000000e+00 -6.999244697954226050e-04
4.000000000000000000e+00 -6.994113980813705363e-04
5.000000000000000000e+00 -6.984474609654726506e-04
6.000000000000000000e+00 -5.348350279938988636e-04
7.000000000000000000e+00 -6.095219185910506852e-04
8.000000000000000000e+00 -5.574877311139360588e-04
9.000000000000000000e+00 -5.900009225469454418e-04
1.000000000000000000e+01 3.393776265032075754e-04
1.100000000000000000e+01 1.906053739255871851e-04
1.200000000000000000e+01 1.022225387331828807e-03
1.300000000000000000e+01 4.204888397220675456e-04
1.400000000000000000e+01 4.147268657304980046e-04
1.500000000000000000e+01 5.444013657317747475e-04
1.600000000000000000e+01 5.394635402564333486e-04
1.700000000000000000e+01 1.273693721051567199e-03
1.800000000000000000e+01 -1.078176071919991960e-04
1.900000000000000000e+01 2.764562899955580141e-04
1.000000000000000000e+00 -5.242940590507752475e-04
2.000000000000000000e+00 -1.286272874984991423e-05
3.000000000000000000e+00 -6.543050786101140687e-04
4.000000000000000000e+00 -6.541659203827206214e-04
5.000000000000000000e+00 -6.525311172773292636e-04
6.000000000000000000e+00 -6.504985054758098684e-04
7.000000000000000000e+00 -6.440378219405465225e-04
8.000000000000000000e+00 -6.290073193611137297e-04
9.000000000000000000e+00 -5.380692061855162122e-04
1.000000000000000000e+01 1.273189829718880716e-03
1.100000000000000000e+01 1.756431621632945235e-04
1.200000000000000000e+01 4.512568322041007472e-04
1.300000000000000000e+01 5.735109204925032409e-04
1.400000000000000000e+01 -3.971777827712307234e-04
1.500000000000000000e+01 6.176898264875396900e-04
1.600000000000000000e+01 1.256796390939570992e-03
1.700000000000000000e+01 4.988940223123799686e-04
1.800000000000000000e+01 -3.878514453400154992e-04
1.900000000000000000e+01 8.122620786565780057e-04
1.000000000000000000e+00 -6.794643664900565762e-04
2.000000000000000000e+00 2.340550924394510263e-04
3.000000000000000000e+00 -6.999991358086040316e-04
4.000000000000000000e+00 -6.995625985285793816e-04
5.000000000000000000e+00 -6.889218824519388867e-04
6.000000000000000000e+00 -6.909380735437602649e-04
7.000000000000000000e+00 -6.882081308803442632e-04
8.000000000000000000e+00 -6.704607758859193163e-04
9.000000000000000000e+00 -6.539506540272996965e-04
1.000000000000000000e+01 1.908726382457966793e-04
1.100000000000000000e+01 1.904376006524301983e-04
1.200000000000000000e+01 1.080549170946330751e-03
1.300000000000000000e+01 9.161481642595636172e-04
1.400000000000000000e+01 -5.511123564765912789e-04
1.500000000000000000e+01 4.455718306341920369e-04
1.600000000000000000e+01 8.347793408766182848e-04
1.700000000000000000e+01 7.642598383459187159e-04
1.800000000000000000e+01 -3.966247265757853117e-04
1.900000000000000000e+01 1.652249258688974270e-03
1.000000000000000000e+00 -7.026469297049644028e-04
2.000000000000000000e+00 1.035586342839250277e-03
3.000000000000000000e+00 -7.219225498780758570e-04
4.000000000000000000e+00 -7.217546214013238585e-04
5.000000000000000000e+00 -7.209402124986796691e-04
6.000000000000000000e+00 -5.814749396290156639e-04
7.000000000000000000e+00 -6.985437581637881895e-04
8.000000000000000000e+00 -6.939757542380420264e-04
9.000000000000000000e+00 -6.979386821792222346e-04
1.000000000000000000e+01 3.985618946665880685e-04
1.100000000000000000e+01 3.514013046226386835e-04
1.200000000000000000e+01 7.798724421211516772e-04
1.300000000000000000e+01 6.969089317749273867e-04
1.400000000000000000e+01 4.147014395466815627e-04
1.500000000000000000e+01 -6.195466237161885404e-05
1.600000000000000000e+01 6.608198807664005577e-04
1.700000000000000000e+01 6.594132317771270830e-04
1.800000000000000000e+01 -2.566507218904321200e-04
1.900000000000000000e+01 7.868492962822660293e-04
1.000000000000000000e+00 -6.178069601359623131e-04
2.000000000000000000e+00 1.950165270964360556e-03
3.000000000000000000e+00 -6.601329509065940408e-04
4.000000000000000000e+00 -6.596767758180660307e-04
5.000000000000000000e+00 -6.590860675067695138e-04
6.000000000000000000e+00 -4.827026053123964532e-04
7.000000000000000000e+00 -6.402583424903189775e-04
8.000000000000000000e+00 -3.973162544754245537e-04
9.000000000000000000e+00 -5.078089023527300808e-04
1.000000000000000000e+01 1.036967382507590727e-04
1.100000000000000000e+01 7.784537831193487963e-04
1.200000000000000000e+01 2.736860697759662363e-04
1.300000000000000000e+01 3.145526062094690226e-04
1.400000000000000000e+01 3.506867447632816548e-04
1.500000000000000000e+01 7.680259221422201202e-06
1.600000000000000000e+01 5.743559558294478434e-04
1.700000000000000000e+01 9.778673896917184499e-04
1.800000000000000000e+01 -3.257531671737564694e-04
1.900000000000000000e+01 -4.572883166516325711e-04
1.000000000000000000e+00 -6.323414991389655340e-04
2.000000000000000000e+00 -1.746039467867135995e-04
3.000000000000000000e+00 -6.438869833647718624e-04
4.000000000000000000e+00 -6.438869833647718624e-04
5.000000000000000000e+00 -6.437478251373783067e-04
6.000000000000000000e+00 -6.291774641647064235e-04
7.000000000000000000e+00 -4.803135196177934618e-04
8.000000000000000000e+00 -6.234827911906216632e-04
9.000000000000000000e+00 -6.195193406848042766e-04
1.000000000000000000e+01 5.366238245420562299e-04
1.100000000000000000e+01 9.777604425087521242e-04
1.200000000000000000e+01 8.938987243548819151e-04
1.300000000000000000e+01 6.337342686471902692e-04
1.400000000000000000e+01 -1.669628287780352595e-04
1.500000000000000000e+01 4.026801542085240836e-04
1.600000000000000000e+01 3.248121001683392330e-04
1.700000000000000000e+01 1.833199913746375856e-03
1.800000000000000000e+01 -1.227287975837518729e-04
1.900000000000000000e+01 -3.228588294777081768e-04
1.000000000000000000e+00 -6.374838883422619422e-04
2.000000000000000000e+00 1.088441395407080013e-03
3.000000000000000000e+00 -6.555417790526695335e-04
4.000000000000000000e+00 -6.545169188366328165e-04
5.000000000000000000e+00 -6.537448999798800564e-04
6.000000000000000000e+00 -5.110332651136659764e-04
7.000000000000000000e+00 -6.448460438821444719e-04
8.000000000000000000e+00 -5.061477084226045182e-04
9.000000000000000000e+00 -5.212706848321693818e-04
1.000000000000000000e+01 4.328963541352281378e-04
1.100000000000000000e+01 8.096508693300804172e-05
1.200000000000000000e+01 1.159737272450100308e-04
1.300000000000000000e+01 1.929585969669126615e-04
1.400000000000000000e+01 -3.970749349973461757e-04
1.500000000000000000e+01 -9.482003827842404027e-05
1.600000000000000000e+01 7.942008284668123025e-04
1.700000000000000000e+01 4.957880079994298307e-04
1.800000000000000000e+01 1.673968384828288989e-04
1.900000000000000000e+01 1.810265872305989732e-03
1.000000000000000000e+00 -6.545101625559205131e-04
2.000000000000000000e+00 -6.428587698748150796e-05
3.000000000000000000e+00 -6.646635223328797642e-04
4.000000000000000000e+00 -6.646635223328797642e-04
5.000000000000000000e+00 -6.646635223328797642e-04
6.000000000000000000e+00 -6.523762011301174196e-04
7.000000000000000000e+00 -6.535217041707535061e-04
8.000000000000000000e+00 -6.373207758318081163e-04
9.000000000000000000e+00 -6.496329454611190395e-04
1.000000000000000000e+01 1.790554718354014701e-03
1.100000000000000000e+01 6.211501002437170823e-04
1.200000000000000000e+01 6.168397168381283468e-04
1.300000000000000000e+01 9.322704343987787924e-04
1.400000000000000000e+01 -4.342757955968401160e-04
1.500000000000000000e+01 6.851309155046141162e-05
1.600000000000000000e+01 7.092697219261436502e-04
1.700000000000000000e+01 6.583860532126136313e-04
1.800000000000000000e+01 1.440737918843972628e-04
1.900000000000000000e+01 7.310108783942021653e-05
1.000000000000000000e+00 -6.315428429446338183e-04
2.000000000000000000e+00 9.672806242002497245e-05
3.000000000000000000e+00 -6.577573294071669329e-04
4.000000000000000000e+00 -6.575797778115480665e-04
5.000000000000000000e+00 -6.576181711797733772e-04
6.000000000000000000e+00 -6.306617838592404541e-04
7.000000000000000000e+00 -6.419625331151717360e-04
8.000000000000000000e+00 -6.215536119709564981e-04
9.000000000000000000e+00 -4.704747120226403603e-04
1.000000000000000000e+01 1.442717821320662784e-03
1.100000000000000000e+01 8.085768134059380689e-04
1.200000000000000000e+01 3.346757366369649579e-04
1.300000000000000000e+01 1.556081534323561536e-04
1.400000000000000000e+01 2.060138020451476708e-04
1.500000000000000000e+01 4.161854746816572221e-04
1.600000000000000000e+01 2.261011339470641701e-04
1.700000000000000000e+01 8.604946318979035278e-04
1.800000000000000000e+01 -3.729683455652403200e-04
1.900000000000000000e+01 6.639334749207573575e-04
