1.000000000000000000e+00 -2.192291757034053412e-04
2.000000000000000000e+00 3.974655458712712569e-04
3.000000000000000000e+00 -2.193907788061849324e-04
4.000000000000000000e+00 -2.193907788061849324e-04
5.000000000000000000e+00 -2.193907788061849324e-04
6.000000000000000000e+00 -2.009682958528896494e-04
7.000000000000000000e+00 -2.084975326188210970e-04
8.000000000000000000e+00 -1.826012999427441264e-04
9.000000000000000000e+00 -1.625841130720895203e-04
1.000000000000000000e+01 1.520695600561146950e-04
1.100000000000000000e+01 7.645875251578612653e-05
1.200000000000000000e+01 2.593799565947180002e-04
1.300000000000000000e+01 1.575167313676251678e-04
1.400000000000000000e+01 -1.022750923315474429e-04
1.500000000000000000e+01 2.390059170308488599e-04
1.600000000000000000e+01 6.774170576302233500e-06
1.700000000000000000e+01 1.782067303980334853e-04
1.800000000000000000e+01 -1.456662374562110501e-04
1.900000000000000000e+01 3.968928949494965439e-04
1.000000000000000000e+00 -9.283817689744701602e-05
2.000000000000000000e+00 3.112184494656807529e-04
3.000000000000000000e+00 -2.048113418095048822e-04
4.000000000000000000e+00 -2.048113418095048822e-04
5.000000000000000000e+00 -2.046886431573944644e-04
6.000000000000000000e+00 -1.472704515217658494e-04
7.000000000000000000e+00 -2.045816559180542850e-04
8.000000000000000000e+00 -1.429176693897470020e-04
9.000000000000000000e+00 -1.962353356494650979e-04
1.000000000000000000e+01 8.674492430496685618e-05
1.100000000000000000e+01 1.258366434996368427e-04
1.200000000000000000e+01 1.078538884495721165e-04
1.300000000000000000e+01 2.040762699861392961e-04
1.400000000000000000e+01 -1.293166011273715196e-04
1.500000000000000000e+01 6.820873532658783592e-05
1.600000000000000000e+01 2.294446602164166194e-04
1.700000000000000000e+01 2.134487360007965024e-04
1.800000000000000000e+01 -1.554861022484438241e-04
1.900000000000000000e+01 3.213120118391508376e-04
1.000000000000000000e+00 -2.123190316829047649e-04
2.000000000000000000e+00 2.704960648049034209e-04
3.000000000000000000e+00 -2.124496394815797754e-04
4.000000000000000000e+00 -2.124496394815797754e-04
5.000000000000000000e+00 -2.124496394815797754e-04
6.000000000000000000e+00 -2.095847891902588968e-04
7.000000000000000000e+00 -1.765132741947242942e-04
8.000000000000000000e+00 -1.950113497393684680e-04
9.000000000000000000e+00 -2.110291589304763929e-04
1.000000000000000000e+01 5.663994986526845561e-05
1.100000000000000000e+01 2.209411099304620020e-04
1.200000000000000000e+01 4.426516119284419198e-05
1.300000000000000000e+01 -6.744633066924487911e-05
1.400000000000000000e+01 -1.605579707242173724e-04
1.500000000000000000e+01 1.995805329881728939e-04
1.600000000000000000e+01 5.785488554387752808e-04
1.700000000000000000e+01 2.460147055797724715e-04
1.800000000000000000e+01 -8.745660559473103035e-05
1.900000000000000000e+01 3.233229088687337646e-04
1.000000000000000000e+00 -1.968889216907517589e-04
2.000000000000000000e+00 2.400440232059823501e-04
3.000000000000000000e+00 -2.294281116602822840e-04
4.000000000000000000e+00 -2.294281116602822840e-04
5.000000000000000000e+00 -2.294281116602822840e-04
6.000000000000000000e+00 -2.027749125502887456e-04
7.000000000000000000e+00 -2.274163026631791660e-04
8.000000000000000000e+00 -1.900691502641236393e-04
9.000000000000000000e+00 -1.878686848592588197e-04
1.000000000000000000e+01 2.059443219636732840e-04
1.100000000000000000e+01 3.613336839416074975e-06
1.200000000000000000e+01 2.665177832243353123e-05
1.300000000000000000e+01 2.472198867744805429e-06
1.400000000000000000e+01 -1.265333882514708659e-04
1.500000000000000000e+01 2.107797909929957621e-05
1.600000000000000000e+01 4.254933731970526748e-04
1.700000000000000000e+01 5.556473961707620771e-05
1.800000000000000000e+01 -1.169598482231444493e-04
1.900000000000000000e+01 9.069008528694944091e-04
1.000000000000000000e+00 -2.057757372467297033e-04
2.000000000000000000e+00 3.153568935940490514e-04
3.000000000000000000e+00 -2.105009049620934828e-04
4.000000000000000000e+00 -2.105009049620934828e-04
5.000000000000000000e+00 -2.105009049620934828e-04
6.000000000000000000e+00 -2.093981846716981435e-04
7.000000000000000000e+00 -2.083593645852589845e-04
8.000000000000000000e+00 -1.513638881225103290e-04
9.000000000000000000e+00 -2.098955346088239885e-04
1.000000000000000000e+01 9.316975603839183263e-05
1.100000000000000000e+01 2.426903967822364029e-04
1.200000000000000000e+01 1.716001458686860505e-04
1.300000000000000000e+01 2.136039134603203587e-04
1.400000000000000000e+01 1.915881043134184405e-04
1.500000000000000000e+01 3.008483606276979414e-04
1.600000000000000000e+01 1.000869398077502855e-05
1.700000000000000000e+01 1.017932247581842788e-04
1.800000000000000000e+01 -1.255046917960830075e-04
1.900000000000000000e+01 8.866944500108518972e-05
1.000000000000000000e+00 -2.070592014163380597e-04
2.000000000000000000e+00 3.731818662344302587e-04
3.000000000000000000e+00 -2.071759147683455257e-04
4.000000000000000000e+00 -2.071759147683455257e-04
5.000000000000000000e+00 -2.071759147683455257e-04
6.000000000000000000e+00 -1.911312522776046057e-04
7.000000000000000000e+00 -1.998654782912423847e-04
8.000000000000000000e+00 -1.706419093311538273e-04
9.000000000000000000e+00 -1.304855163867706732e-04
1.000000000000000000e+01 9.915618691106687570e-05
1.100000000000000000e+01 2.753237710376398831e-04
1.200000000000000000e+01 1.728309262011312362e-04
1.300000000000000000e+01 2.257588581542186411e-04
1.400000000000000000e+01 -1.461890726768458435e-04
1.500000000000000000e+01 -5.898756022005731799e-05
1.600000000000000000e+01 1.144494454480044523e-04
1.700000000000000000e+01 3.242819510710073165e-04
1.800000000000000000e+01 -7.947462897076202086e-05
1.900000000000000000e+01 1.842590543769298376e-04
1.000000000000000000e+00 -2.065877318329638237e-04
2.000000000000000000e+00 3.258702997216955102e-04
3.000000000000000000e+00 -2.136986424365214742e-04
4.000000000000000000e+00 -2.136986424365214742e-04
5.000000000000000000e+00 -2.136986424365214742e-04
6.000000000000000000e+00 -2.131808459628426529e-04
7.000000000000000000e+00 -2.135370393337419101e-04
8.000000000000000000e+00 -2.104872568721947448e-04
9.000000000000000000e+00 -1.648257016518159756e-04
1.000000000000000000e+01 2.332719973185890243e-04
1.100000000000000000e+01 1.427635471913027822e-04
1.200000000000000000e+01 3.136930357111415973e-04
1.300000000000000000e+01 1.746332428657850931e-04
1.400000000000000000e+01 1.019513449981666588e-04
1.500000000000000000e+01 -3.465634695090882482e-06
1.600000000000000000e+01 2.683091076255826493e-04
1.700000000000000000e+01 9.736639421735750438e-05
1.800000000000000000e+01 -1.759778132057213888e-04
1.900000000000000000e+01 1.622210833496523931e-04
1.000000000000000000e+00 -2.536516021024475182e-04
2.000000000000000000e+00 2.037638482139131227e-04
3.000000000000000000e+00 -2.555540297401692707e-04
4.000000000000000000e+00 -2.555540297401692707e-04
5.000000000000000000e+00 -2.552330680221487325e-04
6.000000000000000000e+00 -2.554373163881617777e-04
7.000000000000000000e+00 -2.455631452744948739e-04
8.000000000000000000e+00 -1.981936749533439119e-04
9.000000000000000000e+00 -2.528501704186628986e-04
1.000000000000000000e+01 4.739591047251975691e-04
1.100000000000000000e+01 9.643482006030514942e-05
1.200000000000000000e+01 4.018365479483959461e-04
1.300000000000000000e+01 -7.801897401883905135e-05
1.400000000000000000e+01 -1.076591617513813798e-04
1.500000000000000000e+01 1.081550848336990496e-04
1.600000000000000000e+01 3.906254172146806855e-04
1.700000000000000000e+01 2.019849972325521740e-04
1.800000000000000000e+01 -1.492520606230741335e-04
1.900000000000000000e+01 4.085352215241148249e-04
1.000000000000000000e+00 -2.009507575061569818e-04
2.000000000000000000e+00 2.050070890334369247e-04
3.000000000000000000e+00 -2.009507575061569818e-04
4.000000000000000000e+00 -2.009507575061569818e-04
5.000000000000000000e+00 -2.009507575061569818e-04
6.000000000000000000e+00 -1.342774175162535330e-04
7.000000000000000000e+00 -2.009507575061569818e-04
8.000000000000000000e+00 -1.805064678126602556e-04
9.000000000000000000e+00 -2.009507575061569818e-04
1.000000000000000000e+01 4.433990057245682003e-04
1.100000000000000000e+01 2.449372157063586211e-04
1.200000000000000000e+01 1.284409322531608274e-04
1.300000000000000000e+01 6.667832047831313185e-05
1.400000000000000000e+01 -9.845476520335962284e-05
1.500000000000000000e+01 -7.145351895511680308e-05
1.600000000000000000e+01 2.580107979888357408e-04
1.700000000000000000e+01 3.378177735179489880e-04
1.800000000000000000e+01 -1.959141668465013179e-04
1.900000000000000000e+01 1.893627753715338726e-04
1.000000000000000000e+00 -1.965034799170360419e-04
2.000000000000000000e+00 2.276040049014471187e-05
3.000000000000000000e+00 -1.967488772212568776e-04
4.000000000000000000e+00 -1.967488772212568776e-04
5.000000000000000000e+00 -1.967488772212568776e-04
6.000000000000000000e+00 -1.930120095138009354e-04
7.000000000000000000e+00 -1.941522545265949575e-04
8.000000000000000000e+00 -9.413469311197473273e-05
9.000000000000000000e+00 -1.381504189478199277e-04
1.000000000000000000e+01 1.392658350960315674e-04
1.100000000000000000e+01 2.472736511356829719e-04
1.200000000000000000e+01 1.642501256205242447e-04
1.300000000000000000e+01 2.286332772975909811e-04
1.400000000000000000e+01 1.213908415141335512e-04
1.500000000000000000e+01 9.724428771033757533e-05
1.600000000000000000e+01 2.712032850826476185e-04
1.700000000000000000e+01 1.945100119432960763e-04
1.800000000000000000e+01 -1.782051433588955475e-04
1.900000000000000000e+01 9.729444496319014819e-05
1.000000000000000000e+00 -2.391078396512505595e-04
2.000000000000000000e+00 2.861121915395357929e-04
3.000000000000000000e+00 -2.401729523059990628e-04
4.000000000000000000e+00 -2.401729523059990628e-04
5.000000000000000000e+00 -2.401729523059990628e-04
6.000000000000000000e+00 -2.335555795734302461e-04
7.000000000000000000e+00 -2.401437059532232957e-04
8.000000000000000000e+00 -1.201362157776658934e-04
9.000000000000000000e+00 -2.400622242540945215e-04
1.000000000000000000e+01 1.848206978637627178e-04
1.100000000000000000e+01 5.239560563480489576e-05
1.200000000000000000e+01 5.002190782565156096e-05
1.300000000000000000e+01 1.426834579272442493e-04
1.400000000000000000e+01 -8.237564317712790004e-05
1.500000000000000000e+01 3.870795414007465796e-04
1.600000000000000000e+01 2.244237709749428392e-04
1.700000000000000000e+01 2.109207094197386044e-04
1.800000000000000000e+01 -1.922244897041751137e-04
1.900000000000000000e+01 5.109733292405830001e-04
1.000000000000000000e+00 -2.275317745368633034e-04
2.000000000000000000e+00 5.525365189144090111e-04
3.000000000000000000e+00 -2.275991091630214641e-04
4.000000000000000000e+00 -2.275991091630214641e-04
5.000000000000000000e+00 -2.275991091630214641e-04
6.000000000000000000e+00 -2.275542194122493660e-04
7.000000000000000000e+00 -1.683454203137443688e-04
8.000000000000000000e+00 -1.313484167726231846e-04
9.000000000000000000e+00 -1.867450677413845929e-04
1.000000000000000000e+01 2.642259837198629316e-04
1.100000000000000000e+01 5.558630680871528055e-05
1.200000000000000000e+01 2.745755072808438429e-04
1.300000000000000000e+01 1.186819817898512246e-04
1.400000000000000000e+01 -6.270985137519970181e-06
1.500000000000000000e+01 2.460946661583884127e-04
1.600000000000000000e+01 3.999858150568096147e-05
1.700000000000000000e+01 5.589862181695315850e-05
1.800000000000000000e+01 -7.196338789563994033e-05
1.900000000000000000e+01 8.167364423607651597e-05
1.000000000000000000e+00 -2.096440691392594902e-04
2.000000000000000000e+00 3.714987466106865776e-04
3.000000000000000000e+00 -2.098831818783722359e-04
4.000000000000000000e+00 -2.098831818783722359e-04
5.000000000000000000e+00 -2.097664685263647699e-04
6.000000000000000000e+00 -1.849376481093090673e-04
7.000000000000000000e+00 -2.085191449964325584e-04
8.000000000000000000e+00 -1.498537416587900225e-04
9.000000000000000000e+00 -1.496725343540780207e-04
1.000000000000000000e+01 9.100714749470890171e-05
1.100000000000000000e+01 2.627974486915868129e-04
1.200000000000000000e+01 4.405489166754442891e-05
1.300000000000000000e+01 5.362115641380879892e-05
1.400000000000000000e+01 1.354406777167048220e-05
1.500000000000000000e+01 3.897175699206182763e-04
1.600000000000000000e+01 2.046987326453236246e-04
1.700000000000000000e+01 1.603355642127664619e-04
1.800000000000000000e+01 -1.782233292087941816e-04
1.900000000000000000e+01 1.077339660904512968e-04
1.000000000000000000e+00 -2.222211913420002536e-04
2.000000000000000000e+00 3.238629016603453018e-04
3.000000000000000000e+00 -2.222211913420002536e-04
4.000000000000000000e+00 -2.222211913420002536e-04
5.000000000000000000e+00 -2.222211913420002536e-04
6.000000000000000000e+00 -2.176082026603841282e-04
7.000000000000000000e+00 -2.167890117225141548e-04
8.000000000000000000e+00 -2.163534915837295809e-04
9.000000000000000000e+00 -2.124536984862721110e-04
1.000000000000000000e+01 1.800453678031153719e-04
1.100000000000000000e+01 1.841770371344675339e-04
1.200000000000000000e+01 2.506520696997789057e-04
1.300000000000000000e+01 8.289425074277415888e-06
1.400000000000000000e+01 -5.876858773557007534e-05
1.500000000000000000e+01 2.619427529686283460e-04
1.600000000000000000e+01 3.508592865778771747e-04
1.700000000000000000e+01 3.548887654796437910e-04
1.800000000000000000e+01 -1.555065606567813616e-04
1.900000000000000000e+01 3.027933554578150438e-05
1.000000000000000000e+00 -1.666926409205172295e-04
2.000000000000000000e+00 8.200767263345836106e-05
3.000000000000000000e+00 -2.290036051922657973e-04
4.000000000000000000e+00 -2.290036051922657973e-04
5.000000000000000000e+00 -2.289811603168797618e-04
6.000000000000000000e+00 -1.607551337252700896e-04
7.000000000000000000e+00 -1.170288676876840236e-04
8.000000000000000000e+00 -1.585173932418594859e-04
9.000000000000000000e+00 -2.198974811964359271e-04
1.000000000000000000e+01 9.172387388467144302e-05
1.100000000000000000e+01 -5.264197511332619151e-06
1.200000000000000000e+01 2.014894620600058794e-04
1.300000000000000000e+01 1.734413762968332743e-04
1.400000000000000000e+01 1.440895586194222266e-04
1.500000000000000000e+01 -4.412476883836256272e-05
1.600000000000000000e+01 1.105716627540486721e-04
1.700000000000000000e+01 4.212775250508377263e-04
1.800000000000000000e+01 1.775930201652963858e-04
1.900000000000000000e+01 1.508205206499653840e-04
1.000000000000000000e+00 -2.034804251614454615e-04
2.000000000000000000e+00 3.802355757013307718e-04
3.000000000000000000e+00 -2.040288962981518872e-04
4.000000000000000000e+00 -2.040288962981518872e-04
5.000000000000000000e+00 -2.040288962981518872e-04
6.000000000000000000e+00 -1.508919607912831244e-04
7.000000000000000000e+00 -1.788382644898730211e-04
8.000000000000000000e+00 -1.081552470456511179e-04
9.000000000000000000e+00 -1.049600347458262093e-04
1.000000000000000000e+01 -8.856916673056237910e-05
1.100000000000000000e+01 9.871772402601412073e-05
1.200000000000000000e+01 3.551649788129338523e-04
1.300000000000000000e+01 5.298163712979477751e-05
1.400000000000000000e+01 -6.682681407732689836e-05
1.500000000000000000e+01 1.124055019288208181e-04
1.600000000000000000e+01 2.298546685508269071e-04
1.700000000000000000e+01 1.926700151517585203e-04
1.800000000000000000e+01 -9.669234241459686847e-05
1.900000000000000000e+01 1.587625562962303625e-04
1.000000000000000000e+00 -2.291866310653710046e-04
2.000000000000000000e+00 4.217787401725673745e-04
3.000000000000000000e+00 -2.294607578100859929e-04
4.000000000000000000e+00 -2.294607578100859929e-04
5.000000000000000000e+00 -2.294607578100859929e-04
6.000000000000000000e+00 -2.264684057280980513e-04
7.000000000000000000e+00 -2.291884266554018875e-04
8.000000000000000000e+00 -1.939499848734603559e-04
9.000000000000000000e+00 -1.538322802982235562e-04
1.000000000000000000e+01 1.343565795366630971e-04
1.100000000000000000e+01 1.538229444864516596e-04
1.200000000000000000e+01 1.723885059966324022e-06
1.300000000000000000e+01 3.408469613514393277e-04
1.400000000000000000e+01 -1.536934695427977302e-04
1.500000000000000000e+01 1.933203117260225980e-04
1.600000000000000000e+01 1.171034234119444151e-04
1.700000000000000000e+01 1.971160129607355135e-04
1.800000000000000000e+01 -3.047263736282679654e-06
1.900000000000000000e+01 2.922588855781118656e-04
1.000000000000000000e+00 -2.057656965269533079e-04
2.000000000000000000e+00 2.725905388800241714e-04
3.000000000000000000e+00 -2.059706930554792254e-04
4.000000000000000000e+00 -2.059706930554792254e-04
5.000000000000000000e+00 -2.059706930554792254e-04
6.000000000000000000e+00 -2.058599650035747113e-04
7.000000000000000000e+00 -2.059332849298358239e-04
8.000000000000000000e+00 -1.974940866009316023e-04
9.000000000000000000e+00 -1.927626320533005891e-04
1.000000000000000000e+01 2.986021654776475605e-04
1.100000000000000000e+01 1.543567535013274652e-04
1.200000000000000000e+01 1.863443366775981711e-04
1.300000000000000000e+01 1.382751747953026760e-04
1.400000000000000000e+01 -5.140974090402434058e-06
1.500000000000000000e+01 -6.012721018417053966e-05
1.600000000000000000e+01 -1.278965057197971650e-05
1.700000000000000000e+01 3.559754725570943323e-04
1.800000000000000000e+01 -1.531976680785068941e-04
1.900000000000000000e+01 4.354509229561773459e-04
1.000000000000000000e+00 -2.329109981831555074e-04
2.000000000000000000e+00 4.167050104779572222e-04
3.000000000000000000e+00 -2.340676574280500355e-04
4.000000000000000000e+00 -2.340676574280500355e-04
5.000000000000000000e+00 -2.340676574280500355e-04
6.000000000000000000e+00 -4.863208838179988952e-05
7.000000000000000000e+00 -1.859999118112848208e-04
8.000000000000000000e+00 -2.273229224970406057e-04
9.000000000000000000e+00 -2.166898373541515375e-04
1.000000000000000000e+01 1.615386607675710546e-04
1.100000000000000000e+01 1.077716991579082400e-05
1.200000000000000000e+01 -4.482114252693962178e-05
1.300000000000000000e+01 -1.070474301620896442e-04
1.400000000000000000e+01 -1.270493654058880387e-04
1.500000000000000000e+01 1.892779075905050941e-04
1.600000000000000000e+01 4.984270091653326268e-04
1.700000000000000000e+01 2.111899087096115186e-04
1.800000000000000000e+01 -8.802688433723674082e-05
1.900000000000000000e+01 4.594284783864817476e-04
1.000000000000000000e+00 -2.012999450673484876e-04
2.000000000000000000e+00 -7.968007776845881013e-05
3.000000000000000000e+00 -2.077645679535400044e-04
4.000000000000000000e+00 -2.077645679535400044e-04
5.000000000000000000e+00 -2.077645679535400044e-04
6.000000000000000000e+00 -9.109273788124105454e-05
7.000000000000000000e+00 -2.072372630144703458e-04
8.000000000000000000e+00 -1.208543830041393819e-04
9.000000000000000000e+00 -1.436328935277479224e-04
1.000000000000000000e+01 1.591162737757279174e-04
1.100000000000000000e+01 1.748505463967025902e-04
1.200000000000000000e+01 2.707989797060283716e-04
1.300000000000000000e+01 1.546943500880186670e-04
1.400000000000000000e+01 -9.235961769823127008e-05
1.500000000000000000e+01 2.257869903444583326e-04
1.600000000000000000e+01 1.469860647502582779e-05
1.700000000000000000e+01 2.561229638345497816e-04
1.800000000000000000e+01 -1.616629689932317618e-04
1.900000000000000000e+01 4.490353674155067912e-04
1.000000000000000000e+00 -2.211254807231445812e-04
2.000000000000000000e+00 3.969534430461320681e-05
3.000000000000000000e+00 -2.213058413289253467e-04
4.000000000000000000e+00 -2.213058413289253467e-04
5.000000000000000000e+00 -2.213058413289253467e-04
6.000000000000000000e+00 -1.427051346644932033e-04
7.000000000000000000e+00 -2.211831426768149289e-04
8.000000000000000000e+00 -1.815189329758405245e-04
9.000000000000000000e+00 -2.210794687286031610e-04
1.000000000000000000e+01 1.355087999990764013e-04
1.100000000000000000e+01 1.439022286756297885e-04
1.200000000000000000e+01 1.848364687198700361e-04
1.300000000000000000e+01 3.236627232294603750e-04
1.400000000000000000e+01 3.092676845474626656e-04
1.500000000000000000e+01 -2.876398241614889481e-05
1.600000000000000000e+01 2.213985299300956109e-04
1.700000000000000000e+01 2.928246147690685111e-04
1.800000000000000000e+01 -3.560004698892657555e-05
1.900000000000000000e+01 3.718570653955748204e-05
1.000000000000000000e+00 -2.088961601996700446e-04
2.000000000000000000e+00 4.736141041153168682e-04
3.000000000000000000e+00 -2.090849964179180166e-04
4.000000000000000000e+00 -2.090849964179180166e-04
5.000000000000000000e+00 -2.090849964179180166e-04
6.000000000000000000e+00 -2.073385674656067032e-04
7.000000000000000000e+00 -2.043474108753789271e-04
8.000000000000000000e+00 -2.090849964179180166e-04
9.000000000000000000e+00 -1.693965846979731055e-04
1.000000000000000000e+01 6.068274645780658325e-05
1.100000000000000000e+01 2.637256981000777722e-04
1.200000000000000000e+01 2.687201708461364616e-04
1.300000000000000000e+01 -5.818164459544855529e-05
1.400000000000000000e+01 2.599678735046108738e-04
1.500000000000000000e+01 -5.089692677151504889e-05
1.600000000000000000e+01 6.778444475855028781e-05
1.700000000000000000e+01 2.057183490494306330e-04
1.800000000000000000e+01 -1.139132488928607537e-04
1.900000000000000000e+01 2.115679191684004528e-04
1.000000000000000000e+00 -1.926838250153549675e-04
2.000000000000000000e+00 1.223882989963974866e-04
3.000000000000000000e+00 -1.977653374678305098e-04
4.000000000000000000e+00 -1.977653374678305098e-04
5.000000000000000000e+00 -1.977653374678305098e-04
6.000000000000000000e+00 -1.258551080821109359e-04
7.000000000000000000e+00 -1.962286116663988246e-04
8.000000000000000000e+00 -1.868915435058012746e-04
9.000000000000000000e+00 -1.856368749717209542e-04
1.000000000000000000e+01 9.156015013096791705e-05
1.100000000000000000e+01 6.050267564181735985e-05
1.200000000000000000e+01 5.650017960924708283e-05
1.300000000000000000e+01 -1.396658464144536983e-05
1.400000000000000000e+01 -1.237173237913338818e-04
1.500000000000000000e+01 2.424236456223203553e-04
1.600000000000000000e+01 3.617152653496621397e-04
1.700000000000000000e+01 3.022977691171223487e-04
1.800000000000000000e+01 -8.873152904676721159e-05
1.900000000000000000e+01 4.502405232485731310e-04
1.000000000000000000e+00 -2.030312524322854439e-04
2.000000000000000000e+00 1.661323262452245623e-04
3.000000000000000000e+00 -2.030312524322854439e-04
4.000000000000000000e+00 -2.030312524322854439e-04
5.000000000000000000e+00 -2.030312524322854439e-04
6.000000000000000000e+00 -1.715964562916069442e-04
7.000000000000000000e+00 -2.002051669823609744e-04
8.000000000000000000e+00 -1.182595878347774711e-04
9.000000000000000000e+00 -1.432550060751567450e-04
1.000000000000000000e+01 1.793405554510313620e-04
1.100000000000000000e+01 1.419121102108472903e-04
1.200000000000000000e+01 2.141635274071574866e-04
1.300000000000000000e+01 1.145309332607051691e-04
1.400000000000000000e+01 2.003036127751531661e-04
1.500000000000000000e+01 -4.164754034046117302e-05
1.600000000000000000e+01 5.507416301248726543e-05
1.700000000000000000e+01 2.951250982975946505e-04
1.800000000000000000e+01 -1.893978914290941451e-04
1.900000000000000000e+01 2.998143221203311949e-04
1.000000000000000000e+00 -2.076967159555577502e-04
2.000000000000000000e+00 4.177588330706636754e-04
3.000000000000000000e+00 -2.128268589713697525e-04
4.000000000000000000e+00 -2.128268589713697525e-04
5.000000000000000000e+00 -2.128268589713697525e-04
6.000000000000000000e+00 -8.452511470600319464e-05
7.000000000000000000e+00 -2.128268589713697525e-04
8.000000000000000000e+00 -2.090530773789606937e-04
9.000000000000000000e+00 -2.122606495816309476e-04
1.000000000000000000e+01 1.152845720812377585e-04
1.100000000000000000e+01 5.213983677125477457e-05
1.200000000000000000e+01 1.304681176076541232e-04
1.300000000000000000e+01 2.053044145681855105e-04
1.400000000000000000e+01 -6.165700116129006780e-05
1.500000000000000000e+01 -1.932977452286183199e-05
1.600000000000000000e+01 4.011999986685297546e-05
1.700000000000000000e+01 3.537194560353705509e-04
1.800000000000000000e+01 -1.312539412916409172e-04
1.900000000000000000e+01 4.523888961340912147e-04
1.000000000000000000e+00 -1.927139851643175112e-04
2.000000000000000000e+00 1.611300140804891048e-04
3.000000000000000000e+00 -1.927139851643175112e-04
4.000000000000000000e+00 -1.927139851643175112e-04
5.000000000000000000e+00 -1.927139851643175112e-04
6.000000000000000000e+00 -1.059853543180396121e-04
7.000000000000000000e+00 -1.927139851643175112e-04
8.000000000000000000e+00 -1.877408809265073743e-04
9.000000000000000000e+00 -1.908016817814258759e-04
1.000000000000000000e+01 3.022511908053809523e-04
1.100000000000000000e+01 2.811404150316718802e-04
1.200000000000000000e+01 1.928370346982173460e-04
1.300000000000000000e+01 1.737925899980883682e-04
1.400000000000000000e+01 -8.653411319724832289e-05
1.500000000000000000e+01 -8.055225384168653220e-05
1.600000000000000000e+01 3.376461551834962472e-05
1.700000000000000000e+01 4.296158669771960883e-04
1.800000000000000000e+01 -1.084488494285935467e-04
1.900000000000000000e+01 1.436509002846752278e-04
1.000000000000000000e+00 -2.071179248299454163e-04
2.000000000000000000e+00 1.802592961957349548e-04
3.000000000000000000e+00 -2.075264215619715608e-04
4.000000000000000000e+00 -2.075264215619715608e-04
5.000000000000000000e+00 -2.075264215619715608e-04
6.000000000000000000e+00 -2.075264215619715608e-04
7.000000000000000000e+00 -6.481814522051592654e-07
8.000000000000000000e+00 -1.965912782738870896e-04
9.000000000000000000e+00 -2.007578542541885755e-04
1.000000000000000000e+01 2.808492402528026859e-04
1.100000000000000000e+01 1.817690736453078432e-04
1.200000000000000000e+01 2.013612788395597306e-04
1.300000000000000000e+01 3.754367767756272610e-04
1.400000000000000000e+01 6.988316023774862888e-05
1.500000000000000000e+01 -3.670423671693493953e-05
1.600000000000000000e+01 9.191891812753482456e-05
1.700000000000000000e+01 1.609507773847836164e-04
1.800000000000000000e+01 -9.361036278904555634e-05
1.900000000000000000e+01 1.376668254268400815e-05
1.000000000000000000e+00 -2.066449988630274963e-04
2.000000000000000000e+00 3.362533467791071736e-04
3.000000000000000000e+00 -2.121163113196340667e-04
4.000000000000000000e+00 -2.121163113196340667e-04
5.000000000000000000e+00 -2.117078145876079222e-04
6.000000000000000000e+00 -1.826314381247225302e-04
7.000000000000000000e+00 -2.026726234381237036e-04
8.000000000000000000e+00 -1.817298096099163743e-04
9.000000000000000000e+00 -1.371757290261105982e-04
1.000000000000000000e+01 8.617011886558501466e-05
1.100000000000000000e+01 6.434760469975761901e-06
1.200000000000000000e+01 3.371568533524551821e-04
1.300000000000000000e+01 1.068642153211835978e-05
1.400000000000000000e+01 -7.958478148418267968e-05
1.500000000000000000e+01 2.159584619916832260e-04
1.600000000000000000e+01 4.688265368075261513e-04
1.700000000000000000e+01 1.087649687073593272e-04
1.800000000000000000e+01 -1.303191603293336821e-04
1.900000000000000000e+01 1.809851750900308420e-04
1.000000000000000000e+00 -1.875687239230565547e-04
2.000000000000000000e+00 2.558137175830237618e-05
3.000000000000000000e+00 -1.897092168723730425e-04
4.000000000000000000e+00 -1.897092168723730425e-04
5.000000000000000000e+00 -1.897092168723730425e-04
6.000000000000000000e+00 -1.889262648026562700e-04
7.000000000000000000e+00 -1.893007201403468980e-04
8.000000000000000000e+00 -1.115337159027544271e-04
9.000000000000000000e+00 -1.811613604078499086e-04
1.000000000000000000e+01 1.414553174332861115e-04
1.100000000000000000e+01 3.162397808871532314e-04
1.200000000000000000e+01 1.666432045523158240e-04
1.300000000000000000e+01 2.758762820280577944e-04
1.400000000000000000e+01 -1.477718695428688529e-04
1.500000000000000000e+01 8.403472784787885278e-05
1.600000000000000000e+01 1.152279154358163706e-04
1.700000000000000000e+01 4.195278258979514251e-04
1.800000000000000000e+01 -8.053193355293286647e-05
1.900000000000000000e+01 1.042403390427856590e-04
1.000000000000000000e+00 -2.273339786726458265e-04
2.000000000000000000e+00 9.767774704394834463e-04
3.000000000000000000e+00 -2.280309600681566177e-04
4.000000000000000000e+00 -2.280309600681566177e-04
5.000000000000000000e+00 -2.280309600681566177e-04
6.000000000000000000e+00 -2.198641178326869478e-04
7.000000000000000000e+00 -2.133508077041807284e-04
8.000000000000000000e+00 -2.270703077419580892e-04
9.000000000000000000e+00 -1.831229105657203446e-04
1.000000000000000000e+01 4.177440314061213597e-04
1.100000000000000000e+01 1.440775545659093851e-04
1.200000000000000000e+01 2.192561697898846829e-04
1.300000000000000000e+01 -3.488245015300586325e-05
1.400000000000000000e+01 -8.004719145394350677e-05
1.500000000000000000e+01 -9.356457112829487225e-05
1.600000000000000000e+01 -4.249785671609520422e-05
1.700000000000000000e+01 2.498823745973525307e-04
1.800000000000000000e+01 -1.822214307721077250e-04
1.900000000000000000e+01 1.660572500250583820e-04
1.000000000000000000e+00 -2.202296467351177252e-04
2.000000000000000000e+00 3.057489216541648801e-04
3.000000000000000000e+00 -2.202745364858898504e-04
4.000000000000000000e+00 -2.202745364858898504e-04
5.000000000000000000e+00 -2.202745364858898504e-04
6.000000000000000000e+00 -2.202745364858898504e-04
7.000000000000000000e+00 -2.202745364858898504e-04
8.000000000000000000e+00 -2.116512153625687176e-04
9.000000000000000000e+00 -2.202745364858898504e-04
1.000000000000000000e+01 1.035413444097579188e-04
1.100000000000000000e+01 1.159623602847211638e-04
1.200000000000000000e+01 1.518523326943014250e-04
1.300000000000000000e+01 1.246043035232390962e-04
1.400000000000000000e+01 -3.601921398651972877e-05
1.500000000000000000e+01 3.196438960363488400e-04
1.600000000000000000e+01 3.061088611791396409e-04
1.700000000000000000e+01 2.137757696209903967e-04
1.800000000000000000e+01 -1.140851550878065458e-04
1.900000000000000000e+01 2.426395791649009395e-04
1.000000000000000000e+00 -2.207753546450670699e-04
2.000000000000000000e+00 5.201324411160301777e-04
3.000000000000000000e+00 -2.207753546450670699e-04
4.000000000000000000e+00 -2.207753546450670699e-04
5.000000000000000000e+00 -2.207753546450670699e-04
6.000000000000000000e+00 -1.973623569673635175e-04
7.000000000000000000e+00 -2.188376137367379368e-04
8.000000000000000000e+00 -2.027833645671257281e-04
9.000000000000000000e+00 -1.836545234065887686e-04
1.000000000000000000e+01 8.154711526413564900e-05
1.100000000000000000e+01 3.882709523086059767e-05
1.200000000000000000e+01 4.627706748403354303e-05
1.300000000000000000e+01 -1.343438177007592199e-04
1.400000000000000000e+01 -1.457203168584002566e-04
1.500000000000000000e+01 7.894719988582912221e-05
1.600000000000000000e+01 3.806608364273847693e-04
1.700000000000000000e+01 3.744609736127205179e-04
1.800000000000000000e+01 -1.279240905315480686e-04
1.900000000000000000e+01 5.550760857680802967e-04
1.000000000000000000e+00 -2.306053203656299581e-04
2.000000000000000000e+00 5.836736330068942368e-04
3.000000000000000000e+00 -2.332950135924900705e-04
4.000000000000000000e+00 -2.332950135924900705e-04
5.000000000000000000e+00 -2.332950135924900705e-04
6.000000000000000000e+00 -8.626996321644946899e-05
7.000000000000000000e+00 -2.281364330662624695e-04
8.000000000000000000e+00 -1.568785670604973248e-04
9.000000000000000000e+00 -2.329268496213849097e-04
1.000000000000000000e+01 -4.851495840425766401e-06
1.100000000000000000e+01 4.384346331891070329e-05
1.200000000000000000e+01 1.241746294320398355e-04
1.300000000000000000e+01 1.434403797276176179e-04
1.400000000000000000e+01 -8.508450852297978859e-05
1.500000000000000000e+01 1.162355327236854374e-04
1.600000000000000000e+01 4.674744654534272151e-04
1.700000000000000000e+01 1.298594806723817443e-04
1.800000000000000000e+01 -1.534867008928958465e-04
1.900000000000000000e+01 2.344128633539894059e-04
1.000000000000000000e+00 -2.087803822257067231e-04
2.000000000000000000e+00 -1.223013202564486731e-04
3.000000000000000000e+00 -2.096057006980840242e-04
4.000000000000000000e+00 -2.096057006980840242e-04
5.000000000000000000e+00 -2.096057006980840242e-04
6.000000000000000000e+00 -2.077659458739001196e-04
7.000000000000000000e+00 -2.091459013937469066e-04
8.000000000000000000e+00 -2.090999428393849869e-04
9.000000000000000000e+00 -2.083996627273401638e-04
1.000000000000000000e+01 3.455368213718739106e-04
1.100000000000000000e+01 2.153715092217213306e-04
1.200000000000000000e+01 2.199222274057604815e-04
1.300000000000000000e+01 1.600028302236563605e-04
1.400000000000000000e+01 4.894036029775961338e-05
1.500000000000000000e+01 2.024936370022847832e-04
1.600000000000000000e+01 1.010568056126701233e-04
1.700000000000000000e+01 2.030670632711195438e-04
1.800000000000000000e+01 2.764805801787797770e-05
1.900000000000000000e+01 2.515314102342121479e-04
1.000000000000000000e+00 -1.667912616655160872e-04
2.000000000000000000e+00 2.590543966224882603e-04
3.000000000000000000e+00 -2.251759597560965486e-04
4.000000000000000000e+00 -2.251759597560965486e-04
5.000000000000000000e+00 -2.251759597560965486e-04
6.000000000000000000e+00 -1.688874600426181470e-04
7.000000000000000000e+00 -1.853088279772000619e-04
8.000000000000000000e+00 -1.975750969317149517e-04
9.000000000000000000e+00 -2.181221730274251612e-04
1.000000000000000000e+01 1.322154473659019734e-05
1.100000000000000000e+01 1.831392990687081624e-04
1.200000000000000000e+01 8.540924298596891927e-05
1.300000000000000000e+01 1.156569454779309513e-04
1.400000000000000000e+01 6.623475304830738972e-05
1.500000000000000000e+01 -2.825646366008177288e-05
1.600000000000000000e+01 5.859528365283187524e-06
1.700000000000000000e+01 3.085894383161777964e-04
1.800000000000000000e+01 -1.062138712966135472e-04
1.900000000000000000e+01 6.907102697776139636e-04
1.000000000000000000e+00 -2.142649814176383536e-04
2.000000000000000000e+00 4.274980387276477321e-06
3.000000000000000000e+00 -2.144116212701605516e-04
4.000000000000000000e+00 -2.144116212701605516e-04
5.000000000000000000e+00 -2.144116212701605516e-04
6.000000000000000000e+00 -1.568317828079691522e-04
7.000000000000000000e+00 -2.055354461562403329e-04
8.000000000000000000e+00 -1.700008904536174292e-04
9.000000000000000000e+00 -7.035711232594574942e-05
1.000000000000000000e+01 2.695873498643884428e-04
1.100000000000000000e+01 2.588209247473972473e-04
1.200000000000000000e+01 1.953049358038806606e-04
1.300000000000000000e+01 3.483614757209786223e-05
1.400000000000000000e+01 -7.186015198702034722e-05
1.500000000000000000e+01 3.039311827874278406e-04
1.600000000000000000e+01 3.699416158503871671e-04
1.700000000000000000e+01 1.605843462609401876e-04
1.800000000000000000e+01 -2.046412445880191713e-04
1.900000000000000000e+01 1.031886059111126401e-04
1.000000000000000000e+00 -2.059303282465147964e-04
2.000000000000000000e+00 1.635614000687429196e-04
3.000000000000000000e+00 -2.060658136761178705e-04
4.000000000000000000e+00 -2.060658136761178705e-04
5.000000000000000000e+00 -2.060658136761178705e-04
6.000000000000000000e+00 -2.044045936325448846e-04
7.000000000000000000e+00 -2.060658136761178705e-04
8.000000000000000000e+00 -1.317824568472428356e-04
9.000000000000000000e+00 -2.060658136761178705e-04
1.000000000000000000e+01 2.648064342556266009e-04
1.100000000000000000e+01 2.722815622976770388e-04
1.200000000000000000e+01 3.872087626331970414e-04
1.300000000000000000e+01 3.394114174499780344e-04
1.400000000000000000e+01 2.246704985871857745e-05
1.500000000000000000e+01 -3.993493980132801450e-05
1.600000000000000000e+01 -1.343716839324525199e-04
1.700000000000000000e+01 2.412411505327157445e-04
1.800000000000000000e+01 -1.958308217101982301e-04
1.900000000000000000e+01 2.360609989486307510e-04
1.000000000000000000e+00 -1.596860344677485089e-04
2.000000000000000000e+00 2.403600722496238278e-04
3.000000000000000000e+00 -2.187701605424207957e-04
4.000000000000000000e+00 -2.187701605424207957e-04
5.000000000000000000e+00 -2.187701605424207957e-04
6.000000000000000000e+00 -1.398367284046922291e-04
7.000000000000000000e+00 -2.185349382483749809e-04
8.000000000000000000e+00 -1.142807909795218407e-04
9.000000000000000000e+00 -2.160813664933326371e-04
1.000000000000000000e+01 9.057789606637074514e-05
1.100000000000000000e+01 2.085276426968545212e-04
1.200000000000000000e+01 5.057698396090457428e-05
1.300000000000000000e+01 -3.748273630801515370e-05
1.400000000000000000e+01 -3.269102889204595773e-05
1.500000000000000000e+01 2.610537780380815212e-04
1.600000000000000000e+01 3.271607207564414060e-04
1.700000000000000000e+01 9.935054933110858512e-05
1.800000000000000000e+01 -1.158500385008741167e-04
1.900000000000000000e+01 3.919150282771176851e-04
1.000000000000000000e+00 -2.226367692074575366e-04
2.000000000000000000e+00 1.845899435155868174e-04
3.000000000000000000e+00 -2.242037207744090920e-04
4.000000000000000000e+00 -2.242037207744090920e-04
5.000000000000000000e+00 -2.242037207744090920e-04
6.000000000000000000e+00 -2.183972315120374897e-04
7.000000000000000000e+00 -2.223729172279192729e-04
8.000000000000000000e+00 -2.214781060606167468e-04
9.000000000000000000e+00 -2.106530761575880117e-04
1.000000000000000000e+01 2.961248187814925705e-04
1.100000000000000000e+01 2.372406083169787923e-04
1.200000000000000000e+01 4.202230640688252419e-05
1.300000000000000000e+01 1.012323400818279287e-04
1.400000000000000000e+01 2.336846283394786134e-05
1.500000000000000000e+01 1.065936628618444042e-05
1.600000000000000000e+01 3.795246946203775004e-04
1.700000000000000000e+01 1.117631071364332364e-04
1.800000000000000000e+01 -1.238179806521493801e-04
1.900000000000000000e+01 4.906290002702761192e-04
1.000000000000000000e+00 -1.466025345620384503e-04
2.000000000000000000e+00 1.161633414501345163e-04
3.000000000000000000e+00 -2.162934565523670356e-04
4.000000000000000000e+00 -2.162934565523670356e-04
5.000000000000000000e+00 -2.159044120456754914e-04
6.000000000000000000e+00 -1.357287406000091880e-04
7.000000000000000000e+00 -2.157682464683334251e-04
8.000000000000000000e+00 -2.048899136537261174e-04
9.000000000000000000e+00 -2.124321898234532630e-04
1.000000000000000000e+01 2.617807913918954068e-04
1.100000000000000000e+01 2.043096825124213472e-04
1.200000000000000000e+01 2.928768169216154973e-04
1.300000000000000000e+01 5.012839914094797982e-05
1.400000000000000000e+01 -2.146516887341286500e-04
1.500000000000000000e+01 -1.068663507008090673e-04
1.600000000000000000e+01 2.673880794898500545e-04
1.700000000000000000e+01 2.222648373961866655e-04
1.800000000000000000e+01 -1.289388585360043242e-04
1.900000000000000000e+01 5.926470274287135628e-04
1.000000000000000000e+00 -2.238895335501613927e-04
2.000000000000000000e+00 1.633817146254426837e-04
3.000000000000000000e+00 -2.257723695322620824e-04
4.000000000000000000e+00 -2.257155091812840806e-04
5.000000000000000000e+00 -2.257723695322620824e-04
6.000000000000000000e+00 -8.697259304928892402e-05
7.000000000000000000e+00 -2.252097513225850432e-04
8.000000000000000000e+00 -1.020037316704869664e-04
9.000000000000000000e+00 -1.626433821823363639e-04
1.000000000000000000e+01 2.167746105394803362e-05
1.100000000000000000e+01 1.173632878297049836e-04
1.200000000000000000e+01 1.583069467106703460e-04
1.300000000000000000e+01 1.488835472967867926e-05
1.400000000000000000e+01 2.681364013721869335e-04
1.500000000000000000e+01 1.933168758057004133e-04
1.600000000000000000e+01 3.612341955229963846e-04
1.700000000000000000e+01 9.969488737394034434e-05
1.800000000000000000e+01 -2.034474843784295564e-04
1.900000000000000000e+01 2.817239061892913023e-04
1.000000000000000000e+00 -2.062604205893109311e-04
2.000000000000000000e+00 9.750904633254926541e-05
3.000000000000000000e+00 -2.063704684934764802e-04
4.000000000000000000e+00 -2.063704684934764802e-04
5.000000000000000000e+00 -2.063704684934764802e-04
6.000000000000000000e+00 -1.370815352952295808e-04
7.000000000000000000e+00 -1.088289169078072711e-04
8.000000000000000000e+00 -1.296748635809598133e-04
9.000000000000000000e+00 -1.752037639199091786e-04
1.000000000000000000e+01 7.066022274901207032e-05
1.100000000000000000e+01 -5.566966086213402568e-06
1.200000000000000000e+01 2.238691335617480811e-04
1.300000000000000000e+01 5.829151426061149983e-05
1.400000000000000000e+01 3.310335385393730896e-04
1.500000000000000000e+01 1.847054933331281610e-04
1.600000000000000000e+01 1.034339099112251397e-04
1.700000000000000000e+01 3.126915671927451147e-04
1.800000000000000000e+01 -7.662153391871373564e-05
1.900000000000000000e+01 7.029357550736482644e-05
1.000000000000000000e+00 -1.376286523557961365e-04
2.000000000000000000e+00 6.783861683307429327e-05
3.000000000000000000e+00 -1.993116588917438487e-04
4.000000000000000000e+00 -1.993116588917438487e-04
5.000000000000000000e+00 -1.993116588917438487e-04
6.000000000000000000e+00 -1.986230501148997642e-04
7.000000000000000000e+00 -1.990704512975950550e-04
8.000000000000000000e+00 -1.969685635339426025e-04
9.000000000000000000e+00 -1.199929837397353550e-04
1.000000000000000000e+01 3.801336838446660619e-04
1.100000000000000000e+01 6.026717825935357316e-06
1.200000000000000000e+01 1.001626909286267247e-04
1.300000000000000000e+01 1.079224606853004960e-04
1.400000000000000000e+01 -8.381121548076121924e-05
1.500000000000000000e+01 2.876405973643336484e-04
1.600000000000000000e+01 3.818750210926558325e-04
1.700000000000000000e+01 1.034419760070317060e-04
1.800000000000000000e+01 -1.241177153641065249e-04
1.900000000000000000e+01 2.172496767272179979e-04
1.000000000000000000e+00 -2.041421472426667742e-04
2.000000000000000000e+00 1.452858085036773535e-04
3.000000000000000000e+00 -2.078188898899976499e-04
4.000000000000000000e+00 -2.078188898899976499e-04
5.000000000000000000e+00 -2.077628457163064278e-04
6.000000000000000000e+00 -2.077934523645601249e-04
7.000000000000000000e+00 -2.076323253651978309e-04
8.000000000000000000e+00 -2.073976743952527294e-04
9.000000000000000000e+00 -2.067484461724951154e-04
1.000000000000000000e+01 6.474728587952599328e-05
1.100000000000000000e+01 7.722351495118774558e-05
1.200000000000000000e+01 2.291995809948757978e-04
1.300000000000000000e+01 1.581865850341145161e-04
1.400000000000000000e+01 -1.131377350001869453e-04
1.500000000000000000e+01 2.100261690440781176e-04
1.600000000000000000e+01 3.036720320992297977e-04
1.700000000000000000e+01 2.023883921932329282e-04
1.800000000000000000e+01 -1.442742435761039290e-04
1.900000000000000000e+01 5.065081076242690036e-04
1.000000000000000000e+00 -2.003106751363211281e-04
2.000000000000000000e+00 3.989415109512568780e-04
3.000000000000000000e+00 -2.042084023183620225e-04
4.000000000000000000e+00 -2.042084023183620225e-04
5.000000000000000000e+00 -2.038605067498782146e-04
6.000000000000000000e+00 -1.417802355216831172e-04
7.000000000000000000e+00 -1.925405083412943749e-04
8.000000000000000000e+00 -2.021573521974589507e-04
9.000000000000000000e+00 -2.039689903142441387e-04
1.000000000000000000e+01 1.067957512538847776e-05
1.100000000000000000e+01 9.792136100724975565e-05
1.200000000000000000e+01 1.180549217721944805e-04
1.300000000000000000e+01 1.510245928140138705e-04
1.400000000000000000e+01 3.337874588688170157e-04
1.500000000000000000e+01 1.743367113990035205e-05
1.600000000000000000e+01 1.362955705259366157e-04
1.700000000000000000e+01 1.543239729071978043e-04
1.800000000000000000e+01 -7.195335799963775421e-05
1.900000000000000000e+01 1.867193900213998733e-04
1.000000000000000000e+00 -2.103119736290033745e-04
2.000000000000000000e+00 7.896712978779997548e-04
3.000000000000000000e+00 -2.150660702948647409e-04
4.000000000000000000e+00 -2.150660702948647409e-04
5.000000000000000000e+00 -2.149493569428572750e-04
6.000000000000000000e+00 -1.367743547482472321e-04
7.000000000000000000e+00 -2.021303404473701829e-04
8.000000000000000000e+00 -1.393148126324873716e-04
9.000000000000000000e+00 -1.148959043987761284e-04
1.000000000000000000e+01 -7.731488476592226510e-06
1.100000000000000000e+01 1.892027788481724475e-04
1.200000000000000000e+01 1.229317675417243572e-04
1.300000000000000000e+01 2.871772938899636127e-05
1.400000000000000000e+01 1.722781335447668989e-04
1.500000000000000000e+01 5.149709762405250350e-05
1.600000000000000000e+01 1.848265523499779527e-04
1.700000000000000000e+01 2.044164184835931724e-04
1.800000000000000000e+01 -1.424622936630953252e-04
1.900000000000000000e+01 -1.556930727929972582e-04
1.000000000000000000e+00 -2.060662398036824201e-04
2.000000000000000000e+00 -6.766985607208761600e-07
3.000000000000000000e+00 -2.064014846242213594e-04
4.000000000000000000e+00 -2.064014846242213594e-04
5.000000000000000000e+00 -1.900616153431756061e-04
6.000000000000000000e+00 -1.859242766470133935e-04
7.000000000000000000e+00 -1.806129083241361192e-04
8.000000000000000000e+00 -2.064014846242213594e-04
9.000000000000000000e+00 -2.064014846242213594e-04
1.000000000000000000e+01 1.444499033143698365e-04
1.100000000000000000e+01 3.033383259457896747e-04
1.200000000000000000e+01 2.040046587021451363e-04
1.300000000000000000e+01 2.118835929907065911e-04
1.400000000000000000e+01 -1.809396072588220476e-05
1.500000000000000000e+01 1.143683435971000180e-04
1.600000000000000000e+01 1.487522306356687000e-04
1.700000000000000000e+01 5.329450299822541476e-04
1.800000000000000000e+01 7.400417706733566589e-05
1.900000000000000000e+01 -1.314124077969092456e-04
1.000000000000000000e+00 -2.314882044706190829e-04
2.000000000000000000e+00 5.526887572491398764e-04
3.000000000000000000e+00 -2.345745250021530055e-04
4.000000000000000000e+00 -2.345745250021530055e-04
5.000000000000000000e+00 -2.345745250021530055e-04
6.000000000000000000e+00 -1.671054552233006173e-04
7.000000000000000000e+00 -2.334484043907382672e-04
8.000000000000000000e+00 -1.938347489376220307e-04
9.000000000000000000e+00 -1.606292933324070531e-04
1.000000000000000000e+01 7.649449970045010252e-05
1.100000000000000000e+01 1.924395821116733139e-06
1.200000000000000000e+01 2.025250871031063335e-05
1.300000000000000000e+01 5.224293630443442837e-05
1.400000000000000000e+01 -1.432295061735576382e-04
1.500000000000000000e+01 -6.485729907362677751e-05
1.600000000000000000e+01 3.976127033173537792e-04
1.700000000000000000e+01 1.566951832087323001e-04
1.800000000000000000e+01 -1.173049764022135817e-05
1.900000000000000000e+01 6.273636144802889484e-04
1.000000000000000000e+00 -2.120115958575157942e-04
2.000000000000000000e+00 9.126372239752303676e-05
3.000000000000000000e+00 -2.121283092095232602e-04
4.000000000000000000e+00 -2.121283092095232602e-04
5.000000000000000000e+00 -2.121283092095232602e-04
6.000000000000000000e+00 -2.121283092095232602e-04
7.000000000000000000e+00 -2.121140261070048592e-04
8.000000000000000000e+00 -2.081826169420316751e-04
9.000000000000000000e+00 -2.121283092095232602e-04
1.000000000000000000e+01 5.049756601216412238e-04
1.100000000000000000e+01 1.785108038928341601e-04
1.200000000000000000e+01 1.706468837920628817e-04
1.300000000000000000e+01 2.410076553089876615e-04
1.400000000000000000e+01 -4.893065392728261089e-05
1.500000000000000000e+01 2.964968010487029914e-05
1.600000000000000000e+01 2.297591123805746340e-04
1.700000000000000000e+01 1.533973854986495175e-04
1.800000000000000000e+01 9.332475888411574791e-05
1.900000000000000000e+01 1.752402258997737432e-05
1.000000000000000000e+00 -2.137410319625804897e-04
2.000000000000000000e+00 6.434811971725745738e-05
3.000000000000000000e+00 -2.150054266093280695e-04
4.000000000000000000e+00 -2.150054266093280695e-04
5.000000000000000000e+00 -2.150054266093280695e-04
6.000000000000000000e+00 -1.974789715828730561e-04
7.000000000000000000e+00 -2.149605368585559713e-04
8.000000000000000000e+00 -2.117361831440061661e-04
9.000000000000000000e+00 -1.345556204242277689e-04
1.000000000000000000e+01 4.253255596085540467e-04
1.100000000000000000e+01 2.548339322905388677e-04
1.200000000000000000e+01 1.124468559674384767e-04
1.300000000000000000e+01 8.684375571859199544e-06
1.400000000000000000e+01 6.800157844195923648e-05
1.500000000000000000e+01 1.366902202314417469e-04
1.600000000000000000e+01 1.653188362477816522e-04
1.700000000000000000e+01 2.371483580376840955e-04
1.800000000000000000e+01 -1.566888532005765021e-04
1.900000000000000000e+01 2.767124462471140522e-04
