1.000000000000000000e+00 2.134432474989750491e-06
2.000000000000000000e+00 -1.026278503058688661e-05
3.000000000000000000e+00 -9.540210391603580269e-06
4.000000000000000000e+00 -1.001423756841713375e-05
5.000000000000000000e+00 -6.637196652676528484e-06
6.000000000000000000e+00 -6.558113369258880001e-06
7.000000000000000000e+00 -4.703801530426917322e-06
8.000000000000000000e+00 -6.644628161656025180e-06
9.000000000000000000e+00 -3.658106599283069599e-06
1.000000000000000000e+01 -3.515533314294924152e-06
1.100000000000000000e+01 -2.338347926583220425e-06
1.200000000000000000e+01 -3.989517534409174466e-06
1.300000000000000000e+01 2.822212187537264644e-06
1.400000000000000000e+01 -4.596452738867599153e-06
1.500000000000000000e+01 -1.122802206393537467e-06
1.600000000000000000e+01 -2.733420690077036630e-06
1.700000000000000000e+01 -8.965063144629707870e-07
1.800000000000000000e+01 1.094107131258833962e-06
1.900000000000000000e+01 -1.026278503058688661e-05
1.000000000000000000e+00 1.355197949625193996e-06
2.000000000000000000e+00 -1.082388543688853241e-05
3.000000000000000000e+00 -1.079020738463462857e-05
4.000000000000000000e+00 -1.058676445673349563e-05
5.000000000000000000e+00 -7.502301619948677949e-06
6.000000000000000000e+00 -7.008299577959019957e-06
7.000000000000000000e+00 -3.731261858196842501e-06
8.000000000000000000e+00 -6.512622224696527323e-06
9.000000000000000000e+00 -2.547203398596587099e-06
1.000000000000000000e+01 -4.162504162504161971e-08
1.100000000000000000e+01 -4.139350501579603082e-06
1.200000000000000000e+01 -2.374087900403689554e-06
1.300000000000000000e+01 -1.294671960306635034e-06
1.400000000000000000e+01 -5.605892215799335894e-06
1.500000000000000000e+01 -9.184142311077295133e-08
1.600000000000000000e+01 -3.583104202299248528e-06
1.700000000000000000e+01 -1.530847893076995090e-06
1.800000000000000000e+01 -3.424508068470916686e-07
1.900000000000000000e+01 -1.082388543688853241e-05
1.000000000000000000e+00 -3.548309275863455068e-06
2.000000000000000000e+00 -1.602594172253614697e-05
3.000000000000000000e+00 -1.591287968996947161e-05
4.000000000000000000e+00 -1.495533190579630054e-05
5.000000000000000000e+00 -9.121983967185204645e-06
6.000000000000000000e+00 -9.275210513600605717e-06
7.000000000000000000e+00 -6.184132345123056653e-06
8.000000000000000000e+00 -9.149175557844288305e-06
9.000000000000000000e+00 -7.392547253228367011e-06
1.000000000000000000e+01 -2.976126041141520671e-06
1.100000000000000000e+01 -6.314720711005540581e-06
1.200000000000000000e+01 -5.825400949239957770e-06
1.300000000000000000e+01 -3.581128194131290001e-06
1.400000000000000000e+01 -4.035996683055505984e-06
1.500000000000000000e+01 -1.375000988004083918e-06
1.600000000000000000e+01 -7.376653274486091608e-06
1.700000000000000000e+01 -5.750999946046385314e-06
1.800000000000000000e+01 4.570635762586226252e-06
1.900000000000000000e+01 -1.602594172253614697e-05
1.000000000000000000e+00 7.736501544551079689e-07
2.000000000000000000e+00 -1.133618703278145857e-05
3.000000000000000000e+00 -1.133618703278145857e-05
4.000000000000000000e+00 -1.117071782706457527e-05
5.000000000000000000e+00 -9.678831660255808662e-06
6.000000000000000000e+00 -8.477461650836262235e-06
7.000000000000000000e+00 -5.634930944528467724e-06
8.000000000000000000e+00 -6.414938690480485939e-06
9.000000000000000000e+00 -1.986017078896335804e-06
1.000000000000000000e+01 -5.118591418901015627e-06
1.100000000000000000e+01 -5.853236890388592368e-06
1.200000000000000000e+01 -4.513546309211943127e-06
1.300000000000000000e+01 -4.351513639439335448e-06
1.400000000000000000e+01 -4.981516591423711519e-06
1.500000000000000000e+01 -8.287635996614324611e-07
1.600000000000000000e+01 -3.558447056899069264e-06
1.700000000000000000e+01 -3.787706961081573840e-06
1.800000000000000000e+01 2.288732938887737590e-06
1.900000000000000000e+01 -1.133618703278145857e-05
1.000000000000000000e+00 5.785408262188447490e-07
2.000000000000000000e+00 -1.093471372109142938e-05
3.000000000000000000e+00 -1.088449733960569750e-05
4.000000000000000000e+00 -1.073775725478511831e-05
5.000000000000000000e+00 -7.687788647540968930e-06
6.000000000000000000e+00 -7.701448877919465092e-06
7.000000000000000000e+00 -2.806618905690112702e-06
8.000000000000000000e+00 -7.014313515861502725e-06
9.000000000000000000e+00 -4.473854319055557367e-06
1.000000000000000000e+01 -2.447930466506317835e-06
1.100000000000000000e+01 -5.529815901332928796e-07
1.200000000000000000e+01 -2.829342999621637032e-06
1.300000000000000000e+01 3.143231897101865849e-05
1.400000000000000000e+01 2.540991859877308733e-05
1.500000000000000000e+01 2.435859634002048706e-06
1.600000000000000000e+01 -2.786343343618885157e-06
1.700000000000000000e+01 5.141014815937416073e-06
1.800000000000000000e+01 2.397370431426158907e-06
1.900000000000000000e+01 -1.093471372109142938e-05
1.000000000000000000e+00 6.235551514189284912e-06
2.000000000000000000e+00 -1.060287321897228858e-05
3.000000000000000000e+00 -1.040802163093184723e-05
4.000000000000000000e+00 -1.035802003294263206e-05
5.000000000000000000e+00 -6.036533126316407279e-06
6.000000000000000000e+00 -6.799658889442170404e-06
7.000000000000000000e+00 -2.560734758877173327e-06
8.000000000000000000e+00 -5.828407918191199154e-06
9.000000000000000000e+00 -2.590117141200732211e-06
1.000000000000000000e+01 1.266191668668448650e-06
1.100000000000000000e+01 -3.151604157796108237e-06
1.200000000000000000e+01 -2.738833234189271206e-06
1.300000000000000000e+01 -3.737533536295145983e-06
1.400000000000000000e+01 -4.653370365444668751e-06
1.500000000000000000e+01 6.503644274542106447e-08
1.600000000000000000e+01 -1.109700413105985692e-06
1.700000000000000000e+01 2.041087567403356808e-06
1.800000000000000000e+01 6.252347583616932814e-06
1.900000000000000000e+01 -1.060287321897228858e-05
1.000000000000000000e+00 -3.047520075383852166e-06
2.000000000000000000e+00 -1.957132994284696911e-05
3.000000000000000000e+00 -1.954727419123703804e-05
4.000000000000000000e+00 -1.920649869566278027e-05
5.000000000000000000e+00 -1.579517833387802340e-05
6.000000000000000000e+00 -1.500473210999526625e-05
7.000000000000000000e+00 -9.155747932837714824e-06
8.000000000000000000e+00 -1.432189241786764884e-05
9.000000000000000000e+00 -7.833154117983839064e-07
1.000000000000000000e+01 -7.111223829490082814e-06
1.100000000000000000e+01 -6.168152452982174064e-06
1.200000000000000000e+01 -5.520580210982687100e-06
1.300000000000000000e+01 -1.638841035125864833e-06
1.400000000000000000e+01 -4.444643763529212010e-06
1.500000000000000000e+01 -3.326738620856267902e-06
1.600000000000000000e+01 -7.768547242231452056e-06
1.700000000000000000e+01 -4.800454103859675850e-06
1.800000000000000000e+01 -1.050892691759564755e-06
1.900000000000000000e+01 -1.957132994284696911e-05
1.000000000000000000e+00 7.036307345904867818e-08
2.000000000000000000e+00 -1.371465651651410027e-05
3.000000000000000000e+00 -1.360752250845129965e-05
4.000000000000000000e+00 -1.341473284197742402e-05
5.000000000000000000e+00 -1.039848524368648081e-05
6.000000000000000000e+00 -1.107496734431718840e-05
7.000000000000000000e+00 -8.248674270346096341e-06
8.000000000000000000e+00 -9.269497272593247680e-06
9.000000000000000000e+00 -8.002833080232460772e-07
1.000000000000000000e+01 -3.244390628291556898e-06
1.100000000000000000e+01 -4.229817310312666162e-06
1.200000000000000000e+01 -8.023795949492543484e-06
1.300000000000000000e+01 -7.315525891377284242e-06
1.400000000000000000e+01 -7.979249852314867323e-06
1.500000000000000000e+01 5.811182281770516798e-07
1.600000000000000000e+01 -5.587291965000942992e-06
1.700000000000000000e+01 -7.052373151444358707e-06
1.800000000000000000e+01 3.722713475035456184e-06
1.900000000000000000e+01 -1.371465651651410027e-05
1.000000000000000000e+00 1.546913698616484866e-06
2.000000000000000000e+00 -9.996367581506899824e-06
3.000000000000000000e+00 -9.268509268509267146e-06
4.000000000000000000e+00 -9.859464580826808396e-06
5.000000000000000000e+00 -6.869678309306791564e-06
6.000000000000000000e+00 -6.338303938923133394e-06
7.000000000000000000e+00 -3.809400094229815313e-06
8.000000000000000000e+00 -5.966127096158055894e-06
9.000000000000000000e+00 -8.313839583189427736e-07
1.000000000000000000e+01 -1.461945347394263761e-06
1.100000000000000000e+01 -4.153869865944168573e-06
1.200000000000000000e+01 -3.011651231465472679e-06
1.300000000000000000e+01 -2.677877677877677791e-06
1.400000000000000000e+01 -4.813727723944441787e-06
1.500000000000000000e+01 2.601887276809876926e-07
1.600000000000000000e+01 -1.425389196287028896e-06
1.700000000000000000e+01 -1.487203886584691429e-06
1.800000000000000000e+01 4.207350956576962546e-06
1.900000000000000000e+01 -9.996367581506899824e-06
1.000000000000000000e+00 -4.743708304079820626e-06
2.000000000000000000e+00 -1.581545389594925179e-05
3.000000000000000000e+00 -1.562833451378343018e-05
4.000000000000000000e+00 -1.566403153090459402e-05
5.000000000000000000e+00 -1.233926891821628634e-05
6.000000000000000000e+00 -1.002669501121513438e-05
7.000000000000000000e+00 -2.107283841029970849e-06
8.000000000000000000e+00 -9.839790412545829467e-06
9.000000000000000000e+00 -6.418031572830333663e-06
1.000000000000000000e+01 -2.257975942186468371e-06
1.100000000000000000e+01 -9.661219413541393753e-06
1.200000000000000000e+01 -6.747251716291963305e-06
1.300000000000000000e+01 -6.923331226736799276e-07
1.400000000000000000e+01 -7.591221987506816743e-06
1.500000000000000000e+01 -2.301791775475985982e-06
1.600000000000000000e+01 1.051408172151206183e-06
1.700000000000000000e+01 -2.724915263614953907e-06
1.800000000000000000e+01 -1.209660652385110547e-06
1.900000000000000000e+01 -1.581545389594925179e-05
1.000000000000000000e+00 -2.239074994492950737e-06
2.000000000000000000e+00 -9.873468464799733306e-06
3.000000000000000000e+00 -9.850615500770299466e-06
4.000000000000000000e+00 -9.873468464799733306e-06
5.000000000000000000e+00 -6.108356727551773439e-06
6.000000000000000000e+00 -7.767430368049562858e-06
7.000000000000000000e+00 -5.280838872170140850e-06
8.000000000000000000e+00 -2.554162383883745960e-06
9.000000000000000000e+00 1.255237710346069353e-06
1.000000000000000000e+01 -3.010147746989851987e-06
1.100000000000000000e+01 1.748595401846175770e-06
1.200000000000000000e+01 -2.641020829875318617e-06
1.300000000000000000e+01 1.119064973554137534e-06
1.400000000000000000e+01 -2.893692135178202903e-06
1.500000000000000000e+01 -1.165415252102558482e-06
1.600000000000000000e+01 -2.687285195025133014e-06
1.700000000000000000e+01 -2.591534712277746139e-06
1.800000000000000000e+01 5.085772500633181118e-06
1.900000000000000000e+01 -9.873468464799733306e-06
1.000000000000000000e+00 9.617231753454663038e-06
2.000000000000000000e+00 -4.136021357383585974e-05
3.000000000000000000e+00 -4.080010117161819786e-05
4.000000000000000000e+00 -4.115698542943124858e-05
5.000000000000000000e+00 -3.824310364558041939e-05
6.000000000000000000e+00 -4.248245734313845537e-06
7.000000000000000000e+00 1.457950374359042955e-07
8.000000000000000000e+00 -3.489578876575780429e-05
9.000000000000000000e+00 -3.100073301311690805e-05
1.000000000000000000e+01 3.280233698190354483e-05
1.100000000000000000e+01 1.668695941141761552e-06
1.200000000000000000e+01 2.148694099158495268e-06
1.300000000000000000e+01 3.414091068889830402e-05
1.400000000000000000e+01 -3.136376007893035528e-05
1.500000000000000000e+01 3.384386511321495626e-06
1.600000000000000000e+01 -3.292867263455498189e-05
1.700000000000000000e+01 -2.802370488129001742e-05
1.800000000000000000e+01 3.726923231567194376e-06
1.900000000000000000e+01 -4.136021357383585974e-05
1.000000000000000000e+00 -1.332044288700635424e-06
2.000000000000000000e+00 -1.948202296499510009e-05
3.000000000000000000e+00 -1.439062313675316643e-05
4.000000000000000000e+00 -1.441068391532787813e-05
5.000000000000000000e+00 -1.449483608926333286e-05
6.000000000000000000e+00 -1.375271615209695625e-05
7.000000000000000000e+00 -6.199339016676477947e-06
8.000000000000000000e+00 -1.167511539028566733e-05
9.000000000000000000e+00 -6.918563033114116697e-06
1.000000000000000000e+01 -3.490532515300316987e-06
1.100000000000000000e+01 -6.823242117359764064e-07
1.200000000000000000e+01 -5.823854508065034331e-06
1.300000000000000000e+01 -4.953852477072291295e-06
1.400000000000000000e+01 -3.362650421473950559e-06
1.500000000000000000e+01 -8.016794007506080182e-06
1.600000000000000000e+01 -9.611260772251484287e-06
1.700000000000000000e+01 -2.126141832024184889e-06
1.800000000000000000e+01 -2.773241550331333594e-06
1.900000000000000000e+01 -1.948202296499510009e-05
1.000000000000000000e+00 -4.122640345550561519e-06
2.000000000000000000e+00 -1.542184166023175099e-05
3.000000000000000000e+00 -1.505623719246010170e-05
4.000000000000000000e+00 -1.517569977322299259e-05
5.000000000000000000e+00 -1.141930824593363215e-05
6.000000000000000000e+00 -1.206176864071600884e-05
7.000000000000000000e+00 -9.787297325997015182e-06
8.000000000000000000e+00 -7.643843944153540538e-06
9.000000000000000000e+00 -4.288410248162569555e-06
1.000000000000000000e+01 -3.203023326862336072e-06
1.100000000000000000e+01 -5.159228456442077904e-06
1.200000000000000000e+01 -7.876583340979625180e-06
1.300000000000000000e+01 -7.254527378366387234e-06
1.400000000000000000e+01 -7.196492877607428439e-06
1.500000000000000000e+01 -3.441690748192295871e-06
1.600000000000000000e+01 -1.811269226129907210e-06
1.700000000000000000e+01 -5.936186276743551564e-06
1.800000000000000000e+01 1.757702222098506898e-06
1.900000000000000000e+01 -1.542184166023175099e-05
1.000000000000000000e+00 4.934521962385739420e-06
2.000000000000000000e+00 -1.984694012557789358e-05
3.000000000000000000e+00 -1.969272557507851536e-05
4.000000000000000000e+00 -1.954005746575405804e-05
5.000000000000000000e+00 -1.019469866219092081e-05
6.000000000000000000e+00 -1.524112282626214491e-05
7.000000000000000000e+00 -2.673710878045243193e-06
8.000000000000000000e+00 -1.314599573113504911e-05
9.000000000000000000e+00 -3.231331791703308505e-06
1.000000000000000000e+01 -1.935027476823142210e-06
1.100000000000000000e+01 -1.777118650183665430e-07
1.200000000000000000e+01 -1.289070406717465536e-05
1.300000000000000000e+01 -1.323397105130851223e-05
1.400000000000000000e+01 -6.562881562881562368e-06
1.500000000000000000e+01 -1.103179586151722215e-05
1.600000000000000000e+01 -6.256213686554243528e-06
1.700000000000000000e+01 7.281461228829649332e-06
1.800000000000000000e+01 2.494151874956828215e-06
1.900000000000000000e+01 -1.984694012557789358e-05
1.000000000000000000e+00 1.745244779300506697e-06
2.000000000000000000e+00 -1.743264475462617599e-05
3.000000000000000000e+00 -1.680887052404080108e-05
4.000000000000000000e+00 -1.683988526093789143e-05
5.000000000000000000e+00 -3.655185543730435296e-07
6.000000000000000000e+00 -9.788886723871243484e-06
7.000000000000000000e+00 2.948204186594279309e-06
8.000000000000000000e+00 -4.202153195961245090e-06
9.000000000000000000e+00 1.237625463631655503e-06
1.000000000000000000e+01 2.541361287491318282e-06
1.100000000000000000e+01 4.275007757979894108e-06
1.200000000000000000e+01 -6.897127640161695091e-07
1.300000000000000000e+01 7.218014183958455750e-07
1.400000000000000000e+01 -7.358525547380036118e-06
1.500000000000000000e+01 1.005148102671322357e-05
1.600000000000000000e+01 8.426386135364462725e-07
1.700000000000000000e+01 3.563816644312000246e-06
1.800000000000000000e+01 1.565256209219057478e-06
1.900000000000000000e+01 -1.743264475462617599e-05
1.000000000000000000e+00 2.177518044391109130e-06
2.000000000000000000e+00 -1.008301124400195536e-05
3.000000000000000000e+00 -9.987690328247603573e-06
4.000000000000000000e+00 -9.991212777590485538e-06
5.000000000000000000e+00 -5.404854863059197411e-06
6.000000000000000000e+00 -7.246795172491766653e-06
7.000000000000000000e+00 -5.011242627341698305e-06
8.000000000000000000e+00 -2.444236190366221072e-06
9.000000000000000000e+00 -1.679692856163444230e-06
1.000000000000000000e+01 -1.281269470123959163e-06
1.100000000000000000e+01 -2.608975132194946251e-06
1.200000000000000000e+01 -1.683859655995878828e-06
1.300000000000000000e+01 -3.323602781807116161e-06
1.400000000000000000e+01 -3.842691536189988081e-06
1.500000000000000000e+01 1.898686109212424823e-08
1.600000000000000000e+01 2.014755110730342902e-06
1.700000000000000000e+01 2.910273421109334108e-06
1.800000000000000000e+01 2.738360710496933371e-06
1.900000000000000000e+01 -1.008301124400195536e-05
1.000000000000000000e+00 -1.624364627460602512e-06
2.000000000000000000e+00 -1.296695220843827598e-05
3.000000000000000000e+00 -1.238832546882082331e-05
4.000000000000000000e+00 -1.252909457243822545e-05
5.000000000000000000e+00 -8.657235437421195181e-06
6.000000000000000000e+00 -4.865791243500220984e-06
7.000000000000000000e+00 -2.534617085700676965e-06
8.000000000000000000e+00 -1.545410214140864174e-06
9.000000000000000000e+00 2.286026666831620090e-06
1.000000000000000000e+01 -5.132638259573243707e-06
1.100000000000000000e+01 9.988721289030885160e-07
1.200000000000000000e+01 1.027094680345454318e-07
1.300000000000000000e+01 -3.054178363775886720e-06
1.400000000000000000e+01 -3.131500422522094219e-06
1.500000000000000000e+01 -3.411191491686847367e-06
1.600000000000000000e+01 -3.526745012813124164e-08
1.700000000000000000e+01 -1.221989225085200179e-06
1.800000000000000000e+01 2.316268183141247880e-06
1.900000000000000000e+01 -1.296695220843827598e-05
1.000000000000000000e+00 9.033364296522190794e-07
2.000000000000000000e+00 -1.095413014917658759e-05
3.000000000000000000e+00 -1.084759753490403643e-05
4.000000000000000000e+00 -1.062211782026023411e-05
5.000000000000000000e+00 -5.329637682578858796e-06
6.000000000000000000e+00 -5.952595735877469242e-06
7.000000000000000000e+00 -3.497706284083992969e-06
8.000000000000000000e+00 -4.074228145435575492e-06
9.000000000000000000e+00 2.381261669187365536e-06
1.000000000000000000e+01 -3.997550437178919672e-07
1.100000000000000000e+01 -1.606924207543402400e-06
1.200000000000000000e+01 -2.135506392472336518e-06
1.300000000000000000e+01 -2.638915951609449733e-06
1.400000000000000000e+01 -6.262141711058119109e-06
1.500000000000000000e+01 2.076526844328701842e-07
1.600000000000000000e+01 -1.867542502217424811e-06
1.700000000000000000e+01 -3.143871951921487233e-06
1.800000000000000000e+01 6.064540894262256251e-06
1.900000000000000000e+01 -1.095413014917658759e-05
1.000000000000000000e+00 -2.679123422157477768e-06
2.000000000000000000e+00 -1.279774576988199232e-05
3.000000000000000000e+00 -1.211988905487357482e-05
4.000000000000000000e+00 -1.255130318597810750e-05
5.000000000000000000e+00 -7.404446258935422190e-06
6.000000000000000000e+00 -1.014143235505464607e-05
7.000000000000000000e+00 -6.060159310933304109e-06
8.000000000000000000e+00 -7.961551692201846074e-06
9.000000000000000000e+00 -2.628305646881498126e-06
1.000000000000000000e+01 -1.853710445041714275e-06
1.100000000000000000e+01 -5.291449176898093304e-06
1.200000000000000000e+01 -2.435000500015979800e-06
1.300000000000000000e+01 -4.170279325078086251e-06
1.400000000000000000e+01 -4.295111493253907279e-06
1.500000000000000000e+01 -2.159003706991322991e-06
1.600000000000000000e+01 -2.059301207908018639e-06
1.700000000000000000e+01 -3.041935704474404063e-06
1.800000000000000000e+01 4.283169530847548930e-06
1.900000000000000000e+01 -1.279774576988199232e-05
1.000000000000000000e+00 -1.512634252572333047e-06
2.000000000000000000e+00 -1.244150586255849340e-05
3.000000000000000000e+00 -1.232865861348833473e-05
4.000000000000000000e+00 -1.110233076177348474e-05
5.000000000000000000e+00 -8.929065430613416967e-06
6.000000000000000000e+00 -8.788983634184872323e-06
7.000000000000000000e+00 -6.447499868552499734e-06
8.000000000000000000e+00 -7.776107621308859109e-06
9.000000000000000000e+00 -1.045737887843150893e-06
1.000000000000000000e+01 -5.774454303866067770e-06
1.100000000000000000e+01 -3.269520297384074420e-06
1.200000000000000000e+01 2.799058526612705860e-07
1.300000000000000000e+01 -7.007096790378523997e-07
1.400000000000000000e+01 -3.863611448750767412e-06
1.500000000000000000e+01 -1.425561023084242846e-06
1.600000000000000000e+01 -4.255204719601003974e-06
1.700000000000000000e+01 2.786699884223104009e-05
1.800000000000000000e+01 2.975640630439391885e-05
1.900000000000000000e+01 -1.244150586255849340e-05
1.000000000000000000e+00 2.631871052923684108e-06
2.000000000000000000e+00 -1.006445394990286563e-05
3.000000000000000000e+00 -1.000732153982927849e-05
4.000000000000000000e+00 -8.564277140128532146e-06
5.000000000000000000e+00 -4.956902402722835849e-06
6.000000000000000000e+00 -6.609575495024411429e-06
7.000000000000000000e+00 -6.069223174486332278e-06
8.000000000000000000e+00 -5.576552790175081028e-06
9.000000000000000000e+00 -1.325772610602331942e-06
1.000000000000000000e+01 -1.829654693431783203e-06
1.100000000000000000e+01 -1.390035832760290837e-06
1.200000000000000000e+01 -4.908146549013421921e-06
1.300000000000000000e+01 -8.969358814560052666e-08
1.400000000000000000e+01 -4.709686598231489733e-06
1.500000000000000000e+01 -2.680068469542153544e-07
1.600000000000000000e+01 -5.893229577440103071e-07
1.700000000000000000e+01 -3.502259694210158427e-07
1.800000000000000000e+01 2.534917782595800849e-06
1.900000000000000000e+01 -1.006445394990286563e-05
1.000000000000000000e+00 -1.385224682438304665e-06
2.000000000000000000e+00 -1.430964975856616661e-05
3.000000000000000000e+00 -1.375426259327188054e-05
4.000000000000000000e+00 -1.332740187229351268e-05
5.000000000000000000e+00 -8.076117209244143395e-06
6.000000000000000000e+00 -7.684566895093210002e-06
7.000000000000000000e+00 -6.301146394025650760e-06
8.000000000000000000e+00 -8.024397343282791252e-06
9.000000000000000000e+00 -6.205825478271298127e-06
1.000000000000000000e+01 -4.372390595300811608e-06
1.100000000000000000e+01 -5.442785628544142189e-06
1.200000000000000000e+01 -5.005099819341305180e-06
1.300000000000000000e+01 -4.090852388066009867e-06
1.400000000000000000e+01 -7.678939567484458306e-06
1.500000000000000000e+01 -5.111417650117340068e-07
1.600000000000000000e+01 -4.746887099828275537e-06
1.700000000000000000e+01 -2.244444581905882143e-06
1.800000000000000000e+01 1.146600217807648036e-06
1.900000000000000000e+01 -1.430964975856616661e-05
1.000000000000000000e+00 -2.567049393674780402e-06
2.000000000000000000e+00 -1.822566838046714197e-05
3.000000000000000000e+00 -1.793326212830856706e-05
4.000000000000000000e+00 -1.804615233407802974e-05
5.000000000000000000e+00 -1.457318910879282322e-05
6.000000000000000000e+00 -8.105714375064219823e-06
7.000000000000000000e+00 -6.111664393398138707e-06
8.000000000000000000e+00 -9.375729189970675805e-06
9.000000000000000000e+00 -9.398711024098020003e-06
1.000000000000000000e+01 -3.131672249319307747e-06
1.100000000000000000e+01 -2.617867168950760045e-06
1.200000000000000000e+01 -5.538622024690135404e-06
1.300000000000000000e+01 2.633675234294429214e-07
1.400000000000000000e+01 -5.182983511156885091e-06
1.500000000000000000e+01 -4.306580931967928216e-06
1.600000000000000000e+01 -5.287325333764961876e-06
1.700000000000000000e+01 -7.720865306004623307e-06
1.800000000000000000e+01 2.815382072348016351e-07
1.900000000000000000e+01 -1.822566838046714197e-05
1.000000000000000000e+00 -7.904032671834527940e-09
2.000000000000000000e+00 -1.870648271577063867e-05
3.000000000000000000e+00 -1.770993024862993679e-05
4.000000000000000000e+00 -1.849590897578513545e-05
5.000000000000000000e+00 -1.557481046645133304e-05
6.000000000000000000e+00 -1.660336567457310411e-05
7.000000000000000000e+00 -1.359893116859060974e-05
8.000000000000000000e+00 -1.094867464836505027e-05
9.000000000000000000e+00 -6.887204642622598440e-06
1.000000000000000000e+01 -5.593520686399943304e-06
1.100000000000000000e+01 -1.117093261056109197e-05
1.200000000000000000e+01 -1.072259353993100018e-05
1.300000000000000000e+01 -1.128910649034487929e-05
1.400000000000000000e+01 -1.312950035860252509e-05
1.500000000000000000e+01 -8.840531673349010091e-06
1.600000000000000000e+01 -5.698077292504536787e-06
1.700000000000000000e+01 -7.017148658015530582e-06
1.800000000000000000e+01 6.776161574923184778e-06
1.900000000000000000e+01 -1.870648271577063867e-05
1.000000000000000000e+00 6.826249086311005024e-07
2.000000000000000000e+00 -1.134052565941110670e-05
3.000000000000000000e+00 -1.074020578664541509e-05
4.000000000000000000e+00 -1.061008994445526857e-05
5.000000000000000000e+00 -6.863492544607095269e-06
6.000000000000000000e+00 -8.186902536747736343e-06
7.000000000000000000e+00 -1.630550392160299230e-06
8.000000000000000000e+00 -4.536957710332323260e-06
9.000000000000000000e+00 -1.567103347289105648e-06
1.000000000000000000e+01 -1.014207670554419743e-06
1.100000000000000000e+01 -5.099561601109588483e-06
1.200000000000000000e+01 6.286283376066657368e-07
1.300000000000000000e+01 -1.190673791292986150e-06
1.400000000000000000e+01 -5.659416263131433037e-06
1.500000000000000000e+01 1.153000766003861875e-06
1.600000000000000000e+01 -2.594713508026201474e-06
1.700000000000000000e+01 -7.109763301713765292e-07
1.800000000000000000e+01 4.493184833742109242e-06
1.900000000000000000e+01 -1.134052565941110670e-05
1.000000000000000000e+00 -6.714948278415770225e-06
2.000000000000000000e+00 -1.917840501431832581e-05
3.000000000000000000e+00 -1.878474982190152438e-05
4.000000000000000000e+00 -1.793966267650478090e-05
5.000000000000000000e+00 -1.302601766998051679e-05
6.000000000000000000e+00 -1.127389981879145884e-05
7.000000000000000000e+00 -1.305484161521313107e-05
8.000000000000000000e+00 -1.492332916481523134e-05
9.000000000000000000e+00 -6.665032593825163082e-06
1.000000000000000000e+01 -9.189082331497191609e-06
1.100000000000000000e+01 -9.290589011951240538e-06
1.200000000000000000e+01 -3.953004340001243617e-06
1.300000000000000000e+01 1.041141521017681842e-06
1.400000000000000000e+01 -1.352113658615206482e-05
1.500000000000000000e+01 -3.462653617452378795e-06
1.600000000000000000e+01 -9.511042792776537236e-06
1.700000000000000000e+01 -7.998064886609777770e-06
1.800000000000000000e+01 -6.488996040079631340e-06
1.900000000000000000e+01 -1.917840501431832581e-05
1.000000000000000000e+00 3.950126241147912590e-06
2.000000000000000000e+00 -1.093505737468585643e-05
3.000000000000000000e+00 -1.083423800142066331e-05
4.000000000000000000e+00 -9.797306236934719020e-06
5.000000000000000000e+00 -7.029176533820496118e-06
6.000000000000000000e+00 -5.375687264232155225e-06
7.000000000000000000e+00 -3.974783386548092278e-06
8.000000000000000000e+00 -6.691107310302356697e-06
9.000000000000000000e+00 -2.123349646569460626e-06
1.000000000000000000e+01 -4.599803361413268332e-07
1.100000000000000000e+01 8.170364207515910213e-07
1.200000000000000000e+01 5.806457044847137390e-07
1.300000000000000000e+01 2.637927947525470469e-06
1.400000000000000000e+01 -3.549941630436986117e-06
1.500000000000000000e+01 2.562453026849311563e-06
1.600000000000000000e+01 -1.917071576514300670e-06
1.700000000000000000e+01 2.936519964383741462e-07
1.800000000000000000e+01 2.409570134028337970e-06
1.900000000000000000e+01 -1.093505737468585643e-05
1.000000000000000000e+00 -3.939430023021353796e-06
2.000000000000000000e+00 -1.233226697622982304e-05
3.000000000000000000e+00 -1.176622654950828304e-05
4.000000000000000000e+00 -1.194522711550575215e-05
5.000000000000000000e+00 -8.307181294797393395e-06
6.000000000000000000e+00 -9.425000524071731162e-06
7.000000000000000000e+00 -7.606213875563720492e-06
8.000000000000000000e+00 -3.451141222039054688e-06
9.000000000000000000e+00 -5.364733305909775716e-06
1.000000000000000000e+01 -4.195151253974782636e-06
1.100000000000000000e+01 -5.261207660588465091e-06
1.200000000000000000e+01 -3.389068791545571652e-06
1.300000000000000000e+01 -4.377588355916529063e-06
1.400000000000000000e+01 -6.286111549269443840e-06
1.500000000000000000e+01 -3.442120315185330536e-06
1.600000000000000000e+01 3.821685710230601563e-06
1.700000000000000000e+01 -3.120288724003893996e-06
1.800000000000000000e+01 7.533917750636016074e-06
1.900000000000000000e+01 -1.233226697622982304e-05
1.000000000000000000e+00 -5.865307722892861497e-07
2.000000000000000000e+00 -1.645881638141699760e-05
3.000000000000000000e+00 -1.592851592851592715e-05
4.000000000000000000e+00 -1.600626755425516804e-05
5.000000000000000000e+00 -9.688453960899779736e-06
6.000000000000000000e+00 -1.414881987637405447e-05
7.000000000000000000e+00 -1.127527443316916875e-05
8.000000000000000000e+00 -9.445705653135992949e-06
9.000000000000000000e+00 -3.036523160362169487e-06
1.000000000000000000e+01 -1.252961005282986518e-06
1.100000000000000000e+01 -8.013615211757625271e-06
1.200000000000000000e+01 -5.361339726664803261e-06
1.300000000000000000e+01 -4.299922643575893662e-06
1.400000000000000000e+01 -1.144671462008923250e-05
1.500000000000000000e+01 -3.552261292199372545e-06
1.600000000000000000e+01 -2.157500222515702300e-06
1.700000000000000000e+01 -7.121404567225000180e-06
1.800000000000000000e+01 2.891673170310941206e-06
1.900000000000000000e+01 -1.645881638141699760e-05
1.000000000000000000e+00 6.553645872531320672e-06
2.000000000000000000e+00 -8.442108287309525448e-06
3.000000000000000000e+00 -8.329046254742848395e-06
4.000000000000000000e+00 -8.369038941794359733e-06
5.000000000000000000e+00 -1.669082551435492411e-06
6.000000000000000000e+00 -2.276447322886951340e-06
7.000000000000000000e+00 4.319854552052694153e-06
8.000000000000000000e+00 2.239934128479020067e-06
9.000000000000000000e+00 1.217392858259731181e-07
1.000000000000000000e+01 8.687992434122464823e-06
1.100000000000000000e+01 3.769278537080394465e-06
1.200000000000000000e+01 4.776183568753228081e-06
1.300000000000000000e+01 2.922129470117086117e-06
1.400000000000000000e+01 1.211722573951676049e-06
1.500000000000000000e+01 8.261733106934344734e-06
1.600000000000000000e+01 7.029090620421888931e-06
1.700000000000000000e+01 6.494838151184899734e-06
1.800000000000000000e+01 5.716333889708502635e-06
1.900000000000000000e+01 -8.442108287309525448e-06
1.000000000000000000e+00 -4.621711278058026926e-07
2.000000000000000000e+00 -1.512660026591914991e-05
3.000000000000000000e+00 -1.477242228016221670e-05
4.000000000000000000e+00 -1.468509131047830706e-05
5.000000000000000000e+00 -7.629367536488279064e-06
6.000000000000000000e+00 -1.146020302367051429e-05
7.000000000000000000e+00 -8.947880464908327414e-06
8.000000000000000000e+00 -1.004959093194387223e-05
9.000000000000000000e+00 -4.483648446496743661e-06
1.000000000000000000e+01 -7.070200181655289466e-06
1.100000000000000000e+01 -6.616190826717141966e-06
1.200000000000000000e+01 -7.637701136153147413e-06
1.300000000000000000e+01 -4.430425096059770403e-06
1.400000000000000000e+01 -8.736705331132574735e-06
1.500000000000000000e+01 -4.809560924112007189e-06
1.600000000000000000e+01 -5.880299610949765671e-06
1.700000000000000000e+01 -7.316256155265442368e-06
1.800000000000000000e+01 2.707818497292181273e-06
1.900000000000000000e+01 -1.512660026591914991e-05
1.000000000000000000e+00 -2.691305942079935733e-05
2.000000000000000000e+00 -4.179201431523412688e-05
3.000000000000000000e+00 -4.085998281044720483e-05
4.000000000000000000e+00 -4.171344651220811983e-05
5.000000000000000000e+00 5.455011105165903662e-05
6.000000000000000000e+00 5.597279397588994992e-05
7.000000000000000000e+00 5.489376464608662626e-05
8.000000000000000000e+00 5.638938804573479153e-05
9.000000000000000000e+00 5.874865588487879171e-05
1.000000000000000000e+01 6.007249544401246618e-05
1.100000000000000000e+01 -3.180591338486075161e-05
1.200000000000000000e+01 -3.364437420164974037e-05
1.300000000000000000e+01 -3.300397572843393108e-05
1.400000000000000000e+01 6.065516011336444225e-05
1.500000000000000000e+01 6.274135221503642109e-05
1.600000000000000000e+01 -3.139919935585569840e-05
1.700000000000000000e+01 6.008946334023733269e-05
1.800000000000000000e+01 6.704368043377330582e-05
1.900000000000000000e+01 -4.179201431523412688e-05
1.000000000000000000e+00 -5.093719490004319242e-06
2.000000000000000000e+00 -1.215107561856787786e-05
3.000000000000000000e+00 -8.877861045043706253e-06
4.000000000000000000e+00 -1.169156780611888902e-05
5.000000000000000000e+00 -6.693083318470315224e-06
6.000000000000000000e+00 -9.746617331756649735e-06
7.000000000000000000e+00 -3.951286072029105804e-06
8.000000000000000000e+00 -5.862257797242316520e-06
9.000000000000000000e+00 -2.695275141095574309e-06
1.000000000000000000e+01 -9.929870610985161052e-07
1.100000000000000000e+01 -2.230097044338530179e-06
1.200000000000000000e+01 -7.749388554342114343e-07
1.300000000000000000e+01 2.770406408177305737e-06
1.400000000000000000e+01 1.182168364830903453e-07
1.500000000000000000e+01 8.808271192172120816e-07
1.600000000000000000e+01 -2.881363562478113483e-06
1.700000000000000000e+01 8.035480171703080271e-06
1.800000000000000000e+01 4.275050714679197490e-07
1.900000000000000000e+01 -1.215107561856787786e-05
1.000000000000000000e+00 1.336468828728890525e-06
2.000000000000000000e+00 -9.857101962365119645e-06
3.000000000000000000e+00 -9.581019255941856073e-06
4.000000000000000000e+00 -9.703059238662952414e-06
5.000000000000000000e+00 -6.503300620947679287e-06
6.000000000000000000e+00 -7.103835277209890135e-06
7.000000000000000000e+00 -4.300566994065445448e-06
8.000000000000000000e+00 -1.968318918783314978e-06
9.000000000000000000e+00 -3.376997959041302523e-06
1.000000000000000000e+01 2.952499856524624264e-06
1.100000000000000000e+01 -1.331399938211083639e-06
1.200000000000000000e+01 -4.046392204286940894e-06
1.300000000000000000e+01 -2.860916173609671987e-06
1.400000000000000000e+01 -3.153150598971032099e-06
1.500000000000000000e+01 -1.514910957635415670e-06
1.600000000000000000e+01 -2.307247276287523728e-06
1.700000000000000000e+01 1.397381428341180558e-06
1.800000000000000000e+01 4.621152840967082010e-06
1.900000000000000000e+01 -9.857101962365119645e-06
1.000000000000000000e+00 -5.430500012543355939e-06
2.000000000000000000e+00 -5.724264555533904860e-04
3.000000000000000000e+00 -5.723858614725486947e-04
4.000000000000000000e+00 -5.719196094583090667e-04
5.000000000000000000e+00 -5.682207799080863861e-04
6.000000000000000000e+00 -6.070468918766131832e-06
7.000000000000000000e+00 -4.465305935894170626e-06
8.000000000000000000e+00 -6.431949543404651385e-06
9.000000000000000000e+00 -2.242296746940709666e-06
1.000000000000000000e+01 -2.380660275397117397e-07
1.100000000000000000e+01 -5.607726037292600158e-04
1.200000000000000000e+01 -2.911304381892616965e-06
1.300000000000000000e+01 -1.474402790192263750e-06
1.400000000000000000e+01 -4.436868600955288260e-06
1.500000000000000000e+01 -1.550565018057278036e-06
1.600000000000000000e+01 -4.441851578074488170e-06
1.700000000000000000e+01 -3.641568270051241987e-06
1.800000000000000000e+01 -3.721854341049387278e-06
1.900000000000000000e+01 -5.724264555533904860e-04
1.000000000000000000e+00 2.526498269532324889e-06
2.000000000000000000e+00 -9.870633322645705449e-06
3.000000000000000000e+00 -9.870633322645705449e-06
4.000000000000000000e+00 -9.559283166094311430e-06
5.000000000000000000e+00 -3.465316932809192702e-06
6.000000000000000000e+00 -5.508208681583294510e-06
7.000000000000000000e+00 -1.217693555154855435e-06
8.000000000000000000e+00 -4.866048983696041698e-06
9.000000000000000000e+00 -5.275941808449547491e-07
1.000000000000000000e+01 5.470363829496956073e-06
1.100000000000000000e+01 -1.045566061045937075e-07
1.200000000000000000e+01 3.025010764948845062e-07
1.300000000000000000e+01 -1.368815223304387199e-06
1.400000000000000000e+01 -1.049990601074192255e-06
1.500000000000000000e+01 3.120933074493445782e-06
1.600000000000000000e+01 -2.325246133295668862e-06
1.700000000000000000e+01 4.470632566607798439e-06
1.800000000000000000e+01 8.846760394748009557e-06
1.900000000000000000e+01 -9.870633322645705449e-06
1.000000000000000000e+00 -3.748444537918221898e-06
2.000000000000000000e+00 -1.701072405406770402e-05
3.000000000000000000e+00 -1.668197643429841518e-05
4.000000000000000000e+00 -1.668322217857821474e-05
5.000000000000000000e+00 -1.272867139740204599e-05
6.000000000000000000e+00 -1.400628954808521304e-05
7.000000000000000000e+00 -8.649803928441698484e-06
8.000000000000000000e+00 -1.110052658040273974e-05
9.000000000000000000e+00 -8.725665459411588039e-06
1.000000000000000000e+01 -3.294521096378681162e-06
1.100000000000000000e+01 -7.919153429989341967e-06
1.200000000000000000e+01 -7.532929746552037234e-06
1.300000000000000000e+01 2.338004272988792947e-05
1.400000000000000000e+01 -9.276198517684584557e-06
1.500000000000000000e+01 -5.523587179933928484e-06
1.600000000000000000e+01 2.146035079471611849e-05
1.700000000000000000e+01 -5.730037076786301966e-06
1.800000000000000000e+01 1.798468129737479532e-06
1.900000000000000000e+01 -1.701072405406770402e-05
1.000000000000000000e+00 -7.556684801266844421e-06
2.000000000000000000e+00 -1.999123167853817938e-05
3.000000000000000000e+00 -1.996266547350138411e-05
4.000000000000000000e+00 -1.945461659083949974e-05
5.000000000000000000e+00 -1.665289474886997849e-05
6.000000000000000000e+00 -1.454836013659543000e-05
7.000000000000000000e+00 -1.254863987062129402e-05
8.000000000000000000e+00 -7.905879809904576877e-06
9.000000000000000000e+00 -7.290868745977104555e-06
1.000000000000000000e+01 -7.602261859227803439e-06
1.100000000000000000e+01 -1.252286585103922429e-05
1.200000000000000000e+01 -5.691504917511109420e-06
1.300000000000000000e+01 -2.876380585358913148e-06
1.400000000000000000e+01 -1.454956292417592723e-05
1.500000000000000000e+01 -9.769770992681208306e-06
1.600000000000000000e+01 -1.084274342788274518e-05
1.700000000000000000e+01 -5.327919414606720983e-06
1.800000000000000000e+01 -4.645165635877709912e-06
1.900000000000000000e+01 -1.999123167853817938e-05
1.000000000000000000e+00 -2.393036100466440760e-05
2.000000000000000000e+00 -3.645872531321447322e-05
3.000000000000000000e+00 -3.596687110618998983e-05
4.000000000000000000e+00 -3.616485853327958545e-05
5.000000000000000000e+00 -3.283025883645078322e-05
6.000000000000000000e+00 -3.318185942024951099e-05
7.000000000000000000e+00 -3.059913083132896849e-05
8.000000000000000000e+00 -3.161595886054090215e-05
9.000000000000000000e+00 -2.186637751653231420e-05
1.000000000000000000e+01 -2.591491755578442715e-05
1.100000000000000000e+01 -2.470298019833623313e-05
1.200000000000000000e+01 -2.460903389695959126e-05
1.300000000000000000e+01 -3.067799933125010028e-05
1.400000000000000000e+01 -3.083960243402967795e-05
1.500000000000000000e+01 -2.373349045175670286e-05
1.600000000000000000e+01 -2.227665695157955001e-05
1.700000000000000000e+01 -2.473107387968068760e-05
1.800000000000000000e+01 4.121953038361706564e-06
1.900000000000000000e+01 -3.645872531321447322e-05
1.000000000000000000e+00 -5.876476464711758233e-08
2.000000000000000000e+00 -1.119447288177938331e-05
3.000000000000000000e+00 -1.058362861768434473e-05
4.000000000000000000e+00 -1.108592130263956875e-05
5.000000000000000000e+00 -5.037016646923767189e-06
6.000000000000000000e+00 -8.105800288462826163e-06
7.000000000000000000e+00 -4.754361565507076251e-06
8.000000000000000000e+00 -7.377856062066587993e-06
9.000000000000000000e+00 -1.399915873600084107e-06
1.000000000000000000e+01 -7.349032116833973496e-07
1.100000000000000000e+01 -3.136526356340597724e-06
1.200000000000000000e+01 -2.150670107326453795e-06
1.300000000000000000e+01 -7.233478595707697546e-07
1.400000000000000000e+01 -2.601199969621022076e-06
1.500000000000000000e+01 1.163267417137386084e-07
1.600000000000000000e+01 -1.918489147591314599e-06
1.700000000000000000e+01 -1.377234736367863159e-06
1.800000000000000000e+01 1.103128038112558141e-07
1.900000000000000000e+01 -1.119447288177938331e-05
1.000000000000000000e+00 -3.514072786518606630e-06
2.000000000000000000e+00 -2.331522107063902492e-05
3.000000000000000000e+00 -1.828739715736619456e-05
4.000000000000000000e+00 -2.139613052925746340e-05
5.000000000000000000e+00 1.581283353729174063e-05
6.000000000000000000e+00 -1.660388115496474554e-05
7.000000000000000000e+00 -1.155268879727083991e-05
8.000000000000000000e+00 -1.579848599972438866e-05
9.000000000000000000e+00 -9.064851557111617503e-06
1.000000000000000000e+01 -1.154843608403979813e-05
1.100000000000000000e+01 1.554903644686926161e-05
1.200000000000000000e+01 -1.292713134818397902e-05
1.300000000000000000e+01 5.899617238626526510e-05
1.400000000000000000e+01 -7.712574663039058128e-06
1.500000000000000000e+01 -4.595636561580833840e-06
1.600000000000000000e+01 -1.084742570810682206e-05
1.700000000000000000e+01 -9.909294352018809199e-06
1.800000000000000000e+01 -4.237807256383107456e-06
1.900000000000000000e+01 -2.331522107063902492e-05
1.000000000000000000e+00 -9.243551426213963575e-06
2.000000000000000000e+00 -1.814946319590282197e-05
3.000000000000000000e+00 -1.812661023187338644e-05
4.000000000000000000e+00 -1.792076172881126411e-05
5.000000000000000000e+00 -1.388734244771396357e-05
6.000000000000000000e+00 -1.523390610077916491e-05
7.000000000000000000e+00 -1.253631129792120375e-05
8.000000000000000000e+00 -6.594884303862631564e-06
9.000000000000000000e+00 -6.309952517382857368e-06
1.000000000000000000e+01 -8.528322382811545895e-06
1.100000000000000000e+01 -8.501345575648980627e-06
1.200000000000000000e+01 -8.369296681990178753e-06
1.300000000000000000e+01 -5.753663261403198796e-06
1.400000000000000000e+01 -9.614267741202724824e-06
1.500000000000000000e+01 -1.494076958473243103e-06
1.600000000000000000e+01 -5.894475321719903260e-06
1.700000000000000000e+01 -1.033452271842364643e-05
1.800000000000000000e+01 -4.577465877775474862e-07
1.900000000000000000e+01 -1.814946319590282197e-05
1.000000000000000000e+00 1.678146414988520157e-06
2.000000000000000000e+00 -9.412886734868157593e-06
3.000000000000000000e+00 -9.044575995040390805e-06
4.000000000000000000e+00 -9.041869722984273306e-06
5.000000000000000000e+00 -6.088553689172884153e-06
6.000000000000000000e+00 -5.851690449213668929e-06
7.000000000000000000e+00 -2.464984276129786875e-06
8.000000000000000000e+00 -3.393063764580792300e-06
9.000000000000000000e+00 -2.397112691230338192e-06
1.000000000000000000e+01 -2.122103902289660648e-06
1.100000000000000000e+01 -9.804007482026057591e-07
1.200000000000000000e+01 -4.411653018464163471e-08
1.300000000000000000e+01 -1.179548006173393114e-06
1.400000000000000000e+01 -3.709912378643028505e-06
1.500000000000000000e+01 2.441830615205227880e-06
1.600000000000000000e+01 -2.429115432211407389e-06
1.700000000000000000e+01 -5.827505827505827289e-07
1.800000000000000000e+01 1.384150764955718427e-06
1.900000000000000000e+01 -9.412886734868157593e-06
1.000000000000000000e+00 3.388183883539920251e-05
2.000000000000000000e+00 -2.019321407866299438e-05
3.000000000000000000e+00 -1.974762423678832072e-05
4.000000000000000000e+00 -1.993895337548588179e-05
5.000000000000000000e+00 3.104188553104961429e-05
6.000000000000000000e+00 -1.535293911454901902e-05
7.000000000000000000e+00 3.475510557553900849e-05
8.000000000000000000e+00 -1.252488481590648768e-05
9.000000000000000000e+00 3.149486392520448063e-05
1.000000000000000000e+01 3.705298829137837805e-05
1.100000000000000000e+01 -5.505931976520211252e-06
1.200000000000000000e+01 3.779231604309003421e-05
1.300000000000000000e+01 3.334062738087505742e-05
1.400000000000000000e+01 2.694785434723515036e-05
1.500000000000000000e+01 3.971742052237407680e-05
1.600000000000000000e+01 3.430436092974792394e-05
1.700000000000000000e+01 3.728229115226019215e-05
1.800000000000000000e+01 4.204979746775412144e-05
1.900000000000000000e+01 -2.019321407866299438e-05
1.000000000000000000e+00 -5.417269349157893807e-07
2.000000000000000000e+00 -3.394296621850800903e-05
3.000000000000000000e+00 -3.378441304137897930e-05
4.000000000000000000e+00 -2.958870335031325545e-05
5.000000000000000000e+00 -1.628368191835684090e-05
6.000000000000000000e+00 -1.855660679190090858e-05
7.000000000000000000e+00 -9.489650356523421341e-06
8.000000000000000000e+00 -1.578010053242251331e-05
9.000000000000000000e+00 -1.067778970255750331e-05
1.000000000000000000e+01 -6.030648058511834868e-06
1.100000000000000000e+01 -1.276759016697097045e-05
1.200000000000000000e+01 -1.308903514785867634e-05
1.300000000000000000e+01 2.123693300163888103e-06
1.400000000000000000e+01 -1.577357111412838742e-05
1.500000000000000000e+01 -9.890865928017629824e-06
1.600000000000000000e+01 -1.889368801133506831e-05
1.700000000000000000e+01 -1.014774698985225188e-05
1.800000000000000000e+01 -5.324096268368713439e-06
1.900000000000000000e+01 -3.394296621850800903e-05
1.000000000000000000e+00 -2.124423564052046653e-06
2.000000000000000000e+00 -1.353419542274031322e-05
3.000000000000000000e+00 -1.353419542274031322e-05
4.000000000000000000e+00 -1.003730531594308598e-05
5.000000000000000000e+00 -6.987895145789882055e-06
6.000000000000000000e+00 -8.576863453024443127e-06
7.000000000000000000e+00 -8.373807135417041253e-06
8.000000000000000000e+00 -9.036714919067859021e-06
9.000000000000000000e+00 -5.013562289104084733e-06
1.000000000000000000e+01 -3.486623455663703103e-06
1.100000000000000000e+01 -5.093633576605712055e-06
1.200000000000000000e+01 1.783347371582665636e-06
1.300000000000000000e+01 3.156973745209039219e-06
1.400000000000000000e+01 -7.410632023635119332e-06
1.500000000000000000e+01 -1.947012395928804576e-06
1.600000000000000000e+01 4.260058826622293528e-06
1.700000000000000000e+01 6.799572976043564064e-06
1.800000000000000000e+01 -2.308836674161751184e-06
1.900000000000000000e+01 -1.353419542274031322e-05
1.000000000000000000e+00 4.252713231041404019e-07
2.000000000000000000e+00 -1.287944941195715027e-05
3.000000000000000000e+00 -1.193508933447013795e-05
4.000000000000000000e+00 -1.189062915069106982e-05
5.000000000000000000e+00 -7.391387422347174644e-06
6.000000000000000000e+00 -7.522963792313637412e-06
7.000000000000000000e+00 -5.074174191821249823e-06
8.000000000000000000e+00 -5.714057184645419377e-06
9.000000000000000000e+00 -5.300169386856692725e-06
1.000000000000000000e+01 -2.231299831919026563e-06
1.100000000000000000e+01 -4.068729687924734153e-06
1.200000000000000000e+01 -4.068042380735878350e-06
1.300000000000000000e+01 -2.988712354037431228e-06
1.400000000000000000e+01 -6.767011797971550269e-06
1.500000000000000000e+01 -6.894550238203487949e-07
1.600000000000000000e+01 -2.735525568342905514e-06
1.700000000000000000e+01 7.554794706497492022e-07
1.800000000000000000e+01 2.227519642380323460e-06
1.900000000000000000e+01 -1.287944941195715027e-05
1.000000000000000000e+00 -1.460355949520036094e-06
2.000000000000000000e+00 -1.013898382319434929e-05
3.000000000000000000e+00 -1.013898382319434929e-05
4.000000000000000000e+00 -1.013898382319434929e-05
5.000000000000000000e+00 -7.774131613140899735e-06
6.000000000000000000e+00 -7.986294751000632948e-06
7.000000000000000000e+00 -1.641805047377802623e-07
8.000000000000000000e+00 -6.123649312503801073e-06
9.000000000000000000e+00 6.084902369732090983e-06
1.000000000000000000e+01 -1.791208447555196574e-06
1.100000000000000000e+01 6.607169919863418026e-07
1.200000000000000000e+01 -1.197761646678055157e-06
1.300000000000000000e+01 2.927138221255868268e-05
1.400000000000000000e+01 -1.103901258700020257e-06
1.500000000000000000e+01 -2.581268061144221904e-07
1.600000000000000000e+01 -3.348216970507991831e-06
1.700000000000000000e+01 3.773758920817744153e-05
1.800000000000000000e+01 1.916470182724052478e-06
1.900000000000000000e+01 -1.013898382319434929e-05
1.000000000000000000e+00 -5.609050821899118832e-04
2.000000000000000000e+00 -5.704505762555297458e-04
3.000000000000000000e+00 -5.697915345748162099e-04
4.000000000000000000e+00 -5.703769055162243289e-04
5.000000000000000000e+00 -9.646657092477525092e-06
6.000000000000000000e+00 -9.860667368407305627e-06
7.000000000000000000e+00 -5.632441174236839116e-04
8.000000000000000000e+00 -9.586990237145034824e-06
9.000000000000000000e+00 -1.566587866897464219e-06
1.000000000000000000e+01 -5.619285685075158616e-04
1.100000000000000000e+01 -5.609289231580253179e-04
1.200000000000000000e+01 -6.003928991545090314e-06
1.300000000000000000e+01 -5.567619944554929061e-04
1.400000000000000000e+01 -3.333225082451088505e-06
1.500000000000000000e+01 -8.010135719114046264e-07
1.600000000000000000e+01 -4.260230653419507902e-06
1.700000000000000000e+01 -2.181470060727026608e-06
1.800000000000000000e+01 4.497050936679419108e-06
1.900000000000000000e+01 -5.704505762555297458e-04
