1.000000000000000000e+00 -2.437391469899209727e-04
2.000000000000000000e+00 -2.587389390794963499e-04
3.000000000000000000e+00 -2.583249653683089889e-04
4.000000000000000000e+00 -2.586016494685224867e-04
5.000000000000000000e+00 -2.551880094449753434e-04
6.000000000000000000e+00 -2.535437129090379639e-04
7.000000000000000000e+00 -2.502596732472893155e-04
8.000000000000000000e+00 -2.531739416414338639e-04
9.000000000000000000e+00 -2.443715125603670426e-04
1.000000000000000000e+01 -2.436921953175823089e-04
1.100000000000000000e+01 -2.450567578276556155e-04
1.200000000000000000e+01 -2.446618998476583220e-04
1.300000000000000000e+01 -2.445680394596802813e-04
1.400000000000000000e+01 3.166810829349528684e-06
1.500000000000000000e+01 -2.515742341593734375e-04
1.600000000000000000e+01 -2.517053809623468635e-04
1.700000000000000000e+01 -2.527485414482318038e-04
1.800000000000000000e+01 -2.474560183538511643e-04
1.900000000000000000e+01 -2.587389390794963499e-04
1.000000000000000000e+00 -2.248345050202635190e-04
2.000000000000000000e+00 -2.346476622792412052e-04
3.000000000000000000e+00 -2.343913826111968478e-04
4.000000000000000000e+00 -2.345342136363808038e-04
5.000000000000000000e+00 -2.322995202252167929e-04
6.000000000000000000e+00 -2.318616196325174502e-04
7.000000000000000000e+00 -2.276699478711862498e-04
8.000000000000000000e+00 -2.312384467957223112e-04
9.000000000000000000e+00 -2.198408746396362254e-04
1.000000000000000000e+01 -2.224534151778733695e-04
1.100000000000000000e+01 -2.221490240066091365e-04
1.200000000000000000e+01 -2.174282116232580401e-04
1.300000000000000000e+01 -2.259483292765026425e-04
1.400000000000000000e+01 1.726515658404203226e-06
1.500000000000000000e+01 -2.254099100074332144e-04
1.600000000000000000e+01 -2.241376614441629902e-04
1.700000000000000000e+01 -2.245525372460356779e-04
1.800000000000000000e+01 -2.238254091969262135e-04
1.900000000000000000e+01 -2.346476622792412052e-04
1.000000000000000000e+00 -2.996151165655809557e-04
2.000000000000000000e+00 -3.161320963178547894e-04
3.000000000000000000e+00 -3.161092433538253911e-04
4.000000000000000000e+00 -3.158866417380349224e-04
5.000000000000000000e+00 -3.111710700719988280e-04
6.000000000000000000e+00 -3.112651452434734125e-04
7.000000000000000000e+00 -3.106792588216736317e-04
8.000000000000000000e+00 -3.119632775205530414e-04
9.000000000000000000e+00 -3.017745068828659631e-04
1.000000000000000000e+01 -2.948434004935552395e-04
1.100000000000000000e+01 -2.977919483337439937e-04
1.200000000000000000e+01 -3.034361149686227023e-04
1.300000000000000000e+01 -3.025099255749410317e-04
1.400000000000000000e+01 1.482504423680894134e-05
1.500000000000000000e+01 -3.022417898578889147e-04
1.600000000000000000e+01 -3.040327835219476050e-04
1.700000000000000000e+01 -3.055833055833055722e-04
1.800000000000000000e+01 -2.784927061242850502e-04
1.900000000000000000e+01 -3.161320963178547894e-04
1.000000000000000000e+00 -1.812358608024242632e-04
2.000000000000000000e+00 -1.975956619919468093e-04
3.000000000000000000e+00 -1.975956619919468093e-04
4.000000000000000000e+00 -1.975144738302632810e-04
5.000000000000000000e+00 -1.927425859314404165e-04
6.000000000000000000e+00 -1.946926052963204434e-04
7.000000000000000000e+00 -1.883183895567796379e-04
8.000000000000000000e+00 -1.936389633758054719e-04
9.000000000000000000e+00 -1.808321537423704438e-04
1.000000000000000000e+01 -1.827045503516091520e-04
1.100000000000000000e+01 -1.838083656969105649e-04
1.200000000000000000e+01 -1.874681046507671795e-04
1.300000000000000000e+01 -1.900110553361327240e-04
1.400000000000000000e+01 2.842917316601526853e-06
1.500000000000000000e+01 -1.898963609489925095e-04
1.600000000000000000e+01 -1.844488071268256951e-04
1.700000000000000000e+01 -1.878228840303143706e-04
1.800000000000000000e+01 -1.816299026051347771e-04
1.900000000000000000e+01 -1.975956619919468093e-04
1.000000000000000000e+00 -3.300881694844542773e-04
2.000000000000000000e+00 -3.421698270769478055e-04
3.000000000000000000e+00 -3.421349462371134180e-04
4.000000000000000000e+00 -3.420717139757387180e-04
5.000000000000000000e+00 -3.405876888849024612e-04
6.000000000000000000e+00 -3.395419080403600334e-04
7.000000000000000000e+00 -3.370462956376268720e-04
8.000000000000000000e+00 -3.395382567209192224e-04
9.000000000000000000e+00 -3.286607613233000170e-04
1.000000000000000000e+01 -3.166254110526556297e-04
1.100000000000000000e+01 -3.319441566345590882e-04
1.200000000000000000e+01 -3.166554377854687344e-04
1.300000000000000000e+01 -3.269244944941539330e-04
1.400000000000000000e+01 4.512944915421695358e-06
1.500000000000000000e+01 -3.338644929202204425e-04
1.600000000000000000e+01 -3.297570162895240042e-04
1.700000000000000000e+01 -3.319996996467584199e-04
1.800000000000000000e+01 -3.212908952073038568e-04
1.900000000000000000e+01 -3.421698270769478055e-04
1.000000000000000000e+00 -1.187596802921880260e-04
2.000000000000000000e+00 -1.315510684705731119e-04
3.000000000000000000e+00 -1.314470273448601581e-04
4.000000000000000000e+00 -1.314545447672382425e-04
5.000000000000000000e+00 -1.246158382381292568e-04
6.000000000000000000e+00 -1.293103181648073193e-04
7.000000000000000000e+00 -1.266456281936157965e-04
8.000000000000000000e+00 -1.288445816309593259e-04
9.000000000000000000e+00 -1.216166874061610820e-04
1.000000000000000000e+01 -1.142436854511157861e-04
1.100000000000000000e+01 -1.212605763689354900e-04
1.200000000000000000e+01 -1.181070821163700317e-04
1.300000000000000000e+01 -1.242629489533514289e-04
1.400000000000000000e+01 2.152431331997895202e-06
1.500000000000000000e+01 -1.241876888161717667e-04
1.600000000000000000e+01 -1.221402007005722024e-04
1.700000000000000000e+01 -1.213662498492219761e-04
1.800000000000000000e+01 -1.147116986900268619e-04
1.900000000000000000e+01 -1.315510684705731119e-04
1.000000000000000000e+00 -3.946483513046980394e-05
2.000000000000000000e+00 -7.819197486380148404e-05
3.000000000000000000e+00 -7.818114977557700726e-05
4.000000000000000000e+00 -7.806589695134585752e-05
5.000000000000000000e+00 -7.616420387318219591e-05
6.000000000000000000e+00 -7.538024411089425895e-05
7.000000000000000000e+00 -6.798468988871465564e-05
8.000000000000000000e+00 -7.416276533923591449e-05
9.000000000000000000e+00 -3.412566106064557787e-05
1.000000000000000000e+01 -6.895031353235686502e-05
1.100000000000000000e+01 -6.443779818392820645e-05
1.200000000000000000e+01 -6.338213729854595636e-05
1.300000000000000000e+01 -9.749194733714856877e-06
1.400000000000000000e+01 7.438983445175395359e-06
1.500000000000000000e+01 -6.909168402976451832e-05
1.600000000000000000e+01 -6.642179629795728056e-05
1.700000000000000000e+01 -7.209633331924352601e-05
1.800000000000000000e+01 -5.576668773263200010e-05
1.900000000000000000e+01 -7.819197486380148404e-05
1.000000000000000000e+00 -1.296019941530777259e-04
2.000000000000000000e+00 -1.495270725146886101e-04
3.000000000000000000e+00 -1.495150446388836480e-04
4.000000000000000000e+00 -1.492247003082916286e-04
5.000000000000000000e+00 -1.458895421743718708e-04
6.000000000000000000e+00 -1.443365715811536186e-04
7.000000000000000000e+00 -1.418606333467014463e-04
8.000000000000000000e+00 -1.470534109852995202e-04
9.000000000000000000e+00 -1.140642123614259813e-04
1.000000000000000000e+01 -1.286119281475318595e-04
1.100000000000000000e+01 -1.355950121429997323e-04
1.200000000000000000e+01 -1.386965287894080415e-04
1.300000000000000000e+01 -1.405348177793998006e-04
1.400000000000000000e+01 -3.495601405818123662e-06
1.500000000000000000e+01 -1.335766486695279189e-04
1.600000000000000000e+01 -1.287824232870672366e-04
1.700000000000000000e+01 -1.399056310047021941e-04
1.800000000000000000e+01 -1.065580446385399943e-04
1.900000000000000000e+01 -1.495270725146886101e-04
1.000000000000000000e+00 -1.071364995513602241e-04
2.000000000000000000e+00 -1.200509157165503886e-04
3.000000000000000000e+00 -1.197423577454537099e-04
4.000000000000000000e+00 -1.199729493073146242e-04
5.000000000000000000e+00 -1.170951511508786950e-04
6.000000000000000000e+00 -1.165659246154602115e-04
7.000000000000000000e+00 -1.135236882140906869e-04
8.000000000000000000e+00 -1.171824821205626064e-04
9.000000000000000000e+00 -9.755539438201976850e-05
1.000000000000000000e+01 -1.057544107079710682e-04
1.100000000000000000e+01 -1.060026574732457065e-04
1.200000000000000000e+01 -1.094186601152545335e-04
1.300000000000000000e+01 -1.138722388722388667e-04
1.400000000000000000e+01 6.523404356221693305e-07
1.500000000000000000e+01 -1.124154912854603253e-04
1.600000000000000000e+01 -1.061733673962776003e-04
1.700000000000000000e+01 -1.147718380690516862e-04
1.800000000000000000e+01 -9.925751063521960280e-05
1.900000000000000000e+01 -1.200509157165503886e-04
1.000000000000000000e+00 -1.725439593086651837e-04
2.000000000000000000e+00 -1.856933915757444983e-04
3.000000000000000000e+00 -1.856485018249724001e-04
4.000000000000000000e+00 -1.856485018249724001e-04
5.000000000000000000e+00 -1.839182489337287836e-04
6.000000000000000000e+00 -1.829875061299209753e-04
7.000000000000000000e+00 -1.765861847131196976e-04
8.000000000000000000e+00 -1.806723548209616145e-04
9.000000000000000000e+00 -1.709600598919484187e-04
1.000000000000000000e+01 -1.646359746204947405e-04
1.100000000000000000e+01 -1.664060054152933143e-04
1.200000000000000000e+01 -1.763571825491329879e-04
1.300000000000000000e+01 -1.407353396517483095e-04
1.400000000000000000e+01 4.150605156797106475e-06
1.500000000000000000e+01 -1.778864840010350621e-04
1.600000000000000000e+01 -1.305578666259780691e-04
1.700000000000000000e+01 -1.802960111783640982e-04
1.800000000000000000e+01 -1.690741748791284185e-04
1.900000000000000000e+01 -1.856933915757444983e-04
1.000000000000000000e+00 -4.257208649623510214e-04
2.000000000000000000e+00 -4.316384080315968761e-04
3.000000000000000000e+00 -4.316384080315968761e-04
4.000000000000000000e+00 -4.316384080315968761e-04
5.000000000000000000e+00 -4.292367419302403294e-04
6.000000000000000000e+00 -4.300961336565051717e-04
7.000000000000000000e+00 -4.286888721873241938e-04
8.000000000000000000e+00 -4.294077525501673953e-04
9.000000000000000000e+00 -3.842397712366752501e-04
1.000000000000000000e+01 -4.136465100087390609e-04
1.100000000000000000e+01 -4.179699299668339775e-04
1.200000000000000000e+01 -4.140152503155598916e-04
1.300000000000000000e+01 -4.258558778682617479e-04
1.400000000000000000e+01 2.689733726885429376e-06
1.500000000000000000e+01 -4.239794003725891954e-04
1.600000000000000000e+01 -4.174294058194986967e-04
1.700000000000000000e+01 -4.246458735622822144e-04
1.800000000000000000e+01 -3.913058905318967003e-04
1.900000000000000000e+01 -4.316384080315968761e-04
1.000000000000000000e+00 -2.044246173503139424e-04
2.000000000000000000e+00 -2.267469372732530426e-04
3.000000000000000000e+00 -2.265443105226386809e-04
4.000000000000000000e+00 -2.266553535903380844e-04
5.000000000000000000e+00 -2.240130870161829806e-04
6.000000000000000000e+00 -2.197269105163841894e-04
7.000000000000000000e+00 -2.162338435558249655e-04
8.000000000000000000e+00 -2.232101833495022194e-04
9.000000000000000000e+00 -2.094514103028034899e-04
1.000000000000000000e+01 -2.108047181576593271e-04
1.100000000000000000e+01 -2.073111786734077556e-04
1.200000000000000000e+01 -2.084840254344898192e-04
1.300000000000000000e+01 -2.113197260256083538e-04
1.400000000000000000e+01 1.063904275978579322e-05
1.500000000000000000e+01 -2.172880868701302000e-04
1.600000000000000000e+01 -2.187419993147547237e-04
1.700000000000000000e+01 -2.169415981335485858e-04
1.800000000000000000e+01 -2.119369278812003124e-04
1.900000000000000000e+01 -2.267469372732530426e-04
1.000000000000000000e+00 -4.055764067373974460e-04
2.000000000000000000e+00 -4.170042204097931262e-04
3.000000000000000000e+00 -4.124575544854182179e-04
4.000000000000000000e+00 -4.124954422942038934e-04
5.000000000000000000e+00 -4.144754454351977108e-04
6.000000000000000000e+00 -4.140766354388644883e-04
7.000000000000000000e+00 -4.043950975065525757e-04
8.000000000000000000e+00 -4.125400743047801335e-04
9.000000000000000000e+00 -4.050590362509866814e-04
1.000000000000000000e+01 -3.992946338147576385e-04
1.100000000000000000e+01 -3.947297112931787838e-04
1.200000000000000000e+01 -3.924723367447825501e-04
1.300000000000000000e+01 -4.065205090746886038e-04
1.400000000000000000e+01 9.177441065985957145e-06
1.500000000000000000e+01 -4.069398953299881963e-04
1.600000000000000000e+01 -3.929474378390786769e-04
1.700000000000000000e+01 -4.059317015973362718e-04
1.800000000000000000e+01 -3.926786577715369827e-04
1.900000000000000000e+01 -4.170042204097931262e-04
1.000000000000000000e+00 -2.535555260013464094e-04
2.000000000000000000e+00 -2.632554923576595251e-04
3.000000000000000000e+00 -2.631832391894311238e-04
4.000000000000000000e+00 -2.631745189794724863e-04
5.000000000000000000e+00 -2.608338513911268985e-04
6.000000000000000000e+00 -2.609584258191069081e-04
7.000000000000000000e+00 -2.608468672710158700e-04
8.000000000000000000e+00 -2.590262334844377671e-04
9.000000000000000000e+00 -2.506259220655505200e-04
1.000000000000000000e+01 -2.381620787193542376e-04
1.100000000000000000e+01 -2.478628612529541059e-04
1.200000000000000000e+01 -2.555924038122180000e-04
1.300000000000000000e+01 -2.516532315293925118e-04
1.400000000000000000e+01 3.102805347387390715e-06
1.500000000000000000e+01 -2.545324902136047573e-04
1.600000000000000000e+01 -2.130512676178310705e-04
1.700000000000000000e+01 -2.587316793973140692e-04
1.800000000000000000e+01 -2.154280617902908860e-04
1.900000000000000000e+01 -2.632554923576595251e-04
1.000000000000000000e+00 -1.310163864343430690e-04
2.000000000000000000e+00 -1.432521297072380498e-04
3.000000000000000000e+00 -1.432521297072380498e-04
4.000000000000000000e+00 -1.429577044902122132e-04
5.000000000000000000e+00 -1.359666305486738813e-04
6.000000000000000000e+00 -1.408087096941586084e-04
7.000000000000000000e+00 -1.359204520969226830e-04
8.000000000000000000e+00 -1.403308593711070245e-04
9.000000000000000000e+00 -1.347717899575484591e-04
1.000000000000000000e+01 -1.233920877883726004e-04
1.100000000000000000e+01 -1.292440359777820985e-04
1.200000000000000000e+01 -1.296778556840476240e-04
1.300000000000000000e+01 -1.354797593187685961e-04
1.400000000000000000e+01 2.361630457605689777e-06
1.500000000000000000e+01 -1.341520106999983001e-04
1.600000000000000000e+01 -1.284081415660362859e-04
1.700000000000000000e+01 -1.330650343808238451e-04
1.800000000000000000e+01 -1.271990823074414204e-04
1.900000000000000000e+01 -1.432521297072380498e-04
1.000000000000000000e+00 -2.083395620547323309e-04
2.000000000000000000e+00 -7.460272785350184187e-04
3.000000000000000000e+00 -7.458775314812466414e-04
4.000000000000000000e+00 -7.452435765129262991e-04
5.000000000000000000e+00 -2.122027009797907457e-04
6.000000000000000000e+00 -7.439115751809250105e-04
7.000000000000000000e+00 -2.137978550517250073e-04
8.000000000000000000e+00 -2.151070034196968976e-04
9.000000000000000000e+00 -7.361436722891830662e-04
1.000000000000000000e+01 -2.034138462157037905e-04
1.100000000000000000e+01 -2.007432282200084014e-04
1.200000000000000000e+01 -2.089731304127588726e-04
1.300000000000000000e+01 -2.087153472602388984e-04
1.400000000000000000e+01 -5.247604992187034686e-04
1.500000000000000000e+01 -2.095238352978290937e-04
1.600000000000000000e+01 -7.353963545914009780e-04
1.700000000000000000e+01 -2.121648990844037257e-04
1.800000000000000000e+01 -7.273296448993042890e-04
1.900000000000000000e+01 -7.460272785350184187e-04
1.000000000000000000e+00 -2.173351244558674651e-04
2.000000000000000000e+00 -2.306823293665398857e-04
3.000000000000000000e+00 -2.306715042783154224e-04
4.000000000000000000e+00 -2.305760115357638495e-04
5.000000000000000000e+00 -2.285336782240806859e-04
6.000000000000000000e+00 -2.284060538704501284e-04
7.000000000000000000e+00 -2.259256481392704196e-04
8.000000000000000000e+00 -2.283800221106722396e-04
9.000000000000000000e+00 -2.142685745626921989e-04
1.000000000000000000e+01 -2.137813596791924816e-04
1.100000000000000000e+01 -2.213899361732178900e-04
1.200000000000000000e+01 -2.105926838898974907e-04
1.300000000000000000e+01 -2.253425968596246972e-04
1.400000000000000000e+01 2.808509000459464465e-06
1.500000000000000000e+01 -2.188480594053349290e-04
1.600000000000000000e+01 -2.165149092393674256e-04
1.700000000000000000e+01 -2.202906312813433549e-04
1.800000000000000000e+01 -2.065960355434039392e-04
1.900000000000000000e+01 -2.306823293665398857e-04
1.000000000000000000e+00 -7.971667994887807922e-05
2.000000000000000000e+00 -9.218718158346640636e-05
3.000000000000000000e+00 -9.182381086405853377e-05
4.000000000000000000e+00 -9.193884890479316681e-05
5.000000000000000000e+00 -8.936093146619462002e-05
6.000000000000000000e+00 -8.951892620623270091e-05
7.000000000000000000e+00 -8.473264781314316350e-05
8.000000000000000000e+00 -8.757625243693354235e-05
9.000000000000000000e+00 -7.872794560101061359e-05
1.000000000000000000e+01 -7.946186080861002458e-05
1.100000000000000000e+01 -7.929609090599801485e-05
1.200000000000000000e+01 -7.974249692515945128e-05
1.300000000000000000e+01 -7.975937890798570976e-05
1.400000000000000000e+01 2.407078645468738014e-06
1.500000000000000000e+01 -8.179123078503882868e-05
1.600000000000000000e+01 -8.344115464858498359e-05
1.700000000000000000e+01 -8.638098227881508672e-05
1.800000000000000000e+01 -7.022286279252223430e-05
1.900000000000000000e+01 -9.218718158346640636e-05
1.000000000000000000e+00 -2.599232982359916868e-04
2.000000000000000000e+00 -2.734703806685230662e-04
3.000000000000000000e+00 -2.734703806685230662e-04
4.000000000000000000e+00 -2.732963201229454795e-04
5.000000000000000000e+00 -2.671893809664706971e-04
6.000000000000000000e+00 -2.706360117350828918e-04
7.000000000000000000e+00 -2.681681923167990940e-04
8.000000000000000000e+00 -2.693847260410727569e-04
9.000000000000000000e+00 -2.553248694889561732e-04
1.000000000000000000e+01 -2.622655552222115469e-04
1.100000000000000000e+01 -2.655671212172759903e-04
1.200000000000000000e+01 -2.627239461604786584e-04
1.300000000000000000e+01 -2.630231825278264365e-04
1.400000000000000000e+01 -7.934102361346942176e-08
1.500000000000000000e+01 -2.610400865044827570e-04
1.600000000000000000e+01 -2.627623494496559415e-04
1.700000000000000000e+01 -2.647182968390398346e-04
1.800000000000000000e+01 -2.490386290695887749e-04
1.900000000000000000e+01 -2.734703806685230662e-04
1.000000000000000000e+00 -3.473635497629305475e-04
2.000000000000000000e+00 -3.564619934588974777e-04
3.000000000000000000e+00 -3.562463078716948304e-04
4.000000000000000000e+00 -3.562965242531805589e-04
5.000000000000000000e+00 -3.525693432814175658e-04
6.000000000000000000e+00 -3.550707977952559922e-04
7.000000000000000000e+00 -3.483895705257933849e-04
8.000000000000000000e+00 -3.530332756338948243e-04
9.000000000000000000e+00 -3.379403963769288450e-04
1.000000000000000000e+01 -3.345261120028921787e-04
1.100000000000000000e+01 -3.444990681832786942e-04
1.200000000000000000e+01 -3.365825351119468701e-04
1.300000000000000000e+01 -3.485751434667842992e-04
1.400000000000000000e+01 3.946990402098760849e-06
1.500000000000000000e+01 -3.501111891204769923e-04
1.600000000000000000e+01 -3.363864377796266106e-04
1.700000000000000000e+01 -3.505989624410676855e-04
1.800000000000000000e+01 -3.350504414745900518e-04
1.900000000000000000e+01 -3.564619934588974777e-04
1.000000000000000000e+00 -1.056077565365490988e-04
2.000000000000000000e+00 -1.143679591822006642e-04
3.000000000000000000e+00 -1.143275798848554167e-04
4.000000000000000000e+00 -1.141237503466605561e-04
5.000000000000000000e+00 -1.112188035562648540e-04
6.000000000000000000e+00 -1.114359067145444764e-04
7.000000000000000000e+00 -1.099304891874551240e-04
8.000000000000000000e+00 -1.112024370538302302e-04
9.000000000000000000e+00 -1.041957698304447400e-04
1.000000000000000000e+01 -1.002798800786416835e-04
1.100000000000000000e+01 -9.673732700048488244e-05
1.200000000000000000e+01 -9.918920948332711691e-05
1.300000000000000000e+01 -9.264673235261470261e-05
1.400000000000000000e+01 6.300587956934705315e-06
1.500000000000000000e+01 -1.047048926305892147e-04
1.600000000000000000e+01 -1.002974064119574921e-04
1.700000000000000000e+01 -1.053572330662113916e-04
1.800000000000000000e+01 -9.519586880267994421e-05
1.900000000000000000e+01 -1.143679591822006642e-04
1.000000000000000000e+00 -1.303855243483726431e-04
2.000000000000000000e+00 -1.423969477375049944e-04
3.000000000000000000e+00 -1.423849198617000323e-04
4.000000000000000000e+00 -1.419086589365226936e-04
5.000000000000000000e+00 -1.375918543101205618e-04
6.000000000000000000e+00 -1.398972544483380158e-04
7.000000000000000000e+00 -1.392904051572782000e-04
8.000000000000000000e+00 -1.391959433755099234e-04
9.000000000000000000e+00 -1.300209508413842580e-04
1.000000000000000000e+01 -1.261418320241849522e-04
1.100000000000000000e+01 -1.284663049368931593e-04
1.200000000000000000e+01 -1.370324721717910445e-04
1.300000000000000000e+01 -1.292193788323819112e-04
1.400000000000000000e+01 1.559671838309609163e-06
1.500000000000000000e+01 -1.347618240033100626e-04
1.600000000000000000e+01 -1.264788702869198045e-04
1.700000000000000000e+01 -1.361417650117340515e-04
1.800000000000000000e+01 -1.265194214110622545e-04
1.900000000000000000e+01 -1.423969477375049944e-04
1.000000000000000000e+00 -3.866888185773634397e-04
2.000000000000000000e+00 -4.006824358991541439e-04
3.000000000000000000e+00 -4.004561400072235771e-04
4.000000000000000000e+00 -4.003121061944590951e-04
5.000000000000000000e+00 -3.959238645771153147e-04
6.000000000000000000e+00 -3.964600930545202615e-04
7.000000000000000000e+00 -3.912395224314728511e-04
8.000000000000000000e+00 -3.965398206884274872e-04
9.000000000000000000e+00 -3.911420536807533408e-04
1.000000000000000000e+01 -3.790036932451792961e-04
1.100000000000000000e+01 -3.904428474861911013e-04
1.200000000000000000e+01 -3.872065756740678964e-04
1.300000000000000000e+01 -3.865371384721229850e-04
1.400000000000000000e+01 3.638733127897214554e-06
1.500000000000000000e+01 -3.891940103240412513e-04
1.600000000000000000e+01 -3.837775141954708380e-04
1.700000000000000000e+01 -3.894733577396115778e-04
1.800000000000000000e+01 -3.814818222712959496e-04
1.900000000000000000e+01 -4.006824358991541439e-04
1.000000000000000000e+00 -1.013298277230165705e-04
2.000000000000000000e+00 -1.105016414613937725e-04
3.000000000000000000e+00 -1.104449386183132289e-04
4.000000000000000000e+00 -1.104216560872907566e-04
5.000000000000000000e+00 -1.087183800032097240e-04
6.000000000000000000e+00 -1.069483062517118224e-04
7.000000000000000000e+00 -1.047397734704236157e-04
8.000000000000000000e+00 -1.051453276685474707e-04
9.000000000000000000e+00 -9.939965435321472162e-05
1.000000000000000000e+01 -9.288076045041988404e-05
1.100000000000000000e+01 -9.893181294110086189e-05
1.200000000000000000e+01 -9.815107493126068894e-05
1.300000000000000000e+01 -7.218336359203231939e-05
1.400000000000000000e+01 6.407593094899596429e-06
1.500000000000000000e+01 -1.030842652359680132e-04
1.600000000000000000e+01 -6.329592320304394269e-05
1.700000000000000000e+01 -1.029035893586977094e-04
1.800000000000000000e+01 -9.654161627845838278e-05
1.900000000000000000e+01 -1.105016414613937725e-04
1.000000000000000000e+00 -1.172175777438935241e-04
2.000000000000000000e+00 -1.459711599030484325e-04
3.000000000000000000e+00 -1.454836872793529115e-04
4.000000000000000000e+00 -1.458525994129709175e-04
5.000000000000000000e+00 -1.433804413680574445e-04
6.000000000000000000e+00 -1.430597696077572025e-04
7.000000000000000000e+00 -1.411357820026550643e-04
8.000000000000000000e+00 -1.426055454693225366e-04
9.000000000000000000e+00 -1.264331214021616396e-04
1.000000000000000000e+01 -1.038800380905643956e-04
1.100000000000000000e+01 -1.253143571255026321e-04
1.200000000000000000e+01 -1.257063370066465802e-04
1.300000000000000000e+01 -1.365402313544728148e-04
1.400000000000000000e+01 2.755887043812740246e-06
1.500000000000000000e+01 -1.359915024775705853e-04
1.600000000000000000e+01 -1.190319828090725886e-04
1.700000000000000000e+01 -1.347491947337148375e-04
1.800000000000000000e+01 -7.055405894415182162e-05
1.900000000000000000e+01 -1.459711599030484325e-04
1.000000000000000000e+00 -8.755331355950550217e-05
2.000000000000000000e+00 -1.001931934594473223e-04
3.000000000000000000e+00 -1.000411697006124218e-04
4.000000000000000000e+00 -1.000541855805013662e-04
5.000000000000000000e+00 -9.620543714970958369e-05
6.000000000000000000e+00 -9.859378667428202734e-05
7.000000000000000000e+00 -9.526868040799928074e-05
8.000000000000000000e+00 -9.832925931997139359e-05
9.000000000000000000e+00 -8.272588264848326528e-05
1.000000000000000000e+01 -8.211873266052831797e-05
1.100000000000000000e+01 -9.031216461557018359e-05
1.200000000000000000e+01 -8.809594258510666288e-05
1.300000000000000000e+01 -9.058068694291603333e-05
1.400000000000000000e+01 1.975106077273259889e-06
1.500000000000000000e+01 -9.034369483285891876e-05
1.600000000000000000e+01 -8.842108184213446850e-05
1.700000000000000000e+01 -9.304601487264025912e-05
1.800000000000000000e+01 -8.160960986038384333e-05
1.900000000000000000e+01 -1.001931934594473223e-04
1.000000000000000000e+00 -9.232550215522351172e-05
2.000000000000000000e+00 -1.084435430410662482e-04
3.000000000000000000e+00 -1.083178517389043680e-04
4.000000000000000000e+00 -1.079954617106319788e-04
5.000000000000000000e+00 -1.034547667674602645e-04
6.000000000000000000e+00 -1.005156264444190121e-04
7.000000000000000000e+00 -1.024952000184198232e-04
8.000000000000000000e+00 -1.047603497293899723e-04
9.000000000000000000e+00 -9.772004741044988056e-05
1.000000000000000000e+01 -9.378169130491111787e-05
1.100000000000000000e+01 -7.205973421143699136e-05
1.200000000000000000e+01 -5.959735139301702519e-05
1.300000000000000000e+01 -3.447030265915714296e-05
1.400000000000000000e+01 3.807037475768125715e-06
1.500000000000000000e+01 -9.914754148500278278e-05
1.600000000000000000e+01 -9.362782040800615485e-05
1.700000000000000000e+01 -9.802495406210576180e-05
1.800000000000000000e+01 -8.725601024362633368e-05
1.900000000000000000e+01 -1.084435430410662482e-04
1.000000000000000000e+00 -2.954668740272455235e-04
2.000000000000000000e+00 -3.112151436454841736e-04
3.000000000000000000e+00 -3.112031157696791843e-04
4.000000000000000000e+00 -3.109245845313956375e-04
5.000000000000000000e+00 -3.084115746654445965e-04
6.000000000000000000e+00 -3.047009749796127033e-04
7.000000000000000000e+00 -3.072446988855657133e-04
8.000000000000000000e+00 -3.089802784075229873e-04
9.000000000000000000e+00 -2.986487626580505814e-04
1.000000000000000000e+01 -2.962799584316611707e-04
1.100000000000000000e+01 -2.959758250005927686e-04
1.200000000000000000e+01 -3.011064013385994389e-04
1.300000000000000000e+01 -2.995741358744454181e-04
1.400000000000000000e+01 1.674538052247030369e-06
1.500000000000000000e+01 -3.024366844026286482e-04
1.600000000000000000e+01 -3.028539657796623609e-04
1.700000000000000000e+01 -3.024011162556053964e-04
1.800000000000000000e+01 -2.987767306652755169e-04
1.900000000000000000e+01 -3.112151436454841736e-04
1.000000000000000000e+00 -1.944319870016464379e-04
2.000000000000000000e+00 -1.995998497546484936e-04
3.000000000000000000e+00 -1.993241536585189781e-04
4.000000000000000000e+00 -1.994361847303023638e-04
5.000000000000000000e+00 -1.970822864785712878e-04
6.000000000000000000e+00 -1.973959133401857659e-04
7.000000000000000000e+00 -1.962788243747996049e-04
8.000000000000000000e+00 -1.937216120652653030e-04
9.000000000000000000e+00 -1.909249591138136015e-04
1.000000000000000000e+01 -1.849651896091524504e-04
1.100000000000000000e+01 -1.840140853298747887e-04
1.200000000000000000e+01 -1.850260592520654396e-04
1.300000000000000000e+01 -1.925908628695006204e-04
1.400000000000000000e+01 2.496772233614338528e-06
1.500000000000000000e+01 -1.941568063859085299e-04
1.600000000000000000e+01 -1.596052296516692641e-04
1.700000000000000000e+01 -1.925021572854390076e-04
1.800000000000000000e+01 -1.559993583987391889e-04
1.900000000000000000e+01 -1.995998497546484936e-04
1.000000000000000000e+00 -8.361126317782664144e-05
2.000000000000000000e+00 -1.036479430442278644e-04
3.000000000000000000e+00 -1.035173546783453873e-04
4.000000000000000000e+00 -1.029515290351203555e-04
5.000000000000000000e+00 -9.615668129600017146e-05
6.000000000000000000e+00 -1.017549272193234990e-04
7.000000000000000000e+00 -9.768757214577647734e-05
8.000000000000000000e+00 -9.621072082372391341e-05
9.000000000000000000e+00 -8.376685234270372449e-05
1.000000000000000000e+01 -7.539897323179056644e-05
1.100000000000000000e+01 -8.491263638322461653e-05
1.200000000000000000e+01 -8.928889308146273547e-05
1.300000000000000000e+01 -8.900168458991987886e-05
1.400000000000000000e+01 -1.734462647775341139e-06
1.500000000000000000e+01 -9.265781518103498315e-05
1.600000000000000000e+01 -8.344454822782995012e-05
1.700000000000000000e+01 -9.194486284269564789e-05
1.800000000000000000e+01 -7.222799560260860020e-05
1.900000000000000000e+01 -1.036479430442278644e-04
1.000000000000000000e+00 -3.276567773471797981e-04
2.000000000000000000e+00 -3.353321944653213761e-04
3.000000000000000000e+00 -3.353156561360895634e-04
4.000000000000000000e+00 -3.353321944653213761e-04
5.000000000000000000e+00 -3.334570056706279238e-04
6.000000000000000000e+00 -3.322230315264370942e-04
7.000000000000000000e+00 -3.300715881985231775e-04
8.000000000000000000e+00 -3.326684495415145213e-04
9.000000000000000000e+00 -3.251549362230476254e-04
1.000000000000000000e+01 -3.259115755245785870e-04
1.100000000000000000e+01 -3.269898745904937457e-04
1.200000000000000000e+01 -3.269803811599476698e-04
1.300000000000000000e+01 -3.247559543999172004e-04
1.400000000000000000e+01 5.435740729858376564e-07
1.500000000000000000e+01 -3.273985216709674492e-04
1.600000000000000000e+01 -3.230599379980184484e-04
1.700000000000000000e+01 -3.266704056177740026e-04
1.800000000000000000e+01 -3.211442410358818873e-04
1.900000000000000000e+01 -3.353321944653213761e-04
1.000000000000000000e+00 -2.361622295832822014e-04
2.000000000000000000e+00 -2.460139619582343731e-04
3.000000000000000000e+00 -2.459306689182849648e-04
4.000000000000000000e+00 -2.457390820393915831e-04
5.000000000000000000e+00 -2.419210906053011244e-04
6.000000000000000000e+00 -2.438251033452271826e-04
7.000000000000000000e+00 -2.377010674224296386e-04
8.000000000000000000e+00 -2.410046523823613607e-04
9.000000000000000000e+00 -2.013829823427346402e-04
1.000000000000000000e+01 -2.386086995220121907e-04
1.100000000000000000e+01 -2.338207458176498339e-04
1.200000000000000000e+01 -2.384085642599574281e-04
1.300000000000000000e+01 -2.363614627546515830e-04
1.400000000000000000e+01 4.738768283659923885e-06
1.500000000000000000e+01 -2.342297365517179695e-04
1.600000000000000000e+01 -2.296409730620256801e-04
1.700000000000000000e+01 -2.388846104016382501e-04
1.800000000000000000e+01 -1.925638001489394624e-04
1.900000000000000000e+01 -2.460139619582343731e-04
1.000000000000000000e+00 -2.694152682542775234e-04
2.000000000000000000e+00 -2.806954397511672518e-04
3.000000000000000000e+00 -2.801696067949937890e-04
4.000000000000000000e+00 -2.806111587071339155e-04
5.000000000000000000e+00 -2.415426850411370424e-04
6.000000000000000000e+00 -2.446712644081064825e-04
7.000000000000000000e+00 -2.434952388512759826e-04
8.000000000000000000e+00 -2.449444690156764260e-04
9.000000000000000000e+00 -2.370819325153690298e-04
1.000000000000000000e+01 -2.321340510194999283e-04
1.100000000000000000e+01 -2.659170035331025845e-04
1.200000000000000000e+01 -2.662089802182681362e-04
1.300000000000000000e+01 -2.740212144236912027e-04
1.400000000000000000e+01 1.280625119634407420e-05
1.500000000000000000e+01 -2.377389552312152870e-04
1.600000000000000000e+01 -2.716766807324082602e-04
1.700000000000000000e+01 -2.422662476842043242e-04
1.800000000000000000e+01 -2.231379731379731324e-04
1.900000000000000000e+01 -2.806954397511672518e-04
1.000000000000000000e+00 -1.865687631941501774e-04
2.000000000000000000e+00 -1.926667244004705184e-04
3.000000000000000000e+00 -1.920084988970437623e-04
4.000000000000000000e+00 -1.923665429857380181e-04
5.000000000000000000e+00 -1.903511435245181242e-04
6.000000000000000000e+00 -1.911793916437879099e-04
7.000000000000000000e+00 -1.878343105123290698e-04
8.000000000000000000e+00 -1.887928463005862146e-04
9.000000000000000000e+00 -1.698959365368033891e-04
1.000000000000000000e+01 -1.715118816512005103e-04
1.100000000000000000e+01 -1.808869235339823371e-04
1.200000000000000000e+01 -1.703411397683843266e-04
1.300000000000000000e+01 -1.805706763137103444e-04
1.400000000000000000e+01 7.067493909599171966e-06
1.500000000000000000e+01 -1.796096060801943134e-04
1.600000000000000000e+01 -1.784021362194736660e-04
1.700000000000000000e+01 -1.802292564676465569e-04
1.800000000000000000e+01 -1.714885132067794503e-04
1.900000000000000000e+01 -1.926667244004705184e-04
1.000000000000000000e+00 -1.261570816524376648e-04
2.000000000000000000e+00 -1.368864193941593109e-04
3.000000000000000000e+00 -1.368578531891225360e-04
4.000000000000000000e+00 -1.368635664301298856e-04
5.000000000000000000e+00 -1.314123183318229731e-04
6.000000000000000000e+00 -1.344843666825090722e-04
7.000000000000000000e+00 -1.312278622650139566e-04
8.000000000000000000e+00 -1.329273581595562899e-04
9.000000000000000000e+00 -1.281968805188619422e-04
1.000000000000000000e+01 -1.202783714393621401e-04
1.100000000000000000e+01 -1.297573685344583058e-04
1.200000000000000000e+01 -1.304487566097473159e-04
1.300000000000000000e+01 -1.304763348107001357e-04
1.400000000000000000e+01 6.367041970757140493e-06
1.500000000000000000e+01 -1.304353970762639394e-04
1.600000000000000000e+01 -1.232011452599687687e-04
1.700000000000000000e+01 -1.297837009911313125e-04
1.800000000000000000e+01 -1.199181795157027309e-04
1.900000000000000000e+01 -1.368864193941593109e-04
1.000000000000000000e+00 -3.458020737432502016e-04
2.000000000000000000e+00 -3.913610039771029986e-04
3.000000000000000000e+00 -3.913610039771029986e-04
4.000000000000000000e+00 -3.910873698025400759e-04
5.000000000000000000e+00 -3.893896351326691361e-04
6.000000000000000000e+00 -3.499055124442120826e-04
7.000000000000000000e+00 -3.506277004729016901e-04
8.000000000000000000e+00 -3.541030692733478894e-04
9.000000000000000000e+00 -3.334457080587111401e-04
1.000000000000000000e+01 -3.353225721646773847e-04
1.100000000000000000e+01 -3.701279800351007501e-04
1.200000000000000000e+01 -3.473201205399347792e-04
1.300000000000000000e+01 -3.433347268486587243e-04
1.400000000000000000e+01 3.650056513833603019e-05
1.500000000000000000e+01 -3.424477998781404035e-04
1.600000000000000000e+01 -3.414576479591959358e-04
1.700000000000000000e+01 -3.500364015069897319e-04
1.800000000000000000e+01 -3.404184394896468701e-04
1.900000000000000000e+01 -3.913610039771029986e-04
1.000000000000000000e+00 -8.305768019390310207e-05
2.000000000000000000e+00 -9.088284436581649814e-05
3.000000000000000000e+00 -9.088284436581649814e-05
4.000000000000000000e+00 -9.071939412496687145e-05
5.000000000000000000e+00 -8.703813386475924582e-05
6.000000000000000000e+00 -8.905907474018928671e-05
7.000000000000000000e+00 -8.549650384015707798e-05
8.000000000000000000e+00 -8.867517071851435824e-05
9.000000000000000000e+00 -7.869220562719014573e-05
1.000000000000000000e+01 -7.149687258046390627e-05
1.100000000000000000e+01 -7.858373996144892904e-05
1.200000000000000000e+01 -8.002498017977894055e-05
1.300000000000000000e+01 -8.307975993734507546e-05
1.400000000000000000e+01 3.687574895005235246e-06
1.500000000000000000e+01 -8.055300392761692520e-05
1.600000000000000000e+01 -8.153933270032340654e-05
1.700000000000000000e+01 -8.438504220237965172e-05
1.800000000000000000e+01 -6.883158121548213395e-05
1.900000000000000000e+01 -9.088284436581649814e-05
1.000000000000000000e+00 -3.236315627956494446e-04
2.000000000000000000e+00 -3.321267226065987145e-04
3.000000000000000000e+00 -3.320176125903679613e-04
4.000000000000000000e+00 -3.318453991828604777e-04
5.000000000000000000e+00 -3.299877367214828204e-04
6.000000000000000000e+00 -3.293881900693045994e-04
7.000000000000000000e+00 -3.200134059267185764e-04
8.000000000000000000e+00 -3.293658955423660957e-04
9.000000000000000000e+00 -3.239317442103819720e-04
1.000000000000000000e+01 -2.806899842503557331e-04
1.100000000000000000e+01 -3.239152058811501050e-04
1.200000000000000000e+01 -3.206711159497536707e-04
1.300000000000000000e+01 -3.165456834187484040e-04
1.400000000000000000e+01 5.827376957407917144e-06
1.500000000000000000e+01 -3.259067214175573042e-04
1.600000000000000000e+01 -3.224405023940627216e-04
1.700000000000000000e+01 -3.182140786629950491e-04
1.800000000000000000e+01 -2.848211300223684036e-04
1.900000000000000000e+01 -3.321267226065987145e-04
1.000000000000000000e+00 -1.473965061426361542e-04
2.000000000000000000e+00 -1.607152737183696882e-04
3.000000000000000000e+00 -1.607152737183696882e-04
4.000000000000000000e+00 -1.599847950467145309e-04
5.000000000000000000e+00 -1.543850885956148870e-04
6.000000000000000000e+00 -1.532448030126048685e-04
7.000000000000000000e+00 -1.552951262703584640e-04
8.000000000000000000e+00 -1.282461518529629755e-04
9.000000000000000000e+00 -1.221482336033419486e-04
1.000000000000000000e+01 -1.376655250494259516e-04
1.100000000000000000e+01 -1.520628494312704752e-04
1.200000000000000000e+01 -1.466806757054435007e-04
1.300000000000000000e+01 -9.659333614441972815e-05
1.400000000000000000e+01 3.015560291102086563e-06
1.500000000000000000e+01 -1.519000864976096992e-04
1.600000000000000000e+01 -1.481754399711055924e-04
1.700000000000000000e+01 -1.488514065913446602e-04
1.800000000000000000e+01 -1.298498543080586179e-04
1.900000000000000000e+01 -1.607152737183696882e-04
1.000000000000000000e+00 -8.829577715026630752e-05
2.000000000000000000e+00 -1.078248377009986863e-04
3.000000000000000000e+00 -1.075905089062983733e-04
4.000000000000000000e+00 -1.076613874601490596e-04
5.000000000000000000e+00 -1.053714946903801356e-04
6.000000000000000000e+00 -1.060608208441025664e-04
7.000000000000000000e+00 -9.787632388251582788e-05
8.000000000000000000e+00 -1.054435330751120201e-04
9.000000000000000000e+00 -3.613539023755741599e-05
1.000000000000000000e+01 -7.746488977139130672e-05
1.100000000000000000e+01 -6.319939949970908690e-05
1.200000000000000000e+01 -6.593870525759069467e-05
1.300000000000000000e+01 -1.010728177910840347e-04
1.400000000000000000e+01 3.028447300893121005e-06
1.500000000000000000e+01 -9.216273922156274930e-05
1.600000000000000000e+01 -5.608246242921165198e-05
1.700000000000000000e+01 -6.977048579215761742e-05
1.800000000000000000e+01 1.167641697827456244e-04
1.900000000000000000e+01 -1.078248377009986863e-04
1.000000000000000000e+00 -2.320581465318307160e-04
2.000000000000000000e+00 -2.410475231682661802e-04
3.000000000000000000e+00 -2.407359152715189807e-04
4.000000000000000000e+00 -2.409961039991999527e-04
5.000000000000000000e+00 -2.356931853835878563e-04
6.000000000000000000e+00 -2.389706097136437470e-04
7.000000000000000000e+00 -2.366405953867253928e-04
8.000000000000000000e+00 -2.387877860014082899e-04
9.000000000000000000e+00 -2.255894690105216341e-04
1.000000000000000000e+01 -2.223211515007180459e-04
1.100000000000000000e+01 -2.263754906943761232e-04
1.200000000000000000e+01 -2.269522273392242330e-04
1.300000000000000000e+01 -2.256574265088196743e-04
1.400000000000000000e+01 3.518969850239199778e-06
1.500000000000000000e+01 -2.334002856448676849e-04
1.600000000000000000e+01 -2.301545633588977183e-04
1.700000000000000000e+01 -2.305597309467278405e-04
1.800000000000000000e+01 -2.283946273884354292e-04
1.900000000000000000e+01 -2.410475231682661802e-04
1.000000000000000000e+00 -1.644388033706918975e-04
2.000000000000000000e+00 -1.740575386086221977e-04
3.000000000000000000e+00 -1.730540271561943264e-04
4.000000000000000000e+00 -1.737482503736373677e-04
5.000000000000000000e+00 -1.700147118103774208e-04
6.000000000000000000e+00 -1.420811300842260351e-04
7.000000000000000000e+00 -1.691370205302093722e-04
8.000000000000000000e+00 -1.710234639801203212e-04
9.000000000000000000e+00 -1.573449340477204249e-04
1.000000000000000000e+01 -1.646884247503442372e-04
1.100000000000000000e+01 -1.624662746953768502e-04
1.200000000000000000e+01 -1.594420801077147689e-04
1.300000000000000000e+01 -9.533848504436739707e-05
1.400000000000000000e+01 3.693219405293708126e-05
1.500000000000000000e+01 -1.619597292971905759e-04
1.600000000000000000e+01 -1.579190073772117060e-04
1.700000000000000000e+01 -1.638172628884703179e-04
1.800000000000000000e+01 -1.535383690956446112e-04
1.900000000000000000e+01 -1.740575386086221977e-04
1.000000000000000000e+00 -3.102410575320791982e-04
2.000000000000000000e+00 -3.166859799986734467e-04
3.000000000000000000e+00 -3.166859799986734467e-04
4.000000000000000000e+00 -3.165894562953386316e-04
5.000000000000000000e+00 -3.140823314971921427e-04
6.000000000000000000e+00 -3.145956640538683500e-04
7.000000000000000000e+00 -3.117259847136008089e-04
8.000000000000000000e+00 -2.834462149477629000e-04
9.000000000000000000e+00 -2.974455455105609538e-04
1.000000000000000000e+01 -3.046467206683924718e-04
1.100000000000000000e+01 -3.029935750523985393e-04
1.200000000000000000e+01 -2.979533366530270140e-04
1.300000000000000000e+01 -2.803018704721490584e-04
1.400000000000000000e+01 6.016214607545876564e-06
1.500000000000000000e+01 -2.972365611684496924e-04
1.600000000000000000e+01 -2.910434508731721834e-04
1.700000000000000000e+01 -3.106853586729747276e-04
1.800000000000000000e+01 -2.840032774243300478e-04
1.900000000000000000e+01 -3.166859799986734467e-04
1.000000000000000000e+00 -2.878620777227587873e-04
2.000000000000000000e+00 -2.968908026957562296e-04
3.000000000000000000e+00 -2.966249436837671951e-04
4.000000000000000000e+00 -2.966412672295025183e-04
5.000000000000000000e+00 -2.950900578609556867e-04
6.000000000000000000e+00 -2.945724296343490913e-04
7.000000000000000000e+00 -2.910355468405003798e-04
8.000000000000000000e+00 -2.938198712192519740e-04
9.000000000000000000e+00 -2.885562579835025416e-04
1.000000000000000000e+01 -2.859447484060486668e-04
1.100000000000000000e+01 -2.827941322523365810e-04
1.200000000000000000e+01 -2.841766506627187703e-04
1.300000000000000000e+01 -2.869679769834568143e-04
1.400000000000000000e+01 1.024860931981674944e-06
1.500000000000000000e+01 -2.888834591620968858e-04
1.600000000000000000e+01 -2.801336090809774496e-04
1.700000000000000000e+01 -2.862355652603330337e-04
1.800000000000000000e+01 -2.847877097103103188e-04
1.900000000000000000e+01 -2.968908026957562296e-04
1.000000000000000000e+00 -1.424382720822349100e-04
2.000000000000000000e+00 -1.531269727864155048e-04
3.000000000000000000e+00 -1.529649401166428802e-04
4.000000000000000000e+00 -1.530361623240880122e-04
5.000000000000000000e+00 -1.481361345912429284e-04
6.000000000000000000e+00 -1.503976759394715806e-04
7.000000000000000000e+00 -1.412619458285092921e-04
8.000000000000000000e+00 -1.495782339435590066e-04
9.000000000000000000e+00 -1.356296352426383160e-04
1.000000000000000000e+01 -1.391203825414351705e-04
1.100000000000000000e+01 -1.419561260892530192e-04
1.200000000000000000e+01 -1.401625120665368144e-04
1.300000000000000000e+01 -1.339060406397867442e-04
1.400000000000000000e+01 3.258308598865874197e-06
1.500000000000000000e+01 -1.431850313429260764e-04
1.600000000000000000e+01 -1.394485717241134969e-04
1.700000000000000000e+01 -1.369908900868652981e-04
1.800000000000000000e+01 -1.303714345510010881e-04
1.900000000000000000e+01 -1.531269727864155048e-04
1.000000000000000000e+00 -6.929065946093809617e-05
2.000000000000000000e+00 -9.995680274318044360e-05
3.000000000000000000e+00 -9.994477486737548145e-05
4.000000000000000000e+00 -9.916326363694784297e-05
5.000000000000000000e+00 -6.650298445964079538e-05
6.000000000000000000e+00 -6.793082218778812974e-05
7.000000000000000000e+00 -8.817975110544769225e-05
8.000000000000000000e+00 -9.564751553915639619e-05
9.000000000000000000e+00 -8.405260030647026485e-05
1.000000000000000000e+01 -8.268674909541781734e-05
1.100000000000000000e+01 -9.068919556535655064e-05
1.200000000000000000e+01 -8.086203442240593787e-05
1.300000000000000000e+01 -2.620208309062797974e-05
1.400000000000000000e+01 2.480663471375545581e-06
1.500000000000000000e+01 -9.068949626225166860e-05
1.600000000000000000e+01 -8.652746462343985367e-05
1.700000000000000000e+01 -8.644271105571414270e-05
1.800000000000000000e+01 -7.035254906771934403e-05
1.900000000000000000e+01 -9.995680274318044360e-05
1.000000000000000000e+00 -2.596768126953884963e-04
2.000000000000000000e+00 -2.684580641236987658e-04
3.000000000000000000e+00 -2.684580641236987658e-04
4.000000000000000000e+00 -2.391899466202871511e-04
5.000000000000000000e+00 -2.656109800072647921e-04
6.000000000000000000e+00 -2.662346253677522786e-04
7.000000000000000000e+00 -2.657649797742676705e-04
8.000000000000000000e+00 -2.664914205161882706e-04
9.000000000000000000e+00 -2.555036982281564143e-04
1.000000000000000000e+01 -2.588608931488188178e-04
1.100000000000000000e+01 -2.539005542101517208e-04
1.200000000000000000e+01 -2.553515885559228720e-04
1.300000000000000000e+01 -2.229873669502152340e-04
1.400000000000000000e+01 1.388618261683277121e-06
1.500000000000000000e+01 -2.591603013429638527e-04
1.600000000000000000e+01 -2.434293432745445081e-04
1.700000000000000000e+01 -2.618420880804781642e-04
1.800000000000000000e+01 -2.552042041206127512e-04
1.900000000000000000e+01 -2.684580641236987658e-04
1.000000000000000000e+00 -1.142752586251038219e-04
2.000000000000000000e+00 -1.300196191837058707e-04
3.000000000000000000e+00 -1.297098584250286932e-04
4.000000000000000000e+00 -1.299266179297138969e-04
5.000000000000000000e+00 -1.225508667459131846e-04
6.000000000000000000e+00 -1.269828382831478784e-04
7.000000000000000000e+00 -1.225722162254669931e-04
8.000000000000000000e+00 -1.273415267223316572e-04
9.000000000000000000e+00 -1.180281706597495993e-04
1.000000000000000000e+01 -1.132333868401979817e-04
1.100000000000000000e+01 -1.213305098754015082e-04
1.200000000000000000e+01 -1.201464084591019480e-04
1.300000000000000000e+01 -1.210228110382909099e-04
1.400000000000000000e+01 3.416861775994902657e-06
1.500000000000000000e+01 -1.136584004231062955e-04
1.600000000000000000e+01 -1.176430638504941855e-04
1.700000000000000000e+01 -1.203507534776884568e-04
1.800000000000000000e+01 -1.077974742835423832e-04
1.900000000000000000e+01 -1.300196191837058707e-04
1.000000000000000000e+00 -1.753936208270573578e-04
2.000000000000000000e+00 -1.856366457759646405e-04
3.000000000000000000e+00 -1.856366457759646405e-04
4.000000000000000000e+00 -1.856366457759646405e-04
5.000000000000000000e+00 -1.841000846418802857e-04
6.000000000000000000e+00 -1.844236345010338732e-04
7.000000000000000000e+00 -1.798612034680145905e-04
8.000000000000000000e+00 -1.823391177106347273e-04
9.000000000000000000e+00 -1.608126135989912831e-04
1.000000000000000000e+01 -1.689650219061983511e-04
1.100000000000000000e+01 -1.768082708485185046e-04
1.200000000000000000e+01 -1.641231145875108536e-04
1.300000000000000000e+01 -1.802670583630335769e-04
1.400000000000000000e+01 2.808723783955982009e-06
1.500000000000000000e+01 -1.758819525847389457e-04
1.600000000000000000e+01 -1.719669649236212701e-04
1.700000000000000000e+01 -1.759647301442966922e-04
1.800000000000000000e+01 -1.683083858006458402e-04
1.900000000000000000e+01 -1.856366457759646405e-04
1.000000000000000000e+00 -2.603227525828144865e-04
2.000000000000000000e+00 -2.704970468128362364e-04
3.000000000000000000e+00 -2.701791672379907656e-04
4.000000000000000000e+00 -2.704564527319944993e-04
5.000000000000000000e+00 -2.345358030342550219e-04
6.000000000000000000e+00 -2.321993452024411668e-04
7.000000000000000000e+00 -2.651867826016432580e-04
8.000000000000000000e+00 -2.341641416718815859e-04
9.000000000000000000e+00 -1.832238538894885398e-04
1.000000000000000000e+01 -2.566806258756722681e-04
1.100000000000000000e+01 -2.580862120335804537e-04
1.200000000000000000e+01 -2.285567459716066280e-04
1.300000000000000000e+01 -2.606434243431147014e-04
1.400000000000000000e+01 3.614385270732019555e-05
1.500000000000000000e+01 -2.275460177936957902e-04
1.600000000000000000e+01 -2.187944924013035346e-04
1.700000000000000000e+01 -2.309520544814662208e-04
1.800000000000000000e+01 -1.953181407515772660e-04
1.900000000000000000e+01 -2.704970468128362364e-04
