1.000000000000000000e+00 9.401503209552744478e-07
2.000000000000000000e+00 -4.594390817301033439e-06
3.000000000000000000e+00 -4.338111149256660001e-06
4.000000000000000000e+00 -4.541768860654308796e-06
5.000000000000000000e+00 -2.864309752854644442e-06
6.000000000000000000e+00 -2.274772011614116697e-06
7.000000000000000000e+00 -2.133702211101591519e-06
8.000000000000000000e+00 -3.135624265655225224e-06
9.000000000000000000e+00 6.124203453924815100e-05
1.000000000000000000e+01 3.509798594937913260e-05
1.100000000000000000e+01 2.821619385086877340e-05
1.200000000000000000e+01 6.382678209303595859e-05
1.300000000000000000e+01 -2.258663249375323591e-07
1.400000000000000000e+01 4.391249660212507774e-03
1.500000000000000000e+01 -2.652576181987946318e-07
1.600000000000000000e+01 -1.540341323623057288e-06
1.700000000000000000e+01 -1.499962026277815726e-06
1.800000000000000000e+01 3.765025823849353103e-06
1.900000000000000000e+01 -4.594390817301033439e-06
1.000000000000000000e+00 1.281355383522566139e-06
2.000000000000000000e+00 -3.207276040093377434e-06
3.000000000000000000e+00 -2.378254700236124152e-06
4.000000000000000000e+00 -3.207276040093377434e-06
5.000000000000000000e+00 -2.195559858098557434e-06
6.000000000000000000e+00 -1.954658688404818393e-06
7.000000000000000000e+00 -5.713241007358653852e-07
8.000000000000000000e+00 -1.606623510648278304e-06
9.000000000000000000e+00 5.871557922641513903e-05
1.000000000000000000e+01 7.673355196575009991e-07
1.100000000000000000e+01 5.831685514348052457e-05
1.200000000000000000e+01 8.706897677485911672e-05
1.300000000000000000e+01 4.054682847252506390e-07
1.400000000000000000e+01 3.916794033280101249e-03
1.500000000000000000e+01 1.048143463004144085e-06
1.600000000000000000e+01 2.876170097532326599e-05
1.700000000000000000e+01 -3.703726613943331893e-07
1.800000000000000000e+01 1.543219422476388315e-06
1.900000000000000000e+01 -3.207276040093377434e-06
1.000000000000000000e+00 -1.019920911561778415e-06
2.000000000000000000e+00 -9.820975378250919021e-06
3.000000000000000000e+00 -9.712853366104139556e-06
4.000000000000000000e+00 -9.620410549203117949e-06
5.000000000000000000e+00 -3.168786837517487634e-06
6.000000000000000000e+00 -2.187741738825330090e-06
7.000000000000000000e+00 -1.577198171625416038e-06
8.000000000000000000e+00 -2.466272977108890023e-06
9.000000000000000000e+00 -4.964033214807207814e-06
1.000000000000000000e+01 3.811779895371226519e-05
1.100000000000000000e+01 5.410224450472128394e-05
1.200000000000000000e+01 1.210476829671876072e-06
1.300000000000000000e+01 3.051558005118376322e-05
1.400000000000000000e+01 5.420889482034992567e-03
1.500000000000000000e+01 4.805136384083751877e-06
1.600000000000000000e+01 3.003403545199210501e-05
1.700000000000000000e+01 -6.852452672886109209e-07
1.800000000000000000e+01 6.927884636862964733e-06
1.900000000000000000e+01 -9.820975378250919021e-06
1.000000000000000000e+00 1.061803693382640670e-05
2.000000000000000000e+00 -3.831050270678753617e-06
3.000000000000000000e+00 -3.831050270678753617e-06
4.000000000000000000e+00 -3.729242893329580380e-06
5.000000000000000000e+00 2.623228165023830394e-05
6.000000000000000000e+00 -2.706143186019346630e-06
7.000000000000000000e+00 -1.315463002769504219e-06
8.000000000000000000e+00 -2.407121602168041608e-06
9.000000000000000000e+00 2.916566577557289599e-05
1.000000000000000000e+01 3.136758322516836197e-05
1.100000000000000000e+01 2.828522526664941402e-05
1.200000000000000000e+01 2.818255875531417188e-05
1.300000000000000000e+01 3.924953615356091475e-06
1.400000000000000000e+01 3.310878921560035919e-03
1.500000000000000000e+01 3.758711189051745816e-07
1.600000000000000000e+01 3.937282188056181742e-06
1.700000000000000000e+01 1.355713430016835477e-07
1.800000000000000000e+01 2.165790865481267902e-06
1.900000000000000000e+01 -3.831050270678753617e-06
1.000000000000000000e+00 3.086395888253473037e-06
2.000000000000000000e+00 -5.340376857404720760e-06
3.000000000000000000e+00 -5.317523893375286073e-06
4.000000000000000000e+00 -5.219797402459940671e-06
5.000000000000000000e+00 -4.560326154753398529e-06
6.000000000000000000e+00 -3.782723983962373929e-06
7.000000000000000000e+00 -2.749142842022098929e-06
8.000000000000000000e+00 -3.970058149624713081e-06
9.000000000000000000e+00 5.585114060346257957e-05
1.000000000000000000e+01 1.229667735085691687e-04
1.100000000000000000e+01 -1.625266718145975012e-06
1.200000000000000000e+01 1.180953978941595017e-04
1.300000000000000000e+01 3.796783711644392367e-05
1.400000000000000000e+01 5.654300420941287160e-03
1.500000000000000000e+01 -1.122501509498413371e-06
1.600000000000000000e+01 5.592296420469794742e-05
1.700000000000000000e+01 1.030630016698127991e-05
1.800000000000000000e+01 -5.073615754730304801e-07
1.900000000000000000e+01 -5.340376857404720760e-06
1.000000000000000000e+00 1.505933007480994900e-06
2.000000000000000000e+00 -4.957246056317262904e-06
3.000000000000000000e+00 -4.934393092287829063e-06
4.000000000000000000e+00 -4.896805980397311340e-06
5.000000000000000000e+00 -1.937948532375776831e-06
6.000000000000000000e+00 -2.786601083814705871e-06
7.000000000000000000e+00 -1.106478660658227188e-06
8.000000000000000000e+00 -2.229538607247585157e-06
9.000000000000000000e+00 4.311993476080163003e-07
1.000000000000000000e+01 1.430505339174069777e-05
1.100000000000000000e+01 5.985715351040427636e-06
1.200000000000000000e+01 6.113064781795431537e-05
1.300000000000000000e+01 5.464349891594473305e-06
1.400000000000000000e+01 2.186628601876279641e-03
1.500000000000000000e+01 4.259586302929955693e-07
1.600000000000000000e+01 6.636337518690459154e-06
1.700000000000000000e+01 1.068676765271192344e-06
1.800000000000000000e+01 8.718491690627913116e-07
1.900000000000000000e+01 -4.957246056317262904e-06
1.000000000000000000e+00 -6.029230487434821787e-06
2.000000000000000000e+00 -1.527742123717355652e-05
3.000000000000000000e+00 -1.527742123717355652e-05
4.000000000000000000e+00 -1.524374318491965438e-05
5.000000000000000000e+00 -1.263369413524212125e-05
6.000000000000000000e+00 -1.021742275612244598e-05
7.000000000000000000e+00 2.859163540278091215e-05
8.000000000000000000e+00 -1.212628960306978866e-05
9.000000000000000000e+00 3.127166091562376242e-05
1.000000000000000000e+01 -9.152354353592743640e-07
1.100000000000000000e+01 3.663802657610706876e-05
1.200000000000000000e+01 1.107251881245689161e-05
1.300000000000000000e+01 3.131023603159825474e-05
1.400000000000000000e+01 1.186542989174568059e-03
1.500000000000000000e+01 3.624514460427772947e-06
1.600000000000000000e+01 2.361114977214048349e-06
1.700000000000000000e+01 -3.596205995586800514e-06
1.800000000000000000e+01 4.931729776931014734e-06
1.900000000000000000e+01 -1.527742123717355652e-05
1.000000000000000000e+00 5.685791676503750537e-06
2.000000000000000000e+00 -4.462642620537357144e-06
3.000000000000000000e+00 -4.394899905735818394e-06
4.000000000000000000e+00 -4.288367291463266385e-06
5.000000000000000000e+00 -8.648901837756326620e-07
6.000000000000000000e+00 2.629499843122133876e-05
7.000000000000000000e+00 -7.402298423970250559e-07
8.000000000000000000e+00 -2.357764354668379063e-06
9.000000000000000000e+00 1.012144030719882047e-04
1.000000000000000000e+01 3.835049539383904581e-05
1.100000000000000000e+01 3.706261059202235336e-06
1.200000000000000000e+01 2.983548958781156733e-05
1.300000000000000000e+01 5.576982357168115269e-06
1.400000000000000000e+01 2.294545452827186170e-03
1.500000000000000000e+01 8.781809865401196341e-06
1.600000000000000000e+01 4.145162542995360188e-05
1.700000000000000000e+01 -3.043482145649327819e-07
1.800000000000000000e+01 3.717038895057470831e-05
1.900000000000000000e+01 -4.462642620537357144e-06
1.000000000000000000e+00 2.704510831445815581e-06
2.000000000000000000e+00 -4.603497637553364778e-06
3.000000000000000000e+00 -4.364787259524101385e-06
4.000000000000000000e+00 -4.586959308321536743e-06
5.000000000000000000e+00 -3.279357381524563885e-06
6.000000000000000000e+00 5.932749740799275727e-07
7.000000000000000000e+00 -1.156179561752316998e-06
8.000000000000000000e+00 -1.709247065284216853e-06
9.000000000000000000e+00 6.800758580944338163e-05
1.000000000000000000e+01 4.060387496920004322e-05
1.100000000000000000e+01 6.186821434499452377e-05
1.200000000000000000e+01 3.079424015956523224e-05
1.300000000000000000e+01 2.437878598869310826e-06
1.400000000000000000e+01 1.807186105947715784e-03
1.500000000000000000e+01 1.698507890458354677e-06
1.600000000000000000e+01 3.627229323823750573e-05
1.700000000000000000e+01 -4.587345918615268026e-07
1.800000000000000000e+01 2.868605422784988974e-06
1.900000000000000000e+01 -4.603497637553364778e-06
1.000000000000000000e+00 1.101409770140420222e-07
2.000000000000000000e+00 -8.947966378306935448e-06
3.000000000000000000e+00 -8.947966378306935448e-06
4.000000000000000000e+00 -8.825110218299071253e-06
5.000000000000000000e+00 -6.446297080972003349e-06
6.000000000000000000e+00 -2.762545332204774800e-06
7.000000000000000000e+00 1.997486517610356463e-08
8.000000000000000000e+00 -4.867165857877931742e-06
9.000000000000000000e+00 2.696946156698478634e-05
1.000000000000000000e+01 3.765206241986427180e-05
1.100000000000000000e+01 1.114712171213719108e-04
1.200000000000000000e+01 2.329541803226013658e-07
1.300000000000000000e+01 2.797817078002836242e-05
1.400000000000000000e+01 2.934859086561872853e-03
1.500000000000000000e+01 -3.988142920031464555e-06
1.600000000000000000e+01 9.050113113580605083e-05
1.700000000000000000e+01 -1.069922509550992322e-06
1.800000000000000000e+01 1.906547185184956038e-06
1.900000000000000000e+01 -8.947966378306935448e-06
1.000000000000000000e+00 4.197814569331596965e-06
2.000000000000000000e+00 -4.481285828035053216e-06
3.000000000000000000e+00 -4.458432864005619376e-06
4.000000000000000000e+00 -4.481285828035053216e-06
5.000000000000000000e+00 -2.634792108476318728e-06
6.000000000000000000e+00 -3.431982534149716764e-06
7.000000000000000000e+00 -2.034300408913411898e-06
8.000000000000000000e+00 -2.624740240839311720e-06
9.000000000000000000e+00 9.157208460614032770e-05
1.000000000000000000e+01 8.970484280081802021e-05
1.100000000000000000e+01 4.231342273137938100e-05
1.200000000000000000e+01 9.035598044885969824e-05
1.300000000000000000e+01 5.084569713052684733e-06
1.400000000000000000e+01 7.237855453799725731e-03
1.500000000000000000e+01 2.862978095176237278e-06
1.600000000000000000e+01 6.600451492092358145e-05
1.700000000000000000e+01 3.005809120360203862e-06
1.800000000000000000e+01 3.962111160253574956e-06
1.900000000000000000e+01 -4.481285828035053216e-06
1.000000000000000000e+00 2.427483077637876340e-07
2.000000000000000000e+00 -1.325222764851247724e-05
3.000000000000000000e+00 -1.318448493371093849e-05
4.000000000000000000e+00 -1.325222764851247724e-05
5.000000000000000000e+00 -1.104343712702845661e-05
6.000000000000000000e+00 -3.260284607033832724e-06
7.000000000000000000e+00 -1.348797401428980368e-06
8.000000000000000000e+00 -6.237441608958636252e-06
9.000000000000000000e+00 5.287806448797160769e-05
1.000000000000000000e+01 -4.258727168943886999e-07
1.100000000000000000e+01 5.796310672471662983e-05
1.200000000000000000e+01 -4.510023859869060632e-07
1.300000000000000000e+01 5.449014349943142501e-06
1.400000000000000000e+01 3.833721189371344130e-03
1.500000000000000000e+01 -3.978993143079830046e-06
1.600000000000000000e+01 -9.811438991005554287e-06
1.700000000000000000e+01 -3.630528398330255715e-06
1.800000000000000000e+01 -4.129083850446079376e-06
1.900000000000000000e+01 -1.325222764851247724e-05
1.000000000000000000e+00 -4.488545510217336385e-07
2.000000000000000000e+00 -1.508261260583241920e-05
3.000000000000000000e+00 -6.577615710742645403e-06
4.000000000000000000e+00 -6.396682093276520091e-06
5.000000000000000000e+00 -1.314354719927475232e-05
6.000000000000000000e+00 -1.187645343992093054e-05
7.000000000000000000e+00 -2.086449841867798282e-06
8.000000000000000000e+00 -1.181279161155322090e-05
9.000000000000000000e+00 1.925864812861716581e-05
1.000000000000000000e+01 2.724846532896068411e-05
1.100000000000000000e+01 2.309008500958965135e-06
1.200000000000000000e+01 5.584852024480507180e-05
1.300000000000000000e+01 -1.496267750137719174e-06
1.400000000000000000e+01 7.106337504944315424e-03
1.500000000000000000e+01 -9.646485265680310718e-06
1.600000000000000000e+01 1.357448451101701651e-04
1.700000000000000000e+01 -1.065798666417861317e-06
1.800000000000000000e+01 -5.347078102496058484e-06
1.900000000000000000e+01 -1.508261260583241920e-05
1.000000000000000000e+00 -1.176583993921455218e-07
2.000000000000000000e+00 -6.814865560995591698e-06
3.000000000000000000e+00 -6.486332724722817011e-06
4.000000000000000000e+00 -6.711254002275673885e-06
5.000000000000000000e+00 -5.416066561577396787e-06
6.000000000000000000e+00 -5.635188684724288438e-06
7.000000000000000000e+00 -2.976899261728982813e-06
8.000000000000000000e+00 -3.087598675833969844e-06
9.000000000000000000e+00 -1.573074328492285034e-06
1.000000000000000000e+01 6.572087183542290744e-05
1.100000000000000000e+01 5.677934896201149493e-05
1.200000000000000000e+01 1.341838416141821507e-06
1.300000000000000000e+01 2.698840547137760715e-05
1.400000000000000000e+01 4.423884380153729132e-03
1.500000000000000000e+01 8.522609141804187224e-08
1.600000000000000000e+01 3.474509666460130465e-05
1.700000000000000000e+01 -3.205600728820542791e-06
1.800000000000000000e+01 1.553013549917574610e-06
1.900000000000000000e+01 -6.814865560995591698e-06
1.000000000000000000e+00 2.459657645416159063e-06
2.000000000000000000e+00 -1.132046488083639670e-05
3.000000000000000000e+00 -1.119859672491251304e-05
4.000000000000000000e+00 -1.127475895277752732e-05
5.000000000000000000e+00 -8.820342024676389734e-06
6.000000000000000000e+00 -9.599232896446517057e-06
7.000000000000000000e+00 3.022304492892727880e-06
8.000000000000000000e+00 -9.141915875662004289e-06
9.000000000000000000e+00 3.631473445714931385e-06
1.000000000000000000e+01 6.604699909653469528e-05
1.100000000000000000e+01 2.955970757828342679e-05
1.200000000000000000e+01 5.049817743316195037e-05
1.300000000000000000e+01 -8.734471582768796341e-06
1.400000000000000000e+01 2.286981336516940178e-03
1.500000000000000000e+01 -5.563193256691707904e-06
1.600000000000000000e+01 2.270557959412448527e-05
1.700000000000000000e+01 1.272506303466055726e-06
1.800000000000000000e+01 2.893821005276113260e-06
1.900000000000000000e+01 -1.132046488083639670e-05
1.000000000000000000e+00 -4.644263545192337412e-06
2.000000000000000000e+00 -3.831076044698335519e-05
3.000000000000000000e+00 -3.761434643787584626e-05
4.000000000000000000e+00 -3.831076044698335519e-05
5.000000000000000000e+00 2.611539647143362188e-05
6.000000000000000000e+00 -4.227669475347493260e-06
7.000000000000000000e+00 2.744030994804988322e-05
8.000000000000000000e+00 -5.285091585401182635e-06
9.000000000000000000e+00 6.847727435962729800e-07
1.000000000000000000e+01 3.654927803534614180e-05
1.100000000000000000e+01 5.937122732788367447e-05
1.200000000000000000e+01 5.847570901750467903e-05
1.300000000000000000e+01 3.022317379902519170e-05
1.400000000000000000e+01 3.741376915138524672e-03
1.500000000000000000e+01 3.421943553522500367e-05
1.600000000000000000e+01 4.494129881126785018e-07
1.700000000000000000e+01 3.182043274922531287e-05
1.800000000000000000e+01 2.101527643323308795e-06
1.900000000000000000e+01 -3.831076044698335519e-05
1.000000000000000000e+00 3.761718158002987306e-07
2.000000000000000000e+00 -5.455887421831693751e-06
3.000000000000000000e+00 -5.296346240618686028e-06
4.000000000000000000e+00 -5.398755011758107456e-06
5.000000000000000000e+00 -2.105350789561315492e-06
6.000000000000000000e+00 -3.421157445925247612e-06
7.000000000000000000e+00 1.962863417971776809e-06
8.000000000000000000e+00 -2.970112103239037903e-06
9.000000000000000000e+00 2.964235626774326465e-05
1.000000000000000000e+01 3.720746058207358376e-05
1.100000000000000000e+01 2.871960341000588492e-05
1.200000000000000000e+01 6.529976731215120841e-05
1.300000000000000000e+01 -1.529945802391622802e-06
1.400000000000000000e+01 3.869163988746031780e-03
1.500000000000000000e+01 -5.476120027203617915e-07
1.600000000000000000e+01 3.593263461684513885e-05
1.700000000000000000e+01 2.690764687668712233e-06
1.800000000000000000e+01 6.035502165533125269e-06
1.900000000000000000e+01 -5.455887421831693751e-06
1.000000000000000000e+00 -3.050531340005024206e-05
2.000000000000000000e+00 -3.480940284345856778e-05
3.000000000000000000e+00 -3.466249093184077420e-05
4.000000000000000000e+00 -3.469556759030442689e-05
5.000000000000000000e+00 -3.252024033757779510e-05
6.000000000000000000e+00 -3.818721697978663350e-06
7.000000000000000000e+00 -2.077643718510591251e-06
8.000000000000000000e+00 -1.880816122302190324e-06
9.000000000000000000e+00 3.646293506974621184e-06
1.000000000000000000e+01 -2.451745021404463983e-05
1.100000000000000000e+01 3.560637848563544912e-06
1.200000000000000000e+01 5.719040161764619287e-06
1.300000000000000000e+01 -3.024228953021522518e-05
1.400000000000000000e+01 1.587171471459396981e-03
1.500000000000000000e+01 -2.995899009830898331e-05
1.600000000000000000e+01 -1.696445968891789175e-06
1.700000000000000000e+01 -1.492358690501105290e-06
1.800000000000000000e+01 -2.834914483521294438e-05
1.900000000000000000e+01 -3.480940284345856778e-05
1.000000000000000000e+00 -2.048733859879370625e-06
2.000000000000000000e+00 -1.389842527613425429e-05
3.000000000000000000e+00 -1.382496932032535581e-05
4.000000000000000000e+00 -1.369601330901640420e-05
5.000000000000000000e+00 2.653731717199209384e-05
6.000000000000000000e+00 -1.232943183407579688e-06
7.000000000000000000e+00 -7.155297402975420928e-07
8.000000000000000000e+00 -3.247096900347673974e-06
9.000000000000000000e+00 7.977230887447605626e-06
1.000000000000000000e+01 1.665388275295395860e-06
1.100000000000000000e+01 3.158262446188142367e-06
1.200000000000000000e+01 6.149638115582387502e-06
1.300000000000000000e+01 -4.548556019144253707e-06
1.400000000000000000e+01 4.764172231277494229e-03
1.500000000000000000e+01 1.242608440750855413e-06
1.600000000000000000e+01 2.396081730447055335e-06
1.700000000000000000e+01 -5.726256887247599287e-06
1.800000000000000000e+01 9.771360390555436609e-06
1.900000000000000000e+01 -1.389842527613425429e-05
1.000000000000000000e+00 -1.582181148744616161e-06
2.000000000000000000e+00 -5.639570268053239734e-06
3.000000000000000000e+00 -5.449701657131997456e-06
4.000000000000000000e+00 -5.606493609589584510e-06
5.000000000000000000e+00 -2.581525801340042724e-06
6.000000000000000000e+00 -4.503193744679812234e-06
7.000000000000000000e+00 -2.387576303984972612e-06
8.000000000000000000e+00 -2.087266019154564018e-06
9.000000000000000000e+00 6.275535609900934769e-05
1.000000000000000000e+01 5.698317850020636233e-05
1.100000000000000000e+01 2.802606749975170786e-05
1.200000000000000000e+01 6.076186455443421117e-05
1.300000000000000000e+01 3.105210922548383483e-06
1.400000000000000000e+01 6.060023868460400268e-03
1.500000000000000000e+01 -3.294349269581467634e-07
1.600000000000000000e+01 6.237153799073303403e-05
1.700000000000000000e+01 -9.088778438623639065e-07
1.800000000000000000e+01 1.170097532326634297e-06
1.900000000000000000e+01 -5.639570268053239734e-06
1.000000000000000000e+00 -1.001664314357812779e-06
2.000000000000000000e+00 -1.123042763909636956e-05
3.000000000000000000e+00 -1.115718646678398947e-05
4.000000000000000000e+00 -7.055466033794206431e-06
5.000000000000000000e+00 -9.313441975980674378e-06
6.000000000000000000e+00 -8.559723730002367323e-06
7.000000000000000000e+00 -4.521235558387260537e-06
8.000000000000000000e+00 -5.395189605715921474e-06
9.000000000000000000e+00 2.020640178534915313e-06
1.000000000000000000e+01 2.314021547767677688e-05
1.100000000000000000e+01 6.279942967249467966e-05
1.200000000000000000e+01 3.189964490274087679e-06
1.300000000000000000e+01 6.231427671056152806e-05
1.400000000000000000e+01 1.764330483757728255e-03
1.500000000000000000e+01 1.889149721967059308e-06
1.600000000000000000e+01 2.988995868252833929e-05
1.700000000000000000e+01 -2.594584637928291103e-08
1.800000000000000000e+01 3.628981957155331641e-07
1.900000000000000000e+01 -1.123042763909636956e-05
1.000000000000000000e+00 1.981592538868080492e-06
2.000000000000000000e+00 -3.453976364193082121e-06
3.000000000000000000e+00 -3.431123400163647434e-06
4.000000000000000000e+00 -2.851637526560127121e-06
5.000000000000000000e+00 -6.498919037618727568e-07
6.000000000000000000e+00 -2.045469150732308527e-06
7.000000000000000000e+00 -1.290676987271414387e-06
8.000000000000000000e+00 -1.603015147906788728e-06
9.000000000000000000e+00 3.049513266231532215e-05
1.000000000000000000e+01 5.891154768863746956e-05
1.100000000000000000e+01 3.050363808877740572e-05
1.200000000000000000e+01 3.275834932181681072e-06
1.300000000000000000e+01 3.358552352360401626e-05
1.400000000000000000e+01 2.288412267127437009e-03
1.500000000000000000e+01 2.298183412734495983e-06
1.600000000000000000e+01 3.860978203083465724e-05
1.700000000000000000e+01 6.139801031441897825e-07
1.800000000000000000e+01 3.119085936423397612e-06
1.900000000000000000e+01 -3.453976364193082121e-06
1.000000000000000000e+00 -4.668963647291820481e-07
2.000000000000000000e+00 -5.203344986626719823e-06
3.000000000000000000e+00 -4.980356760542518305e-06
4.000000000000000000e+00 -5.051536011288332680e-06
5.000000000000000000e+00 -3.358225881445695670e-06
6.000000000000000000e+00 -3.601618539699034666e-06
7.000000000000000000e+00 -2.440584870925427903e-06
8.000000000000000000e+00 -2.807478039676182032e-06
9.000000000000000000e+00 -4.041366270468437389e-07
1.000000000000000000e+01 8.676071950065756958e-05
1.100000000000000000e+01 2.295305313881164956e-06
1.200000000000000000e+01 -2.386803083397510469e-06
1.300000000000000000e+01 -1.100507679455047802e-06
1.400000000000000000e+01 6.987601150139849740e-03
1.500000000000000000e+01 3.609178918776441720e-06
1.600000000000000000e+01 5.685924842271590957e-05
1.700000000000000000e+01 2.393547285188151786e-07
1.800000000000000000e+01 8.509722132013153628e-07
1.900000000000000000e+01 -5.203344986626719823e-06
1.000000000000000000e+00 -6.967576627019351076e-08
2.000000000000000000e+00 -1.085850853652711107e-05
3.000000000000000000e+00 -1.041343417504408054e-05
4.000000000000000000e+00 -1.080257891403402116e-05
5.000000000000000000e+00 -4.076204153603534019e-06
6.000000000000000000e+00 -2.739048017685788327e-06
7.000000000000000000e+00 -1.760537364252534331e-06
8.000000000000000000e+00 -2.289935726468233974e-06
9.000000000000000000e+00 3.079651686462831720e-06
1.000000000000000000e+01 6.187697751165242128e-05
1.100000000000000000e+01 1.025337751343943223e-05
1.200000000000000000e+01 2.281095237751584322e-05
1.300000000000000000e+01 4.899855906047855894e-06
1.400000000000000000e+01 1.738900375510282629e-03
1.500000000000000000e+01 -1.482349779563401663e-06
1.600000000000000000e+01 5.869985707447007207e-05
1.700000000000000000e+01 6.052169364862862390e-07
1.800000000000000000e+01 -3.143270558131239041e-06
1.900000000000000000e+01 -1.085850853652711107e-05
1.000000000000000000e+00 3.260413477131742817e-08
2.000000000000000000e+00 -6.233833246217147099e-06
3.000000000000000000e+00 -6.009384492356628483e-06
4.000000000000000000e+00 -6.233833246217147099e-06
5.000000000000000000e+00 -5.339904333712382502e-06
6.000000000000000000e+00 -5.245657335440616742e-06
7.000000000000000000e+00 -4.185528953330810715e-06
8.000000000000000000e+00 -4.088189072709196385e-06
9.000000000000000000e+00 3.216142302829608733e-05
1.000000000000000000e+01 -2.095685532218039554e-06
1.100000000000000000e+01 5.629359460628810064e-05
1.200000000000000000e+01 6.275385261453371726e-05
1.300000000000000000e+01 2.668869658033744420e-05
1.400000000000000000e+01 2.314894900421215953e-03
1.500000000000000000e+01 1.217822425252765793e-07
1.600000000000000000e+01 3.315475374298903198e-05
1.700000000000000000e+01 -2.653392359274712054e-06
1.800000000000000000e+01 3.407368345448840670e-06
1.900000000000000000e+01 -6.233833246217147099e-06
1.000000000000000000e+00 1.688627849618561566e-07
2.000000000000000000e+00 -5.685619849706537010e-06
3.000000000000000000e+00 -5.249566395077230626e-06
4.000000000000000000e+00 -4.812696763161158930e-06
5.000000000000000000e+00 -3.484174923803406742e-06
6.000000000000000000e+00 -3.630098831337221050e-06
7.000000000000000000e+00 -2.639603258798305112e-06
8.000000000000000000e+00 -3.171965633265942546e-06
9.000000000000000000e+00 5.954485830646820582e-06
1.000000000000000000e+01 2.916575168897150063e-05
1.100000000000000000e+01 2.754143001821020108e-05
1.200000000000000000e+01 4.685888586817379376e-06
1.300000000000000000e+01 8.290642965565565571e-08
1.400000000000000000e+01 1.651025058532798375e-03
1.500000000000000000e+01 -5.769084716453136999e-07
1.600000000000000000e+01 6.148607154799104645e-06
1.700000000000000000e+01 2.465456799822124710e-06
1.800000000000000000e+01 -1.247505504471448561e-06
1.900000000000000000e+01 -5.685619849706537010e-06
1.000000000000000000e+00 2.062608873754384331e-06
2.000000000000000000e+00 -5.594079123490887903e-06
3.000000000000000000e+00 -5.532049649696708037e-06
4.000000000000000000e+00 -5.497984987149073127e-06
5.000000000000000000e+00 -2.357377744374647992e-06
6.000000000000000000e+00 -4.829192135693683372e-07
7.000000000000000000e+00 -3.059805691384638416e-06
8.000000000000000000e+00 -4.361952117370073528e-06
9.000000000000000000e+00 7.582931344541251564e-06
1.000000000000000000e+01 3.504278659077420590e-05
1.100000000000000000e+01 8.647613136777223049e-07
1.200000000000000000e+01 6.112965981387033314e-05
1.300000000000000000e+01 8.319767607693302682e-06
1.400000000000000000e+01 1.703176854105646490e-03
1.500000000000000000e+01 2.642996838043277567e-06
1.600000000000000000e+01 2.930347086693835653e-05
1.700000000000000000e+01 -7.362778260611077638e-08
1.800000000000000000e+01 7.875681250294252681e-07
1.900000000000000000e+01 -5.594079123490887903e-06
1.000000000000000000e+00 2.411717968993510447e-06
2.000000000000000000e+00 -1.360627676417150009e-05
3.000000000000000000e+00 -1.341773981092866456e-05
4.000000000000000000e+00 -1.323796602434373331e-05
5.000000000000000000e+00 -1.199741950515944170e-05
6.000000000000000000e+00 -6.627832092228376430e-06
7.000000000000000000e+00 -1.703104257283823728e-06
8.000000000000000000e+00 -1.147218794277617750e-05
9.000000000000000000e+00 3.654682950348585009e-05
1.000000000000000000e+01 3.239111249947162742e-05
1.100000000000000000e+01 5.831655444658539984e-05
1.200000000000000000e+01 -6.196632744620360448e-06
1.300000000000000000e+01 -1.089124154139633840e-06
1.400000000000000000e+01 5.388566971384308076e-03
1.500000000000000000e+01 6.653563155111142356e-07
1.600000000000000000e+01 -8.377673238354351967e-06
1.700000000000000000e+01 -8.933060403648638038e-06
1.800000000000000000e+01 2.260982911137709755e-06
1.900000000000000000e+01 -1.360627676417150009e-05
1.000000000000000000e+00 -3.292631001609329716e-07
2.000000000000000000e+00 -4.951017334918263439e-06
3.000000000000000000e+00 -4.827344997623634778e-06
4.000000000000000000e+00 -4.757196707661103261e-06
5.000000000000000000e+00 -2.476668498340324933e-06
6.000000000000000000e+00 -2.945626784636072166e-06
7.000000000000000000e+00 -2.240062998576930424e-06
8.000000000000000000e+00 -3.013541326234824443e-06
9.000000000000000000e+00 3.191313330632215519e-05
1.000000000000000000e+01 3.554108430269420376e-05
1.100000000000000000e+01 6.809332738125307483e-05
1.200000000000000000e+01 4.204266665566974947e-05
1.300000000000000000e+01 2.622721275972049599e-06
1.400000000000000000e+01 3.327873407981766715e-03
1.500000000000000000e+01 -6.557769715664451676e-07
1.600000000000000000e+01 3.782466243766553215e-06
1.700000000000000000e+01 4.557147359004943617e-06
1.800000000000000000e+01 1.032764964653509476e-06
1.900000000000000000e+01 -4.951017334918263439e-06
1.000000000000000000e+00 2.031508223458687635e-06
2.000000000000000000e+00 -4.127193755676727189e-06
3.000000000000000000e+00 -4.053136406077581787e-06
4.000000000000000000e+00 -4.065765675672795939e-06
5.000000000000000000e+00 -1.973130069105300938e-06
6.000000000000000000e+00 -2.752622334665678148e-06
7.000000000000000000e+00 -7.569829551253698942e-07
8.000000000000000000e+00 -1.720501720501720458e-06
9.000000000000000000e+00 1.064256520912867518e-05
1.000000000000000000e+01 3.827996049358277814e-05
1.100000000000000000e+01 2.849382299846695956e-05
1.200000000000000000e+01 3.944627783637071251e-06
1.300000000000000000e+01 1.206868466930386284e-06
1.400000000000000000e+01 1.646117470420875974e-03
1.500000000000000000e+01 1.610790310480712902e-06
1.600000000000000000e+01 1.477152018947684420e-06
1.700000000000000000e+01 9.359835211228399556e-07
1.800000000000000000e+01 2.172191413677481741e-06
1.900000000000000000e+01 -4.127193755676727189e-06
1.000000000000000000e+00 9.486987041166607646e-07
2.000000000000000000e+00 -3.638367995953134814e-05
3.000000000000000000e+00 -3.638367995953134814e-05
4.000000000000000000e+00 -3.632676233295428108e-05
5.000000000000000000e+00 -2.597978217173263572e-06
6.000000000000000000e+00 -3.536732445401175528e-05
7.000000000000000000e+00 -8.110224828491081476e-08
8.000000000000000000e+00 -1.943404033187314577e-06
9.000000000000000000e+00 -1.032679051254902553e-07
1.000000000000000000e+01 4.705133188105324063e-06
1.100000000000000000e+01 3.757895011764980715e-06
1.200000000000000000e+01 3.793162461893112009e-06
1.300000000000000000e+01 -4.285360322512025001e-06
1.400000000000000000e+01 5.860351550754027208e-03
1.500000000000000000e+01 1.449917471589298014e-06
1.600000000000000000e+01 7.888611216784590716e-06
1.700000000000000000e+01 1.218251992245800161e-05
1.800000000000000000e+01 -2.532331789297733411e-05
1.900000000000000000e+01 -3.638367995953134814e-05
1.000000000000000000e+00 5.391838983170252189e-06
2.000000000000000000e+00 -4.460881395865915314e-06
3.000000000000000000e+00 -4.364357692531067143e-06
4.000000000000000000e+00 -4.353747387803114689e-06
5.000000000000000000e+00 -2.169141488026936764e-06
6.000000000000000000e+00 -2.378082873438910202e-06
7.000000000000000000e+00 -1.115198870616827243e-06
8.000000000000000000e+00 -1.640945913391733717e-06
9.000000000000000000e+00 3.259111889142848813e-05
1.000000000000000000e+01 1.039251426248330079e-06
1.100000000000000000e+01 -9.824197130698677737e-08
1.200000000000000000e+01 -8.506285596068877791e-07
1.300000000000000000e+01 -2.780157578919188756e-07
1.400000000000000000e+01 4.276121539279433524e-03
1.500000000000000000e+01 4.223803372410183394e-06
1.600000000000000000e+01 3.665813031138108447e-05
1.700000000000000000e+01 6.813662773415095314e-06
1.800000000000000000e+01 4.150304459901982591e-06
1.900000000000000000e+01 -4.460881395865915314e-06
1.000000000000000000e+00 -5.525857441492116207e-04
2.000000000000000000e+00 -5.610714105296147605e-04
3.000000000000000000e+00 -5.609247134014935582e-04
4.000000000000000000e+00 -5.610714105296147605e-04
5.000000000000000000e+00 -3.913784873537195480e-07
6.000000000000000000e+00 1.040583083926737032e-06
7.000000000000000000e+00 1.681411124135582255e-06
8.000000000000000000e+00 7.434515948447836664e-07
9.000000000000000000e+00 5.771490291614130403e-06
1.000000000000000000e+01 3.315509739658346411e-05
1.100000000000000000e+01 -4.963866542813910295e-04
1.200000000000000000e+01 -5.244105739461775873e-04
1.300000000000000000e+01 -5.547829363618837295e-04
1.400000000000000000e+01 4.333048057893258698e-03
1.500000000000000000e+01 4.496449542889171340e-06
1.600000000000000000e+01 -5.554358781912961153e-04
1.700000000000000000e+01 2.618812216335436139e-06
1.800000000000000000e+01 5.983395689278042055e-06
1.900000000000000000e+01 -5.610714105296147605e-04
1.000000000000000000e+00 -7.335028232861049645e-06
2.000000000000000000e+00 -1.200729954599923518e-05
3.000000000000000000e+00 -4.363197861649873929e-06
4.000000000000000000e+00 -1.195158470700266197e-05
5.000000000000000000e+00 -7.909702956142583574e-06
6.000000000000000000e+00 -9.796490059647952861e-06
7.000000000000000000e+00 -5.341235991390789455e-07
8.000000000000000000e+00 2.245776239584288937e-07
9.000000000000000000e+00 1.200082597141420587e-04
1.000000000000000000e+01 9.168407272122441280e-05
1.100000000000000000e+01 2.331689638191185924e-07
1.200000000000000000e+01 8.758548812728378743e-05
1.300000000000000000e+01 -1.414564108062559850e-07
1.400000000000000000e+01 2.992982078121396872e-03
1.500000000000000000e+01 -3.093741483834362863e-07
1.600000000000000000e+01 6.137051802686477537e-05
1.700000000000000000e+01 8.386135708117131520e-06
1.800000000000000000e+01 -2.883081830450251295e-06
1.900000000000000000e+01 -1.200729954599923518e-05
1.000000000000000000e+00 3.071361043497266117e-06
2.000000000000000000e+00 -3.791744890816098081e-06
3.000000000000000000e+00 -3.513428436029054845e-06
4.000000000000000000e+00 -3.705659665411987144e-06
5.000000000000000000e+00 2.722879116067970518e-05
6.000000000000000000e+00 9.003294607009776955e-07
7.000000000000000000e+00 -8.963344876657569422e-07
8.000000000000000000e+00 -1.900017766890831842e-06
9.000000000000000000e+00 7.748830117251169109e-06
1.000000000000000000e+01 3.379377760182713305e-05
1.100000000000000000e+01 -1.708817498291182241e-07
1.200000000000000000e+01 3.130082851445080291e-06
1.300000000000000000e+01 4.127795149466975805e-06
1.400000000000000000e+01 2.239471785524417037e-03
1.500000000000000000e+01 2.008354562534129063e-06
1.600000000000000000e+01 3.508660242406372055e-05
1.700000000000000000e+01 3.003961982290155269e-06
1.800000000000000000e+01 2.951082285447610335e-06
1.900000000000000000e+01 -3.791744890816098081e-06
1.000000000000000000e+00 -5.633083806458418707e-06
2.000000000000000000e+00 -1.169272763700008223e-05
3.000000000000000000e+00 -1.162498492219854349e-05
4.000000000000000000e+00 -1.141789067485661822e-05
5.000000000000000000e+00 -7.484517546437050359e-06
6.000000000000000000e+00 -3.545216393513606920e-06
7.000000000000000000e+00 -3.455136195074275336e-06
8.000000000000000000e+00 -2.145644173507950291e-06
9.000000000000000000e+00 1.193434188790225856e-04
1.000000000000000000e+01 9.020666296208091359e-05
1.100000000000000000e+01 2.597720476977442858e-05
1.200000000000000000e+01 8.065721688012708485e-06
1.300000000000000000e+01 9.421563988127455537e-06
1.400000000000000000e+01 6.620282108672201349e-03
1.500000000000000000e+01 -5.453181149775576252e-06
1.600000000000000000e+01 5.861072192341541912e-05
1.700000000000000000e+01 -3.568284141039558729e-06
1.800000000000000000e+01 -8.294509068502876285e-07
1.900000000000000000e+01 -1.169272763700008223e-05
1.000000000000000000e+00 -7.334426839070801453e-07
2.000000000000000000e+00 -1.026819757469912161e-05
3.000000000000000000e+00 -1.026819757469912161e-05
4.000000000000000000e+00 -1.024083415724282527e-05
5.000000000000000000e+00 -3.038327341732914487e-06
6.000000000000000000e+00 -6.544753835775506877e-06
7.000000000000000000e+00 -2.245174845794040692e-06
8.000000000000000000e+00 -3.523523260365365447e-06
9.000000000000000000e+00 2.866238508653369313e-05
1.000000000000000000e+01 6.015226603461897216e-05
1.100000000000000000e+01 2.438703367495936858e-05
1.200000000000000000e+01 3.230635893174592323e-05
1.300000000000000000e+01 2.774869609234934242e-05
1.400000000000000000e+01 1.295620873794248260e-03
1.500000000000000000e+01 8.982245824351087055e-07
1.600000000000000000e+01 3.074982293248546813e-05
1.700000000000000000e+01 3.119644373514342211e-06
1.800000000000000000e+01 3.102264092976167215e-05
1.900000000000000000e+01 -1.026819757469912161e-05
1.000000000000000000e+00 -5.631623278682102191e-08
2.000000000000000000e+00 -5.308288203025044377e-06
3.000000000000000000e+00 -5.116701324131664287e-06
4.000000000000000000e+00 -5.185432043017181876e-06
5.000000000000000000e+00 -3.229957177325598170e-06
6.000000000000000000e+00 -3.575715650019055425e-06
7.000000000000000000e+00 -7.320680695293698104e-07
8.000000000000000000e+00 -2.054361187488122322e-06
9.000000000000000000e+00 1.580334010674567779e-06
1.000000000000000000e+01 6.106406493403396306e-05
1.100000000000000000e+01 -1.402879885852021898e-06
1.200000000000000000e+01 -2.825691680180843863e-07
1.300000000000000000e+01 2.554506037478173438e-06
1.400000000000000000e+01 5.853346043361522429e-03
1.500000000000000000e+01 -6.737328718752867077e-07
1.600000000000000000e+01 3.468366858459737679e-06
1.700000000000000000e+01 -6.809066406589625839e-07
1.800000000000000000e+01 -6.249340614665691854e-07
1.900000000000000000e+01 -5.308288203025044377e-06
1.000000000000000000e+00 1.683258262205630425e-06
2.000000000000000000e+00 -3.659481213660779934e-06
3.000000000000000000e+00 -3.619101916315538371e-06
4.000000000000000000e+00 -3.647453337855814398e-06
5.000000000000000000e+00 -2.324773609603330603e-06
6.000000000000000000e+00 -2.101012162931667367e-06
7.000000000000000000e+00 -7.428072443552318808e-07
8.000000000000000000e+00 -2.004187762701694465e-06
9.000000000000000000e+00 6.217638570579746965e-06
1.000000000000000000e+01 3.099510568550815974e-05
1.100000000000000000e+01 -3.738951107372159488e-07
1.200000000000000000e+01 2.859563037581613153e-05
1.300000000000000000e+01 1.035514193408930145e-06
1.400000000000000000e+01 2.726289491382370353e-03
1.500000000000000000e+01 1.493561478081601886e-06
1.600000000000000000e+01 3.616077764684575465e-05
1.700000000000000000e+01 -5.392784030554928070e-07
1.800000000000000000e+01 1.578959396296857445e-06
1.900000000000000000e+01 -3.659481213660779934e-06
1.000000000000000000e+00 4.338669586347604599e-06
2.000000000000000000e+00 -4.764542303241993617e-06
3.000000000000000000e+00 -4.687864594985337903e-06
4.000000000000000000e+00 -4.695596800859958483e-06
5.000000000000000000e+00 -3.637745123813234867e-06
6.000000000000000000e+00 -3.708623677663924934e-06
7.000000000000000000e+00 -3.265568281048156943e-06
8.000000000000000000e+00 -3.281548173189039956e-06
9.000000000000000000e+00 5.432561934109921653e-06
1.000000000000000000e+01 6.120298689958131788e-05
1.100000000000000000e+01 3.627731917205601135e-05
1.200000000000000000e+01 5.656022683886460582e-06
1.300000000000000000e+01 1.624063930565478416e-06
1.400000000000000000e+01 1.704540042001342123e-03
1.500000000000000000e+01 4.060696785154988841e-06
1.600000000000000000e+01 2.976882079049261376e-05
1.700000000000000000e+01 3.725033136797842612e-06
1.800000000000000000e+01 7.170675901326055537e-06
1.900000000000000000e+01 -4.764542303241993617e-06
1.000000000000000000e+00 -8.105929158560736679e-08
2.000000000000000000e+00 -5.018545266223284644e-06
3.000000000000000000e+00 -4.914718924006849287e-06
4.000000000000000000e+00 -5.018545266223284644e-06
5.000000000000000000e+00 1.982022105861114998e-07
6.000000000000000000e+00 -3.884058837619208484e-06
7.000000000000000000e+00 -2.348442750919531027e-06
8.000000000000000000e+00 -2.762760115701291920e-06
9.000000000000000000e+00 5.717540972958929421e-05
1.000000000000000000e+01 3.508986713321078518e-05
1.100000000000000000e+01 3.766112628341730081e-05
1.200000000000000000e+01 6.056611087570839733e-05
1.300000000000000000e+01 6.347264706397833108e-05
1.400000000000000000e+01 3.959399046086352347e-03
1.500000000000000000e+01 3.719577635986304443e-06
1.600000000000000000e+01 3.200334237485939840e-05
1.700000000000000000e+01 -1.544293339958974554e-06
1.800000000000000000e+01 -2.438651819456772546e-07
1.900000000000000000e+01 -5.018545266223284644e-06
1.000000000000000000e+00 -1.163525157333206719e-06
2.000000000000000000e+00 -7.597751405800940939e-06
3.000000000000000000e+00 -5.973343821641035046e-06
4.000000000000000000e+00 -7.243143853050973484e-06
5.000000000000000000e+00 -3.465445802907103059e-06
6.000000000000000000e+00 -5.721059126631881831e-06
7.000000000000000000e+00 -1.976695475147487344e-06
8.000000000000000000e+00 -3.292115521217688393e-06
9.000000000000000000e+00 5.919248450208202100e-05
1.000000000000000000e+01 -1.272849957060483204e-06
1.100000000000000000e+01 2.724906672275093019e-05
1.200000000000000000e+01 5.589182059770294502e-05
1.300000000000000000e+01 3.303069479540067479e-06
1.400000000000000000e+01 2.841396563532786346e-03
1.500000000000000000e+01 -1.567489957582836719e-06
1.600000000000000000e+01 2.717685651122183295e-05
1.700000000000000000e+01 2.907382435246212045e-05
1.800000000000000000e+01 3.259210689551246697e-06
1.900000000000000000e+01 -7.597751405800940939e-06
1.000000000000000000e+00 -3.345038174759536497e-07
2.000000000000000000e+00 -3.532243470323965291e-06
3.000000000000000000e+00 -3.503677265287172144e-06
4.000000000000000000e+00 -3.442249185283240893e-06
5.000000000000000000e+00 -2.599138048054456362e-06
6.000000000000000000e+00 -2.416185465721069353e-06
7.000000000000000000e+00 2.186710778042047233e-06
8.000000000000000000e+00 6.635091774410659599e-07
9.000000000000000000e+00 3.054161181096165197e-05
1.000000000000000000e+01 3.292295939354762554e-05
1.100000000000000000e+01 3.206167757251348108e-05
1.200000000000000000e+01 2.897042757723872019e-05
1.300000000000000000e+01 1.325214173511387026e-07
1.400000000000000000e+01 5.446618225255995573e-03
1.500000000000000000e+01 2.908297412941375581e-06
1.600000000000000000e+01 5.858322963586121412e-05
1.700000000000000000e+01 -1.397209601543966819e-06
1.800000000000000000e+01 5.625179773786584599e-07
1.900000000000000000e+01 -3.532243470323965291e-06
1.000000000000000000e+00 1.074347049579247634e-06
2.000000000000000000e+00 -4.410192490687846028e-06
3.000000000000000000e+00 -4.174746821805644734e-06
4.000000000000000000e+00 -4.268005815993431653e-06
5.000000000000000000e+00 -3.062941530433790157e-06
6.000000000000000000e+00 -2.691494951556870782e-06
7.000000000000000000e+00 -5.954228090451000503e-07
8.000000000000000000e+00 -1.753964989259106753e-06
9.000000000000000000e+00 -5.469246955315066240e-07
1.000000000000000000e+01 2.983600506820320876e-05
1.100000000000000000e+01 5.791787332035009956e-05
1.200000000000000000e+01 2.896084823329405313e-05
1.300000000000000000e+01 2.795394320162121867e-05
1.400000000000000000e+01 4.997923430198971534e-03
1.500000000000000000e+01 2.584833467186407992e-06
1.600000000000000000e+01 8.738964853515935878e-05
1.700000000000000000e+01 2.934870427130489018e-05
1.800000000000000000e+01 7.690108309303355359e-07
1.900000000000000000e+01 -4.410192490687846028e-06
1.000000000000000000e+00 -5.150594159882084823e-06
2.000000000000000000e+00 -5.750291160507878079e-04
3.000000000000000000e+00 -5.750007646292474954e-04
4.000000000000000000e+00 -5.748493422642028715e-04
5.000000000000000000e+00 -3.080467863749597456e-06
6.000000000000000000e+00 -5.729325713845836998e-04
7.000000000000000000e+00 2.447071332520248929e-06
8.000000000000000000e+00 -5.714001770503317635e-04
9.000000000000000000e+00 5.112826629854493109e-05
1.000000000000000000e+01 -3.348474710703812863e-07
1.100000000000000000e+01 -5.310263781626010406e-04
1.200000000000000000e+01 3.199608269267711778e-05
1.300000000000000000e+01 5.194697803056936046e-05
1.400000000000000000e+01 2.371158511251390127e-03
1.500000000000000000e+01 -3.811118362201953126e-07
1.600000000000000000e+01 4.422435149989329108e-06
1.700000000000000000e+01 5.759161718914040305e-05
1.800000000000000000e+01 -6.291438179983070594e-07
1.900000000000000000e+01 -5.750291160507878079e-04
1.000000000000000000e+00 -4.130802118418217188e-06
2.000000000000000000e+00 -4.926712434452371948e-05
3.000000000000000000e+00 -4.922201981025509787e-05
4.000000000000000000e+00 -4.920569626451978823e-05
5.000000000000000000e+00 -4.094022592474604483e-05
6.000000000000000000e+00 -4.215993844476816429e-05
7.000000000000000000e+00 -2.918134497081865469e-06
8.000000000000000000e+00 -1.160737267548413027e-05
9.000000000000000000e+00 3.332305809085994822e-05
1.000000000000000000e+01 3.303468976843589332e-05
1.100000000000000000e+01 1.941342111620749286e-06
1.200000000000000000e+01 -5.195741650850009599e-06
1.300000000000000000e+01 -3.687102371312897412e-06
1.400000000000000000e+01 1.641124785087633240e-03
1.500000000000000000e+01 -5.160087590428147233e-06
1.600000000000000000e+01 -3.538515148422268858e-05
1.700000000000000000e+01 -3.461931944904080965e-05
1.800000000000000000e+01 5.978283842060931363e-07
1.900000000000000000e+01 -4.926712434452371948e-05
1.000000000000000000e+00 2.639087778406663684e-06
2.000000000000000000e+00 -5.724581575974764644e-06
3.000000000000000000e+00 -5.724581575974764644e-06
4.000000000000000000e+00 -5.708043246742936609e-06
5.000000000000000000e+00 -3.246495506557425782e-06
6.000000000000000000e+00 -3.436621857674489197e-06
7.000000000000000000e+00 -3.235240851339922389e-06
8.000000000000000000e+00 -3.179354185546135648e-06
9.000000000000000000e+00 3.441278363878982644e-05
1.000000000000000000e+01 4.377932009510956118e-06
1.100000000000000000e+01 6.271802672731464814e-05
1.200000000000000000e+01 3.271251452366003438e-05
1.300000000000000000e+01 4.175090475400072804e-05
1.400000000000000000e+01 4.459872257085878769e-03
1.500000000000000000e+01 3.043525102348631519e-06
1.600000000000000000e+01 9.595001661565127958e-05
1.700000000000000000e+01 4.452719622998260492e-06
1.800000000000000000e+01 1.294843787103848985e-06
1.900000000000000000e+01 -5.724581575974764644e-06
1.000000000000000000e+00 2.326105267281737768e-06
2.000000000000000000e+00 -9.951391917336188574e-06
3.000000000000000000e+00 -9.658384271387365896e-06
4.000000000000000000e+00 -5.715217015526612591e-06
5.000000000000000000e+00 -8.824938391501858573e-06
6.000000000000000000e+00 -3.414928724526247724e-06
7.000000000000000000e+00 -1.494936092459312221e-06
8.000000000000000000e+00 -2.842272966111975068e-06
9.000000000000000000e+00 3.269490227694561778e-05
1.000000000000000000e+01 3.197481912652191054e-05
1.100000000000000000e+01 -2.561636849562545827e-06
1.200000000000000000e+01 -2.217940298435654286e-06
1.300000000000000000e+01 3.254227712432046786e-06
1.400000000000000000e+01 2.170920281988393367e-03
1.500000000000000000e+01 5.640644185535826396e-07
1.600000000000000000e+01 -1.387930954494421847e-07
1.700000000000000000e+01 7.925425108087645449e-06
1.800000000000000000e+01 -2.514599263825269711e-06
1.900000000000000000e+01 -9.951391917336188574e-06
1.000000000000000000e+00 1.054415141102447567e-06
2.000000000000000000e+00 -3.345424785053267992e-06
3.000000000000000000e+00 -3.345424785053267992e-06
4.000000000000000000e+00 -3.345424785053267992e-06
5.000000000000000000e+00 -2.692611825738760403e-06
6.000000000000000000e+00 -2.615547507188374041e-06
7.000000000000000000e+00 -6.172448122912518807e-07
8.000000000000000000e+00 -1.562592893862243572e-06
9.000000000000000000e+00 1.254411223451470958e-04
1.000000000000000000e+01 4.495388512416375671e-05
1.100000000000000000e+01 1.081396243934943491e-05
1.200000000000000000e+01 6.585420943006081457e-05
1.300000000000000000e+01 -9.666975611248055807e-07
1.400000000000000000e+01 2.921448434606329324e-03
1.500000000000000000e+01 2.131468462737812277e-06
1.600000000000000000e+01 3.699761710597623528e-05
1.700000000000000000e+01 1.267102350693681911e-05
1.800000000000000000e+01 1.802763799667824275e-06
1.900000000000000000e+01 -3.345424785053267992e-06
1.000000000000000000e+00 9.996883061898540405e-07
2.000000000000000000e+00 -5.210432842011788618e-06
3.000000000000000000e+00 -5.043073541525553127e-06
4.000000000000000000e+00 -5.193894512779961430e-06
5.000000000000000000e+00 -3.702223129467711095e-06
6.000000000000000000e+00 -2.523834954175511407e-06
7.000000000000000000e+00 -1.715561700081823717e-06
8.000000000000000000e+00 -2.013552323149846094e-06
9.000000000000000000e+00 1.220106003387737075e-04
1.000000000000000000e+01 3.255086846418115608e-05
1.100000000000000000e+01 5.575581968770822948e-05
1.200000000000000000e+01 4.416678952282667055e-06
1.300000000000000000e+01 3.415658988414406273e-06
1.400000000000000000e+01 4.484015038968599230e-03
1.500000000000000000e+01 -2.710567726047601929e-08
1.600000000000000000e+01 6.119525469370670323e-05
1.700000000000000000e+01 6.931922566597488339e-07
1.800000000000000000e+01 -3.118656369430363212e-08
1.900000000000000000e+01 -5.210432842011788618e-06
