1.000000000000000000e+00 -5.235992078097341017e-07
2.000000000000000000e+00 -1.525963716366193063e-05
3.000000000000000000e+00 -1.478277484469434929e-05
4.000000000000000000e+00 -1.525963716366193063e-05
5.000000000000000000e+00 -1.231529908000496161e-05
6.000000000000000000e+00 1.627912850823067268e-05
7.000000000000000000e+00 -6.535432232026658841e-06
8.000000000000000000e+00 -9.560700737171325358e-06
9.000000000000000000e+00 -8.142871919961701610e-06
1.000000000000000000e+01 -7.444868512979967769e-06
1.100000000000000000e+01 -3.362693378173254152e-06
1.200000000000000000e+01 -1.064578696157643411e-05
1.300000000000000000e+01 8.941784909277168030e-05
1.400000000000000000e+01 -8.385920924620614823e-06
1.500000000000000000e+01 -4.908576116006456162e-06
1.600000000000000000e+01 -9.333502754555386073e-06
1.700000000000000000e+01 2.101978688665995045e-05
1.800000000000000000e+01 2.823449340477204072e-05
1.900000000000000000e+01 -1.525963716366193063e-05
1.000000000000000000e+00 4.397906874687059990e-07
2.000000000000000000e+00 -1.707399927214168429e-05
3.000000000000000000e+00 -1.706197139633671876e-05
4.000000000000000000e+00 -1.705746094290985795e-05
5.000000000000000000e+00 -1.439715255504729063e-05
6.000000000000000000e+00 -1.510675427084095661e-05
7.000000000000000000e+00 -5.634973901227770894e-06
8.000000000000000000e+00 -1.349162533373059643e-05
9.000000000000000000e+00 -9.403908784713736611e-06
1.000000000000000000e+01 -5.417827786248838617e-06
1.100000000000000000e+01 -7.298858692047545850e-06
1.200000000000000000e+01 -1.069828004812524840e-05
1.300000000000000000e+01 5.782626386341556098e-04
1.400000000000000000e+01 1.583869347027241670e-05
1.500000000000000000e+01 -5.376460484819617368e-06
1.600000000000000000e+01 -9.961014217980161342e-06
1.700000000000000000e+01 -8.547695854197401787e-06
1.800000000000000000e+01 2.605267969045058706e-05
1.900000000000000000e+01 -1.707399927214168429e-05
1.000000000000000000e+00 -3.987670396339126508e-07
2.000000000000000000e+00 -1.533502617093948108e-05
3.000000000000000000e+00 -1.529894254352458447e-05
4.000000000000000000e+00 -1.532299829513451554e-05
5.000000000000000000e+00 -6.366526490365499064e-06
6.000000000000000000e+00 -1.044053985230455786e-05
7.000000000000000000e+00 -9.955687587266534377e-06
8.000000000000000000e+00 -1.156948486669848866e-05
9.000000000000000000e+00 -3.310586901918170938e-06
1.000000000000000000e+01 -1.105748396770068427e-06
1.100000000000000000e+01 -8.675191337730037144e-06
1.200000000000000000e+01 -6.156296403974422055e-06
1.300000000000000000e+01 -1.142648201471730731e-08
1.400000000000000000e+01 -5.497297679960218171e-06
1.500000000000000000e+01 1.870549471168666194e-06
1.600000000000000000e+01 -9.039421191123976520e-06
1.700000000000000000e+01 -3.887280590066967412e-06
1.800000000000000000e+01 1.067478273360626277e-05
1.900000000000000000e+01 -1.533502617093948108e-05
1.000000000000000000e+00 -7.048163394912620091e-06
2.000000000000000000e+00 -1.669305926271870251e-05
3.000000000000000000e+00 -1.669305926271870251e-05
4.000000000000000000e+00 -1.662059131099378456e-05
5.000000000000000000e+00 -1.215240727624628545e-05
6.000000000000000000e+00 -1.470502321895510670e-05
7.000000000000000000e+00 -1.186365234352850286e-05
8.000000000000000000e+00 -1.307249681862684831e-05
9.000000000000000000e+00 -8.610197851683918218e-06
1.000000000000000000e+01 -1.092182671130039536e-05
1.100000000000000000e+01 -1.048280924441914991e-05
1.200000000000000000e+01 -1.194393841452664857e-05
1.300000000000000000e+01 -5.919304293917296475e-06
1.400000000000000000e+01 -3.921431166013208662e-06
1.500000000000000000e+01 -7.793419171128149287e-06
1.600000000000000000e+01 -5.615987040135646920e-06
1.700000000000000000e+01 -1.120916407294116232e-05
1.800000000000000000e+01 -2.392988848097207188e-06
1.900000000000000000e+01 -1.669305926271870251e-05
1.000000000000000000e+00 2.237601579706842688e-05
2.000000000000000000e+00 -2.058669744428258313e-05
3.000000000000000000e+00 -2.054730615102132125e-05
4.000000000000000000e+00 -2.054099151622371206e-05
5.000000000000000000e+00 -1.782531194295899858e-05
6.000000000000000000e+00 -1.810912685525688527e-05
7.000000000000000000e+00 -6.953357959549909733e-06
8.000000000000000000e+00 -1.629480770347643224e-05
9.000000000000000000e+00 -1.419706024969182697e-05
1.000000000000000000e+01 -7.094170019866614197e-06
1.100000000000000000e+01 -1.317804142881542232e-05
1.200000000000000000e+01 -1.076030952191942741e-05
1.300000000000000000e+01 1.131537966677285479e-03
1.400000000000000000e+01 4.402086561529285920e-05
1.500000000000000000e+01 -1.432713313518266947e-05
1.600000000000000000e+01 -9.599404723243731431e-06
1.700000000000000000e+01 -2.967405831182920826e-06
1.800000000000000000e+01 -8.882199671673354378e-06
1.900000000000000000e+01 -2.058669744428258313e-05
1.000000000000000000e+00 1.787728954911617355e-06
2.000000000000000000e+00 -2.008496319641830456e-05
3.000000000000000000e+00 -2.001069106332264161e-05
4.000000000000000000e+00 -2.007293532061333902e-05
5.000000000000000000e+00 -1.725781098846114063e-05
6.000000000000000000e+00 -1.401689985281316465e-05
7.000000000000000000e+00 -1.375799982611128090e-05
8.000000000000000000e+00 -1.723628968211011268e-05
9.000000000000000000e+00 -1.331378459861431884e-05
1.000000000000000000e+01 -8.879020875924899467e-06
1.100000000000000000e+01 -9.178214286573419287e-06
1.200000000000000000e+01 -1.279615637200776402e-05
1.300000000000000000e+01 -1.039053825431534268e-05
1.400000000000000000e+01 -1.467155995019771956e-05
1.500000000000000000e+01 -1.304758193303084875e-05
1.600000000000000000e+01 -7.627219701523107010e-06
1.700000000000000000e+01 -7.097778382608103350e-06
1.800000000000000000e+01 -1.885326575729052400e-06
1.900000000000000000e+01 -2.008496319641830456e-05
1.000000000000000000e+00 2.228653699241934518e-05
2.000000000000000000e+00 -1.644532797783571581e-05
3.000000000000000000e+00 -1.642878964860388947e-05
4.000000000000000000e+00 -1.641796456037941947e-05
5.000000000000000000e+00 -1.385336369856493670e-05
6.000000000000000000e+00 -1.415023744745106840e-05
7.000000000000000000e+00 -6.362961084323313082e-06
8.000000000000000000e+00 -1.312370120419655902e-05
9.000000000000000000e+00 2.391859086905526277e-05
1.000000000000000000e+01 -7.399935805508560537e-06
1.100000000000000000e+01 -5.260004873007968706e-06
1.200000000000000000e+01 -4.509680206274633260e-06
1.300000000000000000e+01 1.100687968722024405e-03
1.400000000000000000e+01 -7.194302085942952368e-06
1.500000000000000000e+01 -7.876540384280321375e-07
1.600000000000000000e+01 -1.041120042668030215e-05
1.700000000000000000e+01 -6.988238799384309957e-06
1.800000000000000000e+01 -6.115358669538235894e-06
1.900000000000000000e+01 -1.644532797783571581e-05
1.000000000000000000e+00 3.165522128370425536e-06
2.000000000000000000e+00 -2.194082147642518983e-05
3.000000000000000000e+00 -2.192428314719336349e-05
4.000000000000000000e+00 -2.186856830819678858e-05
5.000000000000000000e+00 -1.917681561644409751e-05
6.000000000000000000e+00 -1.943666069053065777e-05
7.000000000000000000e+00 -1.120327900513658991e-05
8.000000000000000000e+00 -1.923059740397201536e-05
9.000000000000000000e+00 -4.416893735779184599e-06
1.000000000000000000e+01 -9.151022695914335628e-06
1.100000000000000000e+01 -7.642898896768865715e-06
1.200000000000000000e+01 -1.363862315874699634e-05
1.300000000000000000e+01 1.066602429218528169e-03
1.400000000000000000e+01 -1.646878233565539742e-05
1.500000000000000000e+01 2.421619488182955599e-05
1.600000000000000000e+01 -1.080708936746088366e-05
1.700000000000000000e+01 -1.785959138900315357e-05
1.800000000000000000e+01 1.352019153876738873e-06
1.900000000000000000e+01 -2.194082147642518983e-05
1.000000000000000000e+00 7.617081920487492814e-06
2.000000000000000000e+00 -1.012437854543117661e-05
3.000000000000000000e+00 -9.656708960114531254e-06
4.000000000000000000e+00 -1.009581234039438304e-05
5.000000000000000000e+00 -7.483572499052374689e-06
6.000000000000000000e+00 -7.686027422869527948e-06
7.000000000000000000e+00 -3.925039528754698662e-06
8.000000000000000000e+00 -6.949706640109116564e-06
9.000000000000000000e+00 -3.761288591009952958e-07
1.000000000000000000e+01 -3.418623000666344063e-06
1.100000000000000000e+01 -4.936884580847429019e-06
1.200000000000000000e+01 -3.676062499591911139e-06
1.300000000000000000e+01 5.540416326020041089e-04
1.400000000000000000e+01 -6.639988838131252323e-06
1.500000000000000000e+01 2.212055230631081875e-06
1.600000000000000000e+01 -3.142669164340990849e-06
1.700000000000000000e+01 -5.758216671529364466e-06
1.800000000000000000e+01 3.215523726359639019e-05
1.900000000000000000e+01 -1.012437854543117661e-05
1.000000000000000000e+00 -7.706560725136575360e-06
2.000000000000000000e+00 -1.890958199007734456e-05
3.000000000000000000e+00 -1.881877152774985527e-05
4.000000000000000000e+00 -1.890958199007734456e-05
5.000000000000000000e+00 -1.597297611229499527e-05
6.000000000000000000e+00 -1.534860048791937090e-05
7.000000000000000000e+00 -1.318933904073222804e-05
8.000000000000000000e+00 -1.433606812863778643e-05
9.000000000000000000e+00 -8.361994043108594108e-06
1.000000000000000000e+01 -7.582888387841947547e-06
1.100000000000000000e+01 -1.290079889151096554e-05
1.200000000000000000e+01 -1.165677287968309598e-05
1.300000000000000000e+01 1.100418887957587593e-03
1.400000000000000000e+01 -6.986305747915654600e-06
1.500000000000000000e+01 -1.071331489288145616e-05
1.600000000000000000e+01 4.878927402147216269e-05
1.700000000000000000e+01 -1.196631885486374500e-05
1.800000000000000000e+01 -4.076676677295872277e-06
1.900000000000000000e+01 -1.890958199007734456e-05
1.000000000000000000e+00 9.000287638058534936e-07
2.000000000000000000e+00 -1.449930358599089134e-05
3.000000000000000000e+00 -1.449930358599089134e-05
4.000000000000000000e+00 -1.449930358599089134e-05
5.000000000000000000e+00 -1.051850626154031714e-05
6.000000000000000000e+00 -1.319994934546018134e-05
7.000000000000000000e+00 1.841192862864689340e-05
8.000000000000000000e+00 -8.946334023733403128e-06
9.000000000000000000e+00 -5.255838073175534108e-06
1.000000000000000000e+01 -4.440305136899563885e-06
1.100000000000000000e+01 -4.993114900235642814e-06
1.200000000000000000e+01 -8.428920580623366698e-06
1.300000000000000000e+01 5.819787367774983088e-04
1.400000000000000000e+01 2.595662851080807545e-05
1.500000000000000000e+01 2.297904194189023599e-05
1.600000000000000000e+01 -1.583383936325112757e-06
1.700000000000000000e+01 -3.236185898724598059e-06
1.800000000000000000e+01 3.307957951920799822e-05
1.900000000000000000e+01 -1.449930358599089134e-05
1.000000000000000000e+00 3.119773243612252568e-06
2.000000000000000000e+00 -1.887448636674642679e-05
3.000000000000000000e+00 -1.869449779666497715e-05
4.000000000000000000e+00 -1.887448636674642679e-05
5.000000000000000000e+00 -1.677600864907366170e-05
6.000000000000000000e+00 -1.612624561540970206e-05
7.000000000000000000e+00 -5.141100729336023260e-06
8.000000000000000000e+00 -1.480884956117154206e-05
9.000000000000000000e+00 -9.886269561192160985e-06
1.000000000000000000e+01 3.517157077528594144e-05
1.100000000000000000e+01 -5.700869477959260627e-06
1.200000000000000000e+01 -9.520922833616330717e-06
1.300000000000000000e+01 5.879740744291827659e-04
1.400000000000000000e+01 1.913523353151835786e-05
1.500000000000000000e+01 1.354252902240518326e-06
1.600000000000000000e+01 -1.300642941509814420e-05
1.700000000000000000e+01 5.374183779756534956e-06
1.800000000000000000e+01 -3.199200180624328952e-06
1.900000000000000000e+01 -1.887448636674642679e-05
1.000000000000000000e+00 5.911816941228705403e-05
2.000000000000000000e+00 -2.027869791027685670e-05
3.000000000000000000e+00 -1.973581114447987188e-05
4.000000000000000000e+00 -2.000609469649717277e-05
5.000000000000000000e+00 -1.748500897107708161e-05
6.000000000000000000e+00 -1.718903731287632072e-05
7.000000000000000000e+00 1.464801967897942991e-05
8.000000000000000000e+00 -9.899672051374836432e-06
9.000000000000000000e+00 -8.614794218509388751e-06
1.000000000000000000e+01 -1.244206429964943884e-05
1.100000000000000000e+01 -1.180398548819601429e-05
1.200000000000000000e+01 -1.397291219272643393e-05
1.300000000000000000e+01 1.655608323564979750e-03
1.400000000000000000e+01 -1.119851081151390670e-05
1.500000000000000000e+01 -5.360351722580824421e-06
1.600000000000000000e+01 -6.655066639586763260e-06
1.700000000000000000e+01 -1.222723784643289215e-05
1.800000000000000000e+01 -3.169001621014004755e-06
1.900000000000000000e+01 -2.027869791027685670e-05
1.000000000000000000e+00 -2.891844997108154733e-06
2.000000000000000000e+00 -1.389924145342101875e-05
3.000000000000000000e+00 -1.385533970673289438e-05
4.000000000000000000e+00 -1.386436061358661938e-05
5.000000000000000000e+00 -1.186133268176611813e-05
6.000000000000000000e+00 -1.089905966066956616e-05
7.000000000000000000e+00 -1.130753491434605866e-05
8.000000000000000000e+00 -8.604441653977256164e-06
9.000000000000000000e+00 -6.805114390253708573e-06
1.000000000000000000e+01 -2.949235147377562166e-06
1.100000000000000000e+01 -3.036694987159383438e-06
1.200000000000000000e+01 -8.342749441820648573e-06
1.300000000000000000e+01 5.200765436833548055e-04
1.400000000000000000e+01 -7.264708116101304600e-06
1.500000000000000000e+01 -4.131145772012644243e-06
1.600000000000000000e+01 -4.167487139623362411e-06
1.700000000000000000e+01 -7.652607110811444823e-06
1.800000000000000000e+01 -1.898471325715907556e-06
1.900000000000000000e+01 -1.389924145342101875e-05
1.000000000000000000e+00 2.972745348906339420e-05
2.000000000000000000e+00 -1.844715312207571983e-05
3.000000000000000000e+00 -1.843061479284389349e-05
4.000000000000000000e+00 -1.831815415406746420e-05
5.000000000000000000e+00 -1.096383836321916670e-05
6.000000000000000000e+00 -9.711006228034090539e-06
7.000000000000000000e+00 -8.553495008603366164e-06
8.000000000000000000e+00 -1.071773943290971063e-05
9.000000000000000000e+00 -1.330974666887979545e-05
1.000000000000000000e+01 -1.136277722965029447e-05
1.100000000000000000e+01 -7.260283576073049287e-06
1.200000000000000000e+01 -1.303748710869453857e-05
1.300000000000000000e+01 2.131878613302761686e-03
1.400000000000000000e+01 -9.808346108655705716e-06
1.500000000000000000e+01 -4.299321249785645894e-06
1.600000000000000000e+01 -6.677747776818983573e-06
1.700000000000000000e+01 3.518840980141289251e-05
1.800000000000000000e+01 2.352708351160363509e-05
1.900000000000000000e+01 -1.844715312207571983e-05
1.000000000000000000e+00 2.510221976166248563e-05
2.000000000000000000e+00 -4.171353242560672786e-05
3.000000000000000000e+00 -4.148826749445944394e-05
4.000000000000000000e+00 -4.161292783583804805e-05
5.000000000000000000e+00 2.077351612955328000e-05
6.000000000000000000e+00 -3.972025566452810804e-05
7.000000000000000000e+00 5.160774897617002697e-05
8.000000000000000000e+00 4.990292645091406332e-05
9.000000000000000000e+00 -3.458766036165416581e-05
1.000000000000000000e+01 5.475900948037170350e-05
1.100000000000000000e+01 2.422568831237561840e-05
1.200000000000000000e+01 2.156280252255484393e-05
1.300000000000000000e+01 1.391563372987521415e-04
1.400000000000000000e+01 -3.654687246018515072e-05
1.500000000000000000e+01 8.420140231285741484e-05
1.600000000000000000e+01 -3.343096531951020929e-05
1.700000000000000000e+01 5.160710462568047688e-05
1.800000000000000000e+01 -3.211803676199960608e-05
1.900000000000000000e+01 -4.171353242560672786e-05
1.000000000000000000e+00 2.104646299692739268e-05
2.000000000000000000e+00 -2.187449633270066501e-05
3.000000000000000000e+00 -2.187449633270066501e-05
4.000000000000000000e+00 -2.182960658192856010e-05
5.000000000000000000e+00 -1.847520384672087366e-05
6.000000000000000000e+00 -1.981089945486230099e-05
7.000000000000000000e+00 -1.809688419595540304e-05
8.000000000000000000e+00 -1.757985736313909429e-05
9.000000000000000000e+00 -1.390083085129524706e-05
1.000000000000000000e+01 -7.380132767129670404e-06
1.100000000000000000e+01 -1.533442477714923500e-05
1.200000000000000000e+01 -1.423138265243528259e-05
1.300000000000000000e+01 5.383583994265108124e-04
1.400000000000000000e+01 1.648343057011787411e-05
1.500000000000000000e+01 -1.483913403418047259e-05
1.600000000000000000e+01 1.609815193406524420e-05
1.700000000000000000e+01 8.262450483812712671e-05
1.800000000000000000e+01 2.150708768355826902e-05
1.900000000000000000e+01 -2.187449633270066501e-05
1.000000000000000000e+00 -4.899340425656214466e-06
2.000000000000000000e+00 -1.284757554107399143e-05
3.000000000000000000e+00 -1.259151065652613554e-05
4.000000000000000000e+00 -1.263498283622122483e-05
5.000000000000000000e+00 -1.019998233620524545e-05
6.000000000000000000e+00 -1.070313415514653795e-05
7.000000000000000000e+00 -9.406529143371247770e-06
8.000000000000000000e+00 -8.445802563449621788e-06
9.000000000000000000e+00 -5.557265232187832323e-06
1.000000000000000000e+01 -5.543218391515605090e-06
1.100000000000000000e+01 2.361467222148336376e-05
1.200000000000000000e+01 -6.546386190349038349e-06
1.300000000000000000e+01 2.368550781863475277e-05
1.400000000000000000e+01 -9.739056952679242681e-06
1.500000000000000000e+01 -7.529536167307064778e-06
1.600000000000000000e+01 -6.923846707128440493e-06
1.700000000000000000e+01 2.103993357863326679e-05
1.800000000000000000e+01 2.620977233980329715e-05
1.900000000000000000e+01 -1.284757554107399143e-05
1.000000000000000000e+00 1.933223295452397211e-06
2.000000000000000000e+00 -1.863805269378024750e-05
3.000000000000000000e+00 -1.863805269378024750e-05
4.000000000000000000e+00 -1.861399694217031643e-05
5.000000000000000000e+00 -9.836139093105037144e-06
6.000000000000000000e+00 -1.602512554524938420e-05
7.000000000000000000e+00 -9.851002111064030537e-06
8.000000000000000000e+00 -1.580922517455025063e-05
9.000000000000000000e+00 -5.890050781691647948e-06
1.000000000000000000e+01 -5.355239875363714153e-06
1.100000000000000000e+01 -4.308513983436583573e-06
1.200000000000000000e+01 -1.272669538923408831e-05
1.300000000000000000e+01 5.426177279892449622e-04
1.400000000000000000e+01 -1.026235546359385322e-05
1.500000000000000000e+01 -3.983804293401816429e-06
1.600000000000000000e+01 -8.391634165627972859e-06
1.700000000000000000e+01 -9.101665448414673930e-06
1.800000000000000000e+01 3.536427452836121411e-05
1.900000000000000000e+01 -1.863805269378024750e-05
1.000000000000000000e+00 -7.459259007246622903e-06
2.000000000000000000e+00 -1.816393960356808599e-05
3.000000000000000000e+00 -1.782870552220397188e-05
4.000000000000000000e+00 -1.808988225396893974e-05
5.000000000000000000e+00 1.471829683903987179e-05
6.000000000000000000e+00 -1.673365334356046331e-05
7.000000000000000000e+00 -1.004280377345392732e-05
8.000000000000000000e+00 -1.522454154033101286e-05
9.000000000000000000e+00 -8.128438468995743306e-06
1.000000000000000000e+01 -5.112362697502016162e-06
1.100000000000000000e+01 -1.058470253516692991e-05
1.200000000000000000e+01 -1.133670251317310000e-05
1.300000000000000000e+01 6.603936998673839943e-04
1.400000000000000000e+01 -1.058040686523658581e-05
1.500000000000000000e+01 -7.393406387214436341e-06
1.600000000000000000e+01 -8.944830539257782860e-06
1.700000000000000000e+01 -1.177881286240419232e-05
1.800000000000000000e+01 1.126131780156547894e-04
1.900000000000000000e+01 -1.816393960356808599e-05
1.000000000000000000e+00 -1.987305779875438952e-06
2.000000000000000000e+00 -1.682940382630785018e-05
3.000000000000000000e+00 -1.682940382630785018e-05
4.000000000000000000e+00 -1.675143741707208920e-05
5.000000000000000000e+00 1.764055517925486742e-05
6.000000000000000000e+00 -1.501620154870928804e-05
7.000000000000000000e+00 -1.149138958736481902e-05
8.000000000000000000e+00 -1.390315051305763348e-05
9.000000000000000000e+00 -1.033671351008812250e-05
1.000000000000000000e+01 -1.113274410488032732e-05
1.100000000000000000e+01 -6.979475632726406519e-06
1.200000000000000000e+01 -8.314355063581069377e-06
1.300000000000000000e+01 3.149845381656526770e-03
1.400000000000000000e+01 -1.179401953395761277e-05
1.500000000000000000e+01 -6.465713509057161564e-06
1.600000000000000000e+01 -9.837127097189015984e-06
1.700000000000000000e+01 5.238681167473736698e-05
1.800000000000000000e+01 2.616277771076532590e-05
1.900000000000000000e+01 -1.682940382630785018e-05
1.000000000000000000e+00 5.292909704674410403e-06
2.000000000000000000e+00 -1.014877795063553473e-05
3.000000000000000000e+00 -1.014877795063553473e-05
4.000000000000000000e+00 -1.004916136495083715e-05
5.000000000000000000e+00 -6.954732573927619645e-06
6.000000000000000000e+00 -8.093600585860646253e-06
7.000000000000000000e+00 -7.687015426953506788e-06
8.000000000000000000e+00 -4.501002953015336162e-06
9.000000000000000000e+00 -5.529300420941287367e-06
1.000000000000000000e+01 -3.354832302200723215e-06
1.100000000000000000e+01 -1.133541381219399643e-06
1.200000000000000000e+01 -3.553034512786834688e-06
1.300000000000000000e+01 5.284442509674707475e-04
1.400000000000000000e+01 -6.983427649062323573e-06
1.500000000000000000e+01 3.466906330683420157e-06
1.600000000000000000e+01 2.309352154553392718e-07
1.700000000000000000e+01 -1.801260315192203583e-06
1.800000000000000000e+01 2.403856893020979510e-06
1.900000000000000000e+01 -1.014877795063553473e-05
1.000000000000000000e+00 2.151271501116701987e-06
2.000000000000000000e+00 -1.628239321737773732e-05
3.000000000000000000e+00 -1.596038979939908429e-05
4.000000000000000000e+00 -1.554349503265911795e-05
5.000000000000000000e+00 -2.268972857208151050e-06
6.000000000000000000e+00 -9.328648647534094825e-06
7.000000000000000000e+00 -2.970928280525803639e-06
8.000000000000000000e+00 -8.848306835922933842e-06
9.000000000000000000e+00 -9.354036056822433485e-06
1.000000000000000000e+01 1.110473633693447835e-06
1.100000000000000000e+01 -8.826441875977478842e-06
1.200000000000000000e+01 -2.320821593267413550e-06
1.300000000000000000e+01 1.143319185114850594e-03
1.400000000000000000e+01 -1.106577461066625072e-05
1.500000000000000000e+01 5.940292937196961894e-05
1.600000000000000000e+01 -6.064927504555987323e-06
1.700000000000000000e+01 3.575500866522538304e-05
1.800000000000000000e+01 7.234595469889586743e-06
1.900000000000000000e+01 -1.628239321737773732e-05
1.000000000000000000e+00 -7.020885890854930939e-06
2.000000000000000000e+00 -1.497779825953200500e-05
3.000000000000000000e+00 -1.496125993030017697e-05
4.000000000000000000e+00 -1.495494529550256947e-05
5.000000000000000000e+00 -1.315755108324767723e-05
6.000000000000000000e+00 -1.234755956118185152e-05
7.000000000000000000e+00 -1.044526508922793706e-05
8.000000000000000000e+00 1.899008284457200528e-05
9.000000000000000000e+00 -7.345638537589001252e-06
1.000000000000000000e+01 -4.651093660381585492e-06
1.100000000000000000e+01 -8.217659533449005985e-06
1.200000000000000000e+01 -9.120824136304011431e-06
1.300000000000000000e+01 1.190456602221308087e-03
1.400000000000000000e+01 1.919606021773204304e-05
1.500000000000000000e+01 -9.061801631461072949e-06
1.600000000000000000e+01 2.473807582166715090e-05
1.700000000000000000e+01 2.063549625469129938e-05
1.800000000000000000e+01 2.424214072820883670e-05
1.900000000000000000e+01 -1.497779825953200500e-05
1.000000000000000000e+00 9.686563866130428396e-06
2.000000000000000000e+00 -1.047391720766333697e-05
3.000000000000000000e+00 -1.025092898157913545e-05
4.000000000000000000e+00 -1.046188933185837143e-05
5.000000000000000000e+00 -4.668963647291820269e-06
6.000000000000000000e+00 -8.781380298408161252e-06
7.000000000000000000e+00 -4.913602049824959243e-06
8.000000000000000000e+00 -7.596935228514175626e-06
9.000000000000000000e+00 -1.074776616572282087e-06
1.000000000000000000e+01 5.565070464451269224e-05
1.100000000000000000e+01 2.389363302675996090e-05
1.200000000000000000e+01 3.897332457703974421e-06
1.300000000000000000e+01 -2.803568980039568148e-06
1.400000000000000000e+01 -6.013164681895332010e-06
1.500000000000000000e+01 -6.145814969344380805e-07
1.600000000000000000e+01 2.693475255394759795e-05
1.700000000000000000e+01 -3.234038063759425581e-06
1.800000000000000000e+01 1.241629887140722924e-04
1.900000000000000000e+01 -1.047391720766333697e-05
1.000000000000000000e+00 3.786676000298290983e-06
2.000000000000000000e+00 -1.084609405042841447e-05
3.000000000000000000e+00 -1.070309119844723393e-05
4.000000000000000000e+00 -1.078917642385134572e-05
5.000000000000000000e+00 -8.175604924830930627e-06
6.000000000000000000e+00 -9.091098100386024646e-06
7.000000000000000000e+00 -6.064068370569917993e-06
8.000000000000000000e+00 -8.953593705915687144e-06
9.000000000000000000e+00 2.606874549599007599e-05
1.000000000000000000e+01 9.648074663554538173e-07
1.100000000000000000e+01 -6.238730309937739823e-06
1.200000000000000000e+01 -3.785430256018491005e-06
1.300000000000000000e+01 2.313261214190006496e-06
1.400000000000000000e+01 -8.230031062848400269e-06
1.500000000000000000e+01 -1.543047595679174576e-06
1.600000000000000000e+01 -5.482520575399831966e-06
1.700000000000000000e+01 2.345762252882995768e-05
1.800000000000000000e+01 5.816646373921915644e-05
1.900000000000000000e+01 -1.084609405042841447e-05
1.000000000000000000e+00 3.596072829818959332e-05
2.000000000000000000e+00 -1.185935667359815875e-05
3.000000000000000000e+00 -1.166450508555771572e-05
4.000000000000000000e+00 -1.182116816791739241e-05
5.000000000000000000e+00 -8.738079945510284646e-06
6.000000000000000000e+00 2.655883847834312179e-05
7.000000000000000000e+00 -7.586453793884134376e-06
8.000000000000000000e+00 -8.846330827754976162e-06
9.000000000000000000e+00 -4.412469195750929287e-06
1.000000000000000000e+01 -5.302574962017686340e-06
1.100000000000000000e+01 2.596723881553602875e-05
1.200000000000000000e+01 3.010551539963304411e-05
1.300000000000000000e+01 1.142335476700801736e-04
1.400000000000000000e+01 -7.218357837552883439e-06
1.500000000000000000e+01 -1.187151341950103549e-06
1.600000000000000000e+01 2.368065371161346322e-05
1.700000000000000000e+01 2.767652883751954920e-05
1.800000000000000000e+01 6.629979927193549331e-06
1.900000000000000000e+01 -1.185935667359815875e-05
1.000000000000000000e+00 9.253903990746094468e-06
2.000000000000000000e+00 -1.036880216446779804e-05
3.000000000000000000e+00 -1.036880216446779804e-05
4.000000000000000000e+00 -1.026248433369176357e-05
5.000000000000000000e+00 -6.788060580630239956e-06
6.000000000000000000e+00 -4.802344198629028037e-06
7.000000000000000000e+00 -7.813479949702859288e-06
8.000000000000000000e+00 -7.141422389100407011e-06
9.000000000000000000e+00 -4.827344997623634778e-06
1.000000000000000000e+01 -4.146996794055617322e-06
1.100000000000000000e+01 1.464136139058739621e-06
1.200000000000000000e+01 2.451233836682752956e-05
1.300000000000000000e+01 1.051229515238803107e-03
1.400000000000000000e+01 -5.667363252502571162e-06
1.500000000000000000e+01 -1.624751237754333583e-06
1.600000000000000000e+01 -2.886733149891044465e-06
1.700000000000000000e+01 2.586491595779521197e-05
1.800000000000000000e+01 4.898180594775021252e-06
1.900000000000000000e+01 -1.036880216446779804e-05
1.000000000000000000e+00 -4.375483477650660179e-06
2.000000000000000000e+00 -1.081804332578326232e-05
3.000000000000000000e+00 -1.054071487508019920e-05
4.000000000000000000e+00 -1.072293719352542724e-05
5.000000000000000000e+00 -8.308813649370924020e-06
6.000000000000000000e+00 -8.275221510515626521e-06
7.000000000000000000e+00 -6.459227047462341385e-06
8.000000000000000000e+00 -8.118816168351770539e-06
9.000000000000000000e+00 -2.399733049887848505e-06
1.000000000000000000e+01 -3.101301862911770023e-06
1.100000000000000000e+01 -4.434548939192901831e-06
1.200000000000000000e+01 -4.263065795573534912e-06
1.300000000000000000e+01 5.259878150745023618e-04
1.400000000000000000e+01 -6.057796692471614511e-06
1.500000000000000000e+01 -5.570409982174687903e-06
1.600000000000000000e+01 5.648290478011840001e-05
1.700000000000000000e+01 -4.586744524825020045e-06
1.800000000000000000e+01 5.516623898976839814e-05
1.900000000000000000e+01 -1.081804332578326232e-05
1.000000000000000000e+00 3.314367091456874465e-05
2.000000000000000000e+00 -2.037715466508035938e-05
3.000000000000000000e+00 -2.020416803698537304e-05
4.000000000000000000e+00 -2.037715466508035938e-05
5.000000000000000000e+00 -1.420320305769222009e-05
6.000000000000000000e+00 -1.825277405772761759e-05
7.000000000000000000e+00 -1.498845152095926063e-05
8.000000000000000000e+00 -1.431596439336377411e-05
9.000000000000000000e+00 -6.810140324072212501e-06
1.000000000000000000e+01 -8.292318276838400002e-06
1.100000000000000000e+01 -1.407738288543241938e-05
1.200000000000000000e+01 -6.709492777604232055e-06
1.300000000000000000e+01 2.871908792961424349e-05
1.400000000000000000e+01 -1.602117352891346545e-05
1.500000000000000000e+01 -8.036210435591240091e-06
1.600000000000000000e+01 -2.972259938204210380e-06
1.700000000000000000e+01 -1.408210812235580027e-05
1.800000000000000000e+01 1.484153960934146663e-06
1.900000000000000000e+01 -2.037715466508035938e-05
1.000000000000000000e+00 -1.013000587303992831e-05
2.000000000000000000e+00 -1.923356141622395188e-05
3.000000000000000000e+00 -1.919417012296269001e-05
4.000000000000000000e+00 -1.923356141622395188e-05
5.000000000000000000e+00 -1.797853848937440134e-05
6.000000000000000000e+00 -1.373067936535428688e-05
7.000000000000000000e+00 -1.119301235400306536e-05
8.000000000000000000e+00 -1.536917674688572402e-05
9.000000000000000000e+00 -9.236506527528197950e-06
1.000000000000000000e+01 -8.079940355482150092e-06
1.100000000000000000e+01 -1.403867889936001331e-05
1.200000000000000000e+01 -1.166523534944587554e-05
1.300000000000000000e+01 5.493824630821534131e-04
1.400000000000000000e+01 -7.580697596177472322e-06
1.500000000000000000e+01 1.811114582012414697e-05
1.600000000000000000e+01 -8.613161863935856432e-06
1.700000000000000000e+01 -1.050377211367923411e-05
1.800000000000000000e+01 -7.391602205843691341e-06
1.900000000000000000e+01 -1.923356141622395188e-05
1.000000000000000000e+00 4.174231341414003305e-06
2.000000000000000000e+00 -1.444436196758178027e-05
3.000000000000000000e+00 -1.426768106334669759e-05
4.000000000000000000e+00 -1.441699855012548393e-05
5.000000000000000000e+00 -8.440948456428332234e-06
6.000000000000000000e+00 -1.256874360589530804e-05
7.000000000000000000e+00 -7.685683769275099199e-06
8.000000000000000000e+00 -9.446865484017186163e-06
9.000000000000000000e+00 -6.973934218516261163e-06
1.000000000000000000e+01 -5.991041981754055448e-06
1.100000000000000000e+01 -7.338679552301842814e-06
1.200000000000000000e+01 -9.316363031533308575e-06
1.300000000000000000e+01 5.779263735920082230e-04
1.400000000000000000e+01 -9.741032960847202055e-06
1.500000000000000000e+01 2.473502589601660634e-05
1.600000000000000000e+01 -4.173544034225148349e-06
1.700000000000000000e+01 -5.761782077571550448e-06
1.800000000000000000e+01 2.465791862076691554e-05
1.900000000000000000e+01 -1.444436196758178027e-05
1.000000000000000000e+00 -1.050736071633904352e-03
2.000000000000000000e+00 -1.064764097271837014e-03
3.000000000000000000e+00 -1.064431569462529013e-03
4.000000000000000000e+00 -1.064724705978575912e-03
5.000000000000000000e+00 2.061071023919321018e-05
6.000000000000000000e+00 1.989264605363676465e-05
7.000000000000000000e+00 2.210156544521869393e-05
8.000000000000000000e+00 2.000587991300065269e-05
9.000000000000000000e+00 2.325301977004763152e-05
1.000000000000000000e+01 2.386472316812874027e-05
1.100000000000000000e+01 -4.964347657846108781e-04
1.200000000000000000e+01 -1.060038173041268940e-03
1.300000000000000000e+01 -1.025489603275980908e-03
1.400000000000000000e+01 2.282671748616020742e-05
1.500000000000000000e+01 2.995770139732987974e-05
1.600000000000000000e+01 -1.053180350780969941e-03
1.700000000000000000e+01 2.412852025855121590e-05
1.800000000000000000e+01 6.669551638591885876e-05
1.900000000000000000e+01 -1.064764097271837014e-03
1.000000000000000000e+00 -5.714186054743329734e-06
2.000000000000000000e+00 -1.118579562852008536e-05
3.000000000000000000e+00 -1.060832871978382759e-05
4.000000000000000000e+00 -1.116294266449065152e-05
5.000000000000000000e+00 -9.649105624337821877e-06
6.000000000000000000e+00 -9.486944084467303841e-06
7.000000000000000000e+00 -6.587066184589403796e-06
8.000000000000000000e+00 -8.004637261603204289e-06
9.000000000000000000e+00 -5.664012629956901876e-06
1.000000000000000000e+01 -3.322915474618260782e-06
1.100000000000000000e+01 -5.251069879552850895e-06
1.200000000000000000e+01 -4.156103614307948661e-06
1.300000000000000000e+01 1.661057080174727172e-03
1.400000000000000000e+01 2.412181901345987733e-05
1.500000000000000000e+01 2.214847416085806139e-07
1.600000000000000000e+01 -3.588774486607303818e-06
1.700000000000000000e+01 5.573541525553908903e-05
1.800000000000000000e+01 1.425045542692601418e-06
1.900000000000000000e+01 -1.118579562852008536e-05
1.000000000000000000e+00 7.113629404651075477e-08
2.000000000000000000e+00 -1.047284329018075009e-05
3.000000000000000000e+00 -1.036141361218760536e-05
4.000000000000000000e+00 -1.043916523792684625e-05
5.000000000000000000e+00 -8.356581498996359109e-06
6.000000000000000000e+00 -9.032118552242390181e-06
7.000000000000000000e+00 -6.109688385230180180e-06
8.000000000000000000e+00 -7.004132778126585359e-06
9.000000000000000000e+00 -4.911540128258394376e-06
1.000000000000000000e+01 2.653203349797776751e-05
1.100000000000000000e+01 -4.031314402831429957e-06
1.200000000000000000e+01 -6.133228656448470670e-06
1.300000000000000000e+01 2.318029407812689286e-06
1.400000000000000000e+01 -3.318705718086523014e-06
1.500000000000000000e+01 -6.510087779437623774e-07
1.600000000000000000e+01 -4.890448388900400671e-06
1.700000000000000000e+01 2.717591146383715813e-05
1.800000000000000000e+01 6.389508324492844109e-06
1.900000000000000000e+01 -1.047284329018075009e-05
1.000000000000000000e+00 5.506017889918818439e-06
2.000000000000000000e+00 -5.494387793149402375e-04
3.000000000000000000e+00 -5.494387793149402375e-04
4.000000000000000000e+00 -5.493690176352714625e-04
5.000000000000000000e+00 -5.419805942251761837e-04
6.000000000000000000e+00 -5.381013894945783037e-06
7.000000000000000000e+00 -6.850992145109791475e-06
8.000000000000000000e+00 -1.069656178015310974e-05
9.000000000000000000e+00 -2.337102182303420447e-06
1.000000000000000000e+01 -2.692268172144332925e-06
1.100000000000000000e+01 -5.337354424041729998e-04
1.200000000000000000e+01 -8.137158678954343574e-06
1.300000000000000000e+01 5.242708787600427805e-04
1.400000000000000000e+01 -9.879997883093857502e-06
1.500000000000000000e+01 2.179494052559067657e-06
1.600000000000000000e+01 -9.682354109598690628e-06
1.700000000000000000e+01 -7.935949499416990717e-06
1.800000000000000000e+01 -4.591469761748399242e-06
1.900000000000000000e+01 -5.494387793149402375e-04
1.000000000000000000e+00 -1.382561367081490759e-06
2.000000000000000000e+00 -1.123558244301278215e-05
3.000000000000000000e+00 -1.123558244301278215e-05
4.000000000000000000e+00 -1.112724564736948598e-05
5.000000000000000000e+00 -8.774593139918216342e-06
6.000000000000000000e+00 -9.467957223375179021e-06
7.000000000000000000e+00 2.358000616514548277e-05
8.000000000000000000e+00 -9.853450642924325628e-06
9.000000000000000000e+00 -3.084162139889693795e-06
1.000000000000000000e+01 2.859459941503284867e-05
1.100000000000000000e+01 5.477451684882025376e-05
1.200000000000000000e+01 -4.086642631534272099e-06
1.300000000000000000e+01 1.601540745116596500e-03
1.400000000000000000e+01 -5.915309320882076251e-06
1.500000000000000000e+01 -4.757540361255531162e-06
1.600000000000000000e+01 -5.617963048303605447e-06
1.700000000000000000e+01 -3.820869532943836251e-06
1.800000000000000000e+01 8.973164778118337449e-05
1.900000000000000000e+01 -1.123558244301278215e-05
1.000000000000000000e+00 -1.900447333883866295e-06
2.000000000000000000e+00 -1.786659333098961349e-05
3.000000000000000000e+00 -1.776676196180839920e-05
4.000000000000000000e+00 -1.785576824276514349e-05
5.000000000000000000e+00 -1.071606412163687599e-05
6.000000000000000000e+00 -1.574844144503586947e-05
7.000000000000000000e+00 -4.559724760963150760e-06
8.000000000000000000e+00 -1.349192603062571947e-05
9.000000000000000000e+00 -1.260671732807955599e-05
1.000000000000000000e+01 -3.566179262773689844e-06
1.100000000000000000e+01 -9.980602472862533931e-06
1.200000000000000000e+01 -1.121917298387886616e-05
1.300000000000000000e+01 2.233795616148557259e-05
1.400000000000000000e+01 -1.230924218540317482e-05
1.500000000000000000e+01 -2.781618106695505960e-06
1.600000000000000000e+01 1.807871351215004438e-05
1.700000000000000000e+01 -5.263011841959210090e-06
1.800000000000000000e+01 -4.115681360263403293e-07
1.900000000000000000e+01 -1.786659333098961349e-05
1.000000000000000000e+00 2.419579044966041554e-05
2.000000000000000000e+00 -1.832764758461352661e-05
3.000000000000000000e+00 -1.832764758461352661e-05
4.000000000000000000e+00 -1.823786808306932018e-05
5.000000000000000000e+00 -1.292962283674357813e-05
6.000000000000000000e+00 -1.481151287652835554e-05
7.000000000000000000e+00 -8.264181638794641519e-06
8.000000000000000000e+00 -1.140246921980668107e-05
9.000000000000000000e+00 2.267830209006679358e-05
1.000000000000000000e+01 2.349155832127968054e-05
1.100000000000000000e+01 -7.853043069761335537e-06
1.200000000000000000e+01 -4.927477063699973795e-06
1.300000000000000000e+01 6.342420049850389964e-04
1.400000000000000000e+01 -1.263060125289227438e-05
1.500000000000000000e+01 5.025714739337029885e-05
1.600000000000000000e+01 1.813429948104870385e-05
1.700000000000000000e+01 4.854223004377803010e-05
1.800000000000000000e+01 5.829967246375914814e-05
1.900000000000000000e+01 -1.832764758461352661e-05
1.000000000000000000e+00 -4.617372651428378483e-06
2.000000000000000000e+00 -1.106203737782685036e-05
3.000000000000000000e+00 -1.083574148589628357e-05
4.000000000000000000e+00 -1.103918441379741652e-05
5.000000000000000000e+00 -7.901670053372839109e-06
6.000000000000000000e+00 -8.066752648795991342e-06
7.000000000000000000e+00 -5.693652752476281475e-06
8.000000000000000000e+00 -8.190596812887834376e-06
9.000000000000000000e+00 -4.324536832276770179e-06
1.000000000000000000e+01 -3.926156402936587859e-06
1.100000000000000000e+01 -4.399109662267556162e-06
1.200000000000000000e+01 2.506403125598171929e-05
1.300000000000000000e+01 -6.891328485755729868e-06
1.400000000000000000e+01 -7.656129560154326788e-06
1.500000000000000000e+01 1.615171893809664621e-07
1.600000000000000000e+01 3.137196480849731073e-05
1.700000000000000000e+01 2.708046167798489599e-05
1.800000000000000000e+01 9.530764213426751261e-05
1.900000000000000000e+01 -1.106203737782685036e-05
1.000000000000000000e+00 -4.679273255124647992e-07
2.000000000000000000e+00 -1.335046961981946491e-05
3.000000000000000000e+00 -1.299315579501337911e-05
4.000000000000000000e+00 -1.335046961981946491e-05
5.000000000000000000e+00 -3.515576270994227322e-06
6.000000000000000000e+00 -1.182928698408574491e-05
7.000000000000000000e+00 -6.000191758705689957e-06
8.000000000000000000e+00 -1.050952831138589616e-05
9.000000000000000000e+00 -4.959608674778953349e-06
1.000000000000000000e+01 -5.021165624880794956e-06
1.100000000000000000e+01 -6.855373728438743617e-06
1.200000000000000000e+01 -3.944069346546126652e-06
1.300000000000000000e+01 3.189964361403989628e-03
1.400000000000000000e+01 2.178875476089098197e-05
1.500000000000000000e+01 1.870850168063790291e-06
1.600000000000000000e+01 -4.569003408012695626e-06
1.700000000000000000e+01 -6.033826854260290626e-06
1.800000000000000000e+01 5.243549450205796814e-04
1.900000000000000000e+01 -1.335046961981946491e-05
1.000000000000000000e+00 2.215212548029885456e-05
2.000000000000000000e+00 -2.134453953339401992e-05
3.000000000000000000e+00 -1.630533209480577750e-05
4.000000000000000000e+00 -2.047793108164625188e-05
5.000000000000000000e+00 1.789915450906162813e-05
6.000000000000000000e+00 3.891894139572157858e-05
7.000000000000000000e+00 -7.618929058557540984e-06
8.000000000000000000e+00 -1.775945932292681456e-05
9.000000000000000000e+00 -7.441603803832905671e-06
1.000000000000000000e+01 -1.083934984863777357e-05
1.100000000000000000e+01 1.888861912081726206e-05
1.200000000000000000e+01 1.360747955175199732e-05
1.300000000000000000e+01 2.281905272230349245e-03
1.400000000000000000e+01 5.405134081604669795e-05
1.500000000000000000e+01 -5.446479904684238952e-07
1.600000000000000000e+01 -5.432089410417583394e-06
1.700000000000000000e+01 -9.947353987601665180e-06
1.800000000000000000e+01 -5.604302817925108439e-06
1.900000000000000000e+01 -2.134453953339401992e-05
1.000000000000000000e+00 2.609945953599204161e-05
2.000000000000000000e+00 -1.207594435148614643e-05
3.000000000000000000e+00 -1.207594435148614643e-05
4.000000000000000000e+00 -1.204759292994586956e-05
5.000000000000000000e+00 -1.018327218017620473e-05
6.000000000000000000e+00 -1.065008263150677991e-05
7.000000000000000000e+00 -6.314892537802754109e-06
8.000000000000000000e+00 2.616595650651377911e-05
9.000000000000000000e+00 -7.937968464284253684e-07
1.000000000000000000e+01 -4.387726136952142412e-06
1.100000000000000000e+01 -6.128288636028573930e-06
1.200000000000000000e+01 -6.230955147363816072e-06
1.300000000000000000e+01 5.423278991390446046e-05
1.400000000000000000e+01 -3.030766962655507434e-06
1.500000000000000000e+01 2.760397497239602322e-06
1.600000000000000000e+01 1.798511086436782913e-06
1.700000000000000000e+01 -2.796481124654499181e-08
1.800000000000000000e+01 2.190448010881447166e-06
1.900000000000000000e+01 -1.207594435148614643e-05
1.000000000000000000e+00 1.239004373679296197e-05
2.000000000000000000e+00 -1.046072950097717822e-05
3.000000000000000000e+00 -1.022652957637477732e-05
4.000000000000000000e+00 -1.031892943657649491e-05
5.000000000000000000e+00 -8.511354486586684466e-06
6.000000000000000000e+00 -8.316932465539276519e-06
7.000000000000000000e+00 -5.199435926990105939e-06
8.000000000000000000e+00 -7.468279914100347055e-06
9.000000000000000000e+00 -5.198061312612396028e-06
1.000000000000000000e+01 -4.061641832539664511e-06
1.100000000000000000e+01 -3.413511153449233795e-06
1.200000000000000000e+01 -1.245443582904883058e-06
1.300000000000000000e+01 5.676310703400486461e-04
1.400000000000000000e+01 -2.952285073028106720e-06
1.500000000000000000e+01 5.301458087835796296e-06
1.600000000000000000e+01 -5.088392859290691430e-06
1.700000000000000000e+01 -3.616266774161510938e-06
1.800000000000000000e+01 3.773037248269446153e-05
1.900000000000000000e+01 -1.046072950097717822e-05
1.000000000000000000e+00 2.510127471427780742e-05
2.000000000000000000e+00 -1.513699578715058482e-05
3.000000000000000000e+00 -1.505189856583045357e-05
4.000000000000000000e+00 -1.504249104868299750e-05
5.000000000000000000e+00 -1.125495591439863804e-05
6.000000000000000000e+00 -1.052404767575046081e-05
7.000000000000000000e+00 -6.672550016203266965e-06
8.000000000000000000e+00 -1.071013609713299956e-05
9.000000000000000000e+00 -7.592897298779651385e-06
1.000000000000000000e+01 -5.839147093017061965e-06
1.100000000000000000e+01 -8.143902880744984468e-06
1.200000000000000000e+01 -7.922246312339190538e-06
1.300000000000000000e+01 3.214717214330217385e-03
1.400000000000000000e+01 -9.471522629417365003e-06
1.500000000000000000e+01 -2.095599618819432791e-06
1.600000000000000000e+01 2.301714453417239768e-05
1.700000000000000000e+01 -2.992320716778920804e-06
1.800000000000000000e+01 -3.016591251885369420e-06
1.900000000000000000e+01 -1.513699578715058482e-05
1.000000000000000000e+00 4.837096168365517903e-06
2.000000000000000000e+00 -1.111281219640352599e-05
3.000000000000000000e+00 -1.105507839253969277e-05
4.000000000000000000e+00 -1.105567978632994054e-05
5.000000000000000000e+00 2.447801596408407393e-05
6.000000000000000000e+00 -5.853065063591378841e-06
7.000000000000000000e+00 -4.634641244548364644e-06
8.000000000000000000e+00 -4.342664559382824823e-06
9.000000000000000000e+00 2.481638588449733724e-05
1.000000000000000000e+01 -2.933470038733196273e-06
1.100000000000000000e+01 -5.146771013644078126e-06
1.200000000000000000e+01 2.939956500328017300e-07
1.300000000000000000e+01 5.568464902830227862e-04
1.400000000000000000e+01 -6.740292731004804868e-06
1.500000000000000000e+01 -3.832424885056463528e-06
1.600000000000000000e+01 -6.077256077256076743e-06
1.700000000000000000e+01 2.931541282934471742e-05
1.800000000000000000e+01 4.992857160039822100e-06
1.900000000000000000e+01 -1.111281219640352599e-05
1.000000000000000000e+00 -1.378480480647663295e-07
2.000000000000000000e+00 -1.067701648197004116e-05
3.000000000000000000e+00 -1.067701648197004116e-05
4.000000000000000000e+00 1.856274959990130170e-05
5.000000000000000000e+00 -9.647645096561504355e-07
6.000000000000000000e+00 -8.166326277781384913e-06
7.000000000000000000e+00 -8.184883571880474646e-06
8.000000000000000000e+00 -8.427245269350532055e-06
9.000000000000000000e+00 -1.101194986643902969e-06
1.000000000000000000e+01 4.093601616821430537e-06
1.100000000000000000e+01 -1.404941807418587400e-06
1.200000000000000000e+01 2.832723691856818706e-05
1.300000000000000000e+01 5.674133228312794466e-05
1.400000000000000000e+01 -2.732819296286788438e-06
1.500000000000000000e+01 4.079468862750596117e-06
1.600000000000000000e+01 2.759323579757015871e-06
1.700000000000000000e+01 6.471697377270131690e-05
1.800000000000000000e+01 -2.385858036012834376e-06
1.900000000000000000e+01 -1.067701648197004116e-05
1.000000000000000000e+00 3.395855950035516055e-05
2.000000000000000000e+00 -1.084184133719737268e-05
3.000000000000000000e+00 -1.052065409650548920e-05
4.000000000000000000e+00 -1.083101624897290438e-05
5.000000000000000000e+00 -4.544389219311819109e-06
6.000000000000000000e+00 -8.142399396269364199e-06
7.000000000000000000e+00 -5.007591307900905135e-06
8.000000000000000000e+00 -2.923761824690617166e-06
9.000000000000000000e+00 -7.805232263436596961e-08
1.000000000000000000e+01 -2.051826742229218773e-06
1.100000000000000000e+01 2.349873209006335652e-05
1.200000000000000000e+01 2.764478383673429733e-06
1.300000000000000000e+01 8.273438807494534546e-05
1.400000000000000000e+01 -3.431681837254592456e-06
1.500000000000000000e+01 7.126602327840717635e-06
1.600000000000000000e+01 -4.360276806097238885e-06
1.700000000000000000e+01 1.762642242518403427e-06
1.800000000000000000e+01 4.223038743162581715e-05
1.900000000000000000e+01 -1.084184133719737268e-05
1.000000000000000000e+00 2.264977884172930402e-06
2.000000000000000000e+00 -1.208943275506742991e-05
3.000000000000000000e+00 -1.208943275506742991e-05
4.000000000000000000e+00 -1.208943275506742991e-05
5.000000000000000000e+00 -9.587892327830407324e-06
6.000000000000000000e+00 -1.071795421640622732e-05
7.000000000000000000e+00 -5.226885257845009466e-06
8.000000000000000000e+00 -8.966351845608810806e-06
9.000000000000000000e+00 2.457484036431404768e-05
1.000000000000000000e+01 -3.558275230101855313e-06
1.100000000000000000e+01 2.678543506716880992e-05
1.200000000000000000e+01 -8.827601706858671738e-08
1.300000000000000000e+01 5.818783040145268518e-04
1.400000000000000000e+01 -7.945314059865142770e-06
1.500000000000000000e+01 3.848361820498042948e-06
1.600000000000000000e+01 -3.037038640753810916e-06
1.700000000000000000e+01 1.136674213299600239e-04
1.800000000000000000e+01 7.364625398681126073e-06
1.900000000000000000e+01 -1.208943275506742991e-05
1.000000000000000000e+00 -5.630924802751427439e-04
2.000000000000000000e+00 -5.702377687671804710e-04
3.000000000000000000e+00 -5.698239668827903125e-04
4.000000000000000000e+00 -5.702377687671804710e-04
5.000000000000000000e+00 -1.182597931823937965e-05
6.000000000000000000e+00 -1.158847172779061179e-05
7.000000000000000000e+00 -5.645333768398782962e-04
8.000000000000000000e+00 -1.026450329855902527e-05
9.000000000000000000e+00 -1.264817054290738315e-06
1.000000000000000000e+01 -5.632960950298411150e-04
1.100000000000000000e+01 -5.632173554000178715e-04
1.200000000000000000e+01 2.043467368544767590e-05
1.300000000000000000e+01 2.415364992764373385e-05
1.400000000000000000e+01 -6.229022095895160715e-06
1.500000000000000000e+01 -2.877626329638713126e-06
1.600000000000000000e+01 -8.073797547481756967e-06
1.700000000000000000e+01 -8.483174891843621966e-06
1.800000000000000000e+01 2.914650708768355510e-05
1.900000000000000000e+01 -5.702377687671804710e-04
