1.000000000000000000e+00 -4.566211222557970939e-06
2.000000000000000000e+00 -1.520117309590993759e-05
3.000000000000000000e+00 -1.490880980045066670e-05
4.000000000000000000e+00 -1.516749504365603375e-05
5.000000000000000000e+00 -1.346967446038653340e-05
6.000000000000000000e+00 -7.354616487743422234e-06
7.000000000000000000e+00 -1.277472097905534411e-05
8.000000000000000000e+00 -1.344686445305640188e-05
9.000000000000000000e+00 -1.201550427556619402e-05
1.000000000000000000e+01 -1.226568409230947920e-05
1.100000000000000000e+01 -1.109313802812254706e-05
1.200000000000000000e+01 -1.192357693905681384e-05
1.300000000000000000e+01 4.146309486866762367e-06
1.400000000000000000e+01 -1.229296159636716750e-05
1.500000000000000000e+01 -9.065109297307438218e-06
1.600000000000000000e+01 -1.250237550547147920e-05
1.700000000000000000e+01 -8.693490891633306162e-06
1.800000000000000000e+01 -5.617705308107784733e-06
1.900000000000000000e+01 -1.520117309590993759e-05
1.000000000000000000e+00 -3.491090952391261501e-05
2.000000000000000000e+00 -4.019222091977509920e-05
3.000000000000000000e+00 -4.018139583155062920e-05
4.000000000000000000e+00 -4.016386949823482063e-05
5.000000000000000000e+00 -3.924085890030162019e-05
6.000000000000000000e+00 -3.921126173448154207e-05
7.000000000000000000e+00 -3.756181039462772796e-05
8.000000000000000000e+00 -3.869376237797290269e-05
9.000000000000000000e+00 -3.743620500586444225e-05
1.000000000000000000e+01 -3.674421553678518948e-05
1.100000000000000000e+01 -3.787762804790668046e-05
1.200000000000000000e+01 -3.774549324084927225e-05
1.300000000000000000e+01 -7.253238677387283874e-07
1.400000000000000000e+01 -3.492078956475241019e-05
1.500000000000000000e+01 -3.581029393722891778e-05
1.600000000000000000e+01 -3.799167808455733805e-05
1.700000000000000000e+01 -3.736790385397196313e-05
1.800000000000000000e+01 -3.186562319689254251e-05
1.900000000000000000e+01 -4.019222091977509920e-05
1.000000000000000000e+00 9.982707351128403239e-07
2.000000000000000000e+00 -7.069298090969916966e-06
3.000000000000000000e+00 -6.979690416222923216e-06
4.000000000000000000e+00 -6.968693501201240537e-06
5.000000000000000000e+00 -3.242028009829867300e-06
6.000000000000000000e+00 -3.852270880134656831e-06
7.000000000000000000e+00 -3.248342644627473952e-06
8.000000000000000000e+00 -4.010566317067865001e-06
9.000000000000000000e+00 -2.552487072610911318e-06
1.000000000000000000e+01 -1.615429634005485335e-06
1.100000000000000000e+01 -3.077374981399748885e-06
1.200000000000000000e+01 -3.274975798195612166e-06
1.300000000000000000e+01 -1.815307155864431239e-06
1.400000000000000000e+01 -3.121362641486480447e-06
1.500000000000000000e+01 1.905602137800280157e-06
1.600000000000000000e+01 -4.003564375081402546e-06
1.700000000000000000e+01 -2.649955823330436005e-06
1.800000000000000000e+01 4.283384314344066474e-06
1.900000000000000000e+01 -7.069298090969916966e-06
1.000000000000000000e+00 5.819558838134689376e-06
2.000000000000000000e+00 -4.053823713266437590e-06
3.000000000000000000e+00 -4.053823713266437590e-06
4.000000000000000000e+00 -3.923450130880471206e-06
5.000000000000000000e+00 -2.910917771598885894e-06
6.000000000000000000e+00 -3.132574340004680246e-06
7.000000000000000000e+00 -2.504160785894531630e-06
8.000000000000000000e+00 -2.398315478810834577e-06
9.000000000000000000e+00 -8.161772867655220091e-07
1.000000000000000000e+01 -2.175198382628723125e-06
1.100000000000000000e+01 -2.178978572167426652e-06
1.200000000000000000e+01 -1.166274386088627389e-06
1.300000000000000000e+01 3.206932386498949956e-06
1.400000000000000000e+01 5.561174291824446207e-07
1.500000000000000000e+01 5.568906497699066575e-07
1.600000000000000000e+01 -1.070480946641937344e-06
1.700000000000000000e+01 -1.173491111571606753e-06
1.800000000000000000e+01 1.954701645104121563e-06
1.900000000000000000e+01 -4.053823713266437590e-06
1.000000000000000000e+00 -6.045828956045673752e-05
2.000000000000000000e+00 -7.332562518321031591e-05
3.000000000000000000e+00 -7.329194713095641377e-05
4.000000000000000000e+00 -7.322218545128761163e-05
5.000000000000000000e+00 -7.257925253281289582e-05
6.000000000000000000e+00 -7.242701399048147868e-05
7.000000000000000000e+00 -7.028996115683422126e-05
8.000000000000000000e+00 -7.185478779906023306e-05
9.000000000000000000e+00 -7.113715318049683108e-05
1.000000000000000000e+01 -6.471095983479883582e-05
1.100000000000000000e+01 -7.009893271503177476e-05
1.200000000000000000e+01 -6.962554988870778153e-05
1.300000000000000000e+01 2.865211843540016519e-07
1.400000000000000000e+01 -6.349902247735063842e-05
1.500000000000000000e+01 -6.608690587018759520e-05
1.600000000000000000e+01 -7.033631143538263564e-05
1.700000000000000000e+01 -5.990913111656145430e-05
1.800000000000000000e+01 -6.844552935884205206e-05
1.900000000000000000e+01 -7.332562518321031591e-05
1.000000000000000000e+00 5.753792131501109153e-06
2.000000000000000000e+00 -4.759645239521400046e-06
3.000000000000000000e+00 -4.736792275491965359e-06
4.000000000000000000e+00 -4.711533736301537903e-06
5.000000000000000000e+00 -3.109592505877335202e-06
6.000000000000000000e+00 -3.339496760549391987e-06
7.000000000000000000e+00 -2.617867168950760045e-06
8.000000000000000000e+00 -3.093569657037149019e-06
9.000000000000000000e+00 -1.944950474362238862e-06
1.000000000000000000e+01 -1.665903755687037288e-06
1.100000000000000000e+01 -9.946194156720471543e-07
1.200000000000000000e+01 -1.575308076856064275e-06
1.300000000000000000e+01 -2.070469949726915269e-06
1.400000000000000000e+01 -3.211528753324418795e-06
1.500000000000000000e+01 -1.577327041723326396e-06
1.600000000000000000e+01 -2.167981657145743550e-06
1.700000000000000000e+01 3.077332024700445715e-06
1.800000000000000000e+01 4.211947323402431385e-06
1.900000000000000000e+01 -4.759645239521400046e-06
1.000000000000000000e+00 -6.001725312870823207e-05
2.000000000000000000e+00 -6.964625501777203993e-05
3.000000000000000000e+00 -6.964625501777203993e-05
4.000000000000000000e+00 -6.960566093693027574e-05
5.000000000000000000e+00 -6.825531709432637172e-05
6.000000000000000000e+00 -6.796093483399984929e-05
7.000000000000000000e+00 -6.493016787134433805e-05
8.000000000000000000e+00 -6.816124192285182796e-05
9.000000000000000000e+00 -6.088961777816266386e-05
1.000000000000000000e+01 -6.408761517120649431e-05
1.100000000000000000e+01 -6.364619212916425609e-05
1.200000000000000000e+01 -6.309840829964668109e-05
1.300000000000000000e+01 1.802463102772700126e-07
1.400000000000000000e+01 -6.377428900648714769e-05
1.500000000000000000e+01 -6.204833178517387869e-05
1.600000000000000000e+01 -6.438745293234456252e-05
1.700000000000000000e+01 -6.368743056049557037e-05
1.800000000000000000e+01 -6.253863955102344457e-05
1.900000000000000000e+01 -6.964625501777203993e-05
1.000000000000000000e+00 -5.736467694672028617e-05
2.000000000000000000e+00 -6.808048332816134653e-05
3.000000000000000000e+00 -6.797214653251804528e-05
4.000000000000000000e+00 -6.787463482509922081e-05
5.000000000000000000e+00 -6.698216644037076654e-05
6.000000000000000000e+00 -6.660217147833246635e-05
7.000000000000000000e+00 -6.582173416538741135e-05
8.000000000000000000e+00 -6.621809562986033537e-05
9.000000000000000000e+00 -6.229846864521786662e-05
1.000000000000000000e+01 -6.307899187156152288e-05
1.100000000000000000e+01 -6.378004520419379788e-05
1.200000000000000000e+01 -6.513249392506358180e-05
1.300000000000000000e+01 -2.923203387599672144e-06
1.400000000000000000e+01 -6.502046285328018252e-05
1.500000000000000000e+01 -5.726750889289588706e-05
1.600000000000000000e+01 -6.435085382453802788e-05
1.700000000000000000e+01 -6.505770631157626726e-05
1.800000000000000000e+01 -5.933183603462240921e-05
1.900000000000000000e+01 -6.808048332816134653e-05
1.000000000000000000e+00 -2.914590569389330902e-05
2.000000000000000000e+00 -3.715698646039203117e-05
3.000000000000000000e+00 -3.693232292303499670e-05
4.000000000000000000e+00 -3.714495858458706224e-05
5.000000000000000000e+00 -3.614806246385193501e-05
6.000000000000000000e+00 -3.621919875789844537e-05
7.000000000000000000e+00 -3.401367294556148599e-05
8.000000000000000000e+00 -3.539163794581751045e-05
9.000000000000000000e+00 -3.354634701383926769e-05
1.000000000000000000e+01 -3.325565902965283652e-05
1.100000000000000000e+01 -3.452000356025123679e-05
1.200000000000000000e+01 -3.362521551376039948e-05
1.300000000000000000e+01 -1.256955978318207377e-06
1.400000000000000000e+01 -3.525155614938896412e-05
1.500000000000000000e+01 -3.158442864325216698e-05
1.600000000000000000e+01 -3.268648276388213885e-05
1.700000000000000000e+01 -3.453598345239212108e-05
1.800000000000000000e+01 -2.725765806261162179e-05
1.900000000000000000e+01 -3.715698646039203117e-05
1.000000000000000000e+00 -6.315090138619549199e-05
2.000000000000000000e+00 -6.858870403762044020e-05
3.000000000000000000e+00 -6.858870403762044020e-05
4.000000000000000000e+00 -6.853200119453988306e-05
5.000000000000000000e+00 -6.711374281033722592e-05
6.000000000000000000e+00 -6.623403256530191224e-05
7.000000000000000000e+00 -6.589909918083292626e-05
8.000000000000000000e+00 -6.567877427010552637e-05
9.000000000000000000e+00 -6.404586125948354537e-05
1.000000000000000000e+01 -6.382811375071435940e-05
1.100000000000000000e+01 -6.633227453660890162e-05
1.200000000000000000e+01 -6.509679690794241457e-05
1.300000000000000000e+01 9.576336975717780470e-07
1.400000000000000000e+01 -6.537992451305144038e-05
1.500000000000000000e+01 -6.415011716869301582e-05
1.600000000000000000e+01 -5.838597247265977662e-05
1.700000000000000000e+01 -6.298001963636638216e-05
1.800000000000000000e+01 -6.140514112650334556e-05
1.900000000000000000e+01 -6.858870403762044020e-05
1.000000000000000000e+00 -3.918230891915102081e-05
2.000000000000000000e+00 -4.537743817929576099e-05
3.000000000000000000e+00 -4.535458521526632885e-05
4.000000000000000000e+00 -4.537743817929576099e-05
5.000000000000000000e+00 -4.385458023228920805e-05
6.000000000000000000e+00 -4.442010517861910831e-05
7.000000000000000000e+00 -3.914278875579184689e-05
8.000000000000000000e+00 -4.272550634779736519e-05
9.000000000000000000e+00 -4.263628528334410421e-05
1.000000000000000000e+01 -4.168311908249988358e-05
1.100000000000000000e+01 -3.728718821598078233e-05
1.200000000000000000e+01 -4.215336606977473439e-05
1.300000000000000000e+01 -4.509207682582295001e-06
1.400000000000000000e+01 -3.739135821179164474e-05
1.500000000000000000e+01 -3.749660212508509064e-05
1.600000000000000000e+01 -3.666560477705988180e-05
1.700000000000000000e+01 -4.104504027104645733e-05
1.800000000000000000e+01 -3.653518823797461394e-05
1.900000000000000000e+01 -4.537743817929576099e-05
1.000000000000000000e+00 -3.501821535877263340e-05
2.000000000000000000e+00 -4.504203227113443421e-05
3.000000000000000000e+00 -4.495654843952057189e-05
4.000000000000000000e+00 -4.504203227113443421e-05
5.000000000000000000e+00 -4.374302168419814957e-05
6.000000000000000000e+00 -4.251909940764429742e-05
7.000000000000000000e+00 -3.911499577134251715e-05
8.000000000000000000e+00 -4.159600289631248894e-05
9.000000000000000000e+00 -4.037942621533952546e-05
1.000000000000000000e+01 -3.344685929825248554e-05
1.100000000000000000e+01 -3.849031945007176805e-05
1.200000000000000000e+01 -4.022353635356731090e-05
1.300000000000000000e+01 1.339905364673166362e-06
1.400000000000000000e+01 -3.677853793952864849e-05
1.500000000000000000e+01 -3.610652333562550277e-05
1.600000000000000000e+01 -4.201173783217126376e-05
1.700000000000000000e+01 -3.677273878512268411e-05
1.800000000000000000e+01 -3.808102801910850769e-05
1.900000000000000000e+01 -4.504203227113443421e-05
1.000000000000000000e+00 -8.092217380143076216e-05
2.000000000000000000e+00 -1.029417778643784757e-04
3.000000000000000000e+00 -1.012489832149274742e-04
4.000000000000000000e+00 -1.012220493644642181e-04
5.000000000000000000e+00 -1.015632114703322018e-04
6.000000000000000000e+00 -1.010223436694024889e-04
7.000000000000000000e+00 -9.511957770471701280e-05
8.000000000000000000e+00 -1.002810399095228682e-04
9.000000000000000000e+00 -9.906137034620005619e-05
1.000000000000000000e+01 -9.767885193581786691e-05
1.100000000000000000e+01 -9.781820346835825512e-05
1.200000000000000000e+01 -9.849567357307295341e-05
1.300000000000000000e+01 3.301222341470019309e-07
1.400000000000000000e+01 -9.775540077397661565e-05
1.500000000000000000e+01 -9.095904955038081475e-05
1.600000000000000000e+01 -9.873245089963355128e-05
1.700000000000000000e+01 -9.756621947024423172e-05
1.800000000000000000e+01 -9.460938098708995467e-05
1.900000000000000000e+01 -1.029417778643784757e-04
1.000000000000000000e+00 -2.258375439489990563e-05
2.000000000000000000e+00 -3.301772187221103358e-05
3.000000000000000000e+00 -3.281861757093954707e-05
4.000000000000000000e+00 -3.288382584048218438e-05
5.000000000000000000e+00 -3.131676544989238402e-05
6.000000000000000000e+00 -3.198508577765543171e-05
7.000000000000000000e+00 -3.050655914433004161e-05
8.000000000000000000e+00 -3.017171167325966027e-05
9.000000000000000000e+00 -2.893773752906879688e-05
1.000000000000000000e+01 -2.727153307648663634e-05
1.100000000000000000e+01 -2.945205808982898643e-05
1.200000000000000000e+01 -3.021647255393385313e-05
1.300000000000000000e+01 8.157906764717909377e-07
1.400000000000000000e+01 -2.946215291416529492e-05
1.500000000000000000e+01 -2.382052072454548947e-05
1.600000000000000000e+01 -2.740998251834165036e-05
1.700000000000000000e+01 -2.996676526088290536e-05
1.800000000000000000e+01 -2.687126255237710099e-05
1.900000000000000000e+01 -3.301772187221103358e-05
1.000000000000000000e+00 -1.189687075909986015e-04
2.000000000000000000e+00 -1.309333511345895187e-04
3.000000000000000000e+00 -1.306969174616233258e-04
4.000000000000000000e+00 -1.308533657604864892e-04
5.000000000000000000e+00 -1.286751604089065323e-04
6.000000000000000000e+00 -1.286056564694335340e-04
7.000000000000000000e+00 -1.260848284842092635e-04
8.000000000000000000e+00 -1.278761658018623859e-04
9.000000000000000000e+00 -1.269890240478475756e-04
1.000000000000000000e+01 -1.268586075087623009e-04
1.100000000000000000e+01 -1.255668566040082901e-04
1.200000000000000000e+01 -1.286368430331278506e-04
1.300000000000000000e+01 -6.302907618697091743e-06
1.400000000000000000e+01 -1.263371131792184320e-04
1.500000000000000000e+01 -1.259604688397257977e-04
1.600000000000000000e+01 -1.264764217550595196e-04
1.700000000000000000e+01 -1.193944943944943944e-04
1.800000000000000000e+01 -1.208751688627849582e-04
1.900000000000000000e+01 -1.309333511345895187e-04
1.000000000000000000e+00 -1.602894869148739090e-05
2.000000000000000000e+00 -5.471906834135935359e-04
3.000000000000000000e+00 -5.469672656205163417e-04
4.000000000000000000e+00 -5.471906834135935359e-04
5.000000000000000000e+00 -1.400976904072879268e-05
6.000000000000000000e+00 -5.421281504872835612e-04
7.000000000000000000e+00 -1.011892304461963759e-05
8.000000000000000000e+00 -1.423164039263110331e-05
9.000000000000000000e+00 -5.384146727025983497e-04
1.000000000000000000e+01 -9.188824591301370895e-06
1.100000000000000000e+01 -1.625722059158591536e-05
1.200000000000000000e+01 -1.333204119581828554e-05
1.300000000000000000e+01 6.137223629483690683e-07
1.400000000000000000e+01 -5.440955673153814948e-04
1.500000000000000000e+01 -4.344941264445908081e-06
1.600000000000000000e+01 -5.384218035146827149e-04
1.700000000000000000e+01 -9.924586936970837680e-06
1.800000000000000000e+01 -5.380616545477226063e-04
1.900000000000000000e+01 -5.471906834135935359e-04
1.000000000000000000e+00 -3.738439922650448885e-05
2.000000000000000000e+00 -4.664027922541853760e-05
3.000000000000000000e+00 -4.652090255805425644e-05
4.000000000000000000e+00 -4.658886005635231019e-05
5.000000000000000000e+00 -4.437680482572122832e-05
6.000000000000000000e+00 -4.561434437595428108e-05
7.000000000000000000e+00 -4.348665610275517064e-05
8.000000000000000000e+00 -4.438251806672859144e-05
9.000000000000000000e+00 -4.286803667608621001e-05
1.000000000000000000e+01 -4.224421948880152769e-05
1.100000000000000000e+01 -4.296778213186881626e-05
1.200000000000000000e+01 -4.366252082970349224e-05
1.300000000000000000e+01 -1.092577872763631241e-05
1.400000000000000000e+01 -4.037556011240221135e-05
1.500000000000000000e+01 -4.299368502154879635e-05
1.600000000000000000e+01 -3.892847778296694162e-05
1.700000000000000000e+01 -3.223006783378299858e-05
1.800000000000000000e+01 -3.770932370003577099e-05
1.900000000000000000e+01 -4.664027922541853760e-05
1.000000000000000000e+00 -5.278519210407755269e-06
2.000000000000000000e+00 -9.317651732512412146e-06
3.000000000000000000e+00 -9.113822194317549823e-06
4.000000000000000000e+00 -9.128040861786991430e-06
5.000000000000000000e+00 -7.878000912056639109e-06
6.000000000000000000e+00 -4.869915086633352412e-06
7.000000000000000000e+00 -3.458486817619944197e-06
8.000000000000000000e+00 -3.016075771493727992e-06
9.000000000000000000e+00 -2.099637548553957032e-06
1.000000000000000000e+01 -6.830029275849708975e-06
1.100000000000000000e+01 4.895345452620994242e-06
1.200000000000000000e+01 -3.205643685519846385e-06
1.300000000000000000e+01 7.243358636547490181e-07
1.400000000000000000e+01 -4.008289612004781742e-06
1.500000000000000000e+01 -2.408367346447841585e-06
1.600000000000000000e+01 -3.262604268796219152e-06
1.700000000000000000e+01 1.030230519394605927e-06
1.800000000000000000e+01 -2.547332268694497350e-07
1.900000000000000000e+01 -9.317651732512412146e-06
1.000000000000000000e+00 -2.928392556875528965e-05
2.000000000000000000e+00 -3.965766775364298527e-05
3.000000000000000000e+00 -3.958421179783408510e-05
4.000000000000000000e+00 -3.951745708711652350e-05
5.000000000000000000e+00 -3.594870042238463117e-05
6.000000000000000000e+00 -3.581875640699169733e-05
7.000000000000000000e+00 -3.445990713792571313e-05
8.000000000000000000e+00 -3.634188309110909180e-05
9.000000000000000000e+00 -3.226628033129580724e-05
1.000000000000000000e+01 -3.319337181566283171e-05
1.100000000000000000e+01 -3.306987130516541912e-05
1.200000000000000000e+01 -3.514403553103242903e-05
1.300000000000000000e+01 -3.493238787356434063e-06
1.400000000000000000e+01 -3.699100177428350474e-05
1.500000000000000000e+01 -3.124073209212527671e-05
1.600000000000000000e+01 -3.480072559019927153e-05
1.700000000000000000e+01 -3.462090884691503456e-05
1.800000000000000000e+01 -2.430945387601734036e-05
1.900000000000000000e+01 -3.965766775364298527e-05
1.000000000000000000e+00 -4.425051212976909189e-05
2.000000000000000000e+00 -4.998351321880733545e-05
3.000000000000000000e+00 -4.973346227216196233e-05
4.000000000000000000e+00 -4.995494701377054019e-05
5.000000000000000000e+00 -4.442319806096895688e-05
6.000000000000000000e+00 -4.932103500214955277e-05
7.000000000000000000e+00 -4.796923063176932573e-05
8.000000000000000000e+00 -4.793125690958508286e-05
9.000000000000000000e+00 -4.551640310154241644e-05
1.000000000000000000e+01 -4.666618211509851769e-05
1.100000000000000000e+01 -4.680140980450577448e-05
1.200000000000000000e+01 -4.632781219468525778e-05
1.300000000000000000e+01 5.356700403140031251e-08
1.400000000000000000e+01 -4.603106731589703135e-05
1.500000000000000000e+01 -4.387086082132521706e-05
1.600000000000000000e+01 -4.647356427542185983e-05
1.700000000000000000e+01 -4.616655274550011224e-05
1.800000000000000000e+01 -3.008614192824718992e-05
1.900000000000000000e+01 -4.998351321880733545e-05
1.000000000000000000e+00 -1.735449363158341417e-04
2.000000000000000000e+00 -1.862275151748835924e-04
3.000000000000000000e+00 -1.861824106406149504e-04
4.000000000000000000e+00 -1.853026144821810219e-04
5.000000000000000000e+00 -1.818263435910494688e-04
6.000000000000000000e+00 -1.844150431611731782e-04
7.000000000000000000e+00 -1.829837688970815902e-04
8.000000000000000000e+00 -1.839591437114656929e-04
9.000000000000000000e+00 -1.780921606772999718e-04
1.000000000000000000e+01 -1.821204681111801603e-04
1.100000000000000000e+01 -1.789430899338020073e-04
1.200000000000000000e+01 -1.800054520642755892e-04
1.300000000000000000e+01 -5.109312771851470761e-06
1.400000000000000000e+01 -1.805595075718914491e-04
1.500000000000000000e+01 -1.785656723737219075e-04
1.600000000000000000e+01 -1.819571896971277768e-04
1.700000000000000000e+01 -1.691240476070197420e-04
1.800000000000000000e+01 -1.750704146214982024e-04
1.900000000000000000e+01 -1.862275151748835924e-04
1.000000000000000000e+00 -2.847011090045145724e-05
2.000000000000000000e+00 -3.423090497393902376e-05
3.000000000000000000e+00 -3.420233876890223527e-05
4.000000000000000000e+00 -3.374222956266299697e-05
5.000000000000000000e+00 -3.260881705154150599e-05
6.000000000000000000e+00 -3.331386535720900376e-05
7.000000000000000000e+00 -3.247663928778479715e-05
8.000000000000000000e+00 -3.212091486085293796e-05
9.000000000000000000e+00 -3.159770226333693545e-05
1.000000000000000000e+01 -3.167996434250304054e-05
1.100000000000000000e+01 -3.129571666723369349e-05
1.200000000000000000e+01 -3.180453877048303662e-05
1.300000000000000000e+01 -1.067559891089302724e-06
1.400000000000000000e+01 -3.265933412992235921e-05
1.500000000000000000e+01 -2.923787598710199322e-05
1.600000000000000000e+01 -3.060084909930110885e-05
1.700000000000000000e+01 -3.034654543942469563e-05
1.800000000000000000e+01 -2.941584559231617778e-05
1.900000000000000000e+01 -3.423090497393902376e-05
1.000000000000000000e+00 -6.523125137676220582e-05
2.000000000000000000e+00 -7.579451851897671074e-05
3.000000000000000000e+00 -7.560800053060114199e-05
4.000000000000000000e+00 -7.562333607225246940e-05
5.000000000000000000e+00 -7.222228236160123708e-05
6.000000000000000000e+00 -7.420881492088921092e-05
7.000000000000000000e+00 -7.289159069344827377e-05
8.000000000000000000e+00 -7.401752873889096064e-05
9.000000000000000000e+00 -7.303717094738765975e-05
1.000000000000000000e+01 -7.166453257784526564e-05
1.100000000000000000e+01 -7.188425609478240252e-05
1.200000000000000000e+01 -7.209487279146720975e-05
1.300000000000000000e+01 -2.855417716098830648e-06
1.400000000000000000e+01 -7.231657231657231109e-05
1.500000000000000000e+01 -5.907022973586440796e-05
1.600000000000000000e+01 -7.340994918394297994e-05
1.700000000000000000e+01 -6.237802445232784913e-05
1.800000000000000000e+01 -6.816648264016684350e-05
1.900000000000000000e+01 -7.579451851897671074e-05
1.000000000000000000e+00 -7.237791448317763430e-05
2.000000000000000000e+00 -7.822406351818115449e-05
3.000000000000000000e+00 -7.799682257886591966e-05
4.000000000000000000e+00 -7.817144156153442815e-05
5.000000000000000000e+00 -7.583103171338464413e-05
6.000000000000000000e+00 -7.533513957662564412e-05
7.000000000000000000e+00 -7.453472739850448207e-05
8.000000000000000000e+00 -7.078473641941133716e-05
9.000000000000000000e+00 -7.441586621153183556e-05
1.000000000000000000e+01 -7.386477471616789529e-05
1.100000000000000000e+01 -7.392817880433978422e-05
1.200000000000000000e+01 -7.562514025362321779e-05
1.300000000000000000e+01 2.481995129053952322e-06
1.400000000000000000e+01 -7.065535084110934538e-05
1.500000000000000000e+01 -7.355252246893113216e-05
1.600000000000000000e+01 -7.078207310405452198e-05
1.700000000000000000e+01 -6.990695922584467376e-05
1.800000000000000000e+01 -6.984067703881945296e-05
1.900000000000000000e+01 -7.822406351818115449e-05
1.000000000000000000e+00 -9.137749075829570538e-06
2.000000000000000000e+00 -1.915288873493207848e-05
3.000000000000000000e+00 -1.900640639030731831e-05
4.000000000000000000e+00 -1.915288873493207848e-05
5.000000000000000000e+00 -1.772659744795967518e-05
6.000000000000000000e+00 -1.770855563425222857e-05
7.000000000000000000e+00 -1.709491918470246616e-05
8.000000000000000000e+00 -1.721296419438833974e-05
9.000000000000000000e+00 -1.443448192674198848e-05
1.000000000000000000e+01 -6.039325311771131965e-06
1.100000000000000000e+01 -9.676941565486455628e-06
1.200000000000000000e+01 -1.506409826843263348e-05
1.300000000000000000e+01 -1.653901653901653697e-05
1.400000000000000000e+01 -1.632848575573033777e-05
1.500000000000000000e+01 -1.086435064763238116e-05
1.600000000000000000e+01 -4.860078002492862947e-06
1.700000000000000000e+01 -1.517741804119512956e-05
1.800000000000000000e+01 1.611864227963298929e-05
1.900000000000000000e+01 -1.915288873493207848e-05
1.000000000000000000e+00 -2.406692035175006943e-06
2.000000000000000000e+00 -1.113364619556569982e-05
3.000000000000000000e+00 -1.086860336086342125e-05
4.000000000000000000e+00 -1.078105760768299322e-05
5.000000000000000000e+00 -9.576809499410118305e-06
6.000000000000000000e+00 -9.809377069438988573e-06
7.000000000000000000e+00 -8.806424054102071164e-06
8.000000000000000000e+00 -6.422842723152320046e-06
9.000000000000000000e+00 -1.159873837892413550e-06
1.000000000000000000e+01 -7.052201324647144332e-06
1.100000000000000000e+01 -8.672485065673919645e-06
1.200000000000000000e+01 -4.303874659911811563e-06
1.300000000000000000e+01 -6.536635019607155225e-06
1.400000000000000000e+01 -9.419115456267158752e-06
1.500000000000000000e+01 -2.843561667091078639e-06
1.600000000000000000e+01 -8.504782111593256252e-06
1.700000000000000000e+01 -4.877260682214241921e-06
1.800000000000000000e+01 3.713348914587304554e-06
1.900000000000000000e+01 -1.113364619556569982e-05
1.000000000000000000e+00 -1.016969786319631491e-05
2.000000000000000000e+00 -2.302281481848045001e-05
3.000000000000000000e+00 -2.298342352521918813e-05
4.000000000000000000e+00 -2.293282053343972688e-05
5.000000000000000000e+00 -2.108181636045413116e-05
6.000000000000000000e+00 -1.707593232361034134e-05
7.000000000000000000e+00 -2.077716744899407402e-05
8.000000000000000000e+00 -2.163952318751080197e-05
9.000000000000000000e+00 -1.609677731968753598e-05
1.000000000000000000e+01 -2.006743686310249599e-05
1.100000000000000000e+01 -1.640507755058838376e-05
1.200000000000000000e+01 -1.502565202255604643e-05
1.300000000000000000e+01 1.606752380746188661e-06
1.400000000000000000e+01 -2.088039239742025822e-05
1.500000000000000000e+01 -1.484050864855818250e-05
1.600000000000000000e+01 -1.331262476773312563e-05
1.700000000000000000e+01 -1.526346030989993732e-05
1.800000000000000000e+01 -1.705552789144120090e-05
1.900000000000000000e+01 -2.302281481848045001e-05
1.000000000000000000e+00 -5.721948330307463296e-05
2.000000000000000000e+00 -6.688856379258855680e-05
3.000000000000000000e+00 -6.681510783677965663e-05
4.000000000000000000e+00 -6.661720632308867581e-05
5.000000000000000000e+00 -6.544680809386691064e-05
6.000000000000000000e+00 -6.374847203020577563e-05
7.000000000000000000e+00 -6.308260023430301965e-05
8.000000000000000000e+00 -6.507725160975934091e-05
9.000000000000000000e+00 -6.112055299361800350e-05
1.000000000000000000e+01 -6.299879171396199028e-05
1.100000000000000000e+01 -6.054433182916154867e-05
1.200000000000000000e+01 -6.069240357166053376e-05
1.300000000000000000e+01 -3.163889773796894487e-06
1.400000000000000000e+01 -6.224653399575999101e-05
1.500000000000000000e+01 -6.100697548065968671e-05
1.600000000000000000e+01 -6.334416357636170672e-05
1.700000000000000000e+01 -5.889273265434256081e-05
1.800000000000000000e+01 -5.967939868868661358e-05
1.900000000000000000e+01 -6.688856379258855680e-05
1.000000000000000000e+00 -3.425882682848626894e-05
2.000000000000000000e+00 -3.930151375971809269e-05
3.000000000000000000e+00 -3.922603883904193420e-05
4.000000000000000000e+00 -3.913235027786110965e-05
5.000000000000000000e+00 -3.784386408225417028e-05
6.000000000000000000e+00 -3.789047210099841554e-05
7.000000000000000000e+00 -3.719801010822682198e-05
8.000000000000000000e+00 -3.764583369846527403e-05
9.000000000000000000e+00 -3.552738111561640867e-05
1.000000000000000000e+01 -3.629067870553938108e-05
1.100000000000000000e+01 -3.683605695989596501e-05
1.200000000000000000e+01 -3.661036246175564769e-05
1.300000000000000000e+01 -5.613366681478135761e-06
1.400000000000000000e+01 -3.663806953280636939e-05
1.500000000000000000e+01 -3.483668034751625608e-05
1.600000000000000000e+01 -2.676112157536305813e-05
1.700000000000000000e+01 -3.525529338222836278e-05
1.800000000000000000e+01 -2.729563178479587143e-05
1.900000000000000000e+01 -3.930151375971809269e-05
1.000000000000000000e+00 5.649235525396515671e-06
2.000000000000000000e+00 -8.657020653924678484e-06
3.000000000000000000e+00 -8.561914521666843394e-06
4.000000000000000000e+00 -8.485022029913669289e-06
5.000000000000000000e+00 -7.449207139609615895e-06
6.000000000000000000e+00 -7.466303905932388528e-06
7.000000000000000000e+00 -6.728007115004018618e-06
8.000000000000000000e+00 -7.251907019708876921e-06
9.000000000000000000e+00 -5.851003142024813127e-06
1.000000000000000000e+01 -1.710750549759837545e-06
1.100000000000000000e+01 -6.465326898763430493e-06
1.200000000000000000e+01 -5.523716050031838841e-06
1.300000000000000000e+01 3.269520297384074420e-06
1.400000000000000000e+01 -6.557383105370721028e-06
1.500000000000000000e+01 -4.920518078412814511e-06
1.600000000000000000e+01 -4.716130103127006742e-06
1.700000000000000000e+01 -5.504428492044590983e-06
1.800000000000000000e+01 -3.092581652953169755e-06
1.900000000000000000e+01 -8.657020653924678484e-06
1.000000000000000000e+00 -2.748846440796904938e-05
2.000000000000000000e+00 -3.648149236384530411e-05
3.000000000000000000e+00 -3.648149236384530411e-05
4.000000000000000000e+00 -3.644210107058403885e-05
5.000000000000000000e+00 -3.161406876577154573e-05
6.000000000000000000e+00 -3.437910558653592429e-05
7.000000000000000000e+00 -2.929840197642055027e-05
8.000000000000000000e+00 -3.080858769713258421e-05
9.000000000000000000e+00 -3.362388385608199189e-05
1.000000000000000000e+01 -2.774560320999949384e-05
1.100000000000000000e+01 -2.944282239947874474e-05
1.200000000000000000e+01 -2.940278675572792938e-05
1.300000000000000000e+01 -8.947880464908328684e-08
1.400000000000000000e+01 -3.000022852964029420e-05
1.500000000000000000e+01 -2.524109877051053304e-05
1.600000000000000000e+01 -2.824175308695432474e-05
1.700000000000000000e+01 -2.772983810135512626e-05
1.800000000000000000e+01 -3.108363944277256323e-05
1.900000000000000000e+01 -3.648149236384530411e-05
1.000000000000000000e+00 -3.141148497185648465e-05
2.000000000000000000e+00 -4.029213820235491475e-05
3.000000000000000000e+00 -4.018298522942485412e-05
4.000000000000000000e+00 -4.020033973594344662e-05
5.000000000000000000e+00 -3.830603521005997430e-05
6.000000000000000000e+00 -3.895807494878701974e-05
7.000000000000000000e+00 -3.809653538755705795e-05
8.000000000000000000e+00 -3.820491513989965983e-05
9.000000000000000000e+00 -3.720398108943000242e-05
1.000000000000000000e+01 -3.651379580172149804e-05
1.100000000000000000e+01 -3.703060785104128670e-05
1.200000000000000000e+01 -3.740742401733113706e-05
1.300000000000000000e+01 -9.520922833616331141e-07
1.400000000000000000e+01 -3.820306800182961081e-05
1.500000000000000000e+01 -3.124326653738418322e-05
1.600000000000000000e+01 -3.570470637034103974e-05
1.700000000000000000e+01 -3.626275685099214269e-05
1.800000000000000000e+01 -3.086773907207343305e-05
1.900000000000000000e+01 -4.029213820235491475e-05
1.000000000000000000e+00 -5.284719580385214286e-04
2.000000000000000000e+00 -5.363109972243098765e-04
3.000000000000000000e+00 -5.361487497710407894e-04
4.000000000000000000e+00 -5.363109972243098765e-04
5.000000000000000000e+00 2.434485019624338286e-05
6.000000000000000000e+00 2.462793484465310804e-05
7.000000000000000000e+00 2.544827893125106634e-05
8.000000000000000000e+00 2.479572371213237947e-05
9.000000000000000000e+00 2.600968003444783518e-05
1.000000000000000000e+01 2.684866732854348617e-05
1.100000000000000000e+01 -4.513804049407763841e-06
1.200000000000000000e+01 -5.337265074107179269e-04
1.300000000000000000e+01 -5.282709206857813663e-04
1.400000000000000000e+01 2.692775061196113804e-05
1.500000000000000000e+01 2.889559700705211518e-05
1.600000000000000000e+01 -5.318995589893421843e-04
1.700000000000000000e+01 2.690687365609966019e-05
1.800000000000000000e+01 3.378295251360266305e-05
1.900000000000000000e+01 -5.363109972243098765e-04
1.000000000000000000e+00 -9.764173734761969761e-05
2.000000000000000000e+00 -1.018731010991072813e-04
3.000000000000000000e+00 -1.001248493508555357e-04
4.000000000000000000e+00 -1.018325070182655306e-04
5.000000000000000000e+00 -1.012049096414421423e-04
6.000000000000000000e+00 -1.006890426395070352e-04
7.000000000000000000e+00 -9.771227224787595173e-05
8.000000000000000000e+00 -9.905320857333240814e-05
9.000000000000000000e+00 -9.732871187979546894e-05
1.000000000000000000e+01 -9.706714853773676832e-05
1.100000000000000000e+01 -9.718824347307318306e-05
1.200000000000000000e+01 -9.706427043888343645e-05
1.300000000000000000e+01 3.794365249473608288e-07
1.400000000000000000e+01 -9.425722196620029162e-05
1.500000000000000000e+01 -9.611505625437513796e-05
1.600000000000000000e+01 -9.692882796597966297e-05
1.700000000000000000e+01 -8.849586945562176949e-05
1.800000000000000000e+01 -9.595203558051854467e-05
1.900000000000000000e+01 -1.018731010991072813e-04
1.000000000000000000e+00 -2.462535744269490090e-06
2.000000000000000000e+00 -8.002403513239425895e-06
3.000000000000000000e+00 -7.884057806658424200e-06
4.000000000000000000e+00 -7.907082597485074108e-06
5.000000000000000000e+00 -6.929559948135799376e-06
6.000000000000000000e+00 -7.136911935673545358e-06
7.000000000000000000e+00 -5.369501499532458930e-06
8.000000000000000000e+00 -6.512794051493741698e-06
9.000000000000000000e+00 -5.267178641791644688e-06
1.000000000000000000e+01 -1.174307288858372277e-06
1.100000000000000000e+01 -4.385793085483487902e-06
1.200000000000000000e+01 -5.671959619328040001e-06
1.300000000000000000e+01 -3.634995895057814197e-06
1.400000000000000000e+01 -5.239772267636044332e-06
1.500000000000000000e+01 -3.664979671171621273e-06
1.600000000000000000e+01 -5.591544678231983930e-06
1.700000000000000000e+01 -1.350515669401118181e-06
1.800000000000000000e+01 -1.589397874227595525e-06
1.900000000000000000e+01 -8.002403513239425895e-06
1.000000000000000000e+00 -2.849846232199173242e-05
2.000000000000000000e+00 -6.517502105737399626e-05
3.000000000000000000e+00 -6.512360188830776885e-05
4.000000000000000000e+00 -6.500684557960098868e-05
5.000000000000000000e+00 -6.168998699958451850e-05
6.000000000000000000e+00 -3.259288011609992911e-05
7.000000000000000000e+00 -3.221090914589366447e-05
8.000000000000000000e+00 -3.161973905007960144e-05
9.000000000000000000e+00 -3.043327501531835751e-05
1.000000000000000000e+01 -2.999769408438138769e-05
1.100000000000000000e+01 -5.904591624405865278e-05
1.200000000000000000e+01 -3.057382933543923787e-05
1.300000000000000000e+01 3.714036221776159404e-07
1.400000000000000000e+01 -3.128940203243608768e-05
1.500000000000000000e+01 -2.875615956111311894e-05
1.600000000000000000e+01 -3.267905125490264216e-05
1.700000000000000000e+01 -3.080635394876880920e-05
1.800000000000000000e+01 -2.974510869247711144e-05
1.900000000000000000e+01 -6.517502105737399626e-05
1.000000000000000000e+00 -9.893103972051339636e-05
2.000000000000000000e+00 -1.052050374805792751e-04
3.000000000000000000e+00 -1.052050374805792751e-04
4.000000000000000000e+00 -1.051360919781972391e-04
5.000000000000000000e+00 -1.025228211760719437e-04
6.000000000000000000e+00 -1.032505076622723569e-04
7.000000000000000000e+00 -9.809707836023624761e-05
8.000000000000000000e+00 -1.026055557789303896e-04
9.000000000000000000e+00 -1.015660466124862331e-04
1.000000000000000000e+01 -9.695894061219138252e-05
1.100000000000000000e+01 -9.111588445953769735e-05
1.200000000000000000e+01 -1.003980110017261651e-04
1.300000000000000000e+01 -1.032133501173748768e-05
1.400000000000000000e+01 -1.015748097791441441e-04
1.500000000000000000e+01 -9.649131398357403949e-05
1.600000000000000000e+01 -1.010759965868324981e-04
1.700000000000000000e+01 -9.989000507576358814e-05
1.800000000000000000e+01 -8.416433068135853262e-05
1.900000000000000000e+01 -1.052050374805792751e-04
1.000000000000000000e+00 -2.621518488391553215e-06
2.000000000000000000e+00 -8.559294163009332235e-06
3.000000000000000000e+00 -8.464789424541744914e-06
4.000000000000000000e+00 -8.334673582351600092e-06
5.000000000000000000e+00 -6.578045277735679645e-06
6.000000000000000000e+00 -7.562483955672809645e-06
7.000000000000000000e+00 -5.010770103649360046e-06
8.000000000000000000e+00 -5.918316289833317635e-06
9.000000000000000000e+00 -6.313088356432009109e-06
1.000000000000000000e+01 -4.879709214074538707e-06
1.100000000000000000e+01 -5.654819896305964197e-06
1.200000000000000000e+01 -5.164426217057795359e-06
1.300000000000000000e+01 -1.244369665422296820e-06
1.400000000000000000e+01 -5.970723462983524733e-06
1.500000000000000000e+01 -3.613775285601910983e-06
1.600000000000000000e+01 -1.510056850614126116e-06
1.700000000000000000e+01 -4.007645261515229957e-06
1.800000000000000000e+01 -2.476496671543110983e-06
1.900000000000000000e+01 -8.559294163009332235e-06
1.000000000000000000e+00 -4.978217516917206716e-05
2.000000000000000000e+00 -5.811070594352328090e-05
3.000000000000000000e+00 -5.808334252606697778e-05
4.000000000000000000e+00 -5.808334252606697778e-05
5.000000000000000000e+00 -5.538411536863548600e-05
6.000000000000000000e+00 -5.622121256796179073e-05
7.000000000000000000e+00 -5.620407284493971492e-05
8.000000000000000000e+00 -5.617473341931546090e-05
9.000000000000000000e+00 -5.226945397224034412e-05
1.000000000000000000e+01 -4.990511724257853769e-05
1.100000000000000000e+01 -5.492125693364083126e-05
1.200000000000000000e+01 -5.472202376227143608e-05
1.300000000000000000e+01 -1.132244088900435607e-05
1.400000000000000000e+01 -5.635824443873978912e-05
1.500000000000000000e+01 -4.687473689021676599e-05
1.600000000000000000e+01 -5.164228616240999591e-05
1.700000000000000000e+01 -4.803894935473882724e-05
1.800000000000000000e+01 -4.477256489640390287e-05
1.900000000000000000e+01 -5.811070594352328090e-05
1.000000000000000000e+00 -6.107282810069187412e-06
2.000000000000000000e+00 -1.417631216392826286e-05
3.000000000000000000e+00 -1.410955745321070295e-05
4.000000000000000000e+00 -1.411406790663756545e-05
5.000000000000000000e+00 -1.313779100156809027e-05
6.000000000000000000e+00 -1.300423862343366982e-05
7.000000000000000000e+00 -1.242436613953641759e-05
8.000000000000000000e+00 -1.267789657882537036e-05
9.000000000000000000e+00 -1.144448087172545241e-05
1.000000000000000000e+01 -1.154504250479482652e-05
1.100000000000000000e+01 -7.019511276477220180e-06
1.200000000000000000e+01 -3.805448077893898260e-06
1.300000000000000000e+01 -1.221761554578891938e-05
1.400000000000000000e+01 -1.270418607879908152e-05
1.500000000000000000e+01 -6.369361632519526921e-06
1.600000000000000000e+01 -5.710191081708109510e-06
1.700000000000000000e+01 -6.480318786820334243e-06
1.800000000000000000e+01 1.070871852605598732e-05
1.900000000000000000e+01 -1.417631216392826286e-05
1.000000000000000000e+00 -2.025203468701920534e-04
2.000000000000000000e+00 -2.128916405232194437e-04
3.000000000000000000e+00 -2.128026342422627130e-04
4.000000000000000000e+00 -2.128916405232194437e-04
5.000000000000000000e+00 -2.106941476136522441e-04
6.000000000000000000e+00 -2.121018816065255424e-04
7.000000000000000000e+00 -2.108869372801261248e-04
8.000000000000000000e+00 -2.110911534286147046e-04
9.000000000000000000e+00 -2.087044792153151210e-04
1.000000000000000000e+01 -2.095880555632877488e-04
1.100000000000000000e+01 -2.102807752962551461e-04
1.200000000000000000e+01 -2.097061005729736291e-04
1.300000000000000000e+01 -2.804157486820025474e-05
1.400000000000000000e+01 -2.058408567696493345e-04
1.500000000000000000e+01 -2.042345769125954646e-04
1.600000000000000000e+01 -2.055189392650692793e-04
1.700000000000000000e+01 -2.087130705551758160e-04
1.800000000000000000e+01 -1.795067247853625444e-04
1.900000000000000000e+01 -2.128916405232194437e-04
1.000000000000000000e+00 -1.380520923864576952e-04
2.000000000000000000e+00 -1.463993952384045239e-04
3.000000000000000000e+00 -1.457417281720687166e-04
4.000000000000000000e+00 -1.461447479249336717e-04
5.000000000000000000e+00 -1.405913058389838546e-04
6.000000000000000000e+00 -1.382624513429466851e-04
7.000000000000000000e+00 -1.420735267484493224e-04
8.000000000000000000e+00 -1.430661271992541292e-04
9.000000000000000000e+00 -1.418678500721844127e-04
1.000000000000000000e+01 -1.425587226670817882e-04
1.100000000000000000e+01 -1.397550677736436099e-04
1.200000000000000000e+01 -1.401252686082407432e-04
1.300000000000000000e+01 5.867885124851068640e-07
1.400000000000000000e+01 -1.353676852902858962e-04
1.500000000000000000e+01 -1.392686690674306723e-04
1.600000000000000000e+01 -1.414861797988732931e-04
1.700000000000000000e+01 -1.431431915178044991e-04
1.800000000000000000e+01 -1.374009117817167301e-04
1.900000000000000000e+01 -1.463993952384045239e-04
1.000000000000000000e+00 -4.949513850442642323e-06
2.000000000000000000e+00 -1.181528310011282000e-05
3.000000000000000000e+00 -1.179243013608338616e-05
4.000000000000000000e+00 -1.172528881507209518e-05
5.000000000000000000e+00 -1.110623982141009947e-05
6.000000000000000000e+00 -1.098896803231168465e-05
7.000000000000000000e+00 -1.014667307236966670e-05
8.000000000000000000e+00 -4.949728633939159867e-06
9.000000000000000000e+00 -8.061812628376095448e-06
1.000000000000000000e+01 -9.199048285735591431e-06
1.100000000000000000e+01 -9.617360623552573395e-06
1.200000000000000000e+01 -9.582866394011903396e-06
1.300000000000000000e+01 -1.823984409123727913e-06
1.400000000000000000e+01 -8.933489970641673127e-06
1.500000000000000000e+01 -6.189673759333202010e-06
1.600000000000000000e+01 -7.599254890276562055e-06
1.700000000000000000e+01 -8.276553168194034110e-06
1.800000000000000000e+01 -6.994940044475647680e-06
1.900000000000000000e+01 -1.181528310011282000e-05
1.000000000000000000e+00 -3.112053924747422938e-05
2.000000000000000000e+00 -3.928613526136745786e-05
3.000000000000000000e+00 -3.920284222141806992e-05
4.000000000000000000e+00 -3.913570090040678233e-05
5.000000000000000000e+00 -3.823696083758002965e-05
6.000000000000000000e+00 -3.846106593784612206e-05
7.000000000000000000e+00 -3.652947499696725082e-05
8.000000000000000000e+00 -3.740510435556874724e-05
9.000000000000000000e+00 -3.671934360788849902e-05
1.000000000000000000e+01 -3.577996650752068153e-05
1.100000000000000000e+01 -3.555160869402354903e-05
1.200000000000000000e+01 -3.555053477654096554e-05
1.300000000000000000e+01 -1.232470659715241641e-06
1.400000000000000000e+01 -3.656727689235429117e-05
1.500000000000000000e+01 -3.261483098944398707e-05
1.600000000000000000e+01 -3.675486879821245019e-05
1.700000000000000000e+01 -3.618113912231558769e-05
1.800000000000000000e+01 -2.953822922863170286e-05
1.900000000000000000e+01 -3.928613526136745786e-05
1.000000000000000000e+00 -1.437698438472432194e-04
2.000000000000000000e+00 -1.860744604552653819e-04
3.000000000000000000e+00 -1.860744604552653819e-04
4.000000000000000000e+00 -1.857888413615967570e-04
5.000000000000000000e+00 -1.488917858886899077e-04
6.000000000000000000e+00 -1.842750472781432263e-04
7.000000000000000000e+00 -1.473670378469139983e-04
8.000000000000000000e+00 -1.840917510422154216e-04
9.000000000000000000e+00 -1.488817769777521971e-04
1.000000000000000000e+01 -1.471947814827071735e-04
1.100000000000000000e+01 -1.818861393164798474e-04
1.200000000000000000e+01 -1.444784575589529065e-04
1.300000000000000000e+01 3.441660678502783314e-05
1.400000000000000000e+01 -1.494348874379833889e-04
1.500000000000000000e+01 -1.457973570976666767e-04
1.600000000000000000e+01 -1.410738813989587787e-04
1.700000000000000000e+01 -1.466471694799868146e-04
1.800000000000000000e+01 -1.463084129492798016e-04
1.900000000000000000e+01 -1.860744604552653819e-04
1.000000000000000000e+00 -2.947959333408249545e-05
2.000000000000000000e+00 -4.243095226067361992e-05
3.000000000000000000e+00 -4.240238605563682466e-05
4.000000000000000000e+00 -4.238584772640499831e-05
5.000000000000000000e+00 -3.476867989251890170e-05
6.000000000000000000e+00 -3.941964468280257430e-05
7.000000000000000000e+00 -3.239635321678664974e-05
8.000000000000000000e+00 -3.385121070879584153e-05
9.000000000000000000e+00 -3.054410329952125108e-05
1.000000000000000000e+01 -3.080085549125796278e-05
1.100000000000000000e+01 -3.206760559701736090e-05
1.200000000000000000e+01 -3.099338741753601939e-05
1.300000000000000000e+01 1.625954025334830179e-06
1.400000000000000000e+01 -3.392458075120613367e-05
1.500000000000000000e+01 -3.225833334192466912e-05
1.600000000000000000e+01 -3.801375782799931144e-05
1.700000000000000000e+01 -3.234197003546848242e-05
1.800000000000000000e+01 -2.903954490641796885e-05
1.900000000000000000e+01 -4.243095226067361992e-05
1.000000000000000000e+00 -9.796275276151436163e-06
2.000000000000000000e+00 -1.670336887055153108e-05
3.000000000000000000e+00 -1.670336887055153108e-05
4.000000000000000000e+00 -1.325136851452640875e-05
5.000000000000000000e+00 -1.397140870825081197e-05
6.000000000000000000e+00 -1.523154348231747447e-05
7.000000000000000000e+00 -1.487762323675636366e-05
8.000000000000000000e+00 -1.457052579343600973e-05
9.000000000000000000e+00 -1.349952936640243054e-05
1.000000000000000000e+01 -1.145844179899907331e-05
1.100000000000000000e+01 -1.229837414047940250e-05
1.200000000000000000e+01 -9.262838984201213126e-06
1.300000000000000000e+01 -4.995778215592456296e-06
1.400000000000000000e+01 -1.368987050101601107e-05
1.500000000000000000e+01 -1.004516639191561777e-05
1.600000000000000000e+01 -1.125096094136341697e-05
1.700000000000000000e+01 -4.170408195175996608e-06
1.800000000000000000e+01 -1.154014544107423295e-05
1.900000000000000000e+01 -1.670336887055153108e-05
1.000000000000000000e+00 -2.465284973024910760e-06
2.000000000000000000e+00 -1.751598075127486795e-05
3.000000000000000000e+00 -1.716364990358798206e-05
4.000000000000000000e+00 -1.661371823910523331e-05
5.000000000000000000e+00 -1.526797076332679813e-05
6.000000000000000000e+00 -1.486568127435000447e-05
7.000000000000000000e+00 -1.354055301423722473e-05
8.000000000000000000e+00 -1.315566098847832589e-05
9.000000000000000000e+00 -1.255357989104118991e-05
1.000000000000000000e+01 -1.204557396507860786e-05
1.100000000000000000e+01 -7.354487617645511877e-06
1.200000000000000000e+01 -1.294603229587749581e-05
1.300000000000000000e+01 1.365679384255235458e-06
1.400000000000000000e+01 -1.394314320010914313e-05
1.500000000000000000e+01 -9.503869023992862948e-06
1.600000000000000000e+01 -1.305565779249989723e-05
1.700000000000000000e+01 -1.053362701969512956e-05
1.800000000000000000e+01 -3.991966066269471251e-06
1.900000000000000000e+01 -1.751598075127486795e-05
1.000000000000000000e+00 -4.158199901233956911e-05
2.000000000000000000e+00 -4.835326352354215609e-05
3.000000000000000000e+00 -4.835326352354215609e-05
4.000000000000000000e+00 -4.835326352354215609e-05
5.000000000000000000e+00 -4.757282621059710786e-05
6.000000000000000000e+00 -4.764409137474152688e-05
7.000000000000000000e+00 -4.618120097996258894e-05
8.000000000000000000e+00 -4.749855407750144153e-05
9.000000000000000000e+00 -4.178097444351314019e-05
1.000000000000000000e+01 -4.444648059199142242e-05
1.100000000000000000e+01 -4.072733252299815519e-05
1.200000000000000000e+01 -4.461641729443586421e-05
1.300000000000000000e+01 -9.065925474594204377e-06
1.400000000000000000e+01 -4.690652484770131171e-05
1.500000000000000000e+01 -4.220405497495280367e-05
1.600000000000000000e+01 -4.498605969194204197e-05
1.700000000000000000e+01 -3.076008958361898930e-05
1.800000000000000000e+01 -4.267773849817192841e-05
1.900000000000000000e+01 -4.835326352354215609e-05
1.000000000000000000e+00 -3.471502697508889251e-05
2.000000000000000000e+00 -3.989401551321055653e-05
3.000000000000000000e+00 -3.978078165384666510e-05
4.000000000000000000e+00 -3.988198763740558760e-05
5.000000000000000000e+00 -3.875175392203255323e-05
6.000000000000000000e+00 -3.787659708712339760e-05
7.000000000000000000e+00 -3.760927754735804001e-05
8.000000000000000000e+00 -3.756202517812424465e-05
9.000000000000000000e+00 -3.609900591324739804e-05
1.000000000000000000e+01 -3.674988582109324519e-05
1.100000000000000000e+01 -3.746275224603397920e-05
1.200000000000000000e+01 -2.997703191201642992e-05
1.300000000000000000e+01 3.842004229001132278e-06
1.400000000000000000e+01 -3.672634554987495555e-05
1.500000000000000000e+01 -3.481567452155687295e-05
1.600000000000000000e+01 -3.675229139625424304e-05
1.700000000000000000e+01 -3.579186551322774179e-05
1.800000000000000000e+01 -3.157961749293018483e-05
1.900000000000000000e+01 -3.989401551321055653e-05
