1.000000000000000000e+00 -6.049798402490946499e-04
2.000000000000000000e+00 8.401383928741418955e-04
3.000000000000000000e+00 -6.091925421175414411e-04
4.000000000000000000e+00 -6.089904022095191712e-04
5.000000000000000000e+00 -6.082525507363735961e-04
6.000000000000000000e+00 -6.024621262397166031e-04
7.000000000000000000e+00 -6.076366044096430429e-04
8.000000000000000000e+00 -5.099261122226101750e-04
9.000000000000000000e+00 -5.078519551524872952e-04
1.000000000000000000e+01 4.981473185464544047e-04
1.100000000000000000e+01 2.269211233910320565e-04
1.200000000000000000e+01 9.558283228337596544e-04
1.300000000000000000e+01 5.188631380696974351e-04
1.400000000000000000e+01 -4.852535998218156948e-04
1.500000000000000000e+01 1.959316586782018437e-04
1.600000000000000000e+01 9.188035430766569329e-05
1.700000000000000000e+01 4.378559196473446745e-04
1.800000000000000000e+01 -4.472992860453638424e-04
1.900000000000000000e+01 7.286360221280599719e-04
1.000000000000000000e+00 -5.219295628662060874e-04
2.000000000000000000e+00 5.201370320532306725e-04
3.000000000000000000e+00 -6.240180295318200785e-04
4.000000000000000000e+00 -6.239955846564339617e-04
5.000000000000000000e+00 -6.227775760854842519e-04
6.000000000000000000e+00 -5.206132530265533340e-04
7.000000000000000000e+00 -6.217404932906984028e-04
8.000000000000000000e+00 -5.049290058428314168e-04
9.000000000000000000e+00 -5.988857358240814175e-04
1.000000000000000000e+01 3.213499259721479869e-04
1.100000000000000000e+01 3.882249448882585667e-04
1.200000000000000000e+01 3.878437334389003453e-04
1.300000000000000000e+01 7.141311066569110697e-04
1.400000000000000000e+01 -4.725122873036239983e-04
1.500000000000000000e+01 3.671587651449107793e-05
1.600000000000000000e+01 5.744254847971832362e-04
1.700000000000000000e+01 7.683338817099212787e-04
1.800000000000000000e+01 -4.741446895752351488e-04
1.900000000000000000e+01 6.977171808339822706e-04
1.000000000000000000e+00 -6.445443393451938049e-04
2.000000000000000000e+00 4.090761744766148759e-04
3.000000000000000000e+00 -6.475525110656581325e-04
4.000000000000000000e+00 -6.473017697434882162e-04
5.000000000000000000e+00 -6.467557179894533161e-04
6.000000000000000000e+00 -6.414186391667302213e-04
7.000000000000000000e+00 -5.459389551278724531e-04
8.000000000000000000e+00 -6.106261334179918961e-04
9.000000000000000000e+00 -6.350556585493419412e-04
1.000000000000000000e+01 2.734509546426107905e-04
1.100000000000000000e+01 8.784085770790165271e-04
1.200000000000000000e+01 1.671243144423380201e-04
1.300000000000000000e+01 -1.149107130220255058e-04
1.400000000000000000e+01 -5.308264577453753255e-04
1.500000000000000000e+01 5.244551713550864303e-04
1.600000000000000000e+01 1.166244170732219686e-03
1.700000000000000000e+01 6.530637083755569481e-04
1.800000000000000000e+01 -3.172759788327183302e-04
1.900000000000000000e+01 6.381512620182487822e-04
1.000000000000000000e+00 -5.792294158698044204e-04
2.000000000000000000e+00 3.510357172048502263e-04
3.000000000000000000e+00 -6.760728451845774908e-04
4.000000000000000000e+00 -6.760728451845774908e-04
5.000000000000000000e+00 -6.755485328955593760e-04
6.000000000000000000e+00 -5.511710524066125091e-04
7.000000000000000000e+00 -6.680959274037381749e-04
8.000000000000000000e+00 -5.912203461689132444e-04
9.000000000000000000e+00 -5.955066793242939612e-04
1.000000000000000000e+01 6.546241502318233185e-04
1.100000000000000000e+01 1.088938159457165667e-04
1.200000000000000000e+01 -5.231786947139209498e-05
1.300000000000000000e+01 1.695754689390716985e-04
1.400000000000000000e+01 -4.285535511097863072e-04
1.500000000000000000e+01 -1.270733022953580516e-04
1.600000000000000000e+01 1.067670869887829468e-03
1.700000000000000000e+01 1.290093438920645078e-04
1.800000000000000000e+01 -4.376126963381689132e-04
1.900000000000000000e+01 2.190852868000303655e-03
1.000000000000000000e+00 -6.623947379447238425e-04
2.000000000000000000e+00 3.706452088889389284e-04
3.000000000000000000e+00 -6.758737359606616741e-04
4.000000000000000000e+00 -6.757959270593233815e-04
5.000000000000000000e+00 -6.743137491065571195e-04
6.000000000000000000e+00 -6.680247222292949507e-04
7.000000000000000000e+00 -6.714954558996084639e-04
8.000000000000000000e+00 -5.750233583879039078e-04
9.000000000000000000e+00 -6.650549319433282733e-04
1.000000000000000000e+01 4.788074457521181984e-04
1.100000000000000000e+01 6.906661376658246396e-04
1.200000000000000000e+01 7.701132541679323647e-04
1.300000000000000000e+01 7.381982325040602980e-04
1.400000000000000000e+01 2.263320587872853296e-04
1.500000000000000000e+01 5.142531953468064366e-04
1.600000000000000000e+01 3.912551104760599615e-05
1.700000000000000000e+01 3.905699815244920072e-04
1.800000000000000000e+01 -5.286693612202105928e-04
1.900000000000000000e+01 3.152830771391061616e-04
1.000000000000000000e+00 -7.236843702907622914e-04
2.000000000000000000e+00 6.125425733253830364e-04
3.000000000000000000e+00 -7.332584181176111503e-04
4.000000000000000000e+00 -7.331933279789916609e-04
5.000000000000000000e+00 -7.300562825625344374e-04
6.000000000000000000e+00 -6.924108345879548092e-04
7.000000000000000000e+00 -7.022473064079700960e-04
8.000000000000000000e+00 -6.137597916372949589e-04
9.000000000000000000e+00 -6.244889254720680958e-04
1.000000000000000000e+01 3.454506653544898412e-04
1.100000000000000000e+01 1.203719313558764686e-03
1.200000000000000000e+01 3.810992454332260207e-04
1.300000000000000000e+01 6.913291839519954216e-04
1.400000000000000000e+01 -4.480467913081368132e-04
1.500000000000000000e+01 -2.995285499934339027e-04
1.600000000000000000e+01 2.644646747333043928e-04
1.700000000000000000e+01 1.216952053133183711e-03
1.800000000000000000e+01 -4.937734368722357381e-04
1.900000000000000000e+01 5.114905192645636091e-04
1.000000000000000000e+00 -6.552751016010382144e-04
2.000000000000000000e+00 4.192023385863487663e-04
3.000000000000000000e+00 -6.712762676722323083e-04
4.000000000000000000e+00 -6.712613044219749693e-04
5.000000000000000000e+00 -6.705281051593639519e-04
6.000000000000000000e+00 -6.634281880104271915e-04
7.000000000000000000e+00 -6.677928314331938375e-04
8.000000000000000000e+00 -6.504739506951954641e-04
9.000000000000000000e+00 -5.744639092789916111e-04
1.000000000000000000e+01 8.551984934671730959e-04
1.100000000000000000e+01 5.163315200276974177e-04
1.200000000000000000e+01 1.160701473671860943e-03
1.300000000000000000e+01 5.668643442811565746e-04
1.400000000000000000e+01 -3.448137183284775043e-04
1.500000000000000000e+01 -2.080979510347650424e-04
1.600000000000000000e+01 4.089091138114315225e-04
1.700000000000000000e+01 4.474819754817210143e-04
1.800000000000000000e+01 -4.902286744502531296e-04
1.900000000000000000e+01 5.371428444219410094e-04
1.000000000000000000e+00 -6.551796699985078286e-04
2.000000000000000000e+00 1.513740671399631222e-04
3.000000000000000000e+00 -6.641777923632268509e-04
4.000000000000000000e+00 -6.637836603514478233e-04
5.000000000000000000e+00 -6.628715006157585811e-04
6.000000000000000000e+00 -6.485681597012585937e-04
7.000000000000000000e+00 -6.437234133829374894e-04
8.000000000000000000e+00 -5.195733486691473269e-04
9.000000000000000000e+00 -6.419970057129024271e-04
1.000000000000000000e+01 1.046569053701883233e-03
1.100000000000000000e+01 1.899453542569753424e-05
1.200000000000000000e+01 9.227166039957369632e-04
1.300000000000000000e+01 -2.289852014360627261e-04
1.400000000000000000e+01 -4.550682449952143699e-04
1.500000000000000000e+01 3.213199580407050408e-05
1.600000000000000000e+01 8.222334765434510893e-04
1.700000000000000000e+01 6.903009172560915308e-04
1.800000000000000000e+01 -3.992661155184544573e-04
1.900000000000000000e+01 1.016647265270380178e-03
1.000000000000000000e+00 -6.617791182128418938e-04
2.000000000000000000e+00 2.540413663725627023e-04
3.000000000000000000e+00 -6.665473077444104399e-04
4.000000000000000000e+00 -6.662366376333201225e-04
5.000000000000000000e+00 -6.661582632377188685e-04
6.000000000000000000e+00 -6.036895810239017611e-04
7.000000000000000000e+00 -6.533965577434792124e-04
8.000000000000000000e+00 -6.066029904986432056e-04
9.000000000000000000e+00 -6.563372586250475942e-04
1.000000000000000000e+01 1.437347073326209531e-03
1.100000000000000000e+01 9.553141776252586535e-04
1.200000000000000000e+01 4.386431206124573670e-04
1.300000000000000000e+01 1.851333082837092474e-04
1.400000000000000000e+01 -4.229047140843097919e-04
1.500000000000000000e+01 -5.749138701155810432e-05
1.600000000000000000e+01 4.684333390740549451e-04
1.700000000000000000e+01 1.163899258308658457e-03
1.800000000000000000e+01 -6.341753147829707997e-04
1.900000000000000000e+01 1.283192238317313911e-04
1.000000000000000000e+00 -6.636504880805949328e-04
2.000000000000000000e+00 -5.300435843468778995e-05
3.000000000000000000e+00 -6.700697285947234240e-04
4.000000000000000000e+00 -6.699440372925615167e-04
5.000000000000000000e+00 -6.698153533403482284e-04
6.000000000000000000e+00 -6.547256406228343928e-04
7.000000000000000000e+00 -6.561628112564336229e-04
8.000000000000000000e+00 -3.836792903807249421e-04
9.000000000000000000e+00 -6.014693496488476192e-04
1.000000000000000000e+01 8.023178191272046329e-04
1.100000000000000000e+01 9.392707179265358990e-04
1.200000000000000000e+01 6.226074313352111030e-04
1.300000000000000000e+01 6.426939510386064361e-04
1.400000000000000000e+01 -2.317343473365481282e-04
1.500000000000000000e+01 2.300749393883743050e-04
1.600000000000000000e+01 6.731741717695592046e-04
1.700000000000000000e+01 4.406552196962960151e-04
1.800000000000000000e+01 -6.255830572856978635e-04
1.900000000000000000e+01 2.805189707949900775e-04
1.000000000000000000e+00 -7.919987531118032010e-04
2.000000000000000000e+00 9.544846147549335548e-05
3.000000000000000000e+00 -7.965391246864885356e-04
4.000000000000000000e+00 -7.963775215837089715e-04
5.000000000000000000e+00 -7.965391246864885356e-04
6.000000000000000000e+00 -7.786881941692414856e-04
7.000000000000000000e+00 -7.858580891280019182e-04
8.000000000000000000e+00 -7.119297969486593344e-04
9.000000000000000000e+00 -7.724112581538968882e-04
1.000000000000000000e+01 6.167905290424063273e-04
1.100000000000000000e+01 3.057602155925733889e-04
1.200000000000000000e+01 1.350702936500877184e-04
1.300000000000000000e+01 8.154712521404765876e-04
1.400000000000000000e+01 -4.908287942963249044e-04
1.500000000000000000e+01 1.119522347385386698e-03
1.600000000000000000e+01 6.166777650935922591e-04
1.700000000000000000e+01 7.393164233558439328e-04
1.800000000000000000e+01 -5.618607848553716297e-04
1.900000000000000000e+01 1.436557387289667332e-03
1.000000000000000000e+00 -6.305643350009970107e-04
2.000000000000000000e+00 8.852485463822764916e-04
3.000000000000000000e+00 -6.353558895366404101e-04
4.000000000000000000e+00 -6.351228709212688138e-04
5.000000000000000000e+00 -6.349159699790737346e-04
6.000000000000000000e+00 -6.283851363298927637e-04
7.000000000000000000e+00 -5.225909991982206600e-04
8.000000000000000000e+00 -4.767425698238808942e-04
9.000000000000000000e+00 -5.208088302720888111e-04
1.000000000000000000e+01 8.335170415952589031e-04
1.100000000000000000e+01 1.224249753210891560e-04
1.200000000000000000e+01 6.874444840905660813e-04
1.300000000000000000e+01 2.886369236497425116e-04
1.400000000000000000e+01 -6.352197805662468020e-05
1.500000000000000000e+01 6.282589147550779202e-04
1.600000000000000000e+01 -4.495518660291538321e-05
1.700000000000000000e+01 2.710693698700760302e-05
1.800000000000000000e+01 -2.605162290150440951e-04
1.900000000000000000e+01 9.188781346633369122e-05
1.000000000000000000e+00 -6.670647566961671873e-04
2.000000000000000000e+00 3.422967506883090039e-04
3.000000000000000000e+00 -6.697895606814753761e-04
4.000000000000000000e+00 -6.694632802081360154e-04
5.000000000000000000e+00 -6.695333150208179589e-04
6.000000000000000000e+00 -5.294988192877927644e-04
7.000000000000000000e+00 -6.555867827802288684e-04
8.000000000000000000e+00 -5.354005922312125333e-04
9.000000000000000000e+00 -5.376920457621761542e-04
1.000000000000000000e+01 5.013981198333512627e-04
1.100000000000000000e+01 8.835607093281640538e-04
1.200000000000000000e+01 2.289019044334493467e-05
1.300000000000000000e+01 2.872985338547891644e-04
1.400000000000000000e+01 -2.712573221865984810e-04
1.500000000000000000e+01 9.697890743287679478e-04
1.600000000000000000e+01 5.544293657420596311e-04
1.700000000000000000e+01 6.797268898322974357e-04
1.800000000000000000e+01 -5.495089655715623602e-04
1.900000000000000000e+01 1.658975513179060965e-04
1.000000000000000000e+00 -7.206301878577496371e-04
2.000000000000000000e+00 4.956599846474087122e-04
3.000000000000000000e+00 -7.366970047036281366e-04
4.000000000000000000e+00 -7.358012501314029064e-04
5.000000000000000000e+00 -7.357513272873624508e-04
6.000000000000000000e+00 -7.227838186703440353e-04
7.000000000000000000e+00 -7.163045677154738795e-04
8.000000000000000000e+00 -7.087837204250035548e-04
9.000000000000000000e+00 -7.095643004175624475e-04
1.000000000000000000e+01 2.958040921647740653e-04
1.100000000000000000e+01 6.058935548118021125e-04
1.200000000000000000e+01 7.831771311914612586e-04
1.300000000000000000e+01 1.477664322840783193e-04
1.400000000000000000e+01 -2.697020322058948797e-04
1.500000000000000000e+01 6.349503669137170851e-04
1.600000000000000000e+01 7.037691688508619257e-04
1.700000000000000000e+01 1.405382540823875426e-03
1.800000000000000000e+01 -4.430231744489155081e-04
1.900000000000000000e+01 2.365188355883262539e-07
1.000000000000000000e+00 -5.402583477981692285e-04
2.000000000000000000e+00 -1.272948158644989977e-04
3.000000000000000000e+00 -6.491146004322271646e-04
4.000000000000000000e+00 -6.486746808746604890e-04
5.000000000000000000e+00 -6.487031110501494764e-04
6.000000000000000000e+00 -5.228791201187670034e-04
7.000000000000000000e+00 -4.550910637966457247e-04
8.000000000000000000e+00 -4.985291878889308104e-04
9.000000000000000000e+00 -6.243033069365848614e-04
1.000000000000000000e+01 2.424613849908090570e-04
1.100000000000000000e+01 2.698937314439955946e-04
1.200000000000000000e+01 7.085495969490585933e-04
1.300000000000000000e+01 6.241818247145336637e-04
1.400000000000000000e+01 -2.145999048455041029e-04
1.500000000000000000e+01 -1.180007770505640119e-04
1.600000000000000000e+01 2.625275198030129452e-04
1.700000000000000000e+01 1.318269010432224914e-03
1.800000000000000000e+01 -2.412828363449106694e-05
1.900000000000000000e+01 3.826513956849718410e-04
1.000000000000000000e+00 -6.796827620431109343e-04
2.000000000000000000e+00 8.651253738931751099e-04
3.000000000000000000e+00 -6.890151435285448052e-04
4.000000000000000000e+00 -6.882717420498491497e-04
5.000000000000000000e+00 -6.870160532941604632e-04
6.000000000000000000e+00 -6.128082117827062317e-04
7.000000000000000000e+00 -5.650967996434641408e-04
8.000000000000000000e+00 -5.642463516554111890e-04
9.000000000000000000e+00 -4.257332169717692981e-04
1.000000000000000000e+01 -2.291608549420714644e-04
1.100000000000000000e+01 1.766371255566415231e-04
1.200000000000000000e+01 1.339658379546456411e-03
1.300000000000000000e+01 3.276507277983568139e-04
1.400000000000000000e+01 -3.003919718433983497e-04
1.500000000000000000e+01 1.612853621379868054e-04
1.600000000000000000e+01 6.289673587513476636e-04
1.700000000000000000e+01 6.422619012949610639e-04
1.800000000000000000e+01 -4.220581761372492664e-04
1.900000000000000000e+01 3.277976194314715080e-04
1.000000000000000000e+00 -6.804001886712617237e-04
2.000000000000000000e+00 6.148277401581797282e-04
3.000000000000000000e+00 -6.841385167779911016e-04
4.000000000000000000e+00 -6.835998397687258156e-04
5.000000000000000000e+00 -6.839918769254688764e-04
6.000000000000000000e+00 -6.698564234692871208e-04
7.000000000000000000e+00 -6.751498883040684285e-04
8.000000000000000000e+00 -5.109703856325746151e-04
9.000000000000000000e+00 -5.362096289303725730e-04
1.000000000000000000e+01 5.021052092153846860e-04
1.100000000000000000e+01 6.591130408551085923e-04
1.200000000000000000e+01 -1.870451731026322672e-04
1.300000000000000000e+01 9.459227020844370023e-04
1.400000000000000000e+01 -5.294804521146742908e-04
1.500000000000000000e+01 3.429989165924501719e-04
1.600000000000000000e+01 3.466822659510549192e-04
1.700000000000000000e+01 5.258653735938027384e-04
1.800000000000000000e+01 -2.349815988517421671e-04
1.900000000000000000e+01 7.281097481170560473e-04
1.000000000000000000e+00 -7.100312652173797071e-04
2.000000000000000000e+00 6.693695836943597266e-04
3.000000000000000000e+00 -7.150707426439369564e-04
4.000000000000000000e+00 -7.146611304696189482e-04
5.000000000000000000e+00 -7.123542597803953326e-04
6.000000000000000000e+00 -6.992493092777225588e-04
7.000000000000000000e+00 -7.075821275397757267e-04
8.000000000000000000e+00 -6.864827053505425996e-04
9.000000000000000000e+00 -6.885245682948915426e-04
1.000000000000000000e+01 1.075633807461182437e-03
1.100000000000000000e+01 3.779231903081579111e-04
1.200000000000000000e+01 4.744995444595949473e-04
1.300000000000000000e+01 5.386835440792878951e-04
1.400000000000000000e+01 -3.124792391178820715e-04
1.500000000000000000e+01 -3.587877270358272178e-04
1.600000000000000000e+01 -1.428394461554008919e-04
1.700000000000000000e+01 1.113658970905206068e-03
1.800000000000000000e+01 -5.276445769681491118e-04
1.900000000000000000e+01 1.229500982071399153e-03
1.000000000000000000e+00 -7.086145985912638929e-04
2.000000000000000000e+00 8.233360828941810273e-04
3.000000000000000000e+00 -7.138432615405150778e-04
4.000000000000000000e+00 -7.136367686869633884e-04
5.000000000000000000e+00 -7.134482317337206359e-04
6.000000000000000000e+00 -3.624689561612525097e-04
7.000000000000000000e+00 -5.678175121446676866e-04
8.000000000000000000e+00 -6.880229472849583132e-04
9.000000000000000000e+00 -6.858479258771122376e-04
1.000000000000000000e+01 6.290937681400441414e-04
1.100000000000000000e+01 9.390486255570772742e-05
1.200000000000000000e+01 -1.810162002069198525e-04
1.300000000000000000e+01 -2.764404260829306324e-04
1.400000000000000000e+01 -4.467789400547540345e-04
1.500000000000000000e+01 2.428992591544724381e-04
1.600000000000000000e+01 1.412150445641917286e-03
1.700000000000000000e+01 5.461330233965144051e-04
1.800000000000000000e+01 -4.270996170751441951e-04
1.900000000000000000e+01 1.226661849105841178e-03
1.000000000000000000e+00 -6.950453585068970585e-04
2.000000000000000000e+00 -3.554789189469210542e-04
3.000000000000000000e+00 -7.140216053746449576e-04
4.000000000000000000e+00 -7.113623093329959554e-04
5.000000000000000000e+00 -7.134417114123980551e-04
6.000000000000000000e+00 -4.730989075513224802e-04
7.000000000000000000e+00 -7.111832711287477057e-04
8.000000000000000000e+00 -5.777046254312438603e-04
9.000000000000000000e+00 -6.260703292931168095e-04
1.000000000000000000e+01 6.869718544437804653e-04
1.100000000000000000e+01 1.019998544817498666e-03
1.200000000000000000e+01 8.328209995389998120e-04
1.300000000000000000e+01 6.098128380962750464e-04
1.400000000000000000e+01 -5.798332669275384254e-04
1.500000000000000000e+01 6.657954188031864166e-04
1.600000000000000000e+01 -1.331501242618825939e-05
1.700000000000000000e+01 8.903588147106540314e-04
1.800000000000000000e+01 -5.556705556586940490e-04
1.900000000000000000e+01 6.552374346626597349e-04
1.000000000000000000e+00 -4.921856447921969758e-04
2.000000000000000000e+00 -1.501643892555353237e-04
3.000000000000000000e+00 -4.936132243710371088e-04
4.000000000000000000e+00 -4.930587679342277041e-04
5.000000000000000000e+00 -4.922440869724878853e-04
6.000000000000000000e+00 -4.116502536738227288e-04
7.000000000000000000e+00 -4.883350699857398657e-04
8.000000000000000000e+00 -3.750043788320445268e-04
9.000000000000000000e+00 -4.626625671073546437e-04
1.000000000000000000e+01 4.522669601002113522e-04
1.100000000000000000e+01 5.139286613138703943e-04
1.200000000000000000e+01 3.504048310616040976e-04
1.300000000000000000e+01 7.318168777206854542e-04
1.400000000000000000e+01 2.033310817848180759e-04
1.500000000000000000e+01 -1.023629172390599944e-04
1.600000000000000000e+01 9.644854802177380308e-05
1.700000000000000000e+01 6.738134422850502667e-04
1.800000000000000000e+01 -1.401234676758864343e-04
1.900000000000000000e+01 4.938468653335329931e-05
1.000000000000000000e+00 -6.761131402153596100e-04
2.000000000000000000e+00 6.630268439402506276e-04
3.000000000000000000e+00 -6.805050837967289729e-04
4.000000000000000000e+00 -6.799349839619232101e-04
5.000000000000000000e+00 -6.784850450119843130e-04
6.000000000000000000e+00 -6.641630791756627204e-04
7.000000000000000000e+00 -6.670345307013786189e-04
8.000000000000000000e+00 -6.641620042183553081e-04
9.000000000000000000e+00 -5.599127719599782289e-04
1.000000000000000000e+01 3.374170971376430476e-04
1.100000000000000000e+01 9.227289957391966550e-04
1.200000000000000000e+01 9.328546451973036748e-04
1.300000000000000000e+01 -4.382434409603134417e-05
1.400000000000000000e+01 4.383627586992934152e-04
1.500000000000000000e+01 -2.207618279791069170e-04
1.600000000000000000e+01 1.850439551080131019e-04
1.700000000000000000e+01 6.056449828107256152e-04
1.800000000000000000e+01 -4.339340489040167644e-04
1.900000000000000000e+01 5.554110790567217933e-04
1.000000000000000000e+00 -6.015370152033112363e-04
2.000000000000000000e+00 2.946075468446314534e-05
3.000000000000000000e+00 -6.089900620386182835e-04
4.000000000000000000e+00 -6.081558948441569785e-04
5.000000000000000000e+00 -6.081566089992829650e-04
6.000000000000000000e+00 -4.736156335181814208e-04
7.000000000000000000e+00 -6.022709537788937736e-04
8.000000000000000000e+00 -5.833463564630870157e-04
9.000000000000000000e+00 -5.891707944908844028e-04
1.000000000000000000e+01 4.071392150824006129e-04
1.100000000000000000e+01 7.434949108936288967e-05
1.200000000000000000e+01 1.809892606381262054e-04
1.300000000000000000e+01 -5.379700748974564019e-05
1.400000000000000000e+01 -3.929805296117721029e-04
1.500000000000000000e+01 4.706376844663948990e-04
1.600000000000000000e+01 9.508015309481536404e-04
1.700000000000000000e+01 7.034910132536397126e-04
1.800000000000000000e+01 -3.596097217052791352e-04
1.900000000000000000e+01 1.478173577514092915e-03
1.000000000000000000e+00 -7.308487095072128351e-04
2.000000000000000000e+00 2.125084369145940281e-04
3.000000000000000000e+00 -7.341794360609785099e-04
4.000000000000000000e+00 -7.338971747493054773e-04
5.000000000000000000e+00 -7.329180340642824738e-04
6.000000000000000000e+00 -6.116156539402157035e-04
7.000000000000000000e+00 -7.275310475175951214e-04
8.000000000000000000e+00 -5.955945020000824163e-04
9.000000000000000000e+00 -6.154990417328251324e-04
1.000000000000000000e+01 5.174573947617531556e-04
1.100000000000000000e+01 4.280077529497129381e-04
1.200000000000000000e+01 8.077475698141760307e-04
1.300000000000000000e+01 2.863200182432243238e-04
1.400000000000000000e+01 3.274286315945389267e-04
1.500000000000000000e+01 -2.854321907599687621e-04
1.600000000000000000e+01 2.759444659037385756e-04
1.700000000000000000e+01 1.037308029777944890e-03
1.800000000000000000e+01 -6.644819346485117666e-04
1.900000000000000000e+01 1.079105837930858505e-03
1.000000000000000000e+00 -6.436766017887953720e-04
2.000000000000000000e+00 1.048899368305906445e-03
3.000000000000000000e+00 -6.577137592839978541e-04
4.000000000000000000e+00 -6.556724092034320371e-04
5.000000000000000000e+00 -6.571182219237545934e-04
6.000000000000000000e+00 -4.602503623499574321e-04
7.000000000000000000e+00 -6.537389690959723686e-04
8.000000000000000000e+00 -6.342375185546058908e-04
9.000000000000000000e+00 -6.415571490097404838e-04
1.000000000000000000e+01 4.301394910447487092e-04
1.100000000000000000e+01 -7.472676868560749184e-05
1.200000000000000000e+01 3.700911298697610137e-04
1.300000000000000000e+01 7.075927520964072313e-04
1.400000000000000000e+01 -3.550995881299107626e-04
1.500000000000000000e+01 -3.885451228475956631e-05
1.600000000000000000e+01 -1.112527934413978277e-04
1.700000000000000000e+01 1.118430183832203051e-03
1.800000000000000000e+01 -4.920526543486964137e-04
1.900000000000000000e+01 1.096717803627133246e-03
1.000000000000000000e+00 -7.581234769037101858e-04
2.000000000000000000e+00 1.781853628429384503e-04
3.000000000000000000e+00 -7.609090025358744395e-04
4.000000000000000000e+00 -7.602020297700781909e-04
5.000000000000000000e+00 -7.596033909361451890e-04
6.000000000000000000e+00 -6.647775815007419490e-04
7.000000000000000000e+00 -7.556460533391016988e-04
8.000000000000000000e+00 -7.305014846983846639e-04
9.000000000000000000e+00 -7.465027268813495065e-04
1.000000000000000000e+01 1.147032244619541072e-03
1.100000000000000000e+01 9.121219038056276734e-04
1.200000000000000000e+01 8.945408333507846301e-04
1.300000000000000000e+01 6.283909509957138649e-04
1.400000000000000000e+01 -4.473513575889458875e-04
1.500000000000000000e+01 -3.107896745579574608e-04
1.600000000000000000e+01 2.046786218361371014e-04
1.700000000000000000e+01 1.650479520546685886e-03
1.800000000000000000e+01 -5.699798518724696721e-04
1.900000000000000000e+01 2.125845682917266207e-04
1.000000000000000000e+00 -6.509076447875424172e-04
2.000000000000000000e+00 1.915722494825648303e-04
3.000000000000000000e+00 -6.546534742511590094e-04
4.000000000000000000e+00 -6.543785585350667773e-04
5.000000000000000000e+00 -6.540466464384488100e-04
6.000000000000000000e+00 -6.405511482514424267e-04
7.000000000000000000e+00 -4.054438091196560555e-04
8.000000000000000000e+00 -6.283032643925457036e-04
9.000000000000000000e+00 -6.184853123477029304e-04
1.000000000000000000e+01 1.208635284764129599e-03
1.100000000000000000e+01 7.514693126143582799e-04
1.200000000000000000e+01 4.898611862635804783e-04
1.300000000000000000e+01 1.062609795202166000e-03
1.400000000000000000e+01 -2.875256104238105748e-04
1.500000000000000000e+01 -1.019771346788110480e-04
1.600000000000000000e+01 1.985480383420557915e-04
1.700000000000000000e+01 4.741017314922432897e-04
1.800000000000000000e+01 -3.908557743749516513e-04
1.900000000000000000e+01 9.142751663677795894e-05
1.000000000000000000e+00 -6.982948773360537608e-04
2.000000000000000000e+00 6.339687995395042099e-04
3.000000000000000000e+00 -7.119267795271295735e-04
4.000000000000000000e+00 -7.117651764243500094e-04
5.000000000000000000e+00 -7.113288907989887217e-04
6.000000000000000000e+00 -5.349946934910214521e-04
7.000000000000000000e+00 -6.906081059611096770e-04
8.000000000000000000e+00 -5.509741263072433920e-04
9.000000000000000000e+00 -5.961734545417784288e-04
1.000000000000000000e+01 3.276427510932466308e-04
1.100000000000000000e+01 2.055227470368515153e-04
1.200000000000000000e+01 1.007903543234969909e-03
1.300000000000000000e+01 4.041317787369479836e-05
1.400000000000000000e+01 -4.489741561735037501e-04
1.500000000000000000e+01 5.041696386589091276e-04
1.600000000000000000e+01 1.384800448796443852e-03
1.700000000000000000e+01 4.897454099376428397e-04
1.800000000000000000e+01 -5.644263549751607359e-04
1.900000000000000000e+01 2.477768915687492287e-04
1.000000000000000000e+00 -7.575086792466469371e-04
2.000000000000000000e+00 -1.408788140690906635e-04
3.000000000000000000e+00 -7.640674496403262756e-04
4.000000000000000000e+00 -7.635521425073721379e-04
5.000000000000000000e+00 -7.632212098234982195e-04
6.000000000000000000e+00 -7.555223403249088868e-04
7.000000000000000000e+00 -7.590528285367696519e-04
8.000000000000000000e+00 -6.800906733885150358e-04
9.000000000000000000e+00 -7.370743463254442315e-04
1.000000000000000000e+01 6.580186806987568153e-04
1.100000000000000000e+01 1.082762853175084318e-03
1.200000000000000000e+01 8.629983684644024558e-04
1.300000000000000000e+01 1.092596563840903152e-03
1.400000000000000000e+01 -5.486394756731220561e-04
1.500000000000000000e+01 1.501323327866308313e-04
1.600000000000000000e+01 2.374036085277083025e-04
1.700000000000000000e+01 1.343275859591299944e-03
1.800000000000000000e+01 -3.409699140669915796e-04
1.900000000000000000e+01 1.840455297859059042e-04
1.000000000000000000e+00 -6.617961822071861651e-04
2.000000000000000000e+00 1.424321977820525815e-03
3.000000000000000000e+00 -6.691178433891414000e-04
4.000000000000000000e+00 -6.688414993627974118e-04
5.000000000000000000e+00 -6.678669156676255228e-04
6.000000000000000000e+00 -6.540021389877227970e-04
7.000000000000000000e+00 -6.459884051336527632e-04
8.000000000000000000e+00 -6.547998774692848035e-04
9.000000000000000000e+00 -5.434080491977879863e-04
1.000000000000000000e+01 1.007107434038327122e-03
1.100000000000000000e+01 8.049404239069557357e-04
1.200000000000000000e+01 6.845355404407477140e-04
1.300000000000000000e+01 -7.752509040577965126e-05
1.400000000000000000e+01 -2.851295322593391020e-04
1.500000000000000000e+01 -2.085409512903759323e-04
1.600000000000000000e+01 -1.207672232417879342e-04
1.700000000000000000e+01 5.807237772378985021e-04
1.800000000000000000e+01 -5.273931253508832347e-04
1.900000000000000000e+01 3.789867862965764535e-04
1.000000000000000000e+00 -8.421986378159348899e-04
2.000000000000000000e+00 4.544960799381624061e-04
3.000000000000000000e+00 -8.473906586154486944e-04
4.000000000000000000e+00 -8.471868863528528651e-04
5.000000000000000000e+00 -8.472335444877463102e-04
6.000000000000000000e+00 -8.363134868765122925e-04
7.000000000000000000e+00 -8.334839265364477057e-04
8.000000000000000000e+00 -8.136777744757026001e-04
9.000000000000000000e+00 -8.309474862286488810e-04
1.000000000000000000e+01 7.094049070039172436e-04
1.100000000000000000e+01 3.721564813060211944e-04
1.200000000000000000e+01 5.629886416534354062e-04
1.300000000000000000e+01 4.957487734611835126e-04
1.400000000000000000e+01 -3.221157556926116652e-04
1.500000000000000000e+01 8.221483840153304698e-04
1.600000000000000000e+01 1.189047188862515187e-03
1.700000000000000000e+01 7.303306072103370877e-04
1.800000000000000000e+01 -4.727446617060727875e-04
1.900000000000000000e+01 5.215793215848129119e-04
1.000000000000000000e+00 -6.776447059300853620e-04
2.000000000000000000e+00 7.426279609889606522e-04
3.000000000000000000e+00 -6.805209567930308682e-04
4.000000000000000000e+00 -6.801265799280657200e-04
5.000000000000000000e+00 -6.792984592470038699e-04
6.000000000000000000e+00 -5.367710280466035742e-04
7.000000000000000000e+00 -6.619113439950696787e-04
8.000000000000000000e+00 -6.217758555068341863e-04
9.000000000000000000e+00 -5.789968746141867630e-04
1.000000000000000000e+01 3.765903906913891232e-04
1.100000000000000000e+01 2.083094304881220925e-04
1.200000000000000000e+01 2.340404594808195241e-04
1.300000000000000000e+01 -3.706925458798633328e-04
1.400000000000000000e+01 -5.406913128142272571e-04
1.500000000000000000e+01 4.744937013471420772e-04
1.600000000000000000e+01 7.083215314058580485e-04
1.700000000000000000e+01 9.027690092676052269e-04
1.800000000000000000e+01 -3.560891765051581712e-04
1.900000000000000000e+01 1.300878679324362925e-03
1.000000000000000000e+00 -7.155661504681519892e-04
2.000000000000000000e+00 1.319636558465827518e-03
3.000000000000000000e+00 -7.298828129630293088e-04
4.000000000000000000e+00 -7.289074130905706401e-04
5.000000000000000000e+00 -7.297436547356357531e-04
6.000000000000000000e+00 -5.133259167527415593e-04
7.000000000000000000e+00 -7.106303392462698203e-04
8.000000000000000000e+00 -5.288125946659202707e-04
9.000000000000000000e+00 -7.114761071701189736e-04
1.000000000000000000e+01 7.973969257607619069e-05
1.100000000000000000e+01 -3.315471358698225701e-05
1.200000000000000000e+01 3.144964458749022586e-05
1.300000000000000000e+01 5.257979557487218580e-04
1.400000000000000000e+01 -2.642243708146490839e-04
1.500000000000000000e+01 1.193035625713853972e-04
1.600000000000000000e+01 1.724560875458146930e-03
1.700000000000000000e+01 3.629150793181759463e-04
1.800000000000000000e+01 -5.132053719178999909e-04
1.900000000000000000e+01 5.362576102733397285e-04
1.000000000000000000e+00 -5.784999097960248724e-04
2.000000000000000000e+00 -2.852327623364652310e-04
3.000000000000000000e+00 -5.832789024601715963e-04
4.000000000000000000e+00 -5.828830428731355661e-04
5.000000000000000000e+00 -5.826504459493621682e-04
6.000000000000000000e+00 -5.726365174305317546e-04
7.000000000000000000e+00 -5.810800868422383563e-04
8.000000000000000000e+00 -5.672030618541880689e-04
9.000000000000000000e+00 -5.700197474643219422e-04
1.000000000000000000e+01 8.122756597299608718e-04
1.100000000000000000e+01 5.233679184023353609e-04
1.200000000000000000e+01 6.300972053251587121e-04
1.300000000000000000e+01 4.385198394331222497e-04
1.400000000000000000e+01 -2.431278898878040618e-04
1.500000000000000000e+01 3.480609420765517765e-04
1.600000000000000000e+01 3.108645534976855617e-04
1.700000000000000000e+01 4.917080699501276018e-04
1.800000000000000000e+01 -2.078515317477132708e-04
1.900000000000000000e+01 6.996602375176010254e-04
1.000000000000000000e+00 -6.252576070045923629e-04
2.000000000000000000e+00 3.574827532347705128e-04
3.000000000000000000e+00 -7.574988799058791737e-04
4.000000000000000000e+00 -7.553415873074101469e-04
5.000000000000000000e+00 -7.569976110222573435e-04
6.000000000000000000e+00 -5.807496567714716049e-04
7.000000000000000000e+00 -6.088209814874963538e-04
8.000000000000000000e+00 -5.988553091508878575e-04
9.000000000000000000e+00 -7.366964302905073354e-04
1.000000000000000000e+01 2.143629312383127318e-04
1.100000000000000000e+01 5.623306948371332428e-04
1.200000000000000000e+01 3.176312612154861127e-04
1.300000000000000000e+01 4.710849275078153207e-04
1.400000000000000000e+01 -1.240796365591793259e-05
1.500000000000000000e+01 -4.916200206222714000e-05
1.600000000000000000e+01 -1.198113592009288331e-05
1.700000000000000000e+01 9.989078406718939103e-04
1.800000000000000000e+01 -4.102428729164935982e-04
1.900000000000000000e+01 1.501619862213264805e-03
1.000000000000000000e+00 -5.891108396217067987e-04
2.000000000000000000e+00 -2.084935838162507390e-04
3.000000000000000000e+00 -5.951846020067436214e-04
4.000000000000000000e+00 -5.948733664013904510e-04
5.000000000000000000e+00 -5.921089059163416610e-04
6.000000000000000000e+00 -5.382537644036372148e-04
7.000000000000000000e+00 -5.871219263407766739e-04
8.000000000000000000e+00 -4.555734907919910021e-04
9.000000000000000000e+00 -4.207121628109151469e-04
1.000000000000000000e+01 7.620719876341153481e-04
1.100000000000000000e+01 6.661984296007604630e-04
1.200000000000000000e+01 4.773526797480609593e-04
1.300000000000000000e+01 1.523834716622738750e-04
1.400000000000000000e+01 -2.987232711003847958e-04
1.500000000000000000e+01 6.618659849212264789e-04
1.600000000000000000e+01 8.887468326098687914e-04
1.700000000000000000e+01 3.470532532311433019e-04
1.800000000000000000e+01 -5.549118901484122830e-04
1.900000000000000000e+01 2.482816925724108149e-04
1.000000000000000000e+00 -6.838329640043653689e-04
2.000000000000000000e+00 8.176941096875214166e-06
3.000000000000000000e+00 -6.868585273765674811e-04
4.000000000000000000e+00 -6.868585273765674811e-04
5.000000000000000000e+00 -6.857093497568015955e-04
6.000000000000000000e+00 -6.697005511324567988e-04
7.000000000000000000e+00 -6.803679887563019585e-04
8.000000000000000000e+00 -6.099580239091872014e-04
9.000000000000000000e+00 -6.787540773603527701e-04
1.000000000000000000e+01 8.365534194541980172e-04
1.100000000000000000e+01 7.844807720993038141e-04
1.200000000000000000e+01 1.336017638402432588e-03
1.300000000000000000e+01 1.436800082908264251e-03
1.400000000000000000e+01 -3.792632409864078757e-04
1.500000000000000000e+01 -3.015645039968849043e-04
1.600000000000000000e+01 -3.993684905863500697e-04
1.700000000000000000e+01 9.807860475432685684e-04
1.800000000000000000e+01 -6.446365722256907401e-04
1.900000000000000000e+01 5.103155353751233662e-04
1.000000000000000000e+00 -6.211087303884299570e-04
2.000000000000000000e+00 2.154427743345983283e-04
3.000000000000000000e+00 -7.571664955690943135e-04
4.000000000000000000e+00 -7.569850321523367322e-04
5.000000000000000000e+00 -7.566965814962390256e-04
6.000000000000000000e+00 -6.382952022317645241e-04
7.000000000000000000e+00 -7.514159617373279742e-04
8.000000000000000000e+00 -5.958359267160698389e-04
9.000000000000000000e+00 -7.447705460276615209e-04
1.000000000000000000e+01 5.068982317020424106e-04
1.100000000000000000e+01 9.867463715468563663e-04
1.200000000000000000e+01 -4.883249704482870601e-05
1.300000000000000000e+01 -5.240422512675544872e-05
1.400000000000000000e+01 -1.458078255032649426e-04
1.500000000000000000e+01 4.555820303094396942e-04
1.600000000000000000e+01 1.084722662100864573e-03
1.700000000000000000e+01 5.370781787181875709e-04
1.800000000000000000e+01 -5.031120281575448758e-04
1.900000000000000000e+01 1.059520016174155107e-03
1.000000000000000000e+00 -6.004067025678963814e-04
2.000000000000000000e+00 2.252718361047678912e-04
3.000000000000000000e+00 -6.036844478799554018e-04
4.000000000000000000e+00 -6.035677345279479630e-04
5.000000000000000000e+00 -6.021222845530861375e-04
6.000000000000000000e+00 -5.950355182226224181e-04
7.000000000000000000e+00 -5.985278171105795674e-04
8.000000000000000000e+00 -5.762486719904598214e-04
9.000000000000000000e+00 -5.826723150418421223e-04
1.000000000000000000e+01 7.546323582582633140e-04
1.100000000000000000e+01 6.462566379341207852e-04
1.200000000000000000e+01 6.003140737513932022e-05
1.300000000000000000e+01 1.298364799778499272e-04
1.400000000000000000e+01 -2.861183288082612452e-04
1.500000000000000000e+01 1.511521380790336591e-04
1.600000000000000000e+01 1.046150776709141262e-03
1.700000000000000000e+01 3.356310069510940776e-04
1.800000000000000000e+01 -3.831034796310229217e-04
1.900000000000000000e+01 9.113763523487818617e-04
1.000000000000000000e+00 -5.625127291486616259e-04
2.000000000000000000e+00 1.986646233747029660e-04
3.000000000000000000e+00 -6.581107627721356551e-04
4.000000000000000000e+00 -6.576415288470193864e-04
5.000000000000000000e+00 -6.564013610627339977e-04
6.000000000000000000e+00 -5.606158429336731506e-04
7.000000000000000000e+00 -6.523801585646407317e-04
8.000000000000000000e+00 -6.288450620603564748e-04
9.000000000000000000e+00 -6.379618281011421692e-04
1.000000000000000000e+01 8.484078215596558333e-04
1.100000000000000000e+01 7.474522900690058281e-04
1.200000000000000000e+01 5.542035292735864038e-04
1.300000000000000000e+01 1.999592921729192009e-04
1.400000000000000000e+01 -6.429497728387367729e-04
1.500000000000000000e+01 -3.289289302588235104e-04
1.600000000000000000e+01 7.637470634718857921e-04
1.700000000000000000e+01 6.753421085342766177e-04
1.800000000000000000e+01 -3.926321933220511479e-04
1.900000000000000000e+01 1.174209036786397339e-03
1.000000000000000000e+00 -6.758950454573560114e-04
2.000000000000000000e+00 4.757051877649687071e-04
3.000000000000000000e+00 -6.814663237614774095e-04
4.000000000000000000e+00 -6.807489816575806440e-04
5.000000000000000000e+00 -6.804159035934102427e-04
6.000000000000000000e+00 -4.397080901424777638e-04
7.000000000000000000e+00 -6.779481721340821021e-04
8.000000000000000000e+00 -4.248219769662018707e-04
9.000000000000000000e+00 -5.895700524972089266e-04
1.000000000000000000e+01 1.583455722799846611e-04
1.100000000000000000e+01 5.233159222720097387e-04
1.200000000000000000e+01 5.827329568421898759e-04
1.300000000000000000e+01 -3.054294743504476533e-05
1.400000000000000000e+01 1.275938122836301793e-04
1.500000000000000000e+01 3.975562235660775158e-04
1.600000000000000000e+01 7.366278299205645695e-04
1.700000000000000000e+01 4.455783048352444172e-04
1.800000000000000000e+01 -6.373502181462519997e-04
1.900000000000000000e+01 7.619836383512070032e-04
1.000000000000000000e+00 -6.971964021847193091e-04
2.000000000000000000e+00 -3.516908604236633506e-05
3.000000000000000000e+00 -6.999244697954226050e-04
4.000000000000000000e+00 -6.996307729330982980e-04
5.000000000000000000e+00 -6.986928582696934863e-04
6.000000000000000000e+00 -5.559183301958985903e-04
7.000000000000000000e+00 -6.185786117163712952e-04
8.000000000000000000e+00 -5.778304282160869271e-04
9.000000000000000000e+00 -6.065935528650659003e-04
1.000000000000000000e+01 2.508266869664932939e-04
1.100000000000000000e+01 1.168934803705357826e-04
1.200000000000000000e+01 8.841940151244953366e-04
1.300000000000000000e+01 3.273063946206137198e-04
1.400000000000000000e+01 2.921227203228852348e-04
1.500000000000000000e+01 4.015737439280272114e-04
1.600000000000000000e+01 4.327056110604209842e-04
1.700000000000000000e+01 1.121342179963478796e-03
1.800000000000000000e+01 -1.680741412224020354e-04
1.900000000000000000e+01 1.860072690378714857e-04
1.000000000000000000e+00 -5.423863808020605191e-04
2.000000000000000000e+00 -7.492446473284556610e-05
3.000000000000000000e+00 -6.543050786101140687e-04
4.000000000000000000e+00 -6.541659203827206214e-04
5.000000000000000000e+00 -6.527645439813441414e-04
6.000000000000000000e+00 -6.516718263970299515e-04
7.000000000000000000e+00 -6.471470493144797350e-04
8.000000000000000000e+00 -6.355712937327993991e-04
9.000000000000000000e+00 -5.559193616582207200e-04
1.000000000000000000e+01 1.115641192012438833e-03
1.100000000000000000e+01 1.114259284719592668e-04
1.200000000000000000e+01 3.494469007452470004e-04
1.300000000000000000e+01 4.594336873493716782e-04
1.400000000000000000e+01 -4.362623516030293301e-04
1.500000000000000000e+01 5.021330062962825989e-04
1.600000000000000000e+01 1.090258743632309358e-03
1.700000000000000000e+01 3.945823555393451277e-04
1.800000000000000000e+01 -4.201760680605024076e-04
1.900000000000000000e+01 6.922704384917945618e-04
1.000000000000000000e+00 -6.851667283723903617e-04
2.000000000000000000e+00 1.261645786936172028e-04
3.000000000000000000e+00 -6.999991358086040316e-04
4.000000000000000000e+00 -6.997722045154963159e-04
5.000000000000000000e+00 -6.909429006494277039e-04
6.000000000000000000e+00 -6.945743998691621904e-04
7.000000000000000000e+00 -6.917388496946764997e-04
8.000000000000000000e+00 -6.799512027870605090e-04
9.000000000000000000e+00 -6.675356386557016993e-04
1.000000000000000000e+01 9.922873290420639221e-05
1.100000000000000000e+01 1.014029513421458781e-04
1.200000000000000000e+01 9.415300876819022047e-04
1.300000000000000000e+01 7.770446938049112642e-04
1.400000000000000000e+01 -5.730973856338275564e-04
1.500000000000000000e+01 3.474116839755147872e-04
1.600000000000000000e+01 7.145860749831915498e-04
1.700000000000000000e+01 6.332173963942563325e-04
1.800000000000000000e+01 -4.242273763796317824e-04
1.900000000000000000e+01 1.489657200044744792e-03
1.000000000000000000e+00 -7.080356815042656519e-04
2.000000000000000000e+00 8.881725734515231443e-04
3.000000000000000000e+00 -7.219225498780758570e-04
4.000000000000000000e+00 -7.218255608104985665e-04
5.000000000000000000e+00 -7.211192273835769113e-04
6.000000000000000000e+00 -6.036363657120103225e-04
7.000000000000000000e+00 -7.040223818847088626e-04
8.000000000000000000e+00 -7.023987286809538124e-04
9.000000000000000000e+00 -7.039214968280032561e-04
1.000000000000000000e+01 2.909714490872594077e-04
1.100000000000000000e+01 2.453629438441891114e-04
1.200000000000000000e+01 6.362554687159045893e-04
1.300000000000000000e+01 5.755532098656752091e-04
1.400000000000000000e+01 3.040745901327286975e-04
1.500000000000000000e+01 -1.342215950124262534e-04
1.600000000000000000e+01 5.486552397861814683e-04
1.700000000000000000e+01 5.421520001569282449e-04
1.800000000000000000e+01 -3.099362992656453275e-04
1.900000000000000000e+01 6.663438476915469616e-04
1.000000000000000000e+00 -6.297316089128520171e-04
2.000000000000000000e+00 1.725450827593140186e-03
3.000000000000000000e+00 -6.601329509065940408e-04
4.000000000000000000e+00 -6.596982004718436729e-04
5.000000000000000000e+00 -6.591251079869864206e-04
6.000000000000000000e+00 -5.090955787251393071e-04
7.000000000000000000e+00 -6.440303582896457534e-04
8.000000000000000000e+00 -4.240010745611323554e-04
9.000000000000000000e+00 -5.301306392578003079e-04
1.000000000000000000e+01 1.357970047326289287e-05
1.100000000000000000e+01 6.352279530827146733e-04
1.200000000000000000e+01 1.757822657699034045e-04
1.300000000000000000e+01 1.908325216656800189e-04
1.400000000000000000e+01 2.492736167429073380e-04
1.500000000000000000e+01 -7.431322976303638762e-05
1.600000000000000000e+01 4.712021686303501816e-04
1.700000000000000000e+01 8.337424428828614075e-04
1.800000000000000000e+01 -3.766275129623179512e-04
1.900000000000000000e+01 -4.888393979751228273e-04
1.000000000000000000e+00 -6.366082485737822047e-04
2.000000000000000000e+00 -2.492230154709083228e-04
3.000000000000000000e+00 -6.438869833647718624e-04
4.000000000000000000e+00 -6.438869833647718624e-04
5.000000000000000000e+00 -6.437478251373783067e-04
6.000000000000000000e+00 -6.326291323222569965e-04
7.000000000000000000e+00 -4.944912369089929718e-04
8.000000000000000000e+00 -6.296030151154674267e-04
9.000000000000000000e+00 -6.257552162834249549e-04
1.000000000000000000e+01 4.407347786810053352e-04
1.100000000000000000e+01 8.405484559866798280e-04
1.200000000000000000e+01 7.745330068136866515e-04
1.300000000000000000e+01 5.210254689025700311e-04
1.400000000000000000e+01 -2.204562312330231311e-04
1.500000000000000000e+01 3.164761229770083478e-04
1.600000000000000000e+01 2.473166396858236544e-04
1.700000000000000000e+01 1.650182475388881510e-03
1.800000000000000000e+01 -2.074330016695901974e-04
1.900000000000000000e+01 -3.598282012754192081e-04
1.000000000000000000e+00 -6.430323263136690981e-04
2.000000000000000000e+00 8.737060047015954766e-04
3.000000000000000000e+00 -6.555417790526695335e-04
4.000000000000000000e+00 -6.546762910548285450e-04
5.000000000000000000e+00 -6.540379724018040427e-04
6.000000000000000000e+00 -5.342840835062910706e-04
7.000000000000000000e+00 -6.480462640116362244e-04
8.000000000000000000e+00 -5.309229140889166164e-04
9.000000000000000000e+00 -5.451751090079520355e-04
1.000000000000000000e+01 3.250453455715544880e-04
1.100000000000000000e+01 -2.549763522602940404e-05
1.200000000000000000e+01 1.137204034213059357e-05
1.300000000000000000e+01 8.997776301541838130e-05
1.400000000000000000e+01 -4.361690701070933935e-04
1.500000000000000000e+01 -1.431436787869222406e-04
1.600000000000000000e+01 6.777223829458121733e-04
1.700000000000000000e+01 3.656722968193624286e-04
1.800000000000000000e+01 4.832000482266190773e-05
1.900000000000000000e+01 1.628492050787713275e-03
1.000000000000000000e+00 -6.579636036319106394e-04
2.000000000000000000e+00 -1.328384469120340501e-04
3.000000000000000000e+00 -6.646635223328797642e-04
4.000000000000000000e+00 -6.646635223328797642e-04
5.000000000000000000e+00 -6.646635223328797642e-04
6.000000000000000000e+00 -6.547945616367131490e-04
7.000000000000000000e+00 -6.564326004640027180e-04
8.000000000000000000e+00 -6.438387320171312482e-04
9.000000000000000000e+00 -6.529942763959794031e-04
1.000000000000000000e+01 1.601203045788224385e-03
1.100000000000000000e+01 4.809970691829723827e-04
1.200000000000000000e+01 5.012790581985624881e-04
1.300000000000000000e+01 7.950900107326637056e-04
1.400000000000000000e+01 -4.673747530580792749e-04
1.500000000000000000e+01 -1.808617775264758498e-06
1.600000000000000000e+01 5.951851730179710722e-04
1.700000000000000000e+01 4.966130026224184740e-04
1.800000000000000000e+01 3.763208203242626352e-05
1.900000000000000000e+01 3.518795977624450266e-06
1.000000000000000000e+00 -6.395514970667333984e-04
2.000000000000000000e+00 2.292654072512959946e-05
3.000000000000000000e+00 -6.577573294071669329e-04
4.000000000000000000e+00 -6.576062491615488476e-04
5.000000000000000000e+00 -6.576181711797733772e-04
6.000000000000000000e+00 -6.377979982258469857e-04
7.000000000000000000e+00 -6.463497836771422240e-04
8.000000000000000000e+00 -6.305314682002132300e-04
9.000000000000000000e+00 -4.966213186839528579e-04
1.000000000000000000e+01 1.230884755884759096e-03
1.100000000000000000e+01 6.780647969228032791e-04
1.200000000000000000e+01 2.564444752766005596e-04
1.300000000000000000e+01 6.824078645908738573e-05
1.400000000000000000e+01 1.114973130552346554e-04
1.500000000000000000e+01 3.324782577132623352e-04
1.600000000000000000e+01 1.451553085855797527e-04
1.700000000000000000e+01 7.039202295949388956e-04
1.800000000000000000e+01 -4.182798251816919363e-04
1.900000000000000000e+01 5.544818814269577949e-04
