1.000000000000000000e+00 -3.570557246786742762e-04
2.000000000000000000e+00 2.177733751870520435e-04
3.000000000000000000e+00 -3.593162585218411822e-04
4.000000000000000000e+00 -3.593162585218411822e-04
5.000000000000000000e+00 -3.591762024994322121e-04
6.000000000000000000e+00 -3.368566602043997367e-04
7.000000000000000000e+00 -3.477537016161469786e-04
8.000000000000000000e+00 -3.189664472686685624e-04
9.000000000000000000e+00 -3.078897722488075912e-04
1.000000000000000000e+01 2.644492566897144485e-04
1.100000000000000000e+01 5.921479298968157861e-06
1.200000000000000000e+01 6.734683773134881625e-04
1.300000000000000000e+01 3.050716840296383990e-04
1.400000000000000000e+01 -2.240354255408755191e-04
1.500000000000000000e+01 1.544685758700092024e-04
1.600000000000000000e+01 7.487433159682060099e-05
1.700000000000000000e+01 3.117418836190005964e-04
1.800000000000000000e+01 -3.177203000141179466e-04
1.900000000000000000e+01 4.337515319700349864e-04
1.000000000000000000e+00 -2.528416750549028870e-04
2.000000000000000000e+00 1.454598191205772929e-04
3.000000000000000000e+00 -3.020632039759202857e-04
4.000000000000000000e+00 -3.020407591005342231e-04
5.000000000000000000e+00 -3.020632039759202857e-04
6.000000000000000000e+00 -2.725642783372887517e-04
7.000000000000000000e+00 -3.012839179025165364e-04
8.000000000000000000e+00 -2.694403976661391897e-04
9.000000000000000000e+00 -2.879514240810624706e-04
1.000000000000000000e+01 5.935320916897060208e-05
1.100000000000000000e+01 2.685695476578814161e-04
1.200000000000000000e+01 1.636042105073595102e-04
1.300000000000000000e+01 3.654190471399661037e-04
1.400000000000000000e+01 -2.301737387506339017e-04
1.500000000000000000e+01 2.915357901232202960e-05
1.600000000000000000e+01 2.792578279325446658e-04
1.700000000000000000e+01 3.215583394403521283e-04
1.800000000000000000e+01 -2.542430867194255028e-04
1.900000000000000000e+01 4.321370309309986745e-04
1.000000000000000000e+00 -3.282512513130121743e-04
2.000000000000000000e+00 7.479884731244890715e-05
3.000000000000000000e+00 -3.292829538153029130e-04
4.000000000000000000e+00 -3.290655591651351687e-04
5.000000000000000000e+00 -3.290562605739038053e-04
6.000000000000000000e+00 -3.248448379188536824e-04
7.000000000000000000e+00 -2.626068274271667401e-04
8.000000000000000000e+00 -3.060968333427678979e-04
9.000000000000000000e+00 -3.252172346760543462e-04
1.000000000000000000e+01 1.051998578002063753e-04
1.100000000000000000e+01 4.388703477511974715e-04
1.200000000000000000e+01 1.034179263145139203e-04
1.300000000000000000e+01 -4.733377952027891875e-06
1.400000000000000000e+01 -2.716377642766090424e-04
1.500000000000000000e+01 2.114585282864732494e-04
1.600000000000000000e+01 6.097854712085491258e-04
1.700000000000000000e+01 2.778281205580767970e-04
1.800000000000000000e+01 -1.863792344409953160e-04
1.900000000000000000e+01 4.104990701404717603e-04
1.000000000000000000e+00 -2.670124350076541497e-04
2.000000000000000000e+00 1.166074851102474809e-04
3.000000000000000000e+00 -3.342027915684957239e-04
4.000000000000000000e+00 -3.342027915684957239e-04
5.000000000000000000e+00 -3.336542388140606094e-04
6.000000000000000000e+00 -2.350590863346370581e-04
7.000000000000000000e+00 -3.288451590049808128e-04
8.000000000000000000e+00 -2.543399120732632883e-04
9.000000000000000000e+00 -2.670128911327970139e-04
1.000000000000000000e+01 1.756071202000457864e-04
1.100000000000000000e+01 1.821162811366885370e-05
1.200000000000000000e+01 -1.121635441322931511e-05
1.300000000000000000e+01 -2.930037018825968647e-06
1.400000000000000000e+01 -1.590083426739418273e-04
1.500000000000000000e+01 -3.373964609571331746e-05
1.600000000000000000e+01 5.600105313498481268e-04
1.700000000000000000e+01 1.463115658105877432e-04
1.800000000000000000e+01 -2.370730023445004331e-04
1.900000000000000000e+01 9.615910986162239408e-04
1.000000000000000000e+00 -3.531041640817145504e-04
2.000000000000000000e+00 9.877431151514541195e-05
3.000000000000000000e+00 -3.567485713719551681e-04
4.000000000000000000e+00 -3.565929535692785287e-04
5.000000000000000000e+00 -3.545594478593022745e-04
6.000000000000000000e+00 -3.529222642368245121e-04
7.000000000000000000e+00 -3.408852135968326851e-04
8.000000000000000000e+00 -2.631703416165339596e-04
9.000000000000000000e+00 -3.502809736491053648e-04
1.000000000000000000e+01 2.082060888230224558e-04
1.100000000000000000e+01 4.413424460433715128e-04
1.200000000000000000e+01 4.587602984132303297e-04
1.300000000000000000e+01 3.698811016927934189e-04
1.400000000000000000e+01 9.027511632288484915e-05
1.500000000000000000e+01 2.184523243585653990e-04
1.600000000000000000e+01 2.159864202266530917e-05
1.700000000000000000e+01 1.862851259313775588e-04
1.800000000000000000e+01 -2.865471701314509798e-04
1.900000000000000000e+01 1.073469401951765673e-04
1.000000000000000000e+00 -3.240712723957111792e-04
2.000000000000000000e+00 1.314731955424138378e-04
3.000000000000000000e+00 -3.297350219670237945e-04
4.000000000000000000e+00 -3.297350219670237945e-04
5.000000000000000000e+00 -3.283509213182172863e-04
6.000000000000000000e+00 -3.038842523662541755e-04
7.000000000000000000e+00 -2.956818066638085079e-04
8.000000000000000000e+00 -2.299598019928418861e-04
9.000000000000000000e+00 -2.898709085866289087e-04
1.000000000000000000e+01 2.260724265505478260e-04
1.100000000000000000e+01 4.523882026495495588e-04
1.200000000000000000e+01 1.359858445303974714e-04
1.300000000000000000e+01 4.113028026222445999e-04
1.400000000000000000e+01 -2.126838882285373756e-04
1.500000000000000000e+01 -1.115519671165814288e-04
1.600000000000000000e+01 5.860701177527527706e-05
1.700000000000000000e+01 6.260445983883581493e-04
1.800000000000000000e+01 -2.512601646039857727e-04
1.900000000000000000e+01 7.677223193168664116e-05
1.000000000000000000e+00 -2.993590345633455308e-04
2.000000000000000000e+00 8.021059644114151806e-05
3.000000000000000000e+00 -3.050122230596712786e-04
4.000000000000000000e+00 -3.050122230596712786e-04
5.000000000000000000e+00 -3.049448884335130908e-04
6.000000000000000000e+00 -3.020712778393142743e-04
7.000000000000000000e+00 -3.025765051827768886e-04
8.000000000000000000e+00 -2.969537147560649096e-04
9.000000000000000000e+00 -2.564889462275708808e-04
1.000000000000000000e+01 2.344962109199609393e-04
1.100000000000000000e+01 2.228523565703513433e-04
1.200000000000000000e+01 5.450483212583713761e-04
1.300000000000000000e+01 2.482881092294261685e-04
1.400000000000000000e+01 -1.572474709210953123e-04
1.500000000000000000e+01 -9.455689882838451112e-06
1.600000000000000000e+01 2.389415376635758536e-04
1.700000000000000000e+01 2.506769583215515866e-04
1.800000000000000000e+01 -2.592617874137437424e-04
1.900000000000000000e+01 2.412291406006181204e-04
1.000000000000000000e+00 -3.917052954015097358e-04
2.000000000000000000e+00 5.943155004293595123e-06
3.000000000000000000e+00 -3.956796344248683433e-04
4.000000000000000000e+00 -3.952855024130892615e-04
5.000000000000000000e+00 -3.955359872223976076e-04
6.000000000000000000e+00 -3.878569812194296632e-04
7.000000000000000000e+00 -3.675301423047879889e-04
8.000000000000000000e+00 -2.999736292825886936e-04
9.000000000000000000e+00 -3.834413008630053977e-04
1.000000000000000000e+01 7.149518847387670772e-04
1.100000000000000000e+01 -5.010133608921709877e-05
1.200000000000000000e+01 4.622054252766105687e-04
1.300000000000000000e+01 -1.751387386517473546e-04
1.400000000000000000e+01 -2.769500468397238140e-04
1.500000000000000000e+01 1.747568490861207461e-06
1.600000000000000000e+01 4.440947821491379580e-04
1.700000000000000000e+01 4.816636674660156850e-04
1.800000000000000000e+01 -2.375400442774093003e-04
1.900000000000000000e+01 7.002265307055080502e-04
1.000000000000000000e+00 -3.311304753294874769e-04
2.000000000000000000e+00 1.256636050186867948e-04
3.000000000000000000e+00 -3.332447009731248785e-04
4.000000000000000000e+00 -3.331279876211173854e-04
5.000000000000000000e+00 -3.332447009731248785e-04
6.000000000000000000e+00 -3.030005218595295405e-04
7.000000000000000000e+00 -3.238894516061355190e-04
8.000000000000000000e+00 -2.982118146220641896e-04
9.000000000000000000e+00 -3.280356194772786772e-04
1.000000000000000000e+01 7.577990202147517201e-04
1.100000000000000000e+01 3.890473669013922472e-04
1.200000000000000000e+01 2.047074021466958437e-04
1.300000000000000000e+01 5.137924293004540754e-05
1.400000000000000000e+01 -1.691212783588058903e-04
1.500000000000000000e+01 -7.069285541042926127e-06
1.600000000000000000e+01 1.395246409091968360e-04
1.700000000000000000e+01 4.731938421971815766e-04
1.800000000000000000e+01 -3.145113400956791694e-04
1.900000000000000000e+01 1.583447119318362787e-04
1.000000000000000000e+00 -3.180684735426998083e-04
2.000000000000000000e+00 -1.147947020024052070e-04
3.000000000000000000e+00 -3.214129883105339212e-04
4.000000000000000000e+00 -3.214129883105339212e-04
5.000000000000000000e+00 -3.213052529086808965e-04
6.000000000000000000e+00 -3.085989618322917526e-04
7.000000000000000000e+00 -3.166990657044544484e-04
8.000000000000000000e+00 -1.539075578509512259e-04
9.000000000000000000e+00 -2.610268773303266372e-04
1.000000000000000000e+01 3.243526172074966195e-04
1.100000000000000000e+01 3.583612408063736139e-04
1.200000000000000000e+01 2.203418735782294857e-04
1.300000000000000000e+01 3.638296927260760752e-04
1.400000000000000000e+01 -1.335947324469349536e-04
1.500000000000000000e+01 2.025860394833398981e-04
1.600000000000000000e+01 4.095558769179733264e-04
1.700000000000000000e+01 2.057130463824284161e-04
1.800000000000000000e+01 -2.988724872548109831e-04
1.900000000000000000e+01 8.435791861025240519e-05
1.000000000000000000e+00 -4.063274145198813659e-04
2.000000000000000000e+00 -1.039259359219102494e-04
3.000000000000000000e+00 -4.083254936012937542e-04
4.000000000000000000e+00 -4.081638904985141901e-04
5.000000000000000000e+00 -4.083254936012937542e-04
6.000000000000000000e+00 -4.004915156692766460e-04
7.000000000000000000e+00 -4.014118326435151809e-04
8.000000000000000000e+00 -3.651338288234945526e-04
9.000000000000000000e+00 -3.949398791113559442e-04
1.000000000000000000e+01 3.616058682530335212e-04
1.100000000000000000e+01 2.664365001209871532e-04
1.200000000000000000e+01 9.510395311536911386e-05
1.300000000000000000e+01 3.851334488906442335e-04
1.400000000000000000e+01 -2.485327906860786617e-04
1.500000000000000000e+01 6.764448356459825361e-04
1.600000000000000000e+01 2.317822464746572371e-04
1.700000000000000000e+01 5.241208266485805232e-04
1.800000000000000000e+01 -2.964312386905985312e-04
1.900000000000000000e+01 4.748328481852360865e-04
1.000000000000000000e+00 -3.677859368303853247e-04
2.000000000000000000e+00 3.506143948862442154e-04
3.000000000000000000e+00 -3.689575086478625427e-04
4.000000000000000000e+00 -3.689350637724764801e-04
5.000000000000000000e+00 -3.689575086478625427e-04
6.000000000000000000e+00 -3.659759518060116024e-04
7.000000000000000000e+00 -3.384950290432260666e-04
8.000000000000000000e+00 -2.808277303832803725e-04
9.000000000000000000e+00 -2.628331249803563820e-04
1.000000000000000000e+01 3.440155183330501250e-04
1.100000000000000000e+01 1.133450710395646590e-04
1.200000000000000000e+01 4.423017260028110163e-04
1.300000000000000000e+01 7.488802820221033424e-05
1.400000000000000000e+01 1.314605816562785807e-05
1.500000000000000000e+01 3.650341289986935378e-04
1.600000000000000000e+01 8.130205899503414727e-05
1.700000000000000000e+01 1.630321504526629559e-05
1.800000000000000000e+01 -1.624326402463957010e-04
1.900000000000000000e+01 1.427201427821830180e-05
1.000000000000000000e+00 -3.841877163978143074e-04
2.000000000000000000e+00 7.272471085739786497e-05
3.000000000000000000e+00 -3.852136434741615682e-04
4.000000000000000000e+00 -3.851769154962570775e-04
5.000000000000000000e+00 -3.851103290326117891e-04
6.000000000000000000e+00 -3.148960069012729035e-04
7.000000000000000000e+00 -3.798975579535485690e-04
8.000000000000000000e+00 -2.733297863335658047e-04
9.000000000000000000e+00 -2.958054432031264388e-04
1.000000000000000000e+01 1.628998196132372921e-04
1.100000000000000000e+01 4.629538993735641725e-04
1.200000000000000000e+01 4.325352911786683807e-05
1.300000000000000000e+01 8.214720307822999791e-05
1.400000000000000000e+01 -2.133946190275643395e-04
1.500000000000000000e+01 7.739061303673784456e-04
1.600000000000000000e+01 2.842303708382548058e-04
1.700000000000000000e+01 2.467334724657318590e-04
1.800000000000000000e+01 -3.108053459434340993e-04
1.900000000000000000e+01 2.759299461569665840e-04
1.000000000000000000e+00 -3.936252565736629637e-04
2.000000000000000000e+00 7.139956292419568631e-05
3.000000000000000000e+00 -4.013519434670165752e-04
4.000000000000000000e+00 -4.008759080645105479e-04
5.000000000000000000e+00 -4.010676417121265391e-04
6.000000000000000000e+00 -3.975530802931533992e-04
7.000000000000000000e+00 -3.952528767223099470e-04
8.000000000000000000e+00 -3.861485698510131685e-04
9.000000000000000000e+00 -3.901666894508801805e-04
1.000000000000000000e+01 1.938067524151911134e-04
1.100000000000000000e+01 3.953007651194326679e-04
1.200000000000000000e+01 2.425516260175495959e-04
1.300000000000000000e+01 1.694647798583572289e-04
1.400000000000000000e+01 -2.019203590049210514e-04
1.500000000000000000e+01 3.400109947132926567e-04
1.600000000000000000e+01 4.521235105659785142e-04
1.700000000000000000e+01 8.071464585519515234e-04
1.800000000000000000e+01 -2.004887938818782002e-04
1.900000000000000000e+01 -9.184089129162344806e-07
1.000000000000000000e+00 -3.108761667657639277e-04
2.000000000000000000e+00 -9.186955946163950207e-05
3.000000000000000000e+00 -3.646717176201383403e-04
4.000000000000000000e+00 -3.642901547385754384e-04
5.000000000000000000e+00 -3.646492727447522776e-04
6.000000000000000000e+00 -3.278543745673076536e-04
7.000000000000000000e+00 -2.351802098022999716e-04
8.000000000000000000e+00 -3.021166259156465752e-04
9.000000000000000000e+00 -3.435969260096324125e-04
1.000000000000000000e+01 2.084067679691850811e-04
1.100000000000000000e+01 1.692958523787946334e-04
1.200000000000000000e+01 4.498060028957094657e-04
1.300000000000000000e+01 3.957432026005055950e-04
1.400000000000000000e+01 -1.815883375069594701e-04
1.500000000000000000e+01 -1.013536101702508632e-04
1.600000000000000000e+01 1.883451961298689104e-04
1.700000000000000000e+01 6.613719262969187333e-04
1.800000000000000000e+01 6.346622745841445244e-06
1.900000000000000000e+01 1.391081150676177710e-04
1.000000000000000000e+00 -3.539384460664466228e-04
2.000000000000000000e+00 2.439846339722543734e-04
3.000000000000000000e+00 -3.579423329747453064e-04
4.000000000000000000e+00 -3.575083307025077295e-04
5.000000000000000000e+00 -3.579423329747453064e-04
6.000000000000000000e+00 -3.312003099890042197e-04
7.000000000000000000e+00 -3.065066836049222445e-04
8.000000000000000000e+00 -2.687475628626082545e-04
9.000000000000000000e+00 -2.460991889473257790e-04
1.000000000000000000e+01 -1.147382381125589110e-04
1.100000000000000000e+01 5.401076929698438449e-05
1.200000000000000000e+01 7.879501000237458400e-04
1.300000000000000000e+01 1.400799133004061801e-04
1.400000000000000000e+01 -1.619793362764545197e-04
1.500000000000000000e+01 1.690175142985651726e-04
1.600000000000000000e+01 2.953593300549521485e-04
1.700000000000000000e+01 4.370076058606423616e-04
1.800000000000000000e+01 -2.907742582608949201e-04
1.900000000000000000e+01 1.284608878955498896e-04
1.000000000000000000e+00 -4.048156015238647278e-04
2.000000000000000000e+00 1.300181401993703433e-04
3.000000000000000000e+00 -4.074017117255211815e-04
4.000000000000000000e+00 -4.067552993144028708e-04
5.000000000000000000e+00 -4.072027004970981616e-04
6.000000000000000000e+00 -4.016586893158321115e-04
7.000000000000000000e+00 -4.035312630021312456e-04
8.000000000000000000e+00 -2.769099926427851768e-04
9.000000000000000000e+00 -3.306487532696842139e-04
1.000000000000000000e+01 2.113964155284883879e-04
1.100000000000000000e+01 3.514127063316728949e-04
1.200000000000000000e+01 -3.621282275981561145e-05
1.300000000000000000e+01 6.048233975603085595e-04
1.400000000000000000e+01 -3.338071949237214620e-04
1.500000000000000000e+01 2.408478898504108926e-04
1.600000000000000000e+01 1.911451895737615353e-05
1.700000000000000000e+01 5.138334151727427541e-04
1.800000000000000000e+01 -9.868602085227639101e-05
1.900000000000000000e+01 4.339951468277393194e-04
1.000000000000000000e+00 -3.180579461148134003e-04
2.000000000000000000e+00 1.322621299511802032e-04
3.000000000000000000e+00 -3.187953849649972980e-04
4.000000000000000000e+00 -3.185739288611882697e-04
5.000000000000000000e+00 -3.184665675405916677e-04
6.000000000000000000e+00 -3.113504699155930969e-04
7.000000000000000000e+00 -3.153543951269486873e-04
8.000000000000000000e+00 -2.897046159845224531e-04
9.000000000000000000e+00 -3.009557763165651711e-04
1.000000000000000000e+01 4.163508300815659392e-04
1.100000000000000000e+01 6.723589634264526456e-05
1.200000000000000000e+01 2.986783039331436561e-04
1.300000000000000000e+01 3.380077516763593717e-04
1.400000000000000000e+01 -5.528509289986230585e-05
1.500000000000000000e+01 -1.936649524961360763e-04
1.600000000000000000e+01 -5.767153562327959304e-05
1.700000000000000000e+01 5.011558534864787385e-04
1.800000000000000000e+01 -2.494091801906899212e-04
1.900000000000000000e+01 4.707659209308399386e-04
1.000000000000000000e+00 -4.118045732287587204e-04
2.000000000000000000e+00 1.598840008389519304e-04
3.000000000000000000e+00 -4.136400607260109206e-04
4.000000000000000000e+00 -4.134335678724592312e-04
5.000000000000000000e+00 -4.129098541134513926e-04
6.000000000000000000e+00 -3.043901631634198727e-04
7.000000000000000000e+00 -3.414576044749272326e-04
8.000000000000000000e+00 -3.696514007027792005e-04
9.000000000000000000e+00 -3.971016019081403188e-04
1.000000000000000000e+01 4.784382163803027567e-04
1.100000000000000000e+01 1.074255086759958586e-05
1.200000000000000000e+01 -1.911024915417375506e-05
1.300000000000000000e+01 -4.586927673815138751e-05
1.400000000000000000e+01 -2.192376797542653830e-04
1.500000000000000000e+01 1.879614456189717070e-04
1.600000000000000000e+01 8.512943985195936796e-04
1.700000000000000000e+01 3.359187077657815748e-04
1.800000000000000000e+01 -2.017742873603589745e-04
1.900000000000000000e+01 5.363691771788771205e-04
1.000000000000000000e+00 -2.737064968089211758e-04
2.000000000000000000e+00 -1.301596173861008189e-04
3.000000000000000000e+00 -2.760098923011711225e-04
4.000000000000000000e+00 -2.741724051695663446e-04
5.000000000000000000e+00 -2.759874474257851141e-04
6.000000000000000000e+00 -2.202502298016260115e-04
7.000000000000000000e+00 -2.751962723699041499e-04
8.000000000000000000e+00 -2.463744134009863453e-04
9.000000000000000000e+00 -2.392959118371907061e-04
1.000000000000000000e+01 2.103872192355627586e-04
1.100000000000000000e+01 3.933449890542597776e-04
1.200000000000000000e+01 3.406669338294364608e-04
1.300000000000000000e+01 2.742454155847720543e-04
1.400000000000000000e+01 -2.064342045169944813e-04
1.500000000000000000e+01 2.561338215330361749e-04
1.600000000000000000e+01 -6.112008499327820077e-05
1.700000000000000000e+01 4.029639393994574712e-04
1.800000000000000000e+01 -2.192602513741750676e-04
1.900000000000000000e+01 2.257110426081629232e-04
1.000000000000000000e+00 -4.020843732807878796e-04
2.000000000000000000e+00 -1.694385826736877546e-04
3.000000000000000000e+00 -4.042242683478538233e-04
4.000000000000000000e+00 -4.041800587448206631e-04
5.000000000000000000e+00 -4.038846025670115572e-04
6.000000000000000000e+00 -3.745793477015325976e-04
7.000000000000000000e+00 -3.990265585983233292e-04
8.000000000000000000e+00 -2.735329470446627395e-04
9.000000000000000000e+00 -3.860346938907723664e-04
1.000000000000000000e+01 3.283051601432800744e-04
1.100000000000000000e+01 4.173534256660127732e-04
1.200000000000000000e+01 4.207536108170934126e-04
1.300000000000000000e+01 5.508901342488872407e-04
1.400000000000000000e+01 1.668285469445306775e-04
1.500000000000000000e+01 -1.404573370899633378e-04
1.600000000000000000e+01 1.624395891536519314e-05
1.700000000000000000e+01 6.676079626286965558e-04
1.800000000000000000e+01 -1.449911219888044692e-04
1.900000000000000000e+01 6.251552099922144678e-05
1.000000000000000000e+00 -3.390498182628963095e-04
2.000000000000000000e+00 2.435550306354707312e-04
3.000000000000000000e+00 -3.399757441888222298e-04
4.000000000000000000e+00 -3.394505341047885922e-04
5.000000000000000000e+00 -3.397632660351676158e-04
6.000000000000000000e+00 -3.337105632912883710e-04
7.000000000000000000e+00 -3.362598099968818442e-04
8.000000000000000000e+00 -3.288620689207351908e-04
9.000000000000000000e+00 -2.950809196288963366e-04
1.000000000000000000e+01 2.001809839804529151e-04
1.100000000000000000e+01 4.103294842555391185e-04
1.200000000000000000e+01 5.079447830787474361e-04
1.300000000000000000e+01 -4.447263845287337079e-05
1.400000000000000000e+01 1.372069102519780546e-04
1.500000000000000000e+01 -1.285256069365607362e-04
1.600000000000000000e+01 1.017495019546467839e-04
1.700000000000000000e+01 3.378892559886903318e-04
1.800000000000000000e+01 -2.511733847777258919e-04
1.900000000000000000e+01 3.074299928711975442e-04
1.000000000000000000e+00 -3.760483222035516829e-04
2.000000000000000000e+00 -9.259676600285135126e-05
3.000000000000000000e+00 -3.812420806185986091e-04
4.000000000000000000e+00 -3.805373115314765789e-04
5.000000000000000000e+00 -3.807088447912451517e-04
6.000000000000000000e+00 -3.211980396922047335e-04
7.000000000000000000e+00 -3.769197676478262468e-04
8.000000000000000000e+00 -3.623822846167693490e-04
9.000000000000000000e+00 -3.628044991951978647e-04
1.000000000000000000e+01 2.288698083296816527e-04
1.100000000000000000e+01 1.033661506394535200e-04
1.200000000000000000e+01 2.302336650677511045e-04
1.300000000000000000e+01 9.947045115400110157e-05
1.400000000000000000e+01 -1.773177286186348241e-04
1.500000000000000000e+01 2.917424905222298762e-04
1.600000000000000000e+01 5.437871303104641367e-04
1.700000000000000000e+01 4.419232795715384902e-04
1.800000000000000000e+01 -2.520654304119187726e-04
1.900000000000000000e+01 7.013613469110701378e-04
1.000000000000000000e+00 -3.598378562766734855e-04
2.000000000000000000e+00 1.105868517708951776e-04
3.000000000000000000e+00 -3.621362455235921699e-04
4.000000000000000000e+00 -3.618654106939337822e-04
5.000000000000000000e+00 -3.618669070189595269e-04
6.000000000000000000e+00 -2.930272699904680369e-04
7.000000000000000000e+00 -3.590352796775282684e-04
8.000000000000000000e+00 -3.065483715019859325e-04
9.000000000000000000e+00 -3.011362316874438864e-04
1.000000000000000000e+01 3.052772513821122948e-04
1.100000000000000000e+01 1.601978008752817802e-04
1.200000000000000000e+01 3.285497163869818284e-04
1.300000000000000000e+01 2.000178107143436997e-04
1.400000000000000000e+01 1.900525078073981981e-04
1.500000000000000000e+01 -1.570151735161346069e-04
1.600000000000000000e+01 1.428369846012117049e-04
1.700000000000000000e+01 4.663025149214246540e-04
1.800000000000000000e+01 -3.340809100844208557e-04
1.900000000000000000e+01 4.436940087539011524e-04
1.000000000000000000e+00 -3.143251744382347004e-04
2.000000000000000000e+00 2.433113804138394422e-04
3.000000000000000000e+00 -3.186642177478662030e-04
4.000000000000000000e+00 -3.173025619744457575e-04
5.000000000000000000e+00 -3.186642177478662030e-04
6.000000000000000000e+00 -2.073117434779881666e-04
7.000000000000000000e+00 -3.166176940101660077e-04
8.000000000000000000e+00 -3.092076725682818116e-04
9.000000000000000000e+00 -3.083779762116246989e-04
1.000000000000000000e+01 1.950088985224930497e-04
1.100000000000000000e+01 -4.289461077340891965e-05
1.200000000000000000e+01 2.013861891734974635e-04
1.300000000000000000e+01 2.137884083177602390e-04
1.400000000000000000e+01 -1.552152688209761371e-04
1.500000000000000000e+01 4.864325057585658130e-05
1.600000000000000000e+01 -8.814826497913078387e-05
1.700000000000000000e+01 5.378391178506256596e-04
1.800000000000000000e+01 -1.918207238378088542e-04
1.900000000000000000e+01 6.354591688510105411e-04
1.000000000000000000e+00 -3.261981262102255216e-04
2.000000000000000000e+00 7.028348778432226329e-06
3.000000000000000000e+00 -3.266552489712698927e-04
4.000000000000000000e+00 -3.262350809040429826e-04
5.000000000000000000e+00 -3.264061108544847223e-04
6.000000000000000000e+00 -2.453773810512451014e-04
7.000000000000000000e+00 -3.117381671424233175e-04
8.000000000000000000e+00 -3.060654629403074039e-04
9.000000000000000000e+00 -3.200814510371778219e-04
1.000000000000000000e+01 3.821081175300426996e-04
1.100000000000000000e+01 3.949158471843736205e-04
1.200000000000000000e+01 3.441755145948680776e-04
1.300000000000000000e+01 1.499944410379705495e-04
1.400000000000000000e+01 -1.861973715396323726e-04
1.500000000000000000e+01 -1.644673915438413787e-05
1.600000000000000000e+01 6.479608473017447676e-05
1.700000000000000000e+01 6.916030681440453638e-04
1.800000000000000000e+01 -2.666988262900805203e-04
1.900000000000000000e+01 1.812934001438496552e-04
1.000000000000000000e+00 -3.015456366135383748e-04
2.000000000000000000e+00 8.116160606714891505e-06
3.000000000000000000e+00 -3.052377959429525842e-04
4.000000000000000000e+00 -3.051210825909450911e-04
5.000000000000000000e+00 -3.051929061921804590e-04
6.000000000000000000e+00 -2.926356689473050125e-04
7.000000000000000000e+00 -1.538190822021733169e-04
8.000000000000000000e+00 -2.813661992597312356e-04
9.000000000000000000e+00 -2.832785868513905425e-04
1.000000000000000000e+01 5.576028693286791708e-04
1.100000000000000000e+01 1.965533379199805447e-04
1.200000000000000000e+01 1.563819663061249662e-04
1.300000000000000000e+01 4.990588660725630904e-04
1.400000000000000000e+01 -1.155299725429082106e-04
1.500000000000000000e+01 -3.501784586843210149e-06
1.600000000000000000e+01 8.075212142692048188e-05
1.700000000000000000e+01 3.302604768182845351e-04
1.800000000000000000e+01 -2.230836848897275375e-04
1.900000000000000000e+01 3.690526372210415880e-05
1.000000000000000000e+00 -3.449799234265735746e-04
2.000000000000000000e+00 1.829594062368435428e-04
3.000000000000000000e+00 -3.541397178804856394e-04
4.000000000000000000e+00 -3.540364714537097947e-04
5.000000000000000000e+00 -3.538173667177983575e-04
6.000000000000000000e+00 -2.558822111431195635e-04
7.000000000000000000e+00 -3.286550975816238422e-04
8.000000000000000000e+00 -2.961126828150265392e-04
9.000000000000000000e+00 -2.860519006505115843e-04
1.000000000000000000e+01 2.209667967494292212e-04
1.100000000000000000e+01 1.547503699221597655e-04
1.200000000000000000e+01 6.265122608993199107e-04
1.300000000000000000e+01 3.062562849657057530e-05
1.400000000000000000e+01 -2.575144871368706921e-04
1.500000000000000000e+01 1.861048995925889576e-04
1.600000000000000000e+01 4.897502208622910806e-04
1.700000000000000000e+01 1.362845824698769622e-04
1.800000000000000000e+01 -2.352322687075750576e-04
1.900000000000000000e+01 2.312645077685046384e-04
1.000000000000000000e+00 -3.097207834071817188e-04
2.000000000000000000e+00 -1.161396113775637625e-04
3.000000000000000000e+00 -3.212880741411391146e-04
4.000000000000000000e+00 -3.206985220809988328e-04
5.000000000000000000e+00 -3.209573863104512627e-04
6.000000000000000000e+00 -3.177099869233460019e-04
7.000000000000000000e+00 -3.183434911020182213e-04
8.000000000000000000e+00 -2.799670721583724284e-04
9.000000000000000000e+00 -3.095578051104498976e-04
1.000000000000000000e+01 1.765479388438513642e-04
1.100000000000000000e+01 3.728714348684357372e-04
1.200000000000000000e+01 2.885614864618405947e-04
1.300000000000000000e+01 4.441683920506211275e-04
1.400000000000000000e+01 -2.482185002956743824e-04
1.500000000000000000e+01 -7.337512585784885998e-06
1.600000000000000000e+01 2.161408483492079677e-04
1.700000000000000000e+01 6.543651518201666411e-04
1.800000000000000000e+01 -5.693637645610811294e-05
1.900000000000000000e+01 8.918299557080957673e-05
1.000000000000000000e+00 -3.681081991458008901e-04
2.000000000000000000e+00 4.930108824590348797e-04
3.000000000000000000e+00 -3.704006688402313591e-04
4.000000000000000000e+00 -3.703116375012000081e-04
5.000000000000000000e+00 -3.701283376855472808e-04
6.000000000000000000e+00 -3.644747796422833437e-04
7.000000000000000000e+00 -3.595984273919815418e-04
8.000000000000000000e+00 -3.643340389378171753e-04
9.000000000000000000e+00 -3.047404541370661276e-04
1.000000000000000000e+01 5.947493030791963908e-04
1.100000000000000000e+01 2.631176072987428645e-04
1.200000000000000000e+01 3.979773443180873219e-04
1.300000000000000000e+01 4.824378750417332754e-05
1.400000000000000000e+01 -1.917695280504003619e-04
1.500000000000000000e+01 -1.306648944323528434e-04
1.600000000000000000e+01 -1.005913523397384125e-04
1.700000000000000000e+01 3.641490450051480181e-04
1.800000000000000000e+01 -3.043286272689827722e-04
1.900000000000000000e+01 3.805118100314458258e-04
1.000000000000000000e+00 -3.605989568937289732e-04
2.000000000000000000e+00 1.122858839265212925e-04
3.000000000000000000e+00 -3.648833888742393787e-04
4.000000000000000000e+00 -3.648833888742393787e-04
5.000000000000000000e+00 -3.648160542480811909e-04
6.000000000000000000e+00 -3.619051035430128531e-04
7.000000000000000000e+00 -3.552449608534583784e-04
8.000000000000000000e+00 -3.412459395277563784e-04
9.000000000000000000e+00 -3.570103251188226504e-04
1.000000000000000000e+01 1.234193731055243325e-04
1.100000000000000000e+01 3.127251454624583476e-04
1.200000000000000000e+01 1.955221627219157514e-04
1.300000000000000000e+01 2.281173068490933466e-04
1.400000000000000000e+01 -1.353888524556833386e-04
1.500000000000000000e+01 2.773794046140442703e-04
1.600000000000000000e+01 4.208102930487836761e-04
1.700000000000000000e+01 3.217458216500380095e-04
1.800000000000000000e+01 -1.776254575115608571e-04
1.900000000000000000e+01 3.151655031522068110e-04
1.000000000000000000e+00 -3.403358825559655784e-04
2.000000000000000000e+00 3.462827020531754709e-04
3.000000000000000000e+00 -3.417103251068787074e-04
4.000000000000000000e+00 -3.414820675256799746e-04
5.000000000000000000e+00 -3.414469719023490433e-04
6.000000000000000000e+00 -2.420661511979989549e-04
7.000000000000000000e+00 -3.290944227002523407e-04
8.000000000000000000e+00 -3.233086886988292092e-04
9.000000000000000000e+00 -2.451050376927678171e-04
1.000000000000000000e+01 1.754508903731766181e-04
1.100000000000000000e+01 2.209547851938105096e-04
1.200000000000000000e+01 1.732557398145107670e-04
1.300000000000000000e+01 -1.622733833672295595e-04
1.400000000000000000e+01 -3.051198445738211615e-04
1.500000000000000000e+01 1.592248563914103068e-04
1.600000000000000000e+01 2.765260268483670371e-04
1.700000000000000000e+01 3.643650514322869355e-04
1.800000000000000000e+01 -2.557593706510223413e-04
1.900000000000000000e+01 6.585977761825631245e-04
1.000000000000000000e+00 -3.149340278357503644e-04
2.000000000000000000e+00 3.944095657387627191e-04
3.000000000000000000e+00 -3.153797836084046898e-04
4.000000000000000000e+00 -3.149712868763785453e-04
5.000000000000000000e+00 -3.153797836084046898e-04
6.000000000000000000e+00 -2.338984878776160625e-04
7.000000000000000000e+00 -3.069105839627344246e-04
8.000000000000000000e+00 -1.860697281954081038e-04
9.000000000000000000e+00 -3.064123077291640838e-04
1.000000000000000000e+01 9.844644159875444315e-05
1.100000000000000000e+01 4.676484491821677648e-06
1.200000000000000000e+01 9.163694896716391143e-05
1.300000000000000000e+01 1.476787793133813422e-04
1.400000000000000000e+01 -1.284086903550617123e-04
1.500000000000000000e+01 6.217514149553998249e-05
1.600000000000000000e+01 6.345818951974432475e-04
1.700000000000000000e+01 1.059047787355806122e-04
1.800000000000000000e+01 -2.197543012236230140e-04
1.900000000000000000e+01 2.287106470122571636e-04
1.000000000000000000e+00 -2.994968844921238639e-04
2.000000000000000000e+00 -1.906475091995536763e-04
3.000000000000000000e+00 -3.015317368946233479e-04
4.000000000000000000e+00 -3.014150235426158548e-04
5.000000000000000000e+00 -3.014644022684651601e-04
6.000000000000000000e+00 -2.954954393142081152e-04
7.000000000000000000e+00 -3.005079396523386735e-04
8.000000000000000000e+00 -2.897003620735673574e-04
9.000000000000000000e+00 -2.954560088826208063e-04
1.000000000000000000e+01 5.268050821448465705e-04
1.100000000000000000e+01 3.336436471229948966e-04
1.200000000000000000e+01 2.510963989820479440e-04
1.300000000000000000e+01 1.203798604521163172e-04
1.400000000000000000e+01 -1.736053964292615310e-04
1.500000000000000000e+01 2.111114524926130864e-04
1.600000000000000000e+01 2.001488254752461636e-04
1.700000000000000000e+01 3.319105344807430150e-04
1.800000000000000000e+01 -9.741830302204898952e-05
1.900000000000000000e+01 2.611111910672536673e-04
1.000000000000000000e+00 -3.279843510768094112e-04
2.000000000000000000e+00 1.016159588898846855e-04
3.000000000000000000e+00 -3.551462686799034983e-04
4.000000000000000000e+00 -3.530439320187433116e-04
5.000000000000000000e+00 -3.548066028990612322e-04
6.000000000000000000e+00 -2.542902234984107572e-04
7.000000000000000000e+00 -2.430978867785804241e-04
8.000000000000000000e+00 -2.571641075035515723e-04
9.000000000000000000e+00 -3.451916583792724418e-04
1.000000000000000000e+01 1.754041853148798047e-04
1.100000000000000000e+01 2.102913957751871555e-04
1.200000000000000000e+01 6.198128535852362334e-05
1.300000000000000000e+01 1.385311504280496340e-04
1.400000000000000000e+01 5.930126605374168709e-05
1.500000000000000000e+01 6.918491793237250816e-05
1.600000000000000000e+01 -3.525033747759216641e-05
1.700000000000000000e+01 4.428466321704563856e-04
1.800000000000000000e+01 -1.909525140454873125e-04
1.900000000000000000e+01 6.256871969143394229e-04
1.000000000000000000e+00 -3.762181510679807111e-04
2.000000000000000000e+00 -1.873134566792177035e-04
3.000000000000000000e+00 -3.784583740802625624e-04
4.000000000000000000e+00 -3.780693295735709910e-04
5.000000000000000000e+00 -3.761232908628264087e-04
6.000000000000000000e+00 -3.455272082184244228e-04
7.000000000000000000e+00 -3.733078056944000539e-04
8.000000000000000000e+00 -2.811929987511617305e-04
9.000000000000000000e+00 -2.763434546859313960e-04
1.000000000000000000e+01 4.490965599218555283e-04
1.100000000000000000e+01 2.985640192931294005e-04
1.200000000000000000e+01 4.412208202114398714e-04
1.300000000000000000e+01 4.922116807236166699e-05
1.400000000000000000e+01 -1.635672466891351714e-04
1.500000000000000000e+01 5.714152974582110880e-04
1.600000000000000000e+01 4.652588379288369086e-04
1.700000000000000000e+01 3.154175746593596138e-04
1.800000000000000000e+01 -3.467819669054206916e-04
1.900000000000000000e+01 5.385095454075421865e-07
1.000000000000000000e+00 -3.626428374732653119e-04
2.000000000000000000e+00 -2.228833301218174491e-05
3.000000000000000000e+00 -3.647898792736684894e-04
4.000000000000000000e+00 -3.647898792736684894e-04
5.000000000000000000e+00 -3.643813825416423449e-04
6.000000000000000000e+00 -3.580055312428218669e-04
7.000000000000000000e+00 -3.593342077859591733e-04
8.000000000000000000e+00 -3.224025857134057353e-04
9.000000000000000000e+00 -3.574761330681155719e-04
1.000000000000000000e+01 3.670379984785428640e-04
1.100000000000000000e+01 4.431369503640668014e-04
1.200000000000000000e+01 7.636251062010292884e-04
1.300000000000000000e+01 6.138006877787538290e-04
1.400000000000000000e+01 -2.040478965456545089e-04
1.500000000000000000e+01 -1.143307022584744197e-04
1.600000000000000000e+01 -1.534950553148315658e-04
1.700000000000000000e+01 3.936855422037271839e-04
1.800000000000000000e+01 -3.365395461826491412e-04
1.900000000000000000e+01 3.304248814481773665e-04
1.000000000000000000e+00 -2.890257173771774556e-04
2.000000000000000000e+00 1.064699890599875225e-05
3.000000000000000000e+00 -3.445994547392551609e-04
4.000000000000000000e+00 -3.445102193559021150e-04
5.000000000000000000e+00 -3.440742446552215775e-04
6.000000000000000000e+00 -2.982129119066339283e-04
7.000000000000000000e+00 -3.430225807884316265e-04
8.000000000000000000e+00 -2.622312117407383635e-04
9.000000000000000000e+00 -3.390956561594761780e-04
1.000000000000000000e+01 2.747240450742022993e-04
1.100000000000000000e+01 2.993941352176897742e-04
1.200000000000000000e+01 -6.857633274311545066e-06
1.300000000000000000e+01 -4.260415365074097561e-05
1.400000000000000000e+01 -1.446223150382112152e-04
1.500000000000000000e+01 3.420720367480712342e-04
1.600000000000000000e+01 4.227731586738486770e-04
1.700000000000000000e+01 3.262838730129770880e-04
1.800000000000000000e+01 -2.022251536906148367e-04
1.900000000000000000e+01 5.007545449102203091e-04
1.000000000000000000e+00 -3.179313255364724284e-04
2.000000000000000000e+00 1.125254527222165174e-05
3.000000000000000000e+00 -3.186812564334621590e-04
4.000000000000000000e+00 -3.185645430814546659e-04
5.000000000000000000e+00 -3.186812564334621590e-04
6.000000000000000000e+00 -3.114919043911689453e-04
7.000000000000000000e+00 -3.114573412263536606e-04
8.000000000000000000e+00 -3.044462811690751020e-04
9.000000000000000000e+00 -3.143284106590477317e-04
1.000000000000000000e+01 3.053732419343417061e-04
1.100000000000000000e+01 3.487331744768446982e-04
1.200000000000000000e+01 6.755093717519592940e-05
1.300000000000000000e+01 1.246163336362132485e-04
1.400000000000000000e+01 -2.010490470319560401e-04
1.500000000000000000e+01 1.463181546696191982e-04
1.600000000000000000e+01 4.840409105218980391e-04
1.700000000000000000e+01 1.192822753778757631e-04
1.800000000000000000e+01 -1.973148943844299898e-04
1.900000000000000000e+01 5.618693011417151854e-04
1.000000000000000000e+00 -2.729849620871317370e-04
2.000000000000000000e+00 3.682936371339116076e-05
3.000000000000000000e+00 -3.343880923031489270e-04
4.000000000000000000e+00 -3.341157611484648488e-04
5.000000000000000000e+00 -3.340612949175280331e-04
6.000000000000000000e+00 -2.764974913729637538e-04
7.000000000000000000e+00 -3.317564277492154965e-04
8.000000000000000000e+00 -3.173309845597666675e-04
9.000000000000000000e+00 -3.256577227271911117e-04
1.000000000000000000e+01 5.727927247237987957e-04
1.100000000000000000e+01 3.168818322050322937e-04
1.200000000000000000e+01 3.470180794970577440e-04
1.300000000000000000e+01 1.680425413255056354e-04
1.400000000000000000e+01 -3.278744113321850270e-04
1.500000000000000000e+01 -1.716707944359087553e-04
1.600000000000000000e+01 2.328755703082579847e-04
1.700000000000000000e+01 2.475276502085307787e-04
1.800000000000000000e+01 -2.379192908026288680e-04
1.900000000000000000e+01 6.004221370642046909e-04
1.000000000000000000e+00 -2.828165466066122108e-04
2.000000000000000000e+00 9.419129790127018706e-05
3.000000000000000000e+00 -2.855539916234690152e-04
4.000000000000000000e+00 -2.855091018726968900e-04
5.000000000000000000e+00 -2.855539916234690152e-04
6.000000000000000000e+00 -1.885297213734954402e-04
7.000000000000000000e+00 -2.848469780488083951e-04
8.000000000000000000e+00 -2.269215493609957857e-04
9.000000000000000000e+00 -2.532488557644115620e-04
1.000000000000000000e+01 3.441406432494029244e-06
1.100000000000000000e+01 2.109569648443107201e-04
1.200000000000000000e+01 3.541376285051730101e-04
1.300000000000000000e+01 -2.556992957014476140e-05
1.400000000000000000e+01 -2.945232164312257912e-05
1.500000000000000000e+01 2.257971852056868802e-04
1.600000000000000000e+01 3.071301070788191412e-04
1.700000000000000000e+01 2.017828689540732340e-04
1.800000000000000000e+01 -2.654011758778650762e-04
1.900000000000000000e+01 3.610706200408097762e-04
1.000000000000000000e+00 -3.561529251900005539e-04
2.000000000000000000e+00 -7.375634779218737331e-05
3.000000000000000000e+00 -3.596843502244017601e-04
4.000000000000000000e+00 -3.593475773386092527e-04
5.000000000000000000e+00 -3.586639925863970859e-04
6.000000000000000000e+00 -2.837298875093524479e-04
7.000000000000000000e+00 -3.123747698265860783e-04
8.000000000000000000e+00 -3.116293282285534480e-04
9.000000000000000000e+00 -2.713754103573386275e-04
1.000000000000000000e+01 1.314629640684533468e-04
1.100000000000000000e+01 1.346159526134375526e-04
1.200000000000000000e+01 4.902786300190264479e-04
1.300000000000000000e+01 8.411187773835460916e-05
1.400000000000000000e+01 4.294214690066520582e-05
1.500000000000000000e+01 2.852361249503775910e-04
1.600000000000000000e+01 2.576600132849524529e-04
1.700000000000000000e+01 5.303163100610190379e-04
1.800000000000000000e+01 -1.203278235751895742e-04
1.900000000000000000e+01 6.552616027377639691e-05
1.000000000000000000e+00 -2.354840333599395367e-04
2.000000000000000000e+00 -7.367055924224031683e-05
3.000000000000000000e+00 -3.177562682057037788e-04
4.000000000000000000e+00 -3.176171099783102231e-04
5.000000000000000000e+00 -3.176746504770272170e-04
6.000000000000000000e+00 -3.163399421570247685e-04
7.000000000000000000e+00 -3.132604100333750302e-04
8.000000000000000000e+00 -3.057373901927965746e-04
9.000000000000000000e+00 -2.517909426815547239e-04
1.000000000000000000e+01 4.017959254190251405e-04
1.100000000000000000e+01 2.868356500594920557e-05
1.200000000000000000e+01 1.846053460869870972e-04
1.300000000000000000e+01 1.115443139249828932e-04
1.400000000000000000e+01 -1.979550012537015268e-04
1.500000000000000000e+01 2.324439734581053676e-04
1.600000000000000000e+01 6.427182278012156299e-04
1.700000000000000000e+01 2.666504163621221920e-04
1.800000000000000000e+01 -2.393112483133154659e-04
1.900000000000000000e+01 3.355572646915201663e-04
1.000000000000000000e+00 -3.099493557853486209e-04
2.000000000000000000e+00 8.130305059610276456e-05
3.000000000000000000e+00 -3.159034507100317701e-04
4.000000000000000000e+00 -3.159034507100317701e-04
5.000000000000000000e+00 -2.995411365535999813e-04
6.000000000000000000e+00 -3.131145049063800766e-04
7.000000000000000000e+00 -3.129590367362060062e-04
8.000000000000000000e+00 -3.049263821607238164e-04
9.000000000000000000e+00 -3.020158547972360739e-04
1.000000000000000000e+01 7.543738957240717329e-05
1.100000000000000000e+01 1.084618440955288833e-04
1.200000000000000000e+01 3.135959423213529555e-04
1.300000000000000000e+01 1.394626934970088160e-04
1.400000000000000000e+01 -2.263622535774757478e-04
1.500000000000000000e+01 2.658056326954422416e-04
1.600000000000000000e+01 4.597586627466924850e-04
1.700000000000000000e+01 3.079805736691751676e-04
1.800000000000000000e+01 -2.532856303366091467e-04
1.900000000000000000e+01 5.320763469382132176e-04
1.000000000000000000e+00 -3.293400355873565897e-04
2.000000000000000000e+00 1.754053167174354593e-04
3.000000000000000000e+00 -3.468339399242333933e-04
4.000000000000000000e+00 -3.468339399242333933e-04
5.000000000000000000e+00 -3.466688000532111894e-04
6.000000000000000000e+00 -3.135675486746489020e-04
7.000000000000000000e+00 -3.323406077405898201e-04
8.000000000000000000e+00 -3.368610523893342300e-04
9.000000000000000000e+00 -3.367943199581428402e-04
1.000000000000000000e+01 1.468869429229849072e-04
1.100000000000000000e+01 1.217087854216662978e-04
1.200000000000000000e+01 2.734899319850249313e-04
1.300000000000000000e+01 3.707530205096257691e-04
1.400000000000000000e+01 6.391575448589882017e-05
1.500000000000000000e+01 3.429417125971587525e-05
1.600000000000000000e+01 3.186051298732127867e-04
1.700000000000000000e+01 2.749055819775805321e-04
1.800000000000000000e+01 -1.696325516321859662e-04
1.900000000000000000e+01 2.443412787184960069e-04
1.000000000000000000e+00 -3.321557335576938571e-04
2.000000000000000000e+00 5.230845788881034091e-04
3.000000000000000000e+00 -3.514798277518676735e-04
4.000000000000000000e+00 -3.512464010478527415e-04
5.000000000000000000e+00 -3.487565162050267282e-04
6.000000000000000000e+00 -2.995498541307175708e-04
7.000000000000000000e+00 -3.480199502111077986e-04
8.000000000000000000e+00 -1.481577549445007647e-04
9.000000000000000000e+00 -2.823123634719466629e-04
1.000000000000000000e+01 1.108280676120242049e-04
1.100000000000000000e+01 3.048787678578888352e-04
1.200000000000000000e+01 1.345457763727252165e-04
1.300000000000000000e+01 6.309341751718982141e-05
1.400000000000000000e+01 9.884871712947539048e-05
1.500000000000000000e+01 1.995723979588094873e-05
1.600000000000000000e+01 2.468723661849571167e-04
1.700000000000000000e+01 3.584930041388644201e-04
1.800000000000000000e+01 -2.573220620678598990e-04
1.900000000000000000e+01 -2.051410141394283094e-04
1.000000000000000000e+00 -3.273256365760890971e-04
2.000000000000000000e+00 -1.739370791482515227e-04
3.000000000000000000e+00 -3.337403819614227361e-04
4.000000000000000000e+00 -3.337403819614227361e-04
5.000000000000000000e+00 -3.337179370860366735e-04
6.000000000000000000e+00 -3.322679981360977222e-04
7.000000000000000000e+00 -2.583062614374120598e-04
8.000000000000000000e+00 -3.246896987510756853e-04
9.000000000000000000e+00 -3.188398928224882105e-04
1.000000000000000000e+01 1.803417823134811264e-04
1.100000000000000000e+01 4.740516915910996743e-04
1.200000000000000000e+01 3.105491601407125101e-04
1.300000000000000000e+01 6.063212673469862892e-04
1.400000000000000000e+01 -1.230309883919946800e-04
1.500000000000000000e+01 1.231246257052755243e-04
1.600000000000000000e+01 1.135225005209286874e-04
1.700000000000000000e+01 7.377569393128432206e-04
1.800000000000000000e+01 -1.289277249454373196e-04
1.900000000000000000e+01 -2.074275055936947230e-04
1.000000000000000000e+00 -3.725703923111331429e-04
2.000000000000000000e+00 2.339821274426016483e-04
3.000000000000000000e+00 -3.820490106472650528e-04
4.000000000000000000e+00 -3.814449034255107678e-04
5.000000000000000000e+00 -3.816405139152389083e-04
6.000000000000000000e+00 -3.504228963405241833e-04
7.000000000000000000e+00 -3.741715622060911629e-04
8.000000000000000000e+00 -3.032064230424225820e-04
9.000000000000000000e+00 -3.296969350669622643e-04
1.000000000000000000e+01 2.126382995824243444e-04
1.100000000000000000e+01 4.551281497733306127e-06
1.200000000000000000e+01 -1.813146119600139190e-05
1.300000000000000000e+01 1.271341216975641823e-04
1.400000000000000000e+01 -2.093067355084334870e-04
1.500000000000000000e+01 -1.216178024219392086e-04
1.600000000000000000e+01 3.106231827754458714e-04
1.700000000000000000e+01 4.585557409749055954e-04
1.800000000000000000e+01 -1.061591879066908832e-05
1.900000000000000000e+01 8.995439292872949456e-04
1.000000000000000000e+00 -3.375174322563297569e-04
2.000000000000000000e+00 -4.032348606483566545e-05
3.000000000000000000e+00 -3.382310821296435075e-04
4.000000000000000000e+00 -3.382310821296435075e-04
5.000000000000000000e+00 -3.382310821296435075e-04
6.000000000000000000e+00 -3.333358548079455976e-04
7.000000000000000000e+00 -3.330636052709901539e-04
8.000000000000000000e+00 -3.250497336727142133e-04
9.000000000000000000e+00 -3.310051080693040952e-04
1.000000000000000000e+01 8.508856400112020310e-04
1.100000000000000000e+01 1.911866962928880480e-04
1.200000000000000000e+01 2.923707216822995537e-04
1.300000000000000000e+01 4.014478423290151663e-04
1.400000000000000000e+01 -2.750756084801038188e-04
1.500000000000000000e+01 4.907979999092716304e-05
1.600000000000000000e+01 2.501029397595709277e-04
1.700000000000000000e+01 2.142127067879767254e-04
1.800000000000000000e+01 -8.560912506177496839e-05
1.900000000000000000e+01 1.972560600085174185e-05
1.000000000000000000e+00 -3.369091533562472256e-04
2.000000000000000000e+00 -4.164477655574204277e-05
3.000000000000000000e+00 -3.492747124903821808e-04
4.000000000000000000e+00 -3.492747124903821808e-04
5.000000000000000000e+00 -3.491579991383747419e-04
6.000000000000000000e+00 -3.389760514564270116e-04
7.000000000000000000e+00 -3.435068012077649967e-04
8.000000000000000000e+00 -3.351020387588849272e-04
9.000000000000000000e+00 -2.725973340457178641e-04
1.000000000000000000e+01 5.874067058581535633e-04
1.100000000000000000e+01 3.392526184377712192e-04
1.200000000000000000e+01 2.183928898902733192e-04
1.300000000000000000e+01 3.464857723906173673e-05
1.400000000000000000e+01 2.777623779030937814e-05
1.500000000000000000e+01 2.582335703811927089e-04
1.600000000000000000e+01 1.287128896970434688e-05
1.700000000000000000e+01 3.370069702020402264e-04
1.800000000000000000e+01 -1.909795373603209560e-04
1.900000000000000000e+01 2.767950861897647253e-04
