1.000000000000000000e+00 -7.817473007161177597e-04
2.000000000000000000e+00 1.345261471365293742e-03
3.000000000000000000e+00 -7.864136053070075547e-04
4.000000000000000000e+00 -7.861322962021690623e-04
5.000000000000000000e+00 -7.854736139258397098e-04
6.000000000000000000e+00 -7.798009502087082474e-04
7.000000000000000000e+00 -7.740842096792926704e-04
8.000000000000000000e+00 -5.741348839246447578e-04
9.000000000000000000e+00 -7.070651602433633857e-04
1.000000000000000000e+01 7.325805467372490439e-04
1.100000000000000000e+01 3.813441984848827044e-04
1.200000000000000000e+01 1.118968110645851988e-03
1.300000000000000000e+01 5.418355631691338910e-04
1.400000000000000000e+01 -6.190926658606719533e-04
1.500000000000000000e+01 2.824792379102982636e-04
1.600000000000000000e+01 2.216153167068252465e-04
1.700000000000000000e+01 5.355299899107655295e-04
1.800000000000000000e+01 -6.425539275975399294e-04
1.900000000000000000e+01 7.025288181808786317e-04
1.000000000000000000e+00 -7.354628490809854121e-04
2.000000000000000000e+00 9.701309425996388963e-04
3.000000000000000000e+00 -8.406110762020929271e-04
4.000000000000000000e+00 -8.405958408927399587e-04
5.000000000000000000e+00 -8.393706227557571004e-04
6.000000000000000000e+00 -6.866854312225263582e-04
7.000000000000000000e+00 -8.335317234819839428e-04
8.000000000000000000e+00 -6.811351879446920663e-04
9.000000000000000000e+00 -8.188188888760450541e-04
1.000000000000000000e+01 3.674749914372154322e-04
1.100000000000000000e+01 7.175912859846853226e-04
1.200000000000000000e+01 4.658000954390464150e-04
1.300000000000000000e+01 6.977591295327965426e-04
1.400000000000000000e+01 -6.349093148802855986e-04
1.500000000000000000e+01 1.774014832350703037e-04
1.600000000000000000e+01 6.883017137740178593e-04
1.700000000000000000e+01 1.064581305307685808e-03
1.800000000000000000e+01 -6.401844246002228421e-04
1.900000000000000000e+01 8.750483287531140479e-04
1.000000000000000000e+00 -8.393125966225647647e-04
2.000000000000000000e+00 7.114568098931192165e-04
3.000000000000000000e+00 -8.441381486880705646e-04
4.000000000000000000e+00 -8.441048020160683927e-04
5.000000000000000000e+00 -8.433638004872517566e-04
6.000000000000000000e+00 -8.341513454327098781e-04
7.000000000000000000e+00 -7.429010804341955668e-04
8.000000000000000000e+00 -8.178577155098783018e-04
9.000000000000000000e+00 -8.335543669403820731e-04
1.000000000000000000e+01 2.893600428658719384e-04
1.100000000000000000e+01 8.495829238033490152e-04
1.200000000000000000e+01 2.192154327375073750e-04
1.300000000000000000e+01 -1.713941498141100168e-04
1.400000000000000000e+01 -6.656291558997456340e-04
1.500000000000000000e+01 8.552622590709010961e-04
1.600000000000000000e+01 1.349779822978012514e-03
1.700000000000000000e+01 1.118598815839575746e-03
1.800000000000000000e+01 -3.536001753726112653e-04
1.900000000000000000e+01 8.329008029025824437e-04
1.000000000000000000e+00 -6.161603125695282396e-04
2.000000000000000000e+00 9.194364552139724575e-04
3.000000000000000000e+00 -7.564908282359019158e-04
4.000000000000000000e+00 -7.564908282359019158e-04
5.000000000000000000e+00 -7.564541002579974792e-04
6.000000000000000000e+00 -6.816889751838357651e-04
7.000000000000000000e+00 -7.492163035594164586e-04
8.000000000000000000e+00 -6.086363727396396821e-04
9.000000000000000000e+00 -6.355254685100380141e-04
1.000000000000000000e+01 4.992889687628186300e-04
1.100000000000000000e+01 9.423636545954707541e-05
1.200000000000000000e+01 6.427252374398069077e-05
1.300000000000000000e+01 -3.937539005579958470e-05
1.400000000000000000e+01 -4.910075954776342263e-04
1.500000000000000000e+01 -9.246504404836677752e-06
1.600000000000000000e+01 9.451155473988485326e-04
1.700000000000000000e+01 1.651235787576237058e-04
1.800000000000000000e+01 -4.464153017194570096e-04
1.900000000000000000e+01 2.379697534914277865e-03
1.000000000000000000e+00 -7.681964690616720605e-04
2.000000000000000000e+00 8.248458665651604979e-04
3.000000000000000000e+00 -7.837459985730362965e-04
4.000000000000000000e+00 -7.837046455905068111e-04
5.000000000000000000e+00 -7.829617882300024144e-04
6.000000000000000000e+00 -7.784035469070552278e-04
7.000000000000000000e+00 -7.785539635228079514e-04
8.000000000000000000e+00 -6.504048435597565951e-04
9.000000000000000000e+00 -7.791743942902975596e-04
1.000000000000000000e+01 4.013761202193848491e-04
1.100000000000000000e+01 9.650615637424452171e-04
1.200000000000000000e+01 8.039435726479736335e-04
1.300000000000000000e+01 8.165835928716291348e-04
1.400000000000000000e+01 1.953980273802163685e-04
1.500000000000000000e+01 5.913769648886707097e-04
1.600000000000000000e+01 1.662207137948535371e-04
1.700000000000000000e+01 3.243122556894231876e-04
1.800000000000000000e+01 -5.969104693909400459e-04
1.900000000000000000e+01 2.130630747236714401e-04
1.000000000000000000e+00 -7.818447971667296173e-04
2.000000000000000000e+00 1.065082237878470575e-03
3.000000000000000000e+00 -7.950365475783680068e-04
4.000000000000000000e+00 -7.949939023151344174e-04
5.000000000000000000e+00 -7.932963215734360404e-04
6.000000000000000000e+00 -7.717266168979891030e-04
7.000000000000000000e+00 -7.736850572930541745e-04
8.000000000000000000e+00 -6.888484408511484896e-04
9.000000000000000000e+00 -6.627083113110560607e-04
1.000000000000000000e+01 2.483377957776022383e-04
1.100000000000000000e+01 1.118147427934151113e-03
1.200000000000000000e+01 3.842167714830163009e-04
1.300000000000000000e+01 7.882348526714231217e-04
1.400000000000000000e+01 -5.060886762237135506e-04
1.500000000000000000e+01 -2.617510527791868454e-04
1.600000000000000000e+01 2.305526435803210593e-04
1.700000000000000000e+01 1.172273636411300547e-03
1.800000000000000000e+01 -5.474054125347407916e-04
1.900000000000000000e+01 8.122206314045406304e-04
1.000000000000000000e+00 -7.473744515542400484e-04
2.000000000000000000e+00 5.573906140516440063e-04
3.000000000000000000e+00 -7.711120435866499270e-04
4.000000000000000000e+00 -7.710970803363925881e-04
5.000000000000000000e+00 -7.704080226620408506e-04
6.000000000000000000e+00 -7.657563109024859713e-04
7.000000000000000000e+00 -7.676625538451434770e-04
8.000000000000000000e+00 -7.441476996711505684e-04
9.000000000000000000e+00 -6.753188117640063302e-04
1.000000000000000000e+01 9.970875192235636834e-04
1.100000000000000000e+01 4.385732243082503495e-04
1.200000000000000000e+01 1.237538977164362496e-03
1.300000000000000000e+01 5.984822183013138817e-04
1.400000000000000000e+01 -2.313912232856893706e-04
1.500000000000000000e+01 -2.407572644574830381e-04
1.600000000000000000e+01 6.843074171427713809e-04
1.700000000000000000e+01 3.386763630710383434e-04
1.800000000000000000e+01 -6.166813186986535135e-04
1.900000000000000000e+01 8.320565805899709198e-04
1.000000000000000000e+00 -7.098848582311144666e-04
2.000000000000000000e+00 3.784635098003767163e-04
3.000000000000000000e+00 -7.246676180068713918e-04
4.000000000000000000e+00 -7.245042193140609991e-04
5.000000000000000000e+00 -7.233059622334509463e-04
6.000000000000000000e+00 -6.988557040461685493e-04
7.000000000000000000e+00 -7.200435856692536177e-04
8.000000000000000000e+00 -6.258418406096654535e-04
9.000000000000000000e+00 -7.091331048620641564e-04
1.000000000000000000e+01 9.957723713795972337e-04
1.100000000000000000e+01 1.612787300674527777e-04
1.200000000000000000e+01 1.062280250761140016e-03
1.300000000000000000e+01 -2.952672316773163733e-04
1.400000000000000000e+01 -4.335639389825094586e-04
1.500000000000000000e+01 2.943274415257343115e-04
1.600000000000000000e+01 1.040922101345145932e-03
1.700000000000000000e+01 4.471226972413531878e-04
1.800000000000000000e+01 -4.988079971952566905e-04
1.900000000000000000e+01 9.995963054943554551e-04
1.000000000000000000e+00 -7.553819645469900864e-04
2.000000000000000000e+00 5.484813387699934715e-04
3.000000000000000000e+00 -7.649330833150850585e-04
4.000000000000000000e+00 -7.646589390808567876e-04
5.000000000000000000e+00 -7.646577595103495450e-04
6.000000000000000000e+00 -6.430017684971419322e-04
7.000000000000000000e+00 -7.527009793921136602e-04
8.000000000000000000e+00 -7.261096474055352785e-04
9.000000000000000000e+00 -7.592219439642398102e-04
1.000000000000000000e+01 1.446133043306749733e-03
1.100000000000000000e+01 8.320817052592547822e-04
1.200000000000000000e+01 4.738554580413757386e-04
1.300000000000000000e+01 1.800143969491688895e-04
1.400000000000000000e+01 -4.839092551098843667e-04
1.500000000000000000e+01 -2.796894629418655723e-04
1.600000000000000000e+01 6.370379091538813220e-04
1.700000000000000000e+01 1.470441680721055544e-03
1.800000000000000000e+01 -7.429120851643567728e-04
1.900000000000000000e+01 4.631066742260317426e-04
1.000000000000000000e+00 -7.980190392201364337e-04
2.000000000000000000e+00 7.411086707076087348e-05
3.000000000000000000e+00 -8.009502065070459812e-04
4.000000000000000000e+00 -8.009202800065313033e-04
5.000000000000000000e+00 -8.007556842537002497e-04
6.000000000000000000e+00 -7.894262810212857506e-04
7.000000000000000000e+00 -7.870906967616819348e-04
8.000000000000000000e+00 -5.533112271299302221e-04
9.000000000000000000e+00 -6.664896685785992028e-04
1.000000000000000000e+01 5.905713657340396459e-04
1.100000000000000000e+01 1.204368967988606086e-03
1.200000000000000000e+01 8.575359452573562023e-04
1.300000000000000000e+01 9.643799030600887483e-04
1.400000000000000000e+01 -3.112141197646567750e-04
1.500000000000000000e+01 2.669102568312581151e-04
1.600000000000000000e+01 7.785754144715719641e-04
1.700000000000000000e+01 8.010549920937720886e-04
1.800000000000000000e+01 -7.571047866003656609e-04
1.900000000000000000e+01 9.881541103195984669e-05
1.000000000000000000e+00 -4.845346932705753935e-04
2.000000000000000000e+00 1.040544624031927251e-04
3.000000000000000000e+00 -4.870610657724380645e-04
4.000000000000000000e+00 -4.870610657724380645e-04
5.000000000000000000e+00 -4.870610657724380645e-04
6.000000000000000000e+00 -4.742779707939649638e-04
7.000000000000000000e+00 -4.811760874609891775e-04
8.000000000000000000e+00 -4.101583204085582860e-04
9.000000000000000000e+00 -4.741635151233394309e-04
1.000000000000000000e+01 5.888572816336495918e-04
1.100000000000000000e+01 1.548327099041347014e-04
1.200000000000000000e+01 2.532229564178662871e-04
1.300000000000000000e+01 3.245038180005936049e-04
1.400000000000000000e+01 -3.382812428053898982e-04
1.500000000000000000e+01 6.679079523567511053e-04
1.600000000000000000e+01 3.783598214990314393e-04
1.700000000000000000e+01 3.706824513476372697e-04
1.800000000000000000e+01 -3.851414103013271794e-04
1.900000000000000000e+01 8.296754039623361167e-04
1.000000000000000000e+00 -7.908565537543139337e-04
2.000000000000000000e+00 1.609887028222736381e-03
3.000000000000000000e+00 -8.064860312792849649e-04
4.000000000000000000e+00 -8.063388473085715893e-04
5.000000000000000000e+00 -8.060461117217182893e-04
6.000000000000000000e+00 -8.005122629193120497e-04
7.000000000000000000e+00 -6.712901972476666103e-04
8.000000000000000000e+00 -6.505472458324462141e-04
9.000000000000000000e+00 -6.497146022371054746e-04
1.000000000000000000e+01 1.310715447064128613e-03
1.100000000000000000e+01 1.110782501827028789e-04
1.200000000000000000e+01 6.012596238076645247e-04
1.300000000000000000e+01 4.057952077034878455e-04
1.400000000000000000e+01 -1.600776206588183995e-04
1.500000000000000000e+01 6.693921971040383764e-04
1.600000000000000000e+01 -3.492646172113712409e-05
1.700000000000000000e+01 3.120462260068850957e-04
1.800000000000000000e+01 -3.781342950181893164e-04
1.900000000000000000e+01 -1.323208124302958694e-04
1.000000000000000000e+00 -7.486652296598720951e-04
2.000000000000000000e+00 8.223971352804347427e-04
3.000000000000000000e+00 -7.562141346790151805e-04
4.000000000000000000e+00 -7.559435583054976678e-04
5.000000000000000000e+00 -7.558381150015250089e-04
6.000000000000000000e+00 -6.415282651874734763e-04
7.000000000000000000e+00 -7.465347434440126016e-04
8.000000000000000000e+00 -5.970127901823635069e-04
9.000000000000000000e+00 -6.295229522442939230e-04
1.000000000000000000e+01 3.960587064927034999e-04
1.100000000000000000e+01 9.887599641442014042e-04
1.200000000000000000e+01 -5.852745529150594811e-07
1.300000000000000000e+01 2.375370716115817219e-04
1.400000000000000000e+01 -3.835664950416306333e-04
1.500000000000000000e+01 8.409908302110923745e-04
1.600000000000000000e+01 7.577606311108282117e-04
1.700000000000000000e+01 7.541158338988630198e-04
1.800000000000000000e+01 -5.902464085650966849e-04
1.900000000000000000e+01 3.847819131571465247e-04
1.000000000000000000e+00 -6.345125956577937591e-04
2.000000000000000000e+00 8.734324395500214300e-04
3.000000000000000000e+00 -6.572734809624466209e-04
4.000000000000000000e+00 -6.570692325964335757e-04
5.000000000000000000e+00 -6.567946569542107991e-04
6.000000000000000000e+00 -6.453260239169503372e-04
7.000000000000000000e+00 -6.460907855120967633e-04
8.000000000000000000e+00 -6.461565936633216793e-04
9.000000000000000000e+00 -6.448042731938691263e-04
1.000000000000000000e+01 5.305061138303622699e-04
1.100000000000000000e+01 5.837324738569056462e-04
1.200000000000000000e+01 4.589782222602523261e-04
1.300000000000000000e+01 6.117491699142994007e-05
1.400000000000000000e+01 -3.641055674264240282e-04
1.500000000000000000e+01 2.923710239672300932e-04
1.600000000000000000e+01 5.579653056510895095e-04
1.700000000000000000e+01 1.266132482163680618e-03
1.800000000000000000e+01 -3.854685050870926234e-04
1.900000000000000000e+01 7.185112438386831782e-05
1.000000000000000000e+00 -6.262148596311246842e-04
2.000000000000000000e+00 2.755023966298761010e-06
3.000000000000000000e+00 -7.372409715933463678e-04
4.000000000000000000e+00 -7.372409715933463678e-04
5.000000000000000000e+00 -7.368061822930108791e-04
6.000000000000000000e+00 -6.087533520792175233e-04
7.000000000000000000e+00 -4.998509579603355483e-04
8.000000000000000000e+00 -6.010860672093654850e-04
9.000000000000000000e+00 -7.277178621358881914e-04
1.000000000000000000e+01 2.468303968614361495e-04
1.100000000000000000e+01 1.529024474296352602e-04
1.200000000000000000e+01 9.733257044216605787e-04
1.300000000000000000e+01 5.276247184628610112e-04
1.400000000000000000e+01 -3.271927971585620546e-04
1.500000000000000000e+01 -2.024546956806954202e-04
1.600000000000000000e+01 4.375676023265980289e-04
1.700000000000000000e+01 1.608947794401984410e-03
1.800000000000000000e+01 -1.346980062072015620e-05
1.900000000000000000e+01 5.252698444086937668e-04
1.000000000000000000e+00 -7.467380633095307323e-04
2.000000000000000000e+00 1.652787723769048129e-03
3.000000000000000000e+00 -7.562979020308870093e-04
4.000000000000000000e+00 -7.561379992974548306e-04
5.000000000000000000e+00 -7.544840160258244749e-04
6.000000000000000000e+00 -6.110667899858435127e-04
7.000000000000000000e+00 -6.349409838427362996e-04
8.000000000000000000e+00 -6.374164210520670429e-04
9.000000000000000000e+00 -5.590869508822381628e-04
1.000000000000000000e+01 -3.274680704146765067e-04
1.100000000000000000e+01 3.235851176962688410e-04
1.200000000000000000e+01 1.206114999952481812e-03
1.300000000000000000e+01 2.462230534805232365e-04
1.400000000000000000e+01 -3.146824090323407604e-04
1.500000000000000000e+01 1.580898412249914504e-05
1.600000000000000000e+01 5.800613551959362367e-04
1.700000000000000000e+01 5.187031023672123873e-04
1.800000000000000000e+01 -4.764652983787187319e-04
1.900000000000000000e+01 5.984648690625571019e-04
1.000000000000000000e+00 -6.423338240421246070e-04
2.000000000000000000e+00 9.044767385242108394e-04
3.000000000000000000e+00 -6.476351298093860342e-04
4.000000000000000000e+00 -6.476351298093860342e-04
5.000000000000000000e+00 -6.475229054324557754e-04
6.000000000000000000e+00 -6.349515511331602947e-04
7.000000000000000000e+00 -6.431154800691480473e-04
8.000000000000000000e+00 -5.160854372647537052e-04
9.000000000000000000e+00 -5.479506751990136267e-04
1.000000000000000000e+01 3.544483563952485370e-04
1.100000000000000000e+01 6.019094455573273340e-04
1.200000000000000000e+01 1.177018734741402667e-05
1.300000000000000000e+01 1.002217609621808454e-03
1.400000000000000000e+01 -5.546929999012197325e-04
1.500000000000000000e+01 1.483585258913877472e-04
1.600000000000000000e+01 3.801358425362582412e-04
1.700000000000000000e+01 3.740150756789642375e-04
1.800000000000000000e+01 -2.538005206815344985e-04
1.900000000000000000e+01 7.859139844000184857e-04
1.000000000000000000e+00 -8.115959269146633213e-04
2.000000000000000000e+00 8.302220553374626199e-04
3.000000000000000000e+00 -8.207566581911159356e-04
4.000000000000000000e+00 -8.205398406948866564e-04
5.000000000000000000e+00 -8.183689927519798880e-04
6.000000000000000000e+00 -8.100272722765242996e-04
7.000000000000000000e+00 -8.139655928916472803e-04
8.000000000000000000e+00 -7.964969768192146525e-04
9.000000000000000000e+00 -8.095337282006788773e-04
1.000000000000000000e+01 1.160311796663596661e-03
1.100000000000000000e+01 7.204585132175917893e-04
1.200000000000000000e+01 7.507521251665727827e-04
1.300000000000000000e+01 4.715903623445096785e-04
1.400000000000000000e+01 -3.254932021359747832e-04
1.500000000000000000e+01 -4.725178055359863195e-04
1.600000000000000000e+01 -2.806148990650312930e-04
1.700000000000000000e+01 1.071119963807719982e-03
1.800000000000000000e+01 -6.283418671953135311e-04
1.900000000000000000e+01 1.628008681725263496e-03
1.000000000000000000e+00 -6.558317039733781292e-04
2.000000000000000000e+00 7.512767312513847972e-04
3.000000000000000000e+00 -6.636111521940028833e-04
4.000000000000000000e+00 -6.636111521940028833e-04
5.000000000000000000e+00 -6.631293355357155720e-04
6.000000000000000000e+00 -3.381003542360023258e-04
7.000000000000000000e+00 -5.312248429694582967e-04
8.000000000000000000e+00 -6.377588664603961498e-04
9.000000000000000000e+00 -6.274816026015680830e-04
1.000000000000000000e+01 3.753528807174898977e-04
1.100000000000000000e+01 -5.142241603506334348e-05
1.200000000000000000e+01 -1.318375447419953457e-04
1.300000000000000000e+01 -2.601412369009091291e-04
1.400000000000000000e+01 -5.137878631338348373e-04
1.500000000000000000e+01 3.307721939540183838e-04
1.600000000000000000e+01 1.436342545376438629e-03
1.700000000000000000e+01 5.428206754492388144e-04
1.800000000000000000e+01 -2.491929445672114705e-04
1.900000000000000000e+01 1.201907836746531327e-03
1.000000000000000000e+00 -7.630400249819445585e-04
2.000000000000000000e+00 -2.373124329568642018e-04
3.000000000000000000e+00 -7.828065475312675440e-04
4.000000000000000000e+00 -7.818234619893585109e-04
5.000000000000000000e+00 -7.822490984444067583e-04
6.000000000000000000e+00 -5.945853634913916223e-04
7.000000000000000000e+00 -7.804633679646986533e-04
8.000000000000000000e+00 -6.834412424257252372e-04
9.000000000000000000e+00 -6.285599790515057714e-04
1.000000000000000000e+01 6.607870995399584436e-04
1.100000000000000000e+01 6.458951565110316283e-04
1.200000000000000000e+01 1.214736412101103790e-03
1.300000000000000000e+01 6.014093500623531431e-04
1.400000000000000000e+01 -6.400530741617184525e-04
1.500000000000000000e+01 7.657359313871212091e-04
1.600000000000000000e+01 -1.804767437603611044e-04
1.700000000000000000e+01 1.091273538909941655e-03
1.800000000000000000e+01 -5.726416713530123890e-04
1.900000000000000000e+01 9.609708676929306454e-04
1.000000000000000000e+00 -8.635069500085708295e-04
2.000000000000000000e+00 -1.680913513411036447e-05
3.000000000000000000e+00 -8.746537031283631259e-04
4.000000000000000000e+00 -8.741284930443294883e-04
5.000000000000000000e+00 -8.737020404119945696e-04
6.000000000000000000e+00 -7.375927699102170906e-04
7.000000000000000000e+00 -8.688151808507652398e-04
8.000000000000000000e+00 -6.983190660619333556e-04
9.000000000000000000e+00 -8.526729482519500086e-04
1.000000000000000000e+01 8.236856311321440497e-04
1.100000000000000000e+01 6.344801680103794635e-04
1.200000000000000000e+01 7.466135643093875507e-04
1.300000000000000000e+01 1.301003885367522364e-03
1.400000000000000000e+01 4.253312152677207335e-04
1.500000000000000000e+01 -1.898405993135759105e-04
1.600000000000000000e+01 3.195363198727692072e-04
1.700000000000000000e+01 1.451103618943030103e-03
1.800000000000000000e+01 -5.406287334232003474e-04
1.900000000000000000e+01 4.454640190982317471e-05
1.000000000000000000e+00 -8.379126726563722359e-04
2.000000000000000000e+00 1.373477569691020604e-03
3.000000000000000000e+00 -8.448436547099033318e-04
4.000000000000000000e+00 -8.447987649591312065e-04
5.000000000000000000e+00 -8.435747710880785177e-04
6.000000000000000000e+00 -8.288060562011913442e-04
7.000000000000000000e+00 -8.309046693432679169e-04
8.000000000000000000e+00 -8.348481559276398458e-04
9.000000000000000000e+00 -6.983682894598223145e-04
1.000000000000000000e+01 3.194309248019675321e-04
1.100000000000000000e+01 1.037615593891574135e-03
1.200000000000000000e+01 1.222106084856778001e-03
1.300000000000000000e+01 -1.401336717786319031e-04
1.400000000000000000e+01 2.336293263568512476e-04
1.500000000000000000e+01 -2.308523304335672319e-04
1.600000000000000000e+01 2.056201218614108546e-04
1.700000000000000000e+01 8.081410566176535585e-04
1.800000000000000000e+01 -5.148990459775624464e-04
1.900000000000000000e+01 6.722608607286824920e-04
1.000000000000000000e+00 -8.334823735424090000e-04
2.000000000000000000e+00 1.363155977674111437e-04
3.000000000000000000e+00 -8.476159616791278462e-04
4.000000000000000000e+00 -8.475643384657398968e-04
5.000000000000000000e+00 -8.471994392037818277e-04
6.000000000000000000e+00 -7.362147967065343045e-04
7.000000000000000000e+00 -8.422978644842799402e-04
8.000000000000000000e+00 -8.227667640358125390e-04
9.000000000000000000e+00 -8.339350799441494488e-04
1.000000000000000000e+01 2.506333415492915592e-04
1.100000000000000000e+01 3.361066458799686187e-04
1.200000000000000000e+01 1.917112197424505080e-04
1.300000000000000000e+01 -1.169918242360128483e-04
1.400000000000000000e+01 -5.851598287335684498e-04
1.500000000000000000e+01 1.133383213769116301e-03
1.600000000000000000e+01 1.250832293847489859e-03
1.700000000000000000e+01 1.160112120233035369e-03
1.800000000000000000e+01 -5.474801183813137948e-04
1.900000000000000000e+01 1.862062844888655398e-03
1.000000000000000000e+00 -7.242275929641228205e-04
2.000000000000000000e+00 4.264144633860023265e-04
3.000000000000000000e+00 -7.282621772070404110e-04
4.000000000000000000e+00 -7.282472139567829636e-04
5.000000000000000000e+00 -7.271623783131238306e-04
6.000000000000000000e+00 -6.120586178855759972e-04
7.000000000000000000e+00 -7.213691956043064317e-04
8.000000000000000000e+00 -5.925471378665290827e-04
9.000000000000000000e+00 -5.859734901704541886e-04
1.000000000000000000e+01 6.824494672628915850e-04
1.100000000000000000e+01 6.057595042695153439e-04
1.200000000000000000e+01 6.576664612174569144e-04
1.300000000000000000e+01 3.300429454651525210e-04
1.400000000000000000e+01 1.533240322721605682e-04
1.500000000000000000e+01 -3.546365061969236490e-04
1.600000000000000000e+01 2.140158626877434968e-04
1.700000000000000000e+01 9.317920688588800498e-04
1.800000000000000000e+01 -6.699556667857870310e-04
1.900000000000000000e+01 1.049416096928753065e-03
1.000000000000000000e+00 -7.017590494586131364e-04
2.000000000000000000e+00 9.970361751697116078e-04
3.000000000000000000e+00 -7.167690814205729963e-04
4.000000000000000000e+00 -7.162760876677753399e-04
5.000000000000000000e+00 -7.161735440603297356e-04
6.000000000000000000e+00 -5.170345934549373020e-04
7.000000000000000000e+00 -7.117090543017223379e-04
8.000000000000000000e+00 -6.947312832010521001e-04
9.000000000000000000e+00 -7.088574736927887900e-04
1.000000000000000000e+01 5.294244524270837714e-04
1.100000000000000000e+01 1.348768727496144949e-04
1.200000000000000000e+01 3.608777147754746559e-04
1.300000000000000000e+01 8.754089717648473471e-04
1.400000000000000000e+01 -2.840303374510867707e-04
1.500000000000000000e+01 -1.187786628011008758e-04
1.600000000000000000e+01 -3.370130730578802279e-05
1.700000000000000000e+01 1.195825488574871935e-03
1.800000000000000000e+01 -3.870927023901102803e-04
1.900000000000000000e+01 8.333602700290122832e-04
1.000000000000000000e+00 -7.482628557461905696e-04
2.000000000000000000e+00 3.048938255735941165e-04
3.000000000000000000e+00 -7.518411751858545926e-04
4.000000000000000000e+00 -7.518321972357001242e-04
5.000000000000000000e+00 -7.512474402171196190e-04
6.000000000000000000e+00 -6.373187419571888293e-04
7.000000000000000000e+00 -7.460873225570019288e-04
8.000000000000000000e+00 -7.345810517632661921e-04
9.000000000000000000e+00 -7.437005678680763720e-04
1.000000000000000000e+01 9.450200298988719813e-04
1.100000000000000000e+01 1.261951722455206858e-03
1.200000000000000000e+01 9.023176439142356533e-04
1.300000000000000000e+01 7.649286991563132533e-04
1.400000000000000000e+01 -4.447625382212191340e-04
1.500000000000000000e+01 -4.705796256858140272e-04
1.600000000000000000e+01 1.049692239486905694e-04
1.700000000000000000e+01 1.300128441744941845e-03
1.800000000000000000e+01 -6.109858421071861535e-04
1.900000000000000000e+01 4.436608583257111967e-04
1.000000000000000000e+00 -7.900723763726216070e-04
2.000000000000000000e+00 3.056986034786931508e-04
3.000000000000000000e+00 -7.983508321475759695e-04
4.000000000000000000e+00 -7.982700986109600135e-04
5.000000000000000000e+00 -7.976542248333215197e-04
6.000000000000000000e+00 -7.861421195822733193e-04
7.000000000000000000e+00 -4.010966260713127226e-04
8.000000000000000000e+00 -7.703403463552273766e-04
9.000000000000000000e+00 -7.579494307167627693e-04
1.000000000000000000e+01 9.966163056086547838e-04
1.100000000000000000e+01 8.815262152792931877e-04
1.200000000000000000e+01 9.574029548214436913e-04
1.300000000000000000e+01 1.217859838188188517e-03
1.400000000000000000e+01 -2.742949835118400166e-04
1.500000000000000000e+01 -3.889851521148791273e-04
1.600000000000000000e+01 4.237616353496482017e-04
1.700000000000000000e+01 7.304939227505936276e-04
1.800000000000000000e+01 -4.953567525325762574e-04
1.900000000000000000e+01 8.411381374158878686e-05
1.000000000000000000e+00 -7.770303710268759495e-04
2.000000000000000000e+00 8.496012102067433550e-04
3.000000000000000000e+00 -7.883249124772297037e-04
4.000000000000000000e+00 -7.882665558012260385e-04
5.000000000000000000e+00 -7.874630292624052895e-04
6.000000000000000000e+00 -7.086622948655194650e-04
7.000000000000000000e+00 -7.709003852773450025e-04
8.000000000000000000e+00 -6.568179219351034243e-04
9.000000000000000000e+00 -7.002052177807376390e-04
1.000000000000000000e+01 2.212846382874904391e-04
1.100000000000000000e+01 2.116537546698855985e-04
1.200000000000000000e+01 1.132705095665762548e-03
1.300000000000000000e+01 2.512532064662082132e-05
1.400000000000000000e+01 -5.086905458998623253e-04
1.500000000000000000e+01 7.972831577773886779e-04
1.600000000000000000e+01 1.516343826268534570e-03
1.700000000000000000e+01 3.933384269969429246e-04
1.800000000000000000e+01 -6.157778478765016167e-04
1.900000000000000000e+01 5.260379706580112485e-04
1.000000000000000000e+00 -6.791260071857847932e-04
2.000000000000000000e+00 -7.906706703316593115e-05
3.000000000000000000e+00 -6.888729639521742540e-04
4.000000000000000000e+00 -6.887838645983690227e-04
5.000000000000000000e+00 -6.884120278294734345e-04
6.000000000000000000e+00 -6.827055403652829320e-04
7.000000000000000000e+00 -6.845477159819683514e-04
8.000000000000000000e+00 -5.805302269285899600e-04
9.000000000000000000e+00 -6.710936824649096650e-04
1.000000000000000000e+01 4.016618164476774117e-04
1.100000000000000000e+01 1.102524196070776277e-03
1.200000000000000000e+01 6.958484960396867525e-04
1.300000000000000000e+01 8.891987629462309384e-04
1.400000000000000000e+01 -5.046104614906952220e-04
1.500000000000000000e+01 2.641786016569348892e-04
1.600000000000000000e+01 2.450622010007594319e-04
1.700000000000000000e+01 1.361015214458136504e-03
1.800000000000000000e+01 -4.119029920999112983e-04
1.900000000000000000e+01 1.792247154895369927e-04
1.000000000000000000e+00 -7.322949627432028463e-04
2.000000000000000000e+00 2.475522421735327615e-03
3.000000000000000000e+00 -7.461361723039502958e-04
4.000000000000000000e+00 -7.460583634026120032e-04
5.000000000000000000e+00 -7.448852445824343102e-04
6.000000000000000000e+00 -7.321851243893168779e-04
7.000000000000000000e+00 -7.362177060829630960e-04
8.000000000000000000e+00 -7.233439956689864843e-04
9.000000000000000000e+00 -6.106089919938568556e-04
1.000000000000000000e+01 1.306886072786303836e-03
1.100000000000000000e+01 6.947019281800678953e-04
1.200000000000000000e+01 5.887991232032252758e-04
1.300000000000000000e+01 -1.297700490815319695e-04
1.400000000000000000e+01 -4.295504223237912324e-04
1.500000000000000000e+01 -4.082896190079819644e-04
1.600000000000000000e+01 -1.969871146279524509e-04
1.700000000000000000e+01 4.898801042737481026e-04
1.800000000000000000e+01 -5.665443847323163064e-04
1.900000000000000000e+01 4.166586938790357527e-04
1.000000000000000000e+00 -5.366479429620529644e-04
2.000000000000000000e+00 5.716643888951379289e-04
3.000000000000000000e+00 -5.413773052456870207e-04
4.000000000000000000e+00 -5.413630221431685926e-04
5.000000000000000000e+00 -5.413773052456870207e-04
6.000000000000000000e+00 -5.360699764089463379e-04
7.000000000000000000e+00 -5.376217418962861124e-04
8.000000000000000000e+00 -5.345774356147290230e-04
9.000000000000000000e+00 -5.392509707051367299e-04
1.000000000000000000e+01 3.074305848074549330e-04
1.100000000000000000e+01 2.394590492347148012e-04
1.200000000000000000e+01 4.029397301375057931e-04
1.300000000000000000e+01 2.144715949132203984e-04
1.400000000000000000e+01 -3.158372493178509969e-04
1.500000000000000000e+01 6.358945767005646024e-04
1.600000000000000000e+01 5.783098680551782434e-04
1.700000000000000000e+01 4.673115554527255207e-04
1.800000000000000000e+01 -1.962788623733977965e-04
1.900000000000000000e+01 4.535096903996382271e-04
1.000000000000000000e+00 -8.073714633834416224e-04
2.000000000000000000e+00 1.484117804263605008e-03
3.000000000000000000e+00 -8.164847428573653813e-04
4.000000000000000000e+00 -8.163647375903013148e-04
5.000000000000000000e+00 -8.153984108886804492e-04
6.000000000000000000e+00 -6.913284436114303100e-04
7.000000000000000000e+00 -8.026972043526323661e-04
8.000000000000000000e+00 -7.681272009999893981e-04
9.000000000000000000e+00 -6.959177369174603198e-04
1.000000000000000000e+01 3.348859827037018225e-04
1.100000000000000000e+01 2.051918842674083955e-04
1.200000000000000000e+01 1.126129929888050585e-04
1.300000000000000000e+01 -5.182356984796586885e-04
1.400000000000000000e+01 -6.400936166062952100e-04
1.500000000000000000e+01 2.905508400504780604e-04
1.600000000000000000e+01 1.378069640977447980e-03
1.700000000000000000e+01 1.067695705563620348e-03
1.800000000000000000e+01 -5.131114325775424853e-04
1.900000000000000000e+01 1.436618104204346073e-03
1.000000000000000000e+00 -7.381302138438872954e-04
2.000000000000000000e+00 1.798960590279739856e-03
3.000000000000000000e+00 -7.550125883812936660e-04
4.000000000000000000e+00 -7.545351246685358827e-04
5.000000000000000000e+00 -7.548620036718855196e-04
6.000000000000000000e+00 -5.167569221747919835e-04
7.000000000000000000e+00 -7.519020726132149592e-04
8.000000000000000000e+00 -5.316932684233182608e-04
9.000000000000000000e+00 -7.510704009131958202e-04
1.000000000000000000e+01 -7.300288665465533961e-05
1.100000000000000000e+01 -7.399698538410148656e-06
1.200000000000000000e+01 3.575410474953637186e-04
1.300000000000000000e+01 3.908033677929814058e-04
1.400000000000000000e+01 -4.114486724388211189e-04
1.500000000000000000e+01 2.451924036129139034e-04
1.600000000000000000e+01 1.353196705665864804e-03
1.700000000000000000e+01 3.347032948006290550e-04
1.800000000000000000e+01 -5.021692516201986447e-04
1.900000000000000000e+01 6.055970871403100865e-04
1.000000000000000000e+00 -8.104473143296976340e-04
2.000000000000000000e+00 -5.177167812027852825e-04
3.000000000000000000e+00 -8.171300641584557881e-04
4.000000000000000000e+00 -8.169315834452692184e-04
5.000000000000000000e+00 -8.164656958470287032e-04
6.000000000000000000e+00 -8.043605986929119270e-04
7.000000000000000000e+00 -8.154219644461544337e-04
8.000000000000000000e+00 -7.903111787150543955e-04
9.000000000000000000e+00 -8.027350851101154117e-04
1.000000000000000000e+01 1.537338262275360573e-03
1.100000000000000000e+01 1.011840757495359802e-03
1.200000000000000000e+01 8.147405055234185857e-04
1.300000000000000000e+01 7.390443666807613912e-04
1.400000000000000000e+01 -4.544762158879760519e-04
1.500000000000000000e+01 2.857545200299094223e-04
1.600000000000000000e+01 5.534880408840428794e-04
1.700000000000000000e+01 7.931240712298816709e-04
1.800000000000000000e+01 -2.538159465431441119e-04
1.900000000000000000e+01 5.028921301302375409e-04
1.000000000000000000e+00 -6.812607865498428823e-04
2.000000000000000000e+00 6.961255862125130143e-04
3.000000000000000000e+00 -7.701286579019578707e-04
4.000000000000000000e+00 -7.700694850486674257e-04
5.000000000000000000e+00 -7.700119445499504318e-04
6.000000000000000000e+00 -6.684797476593928737e-04
7.000000000000000000e+00 -6.399599871839792590e-04
8.000000000000000000e+00 -6.621152626009301628e-04
9.000000000000000000e+00 -7.528679441416148786e-04
1.000000000000000000e+01 3.627025864773904804e-04
1.100000000000000000e+01 5.642565516625899173e-04
1.200000000000000000e+01 3.215812474726373088e-04
1.300000000000000000e+01 5.877515553142053902e-04
1.400000000000000000e+01 -3.059144290019624388e-04
1.500000000000000000e+01 -1.783715886679561609e-05
1.600000000000000000e+01 -1.473898839095091385e-04
1.700000000000000000e+01 7.223226557336077805e-04
1.800000000000000000e+01 -5.460906844028396833e-04
1.900000000000000000e+01 2.042405504882153621e-03
1.000000000000000000e+00 -7.549871939509771729e-04
2.000000000000000000e+00 -3.207283201350603165e-05
3.000000000000000000e+00 -7.652317897172815917e-04
4.000000000000000000e+00 -7.652317897172815917e-04
5.000000000000000000e+00 -7.645314415904629155e-04
6.000000000000000000e+00 -6.645092512846591812e-04
7.000000000000000000e+00 -7.396861000609477330e-04
8.000000000000000000e+00 -5.812163252046181850e-04
9.000000000000000000e+00 -5.590381214963024764e-04
1.000000000000000000e+01 1.034811378117608035e-03
1.100000000000000000e+01 8.450492143071865322e-04
1.200000000000000000e+01 6.670165724689695657e-04
1.300000000000000000e+01 8.378274663348677211e-05
1.400000000000000000e+01 -3.679671204463098497e-04
1.500000000000000000e+01 1.122872003675661574e-03
1.600000000000000000e+01 8.043710999717700256e-04
1.700000000000000000e+01 4.735243053748119327e-04
1.800000000000000000e+01 -7.169100525485350411e-04
1.900000000000000000e+01 2.444598685742363909e-04
1.000000000000000000e+00 -7.479976517129387431e-04
2.000000000000000000e+00 2.752175242438446422e-04
3.000000000000000000e+00 -7.514977463895039728e-04
4.000000000000000000e+00 -7.514977463895039728e-04
5.000000000000000000e+00 -7.507839993522274743e-04
6.000000000000000000e+00 -7.385450905797052599e-04
7.000000000000000000e+00 -7.458864459252622856e-04
8.000000000000000000e+00 -6.106190324978348974e-04
9.000000000000000000e+00 -7.479018101517610328e-04
1.000000000000000000e+01 9.254134294258509284e-04
1.100000000000000000e+01 9.983993405774417573e-04
1.200000000000000000e+01 1.403509971408027635e-03
1.300000000000000000e+01 1.305156667203969832e-03
1.400000000000000000e+01 -3.719502592932737162e-04
1.500000000000000000e+01 -3.768924030573847050e-04
1.600000000000000000e+01 -3.977013541974903812e-04
1.700000000000000000e+01 8.098186969453243867e-04
1.800000000000000000e+01 -7.032319205465442820e-04
1.900000000000000000e+01 6.446116730103808356e-04
1.000000000000000000e+00 -6.620683714779033741e-04
2.000000000000000000e+00 2.496802103396385643e-04
3.000000000000000000e+00 -7.590868301822864843e-04
4.000000000000000000e+00 -7.590623448636835266e-04
5.000000000000000000e+00 -7.585002027574237575e-04
6.000000000000000000e+00 -6.893472139265637314e-04
7.000000000000000000e+00 -7.462498111477884133e-04
8.000000000000000000e+00 -6.390542643954941161e-04
9.000000000000000000e+00 -7.499527249084752796e-04
1.000000000000000000e+01 5.211798031688242867e-04
1.100000000000000000e+01 9.521291483846453007e-04
1.200000000000000000e+01 1.345704979853697722e-04
1.300000000000000000e+01 -2.688823088923723788e-05
1.400000000000000000e+01 -2.733441563206886159e-04
1.500000000000000000e+01 6.011123305157965897e-04
1.600000000000000000e+01 9.672928860986262445e-04
1.700000000000000000e+01 3.497527908623995437e-04
1.800000000000000000e+01 -4.202512040852884488e-04
1.900000000000000000e+01 1.193364163648378195e-03
1.000000000000000000e+00 -7.668134008429757604e-04
2.000000000000000000e+00 4.592267160965891144e-04
3.000000000000000000e+00 -7.707042539985347555e-04
4.000000000000000000e+00 -7.707042539985347555e-04
5.000000000000000000e+00 -7.692977084743421847e-04
6.000000000000000000e+00 -7.525255334038477659e-04
7.000000000000000000e+00 -7.606948235234179886e-04
8.000000000000000000e+00 -7.429986814667964351e-04
9.000000000000000000e+00 -7.519395747909283665e-04
1.000000000000000000e+01 1.028670912833963991e-03
1.100000000000000000e+01 8.750732906126506725e-04
1.200000000000000000e+01 3.590041001558825096e-04
1.300000000000000000e+01 4.151455859898819543e-04
1.400000000000000000e+01 -3.465232719454449523e-04
1.500000000000000000e+01 8.247300189232651356e-05
1.600000000000000000e+01 9.216457928044695510e-04
1.700000000000000000e+01 4.950563845460314227e-04
1.800000000000000000e+01 -5.059182511754789112e-04
1.900000000000000000e+01 8.670448954099260839e-04
1.000000000000000000e+00 -6.404899962085160159e-04
2.000000000000000000e+00 3.677030907377497652e-04
3.000000000000000000e+00 -7.685265498391559294e-04
4.000000000000000000e+00 -7.681545770407125807e-04
5.000000000000000000e+00 -7.673157236283297510e-04
6.000000000000000000e+00 -6.686714240690589707e-04
7.000000000000000000e+00 -7.624662637718671422e-04
8.000000000000000000e+00 -7.422811925276222257e-04
9.000000000000000000e+00 -7.544829069352189865e-04
1.000000000000000000e+01 6.620334647651766706e-04
1.100000000000000000e+01 8.232715979400197486e-04
1.200000000000000000e+01 8.491202749926943889e-04
1.300000000000000000e+01 1.353171395137757005e-04
1.400000000000000000e+01 -7.424659938503787174e-04
1.500000000000000000e+01 -4.309351319245794082e-04
1.600000000000000000e+01 1.098030591793311677e-03
1.700000000000000000e+01 8.300590561132801084e-04
1.800000000000000000e+01 -3.840468490012207011e-04
1.900000000000000000e+01 1.226347423582044901e-03
1.000000000000000000e+00 -7.735983867395117416e-04
2.000000000000000000e+00 5.216626882645923396e-04
3.000000000000000000e+00 -7.783215153071781174e-04
4.000000000000000000e+00 -7.781144394698502652e-04
5.000000000000000000e+00 -7.772710951391109506e-04
6.000000000000000000e+00 -5.370236057342411655e-04
7.000000000000000000e+00 -7.729365524642321317e-04
8.000000000000000000e+00 -6.071728203775235162e-04
9.000000000000000000e+00 -6.338517065341480817e-04
1.000000000000000000e+01 2.216279373602501402e-04
1.100000000000000000e+01 5.633765762285805655e-04
1.200000000000000000e+01 5.584742557024659215e-04
1.300000000000000000e+01 1.598202081018025523e-04
1.400000000000000000e+01 2.058731142854131903e-04
1.500000000000000000e+01 4.260426165448179237e-04
1.600000000000000000e+01 9.179213743586386344e-04
1.700000000000000000e+01 5.256532361265645395e-04
1.800000000000000000e+01 -7.106516500069100283e-04
1.900000000000000000e+01 8.709074465383162805e-04
1.000000000000000000e+00 -7.342438849672811886e-04
2.000000000000000000e+00 5.382477330237876771e-05
3.000000000000000000e+00 -7.436627939475051480e-04
4.000000000000000000e+00 -7.435281246951887723e-04
5.000000000000000000e+00 -7.434324959230894118e-04
6.000000000000000000e+00 -6.340653074103456141e-04
7.000000000000000000e+00 -5.891150618787646719e-04
8.000000000000000000e+00 -6.269299558692538943e-04
9.000000000000000000e+00 -6.238744700450355113e-04
1.000000000000000000e+01 3.600481154954005892e-04
1.100000000000000000e+01 1.377048398971798490e-04
1.200000000000000000e+01 7.338926993761064931e-04
1.300000000000000000e+01 3.520650823846445550e-04
1.400000000000000000e+01 1.956323080129730100e-04
1.500000000000000000e+01 3.189726566916923928e-04
1.600000000000000000e+01 5.122675165937866891e-04
1.700000000000000000e+01 1.354358334348486565e-03
1.800000000000000000e+01 -1.814835296306998897e-04
1.900000000000000000e+01 1.915541560207071259e-04
1.000000000000000000e+00 -7.049750882740978214e-04
2.000000000000000000e+00 1.186177494000611234e-04
3.000000000000000000e+00 -8.481939006630783134e-04
4.000000000000000000e+00 -8.481939006630783134e-04
5.000000000000000000e+00 -8.467349837629849479e-04
6.000000000000000000e+00 -8.448733941387902898e-04
7.000000000000000000e+00 -8.426693306952310648e-04
8.000000000000000000e+00 -8.265821308955330956e-04
9.000000000000000000e+00 -7.139239213038132839e-04
1.000000000000000000e+01 1.803009384134694705e-03
1.100000000000000000e+01 -5.023783960272761381e-05
1.200000000000000000e+01 6.022530984468165306e-04
1.300000000000000000e+01 4.821429223361558755e-04
1.400000000000000000e+01 -6.024661654864017779e-04
1.500000000000000000e+01 6.075914064263436337e-04
1.600000000000000000e+01 1.325872354516987239e-03
1.700000000000000000e+01 5.360288294175664459e-04
1.800000000000000000e+01 -4.610106808447321340e-04
1.900000000000000000e+01 6.275195824542137597e-04
1.000000000000000000e+00 -7.599960652583975145e-04
2.000000000000000000e+00 2.931661792552656110e-04
3.000000000000000000e+00 -7.795412505567958202e-04
4.000000000000000000e+00 -7.792188945359104389e-04
5.000000000000000000e+00 -7.786488287084916433e-04
6.000000000000000000e+00 -7.766411423783262579e-04
7.000000000000000000e+00 -7.521415811578267309e-04
8.000000000000000000e+00 -7.550994079689448291e-04
9.000000000000000000e+00 -7.528667651365327299e-04
1.000000000000000000e+01 2.241670640442078137e-04
1.100000000000000000e+01 3.517427785060389255e-04
1.200000000000000000e+01 1.024681340923299083e-03
1.300000000000000000e+01 5.734316487995417665e-04
1.400000000000000000e+01 -6.016073711424228809e-04
1.500000000000000000e+01 2.384592175025482545e-04
1.600000000000000000e+01 1.072410962235910079e-03
1.700000000000000000e+01 4.995683003690820764e-04
1.800000000000000000e+01 -5.569398255656649857e-04
1.900000000000000000e+01 1.640543195463319091e-03
1.000000000000000000e+00 -7.598877260968332640e-04
2.000000000000000000e+00 1.230270942939076318e-03
3.000000000000000000e+00 -7.761627838902631932e-04
4.000000000000000000e+00 -7.761423794580940257e-04
5.000000000000000000e+00 -7.754467923654480505e-04
6.000000000000000000e+00 -6.339947567772285858e-04
7.000000000000000000e+00 -7.712887720149948657e-04
8.000000000000000000e+00 -7.511977501832458161e-04
9.000000000000000000e+00 -7.599642311721026364e-04
1.000000000000000000e+01 8.859519240488210779e-05
1.100000000000000000e+01 4.541231108500907868e-04
1.200000000000000000e+01 2.660085091492253627e-04
1.300000000000000000e+01 8.026610521587345575e-04
1.400000000000000000e+01 1.815852632047726509e-04
1.500000000000000000e+01 -1.746413294511285250e-04
1.600000000000000000e+01 6.218447713208544950e-04
1.700000000000000000e+01 8.187935849277845450e-04
1.800000000000000000e+01 -3.375726108641815171e-04
1.900000000000000000e+01 6.543945295452219995e-04
1.000000000000000000e+00 -7.941838817931901788e-04
2.000000000000000000e+00 2.709202953678023669e-03
3.000000000000000000e+00 -8.335109755173059120e-04
4.000000000000000000e+00 -8.335109755173059120e-04
5.000000000000000000e+00 -8.310247634722702989e-04
6.000000000000000000e+00 -7.002843244904098218e-04
7.000000000000000000e+00 -8.149618014446724599e-04
8.000000000000000000e+00 -3.615339941653245362e-04
9.000000000000000000e+00 -7.062108079984038373e-04
1.000000000000000000e+01 -1.478210937612240382e-04
1.100000000000000000e+01 8.768056032181843111e-04
1.200000000000000000e+01 4.953898499146666906e-04
1.300000000000000000e+01 -2.111590007950520825e-05
1.400000000000000000e+01 3.491534567004973486e-04
1.500000000000000000e+01 -2.200644454913941125e-04
1.600000000000000000e+01 6.103777060065398519e-04
1.700000000000000000e+01 7.762858022204075469e-04
1.800000000000000000e+01 -5.668964198672289852e-04
1.900000000000000000e+01 -5.897472228919203646e-04
1.000000000000000000e+00 -7.538069934846373162e-04
2.000000000000000000e+00 -2.520822280194356252e-04
3.000000000000000000e+00 -7.605147448965203375e-04
4.000000000000000000e+00 -7.605147448965203375e-04
5.000000000000000000e+00 -7.440581622634671183e-04
6.000000000000000000e+00 -7.561307185587124629e-04
7.000000000000000000e+00 -6.837888691540366720e-04
8.000000000000000000e+00 -7.536408385740846032e-04
9.000000000000000000e+00 -7.435944501663516604e-04
1.000000000000000000e+01 4.524905921930866140e-04
1.100000000000000000e+01 1.252130039806166346e-03
1.200000000000000000e+01 5.035442250374663926e-04
1.300000000000000000e+01 6.839664046100737884e-04
1.400000000000000000e+01 -3.602234343034091098e-04
1.500000000000000000e+01 2.583718323461817483e-04
1.600000000000000000e+01 6.019808370159807293e-04
1.700000000000000000e+01 2.132647377031234026e-03
1.800000000000000000e+01 -2.799068464557464913e-04
1.900000000000000000e+01 -3.653063921480424205e-04
1.000000000000000000e+00 -7.876580065012238211e-04
2.000000000000000000e+00 1.522655082750981560e-03
3.000000000000000000e+00 -8.053490189293223194e-04
4.000000000000000000e+00 -8.052007467222265348e-04
5.000000000000000000e+00 -8.042537090104830274e-04
6.000000000000000000e+00 -6.400176286538782977e-04
7.000000000000000000e+00 -7.961582194549093666e-04
8.000000000000000000e+00 -6.663362777282057876e-04
9.000000000000000000e+00 -6.379060459723044554e-04
1.000000000000000000e+01 2.281054756324440329e-04
1.100000000000000000e+01 4.139510428224538158e-05
1.200000000000000000e+01 4.175027830440748548e-05
1.300000000000000000e+01 1.887126369267145274e-04
1.400000000000000000e+01 -5.439989859358765247e-04
1.500000000000000000e+01 -3.011843201567803948e-04
1.600000000000000000e+01 1.129139117789054259e-03
1.700000000000000000e+01 4.533655316607110145e-04
1.800000000000000000e+01 -5.680563489202133031e-05
1.900000000000000000e+01 1.698319132672163837e-03
1.000000000000000000e+00 -6.901835035967084173e-04
2.000000000000000000e+00 2.469696364061162684e-04
3.000000000000000000e+00 -7.075395829100705573e-04
4.000000000000000000e+00 -7.075395829100705573e-04
5.000000000000000000e+00 -7.075395829100705573e-04
6.000000000000000000e+00 -6.795147618705436356e-04
7.000000000000000000e+00 -7.061708114957809422e-04
8.000000000000000000e+00 -6.896550899596689014e-04
9.000000000000000000e+00 -6.976370750005967455e-04
1.000000000000000000e+01 1.679722367121059060e-03
1.100000000000000000e+01 4.774610894063627806e-04
1.200000000000000000e+01 6.780309228195183224e-04
1.300000000000000000e+01 5.880018888528261911e-04
1.400000000000000000e+01 -4.278115275499203615e-04
1.500000000000000000e+01 -4.014948496922302875e-05
1.600000000000000000e+01 7.278445574938775114e-04
1.700000000000000000e+01 3.535850596400566298e-04
1.800000000000000000e+01 9.857736128482142432e-05
1.900000000000000000e+01 -4.996007507107435967e-05
1.000000000000000000e+00 -7.715121853295200905e-04
2.000000000000000000e+00 6.812822972518213700e-05
3.000000000000000000e+00 -8.131202233292726851e-04
4.000000000000000000e+00 -8.130592432262757994e-04
5.000000000000000000e+00 -8.128643517498716905e-04
6.000000000000000000e+00 -8.071360315432601559e-04
7.000000000000000000e+00 -8.003913911851744372e-04
8.000000000000000000e+00 -7.932167083102113899e-04
9.000000000000000000e+00 -6.982764661996538127e-04
1.000000000000000000e+01 1.711531047053274548e-03
1.100000000000000000e+01 5.644536704333139249e-04
1.200000000000000000e+01 6.361159529595047414e-04
1.300000000000000000e+01 2.323592770025565421e-04
1.400000000000000000e+01 -7.825714527878712150e-05
1.500000000000000000e+01 2.054725180510090737e-04
1.600000000000000000e+01 1.444128675549070766e-04
1.700000000000000000e+01 1.032606683875705780e-03
1.800000000000000000e+01 -4.863250170281175938e-04
1.900000000000000000e+01 7.527591330789034545e-04
