1.000000000000000000e+00 -2.176944593799801206e-04
2.000000000000000000e+00 1.927547475198580838e-04
3.000000000000000000e+00 -2.178359301096861466e-04
4.000000000000000000e+00 -2.178359301096861466e-04
5.000000000000000000e+00 -2.178359301096861466e-04
6.000000000000000000e+00 -2.157642000967796569e-04
7.000000000000000000e+00 -2.164742743362656739e-04
8.000000000000000000e+00 -2.113330103714723077e-04
9.000000000000000000e+00 -2.173540454366250092e-04
1.000000000000000000e+01 5.397143599915052908e-05
1.100000000000000000e+01 -2.412064341839328130e-05
1.200000000000000000e+01 1.189875700103825676e-04
1.300000000000000000e+01 1.637349805375918374e-04
1.400000000000000000e+01 -1.744444994633535416e-04
1.500000000000000000e+01 -7.438766894524780505e-05
1.600000000000000000e+01 7.379352458820780461e-04
1.700000000000000000e+01 1.163783628488397766e-04
1.800000000000000000e+01 -2.154421909512411082e-04
1.900000000000000000e+01 8.272127385503464433e-04
1.000000000000000000e+00 -2.422345009814796609e-04
2.000000000000000000e+00 -3.565407840841004880e-05
3.000000000000000000e+00 -2.422345009814796609e-04
4.000000000000000000e+00 -2.422345009814796609e-04
5.000000000000000000e+00 -2.422345009814796609e-04
6.000000000000000000e+00 -2.422345009814796609e-04
7.000000000000000000e+00 -2.420339934280309505e-04
8.000000000000000000e+00 -2.422345009814796609e-04
9.000000000000000000e+00 -2.417071960424100295e-04
1.000000000000000000e+01 2.889515878026482627e-04
1.100000000000000000e+01 3.618063383534772873e-04
1.200000000000000000e+01 3.259374890655103050e-04
1.300000000000000000e+01 6.358711476660664516e-05
1.400000000000000000e+01 -1.604474121328854875e-05
1.500000000000000000e+01 -1.213442256794396769e-04
1.600000000000000000e+01 5.164323155897486070e-04
1.700000000000000000e+01 2.797847260171074254e-04
1.800000000000000000e+01 -2.422345009814796609e-04
1.900000000000000000e+01 5.156872568177290001e-04
1.000000000000000000e+00 -2.346021472668905102e-04
2.000000000000000000e+00 3.131985156685762996e-04
3.000000000000000000e+00 -2.352954445288152363e-04
4.000000000000000000e+00 -2.352954445288152363e-04
5.000000000000000000e+00 -2.352954445288152363e-04
6.000000000000000000e+00 -2.352954445288152363e-04
7.000000000000000000e+00 -2.352954445288152363e-04
8.000000000000000000e+00 -2.350814700501348774e-04
9.000000000000000000e+00 -2.352954445288152363e-04
1.000000000000000000e+01 1.411072802356226196e-04
1.100000000000000000e+01 4.069185798327004449e-04
1.200000000000000000e+01 1.372678689207211002e-04
1.300000000000000000e+01 2.300608012969868011e-04
1.400000000000000000e+01 -2.262223281027576265e-04
1.500000000000000000e+01 6.589437191835413566e-05
1.600000000000000000e+01 5.338913100746059534e-04
1.700000000000000000e+01 1.290576587948763119e-04
1.800000000000000000e+01 -2.278510642903173436e-04
1.900000000000000000e+01 3.637643303059018610e-04
1.000000000000000000e+00 -2.182015854766989216e-04
2.000000000000000000e+00 4.625475684648569486e-04
3.000000000000000000e+00 -2.182015854766989216e-04
4.000000000000000000e+00 -2.182015854766989216e-04
5.000000000000000000e+00 -2.182015854766989216e-04
6.000000000000000000e+00 -2.180848721246914557e-04
7.000000000000000000e+00 -2.182015854766989216e-04
8.000000000000000000e+00 -1.411318687010997843e-04
9.000000000000000000e+00 -2.182015854766989216e-04
1.000000000000000000e+01 2.789250152521979050e-04
1.100000000000000000e+01 1.934040177693767567e-05
1.200000000000000000e+01 3.431159487429895089e-04
1.300000000000000000e+01 2.209873287509149628e-04
1.400000000000000000e+01 -2.160423884645607331e-04
1.500000000000000000e+01 4.315951137040152012e-05
1.600000000000000000e+01 1.295026574481322116e-04
1.700000000000000000e+01 2.565470222537198988e-04
1.800000000000000000e+01 -1.744168707361018380e-04
1.900000000000000000e+01 3.003541297882146989e-04
1.000000000000000000e+00 -2.427936741494735409e-04
2.000000000000000000e+00 1.295933343241018813e-04
3.000000000000000000e+00 -2.428569473219904177e-04
4.000000000000000000e+00 -2.428569473219904177e-04
5.000000000000000000e+00 -2.426915499664670183e-04
6.000000000000000000e+00 -2.427259508674645507e-04
7.000000000000000000e+00 -2.427828112184425525e-04
8.000000000000000000e+00 -2.253585085525432500e-04
9.000000000000000000e+00 -2.424667339328274551e-04
1.000000000000000000e+01 -1.033029419591615310e-04
1.100000000000000000e+01 2.358722930655316754e-04
1.200000000000000000e+01 3.480202953428364419e-04
1.300000000000000000e+01 4.576494730480615600e-05
1.400000000000000000e+01 -4.400367335860662414e-05
1.500000000000000000e+01 6.980738887270604052e-05
1.600000000000000000e+01 6.330214729325625740e-04
1.700000000000000000e+01 3.100689689004943817e-04
1.800000000000000000e+01 -2.399853392770630279e-04
1.900000000000000000e+01 5.222555834316651826e-04
1.000000000000000000e+00 -2.316952099879885014e-04
2.000000000000000000e+00 6.144652242505290818e-04
3.000000000000000000e+00 -2.322590116547313386e-04
4.000000000000000000e+00 -2.322590116547313386e-04
5.000000000000000000e+00 -2.322590116547313386e-04
6.000000000000000000e+00 -2.321451957320918918e-04
7.000000000000000000e+00 -2.322590116547313386e-04
8.000000000000000000e+00 -2.278961464467928178e-04
9.000000000000000000e+00 -2.320119204587606015e-04
1.000000000000000000e+01 1.549078565170387443e-04
1.100000000000000000e+01 8.981291885505957159e-05
1.200000000000000000e+01 2.943451327770704273e-04
1.300000000000000000e+01 2.105152846734865111e-04
1.400000000000000000e+01 4.590067751640185885e-05
1.500000000000000000e+01 -8.247373996733195066e-05
1.600000000000000000e+01 1.801814511321315582e-04
1.700000000000000000e+01 4.242633693774535645e-04
1.800000000000000000e+01 -1.839911775850765479e-04
1.900000000000000000e+01 9.422507978034045566e-05
1.000000000000000000e+00 -2.346241780028267070e-04
2.000000000000000000e+00 4.588729770752107045e-04
3.000000000000000000e+00 -2.346241780028267070e-04
4.000000000000000000e+00 -2.346241780028267070e-04
5.000000000000000000e+00 -2.346241780028267070e-04
6.000000000000000000e+00 -2.346241780028267070e-04
7.000000000000000000e+00 -2.346241780028267070e-04
8.000000000000000000e+00 -2.346241780028267070e-04
9.000000000000000000e+00 -2.346241780028267070e-04
1.000000000000000000e+01 1.586282573848451127e-04
1.100000000000000000e+01 4.302958465985704081e-04
1.200000000000000000e+01 1.653405313981571798e-04
1.300000000000000000e+01 2.140313558242757221e-04
1.400000000000000000e+01 -1.501510440198887875e-04
1.500000000000000000e+01 -1.420141021396423921e-06
1.600000000000000000e+01 -6.903077539962018487e-05
1.700000000000000000e+01 2.431976112717944489e-04
1.800000000000000000e+01 -1.128066799598384653e-04
1.900000000000000000e+01 5.335074948866315794e-04
1.000000000000000000e+00 -2.409134709171930873e-04
2.000000000000000000e+00 8.814610995694394406e-04
3.000000000000000000e+00 -2.411217593607756595e-04
4.000000000000000000e+00 -2.411217593607756595e-04
5.000000000000000000e+00 -2.411217593607756595e-04
6.000000000000000000e+00 -2.233035209543019677e-04
7.000000000000000000e+00 -2.267562909511895957e-04
8.000000000000000000e+00 -2.411217593607756595e-04
9.000000000000000000e+00 -2.410993144853895969e-04
1.000000000000000000e+01 -6.045158817202863369e-05
1.100000000000000000e+01 1.797743252928991542e-05
1.200000000000000000e+01 1.008308089366468127e-05
1.300000000000000000e+01 2.011025514231118094e-05
1.400000000000000000e+01 -2.334902070865695067e-04
1.500000000000000000e+01 2.973064880799466871e-04
1.600000000000000000e+01 5.529976093106060437e-04
1.700000000000000000e+01 -7.356234210773096311e-05
1.800000000000000000e+01 -1.461637965719305040e-04
1.900000000000000000e+01 6.157599950663938775e-04
1.000000000000000000e+00 -2.477271626479600366e-04
2.000000000000000000e+00 5.890547197724292552e-04
3.000000000000000000e+00 -2.477271626479600366e-04
4.000000000000000000e+00 -2.477271626479600366e-04
5.000000000000000000e+00 -2.476164345960555225e-04
6.000000000000000000e+00 -2.422805395542781460e-04
7.000000000000000000e+00 -2.476104492959525978e-04
8.000000000000000000e+00 -2.433718093955479923e-04
9.000000000000000000e+00 -2.476239162211841920e-04
1.000000000000000000e+01 1.264463597647264210e-04
1.100000000000000000e+01 1.205766400308425936e-04
1.200000000000000000e+01 -1.851904097660310910e-05
1.300000000000000000e+01 6.606640353531197801e-05
1.400000000000000000e+01 -2.328980579291494519e-04
1.500000000000000000e+01 -2.497344577659614737e-05
1.600000000000000000e+01 5.640333739287528960e-04
1.700000000000000000e+01 2.347000069889618580e-04
1.800000000000000000e+01 -2.377952554121312600e-04
1.900000000000000000e+01 7.697440955888690088e-04
1.000000000000000000e+00 -2.178352995074144384e-04
2.000000000000000000e+00 4.545710716422194687e-04
3.000000000000000000e+00 -2.178876708833152060e-04
4.000000000000000000e+00 -2.178876708833152060e-04
5.000000000000000000e+00 -2.178876708833152060e-04
6.000000000000000000e+00 -2.158002974724123853e-04
7.000000000000000000e+00 -2.178876708833152060e-04
8.000000000000000000e+00 -2.178876708833152060e-04
9.000000000000000000e+00 -2.178876708833152060e-04
1.000000000000000000e+01 -2.395154702265576765e-05
1.100000000000000000e+01 -4.531252940790080080e-05
1.200000000000000000e+01 -7.566777370928856486e-05
1.300000000000000000e+01 -1.164194203558086444e-04
1.400000000000000000e+01 -1.008659554372300283e-04
1.500000000000000000e+01 -7.844106463433722626e-06
1.600000000000000000e+01 7.007592721121811124e-04
1.700000000000000000e+01 -1.594971212550204908e-04
1.800000000000000000e+01 -1.412638389324627573e-04
1.900000000000000000e+01 1.223118589059261256e-03
1.000000000000000000e+00 -2.235091930549613849e-04
2.000000000000000000e+00 5.268944392204269293e-04
3.000000000000000000e+00 -2.235091930549613849e-04
4.000000000000000000e+00 -2.235091930549613849e-04
5.000000000000000000e+00 -2.235091930549613849e-04
6.000000000000000000e+00 -2.235091930549613849e-04
7.000000000000000000e+00 -2.235091930549613849e-04
8.000000000000000000e+00 -1.877320616895947279e-04
9.000000000000000000e+00 -2.168662581032029205e-04
1.000000000000000000e+01 3.557675268625698994e-04
1.100000000000000000e+01 1.711785674416226000e-04
1.200000000000000000e+01 -1.052023317487665193e-05
1.300000000000000000e+01 3.447319612156045919e-04
1.400000000000000000e+01 -5.144671966607510037e-05
1.500000000000000000e+01 -1.426172846346731920e-04
1.600000000000000000e+01 5.297932020726868859e-05
1.700000000000000000e+01 3.379856046691964515e-04
1.800000000000000000e+01 -2.198691953892284293e-04
1.900000000000000000e+01 3.779862358462982431e-04
1.000000000000000000e+00 -2.436109893108406399e-04
2.000000000000000000e+00 5.051822562961303309e-04
3.000000000000000000e+00 -2.441508206279828833e-04
4.000000000000000000e+00 -2.441508206279828833e-04
5.000000000000000000e+00 -2.441508206279828833e-04
6.000000000000000000e+00 -2.441508206279828833e-04
7.000000000000000000e+00 -2.440984492520820886e-04
8.000000000000000000e+00 -2.422445025451942270e-04
9.000000000000000000e+00 -2.425666386516440423e-04
1.000000000000000000e+01 1.817209448667641094e-04
1.100000000000000000e+01 1.673620055455759625e-04
1.200000000000000000e+01 3.169645346050193615e-04
1.300000000000000000e+01 -4.218560765382480711e-06
1.400000000000000000e+01 -1.986763105701394908e-04
1.500000000000000000e+01 9.975087498939898181e-05
1.600000000000000000e+01 4.240238903338428814e-04
1.700000000000000000e+01 2.548287191152307082e-04
1.800000000000000000e+01 -1.838015384649752289e-04
1.900000000000000000e+01 3.510577595964728490e-04
1.000000000000000000e+00 -1.990965291806760372e-04
2.000000000000000000e+00 -5.260256834847991457e-05
3.000000000000000000e+00 -1.990965291806760372e-04
4.000000000000000000e+00 -1.990965291806760372e-04
5.000000000000000000e+00 -1.990965291806760372e-04
6.000000000000000000e+00 -1.977348734072555375e-04
7.000000000000000000e+00 -1.990965291806760372e-04
8.000000000000000000e+00 -1.987419001495764051e-04
9.000000000000000000e+00 -1.990965291806760372e-04
1.000000000000000000e+01 2.344393444845000851e-04
1.100000000000000000e+01 1.207766911375907044e-04
1.200000000000000000e+01 3.465414628582447480e-04
1.300000000000000000e+01 3.768819006902976530e-04
1.400000000000000000e+01 -1.594139894981363547e-04
1.500000000000000000e+01 2.703163951070214124e-05
1.600000000000000000e+01 4.151334000192039432e-04
1.700000000000000000e+01 2.904755191048730731e-04
1.800000000000000000e+01 -1.630580397108140063e-04
1.900000000000000000e+01 1.543399674778733418e-04
1.000000000000000000e+00 -2.354310992971404457e-04
2.000000000000000000e+00 2.660305560644572287e-04
3.000000000000000000e+00 -2.381770801681213072e-04
4.000000000000000000e+00 -2.381770801681213072e-04
5.000000000000000000e+00 -2.380603668161138413e-04
6.000000000000000000e+00 -2.361345965079905847e-04
7.000000000000000000e+00 -2.377880356614297359e-04
8.000000000000000000e+00 -1.718813230022661045e-04
9.000000000000000000e+00 -2.372069627764352958e-04
1.000000000000000000e+01 1.014434955215143350e-04
1.100000000000000000e+01 -6.332059951124000539e-05
1.200000000000000000e+01 -6.522680340080302616e-05
1.300000000000000000e+01 1.402983308169266047e-04
1.400000000000000000e+01 -1.450413102553906291e-04
1.500000000000000000e+01 2.004850841041321626e-04
1.600000000000000000e+01 6.380182616827628772e-04
1.700000000000000000e+01 -6.364144250171663406e-05
1.800000000000000000e+01 -2.381546352927352717e-04
1.900000000000000000e+01 1.058444176258574107e-03
1.000000000000000000e+00 -2.134922526685203515e-04
2.000000000000000000e+00 4.653943089969635920e-04
3.000000000000000000e+00 -2.142573735316804454e-04
4.000000000000000000e+00 -2.142573735316804454e-04
5.000000000000000000e+00 -2.142573735316804454e-04
6.000000000000000000e+00 -2.142573735316804454e-04
7.000000000000000000e+00 -2.122148898715497229e-04
8.000000000000000000e+00 -1.456842766175102388e-04
9.000000000000000000e+00 -2.139753162643290535e-04
1.000000000000000000e+01 9.855223371996832025e-05
1.100000000000000000e+01 1.917466737585064756e-05
1.200000000000000000e+01 7.311691332983550392e-05
1.300000000000000000e+01 6.631340340388657581e-05
1.400000000000000000e+01 -1.354557155507404419e-04
1.500000000000000000e+01 1.083631562963072250e-05
1.600000000000000000e+01 5.470220917170640464e-04
1.700000000000000000e+01 1.970367270925930177e-04
1.800000000000000000e+01 -1.744620313466323594e-04
1.900000000000000000e+01 4.667054856335780405e-04
1.000000000000000000e+00 -2.152694662408923584e-04
2.000000000000000000e+00 1.384717937609910546e-04
3.000000000000000000e+00 -2.163393386342941525e-04
4.000000000000000000e+00 -2.163393386342941525e-04
5.000000000000000000e+00 -2.163393386342941525e-04
6.000000000000000000e+00 -2.042400544761864838e-04
7.000000000000000000e+00 -2.163393386342941525e-04
8.000000000000000000e+00 -2.151333006635503193e-04
9.000000000000000000e+00 -2.163393386342941525e-04
1.000000000000000000e+01 6.631542829258908322e-04
1.100000000000000000e+01 3.510483151826681767e-04
1.200000000000000000e+01 4.313485215319396685e-04
1.300000000000000000e+01 5.222340963013697660e-04
1.400000000000000000e+01 -2.159502941276025812e-04
1.500000000000000000e+01 -1.808001229480196616e-04
1.600000000000000000e+01 2.814353379942964421e-05
1.700000000000000000e+01 1.065542137484222788e-04
1.800000000000000000e+01 -2.832067863971145672e-05
1.900000000000000000e+01 -1.018983239481814369e-04
1.000000000000000000e+00 -2.167953464083096846e-04
2.000000000000000000e+00 2.779535343264727160e-04
3.000000000000000000e+00 -2.170754584531276246e-04
4.000000000000000000e+00 -2.170754584531276246e-04
5.000000000000000000e+00 -2.170754584531276246e-04
6.000000000000000000e+00 -2.170754584531276246e-04
7.000000000000000000e+00 -2.169587451011201586e-04
8.000000000000000000e+00 -2.105624317195126452e-04
9.000000000000000000e+00 -2.170754584531276246e-04
1.000000000000000000e+01 3.588252799349953850e-04
1.100000000000000000e+01 1.982086671034892402e-04
1.200000000000000000e+01 7.347426959660040995e-05
1.300000000000000000e+01 4.364930780436641520e-05
1.400000000000000000e+01 -1.787253962060065550e-04
1.500000000000000000e+01 2.124469539264821767e-05
1.600000000000000000e+01 8.014017581290371756e-04
1.700000000000000000e+01 3.233403784844205125e-05
1.800000000000000000e+01 -2.170754584531276246e-04
1.900000000000000000e+01 3.104531975101529036e-04
1.000000000000000000e+00 -2.146823982807221254e-04
2.000000000000000000e+00 9.378920756087099988e-06
3.000000000000000000e+00 -2.146823982807221254e-04
4.000000000000000000e+00 -2.146823982807221254e-04
5.000000000000000000e+00 -2.146823982807221254e-04
6.000000000000000000e+00 -2.146823982807221254e-04
7.000000000000000000e+00 -2.146823982807221254e-04
8.000000000000000000e+00 -2.146823982807221254e-04
9.000000000000000000e+00 -2.146823982807221254e-04
1.000000000000000000e+01 5.157410813858370963e-04
1.100000000000000000e+01 2.412336219735333992e-04
1.200000000000000000e+01 1.723711799493266733e-04
1.300000000000000000e+01 2.196342835849793295e-04
1.400000000000000000e+01 -2.146823982807221254e-04
1.500000000000000000e+01 3.628538990326831147e-05
1.600000000000000000e+01 3.428595981650865731e-04
1.700000000000000000e+01 5.970123214783960505e-04
1.800000000000000000e+01 -2.098747059730297947e-04
1.900000000000000000e+01 7.383179951006772560e-06
1.000000000000000000e+00 -2.235639959129472987e-04
2.000000000000000000e+00 2.657818647076886807e-04
3.000000000000000000e+00 -2.238025849383010256e-04
4.000000000000000000e+00 -2.238025849383010256e-04
5.000000000000000000e+00 -2.238025849383010256e-04
6.000000000000000000e+00 -2.135901666376474129e-04
7.000000000000000000e+00 -2.238025849383010256e-04
8.000000000000000000e+00 -2.238025849383010256e-04
9.000000000000000000e+00 -2.238025849383010256e-04
1.000000000000000000e+01 -1.433789969815527294e-04
1.100000000000000000e+01 1.608065553873906097e-04
1.200000000000000000e+01 6.978555037227402423e-05
1.300000000000000000e+01 5.729581919931877855e-05
1.400000000000000000e+01 -2.167647494078184212e-04
1.500000000000000000e+01 3.661006782924336217e-04
1.600000000000000000e+01 4.278470793986963020e-04
1.700000000000000000e+01 -8.515937491322268309e-07
1.800000000000000000e+01 -2.232003889316932523e-04
1.900000000000000000e+01 9.997611819590646216e-04
1.000000000000000000e+00 -2.483508504594044439e-04
2.000000000000000000e+00 2.716288339810642703e-04
3.000000000000000000e+00 -2.483508504594044439e-04
4.000000000000000000e+00 -2.483508504594044439e-04
5.000000000000000000e+00 -2.483508504594044439e-04
6.000000000000000000e+00 -2.479423537273782994e-04
7.000000000000000000e+00 -2.482341371073970050e-04
8.000000000000000000e+00 -2.483059607086323729e-04
9.000000000000000000e+00 -2.469211118973129652e-04
1.000000000000000000e+01 3.997410494707306873e-04
1.100000000000000000e+01 7.300298347182881281e-05
1.200000000000000000e+01 3.572252404269288771e-04
1.300000000000000000e+01 5.352235204311427694e-04
1.400000000000000000e+01 -1.744101306853513536e-04
1.500000000000000000e+01 3.400664997407632363e-05
1.600000000000000000e+01 1.050060549808342746e-04
1.700000000000000000e+01 3.481611294868315110e-04
1.800000000000000000e+01 -2.483365673568860700e-04
1.900000000000000000e+01 2.665562147936815260e-04
1.000000000000000000e+00 -2.285783494433319969e-04
2.000000000000000000e+00 2.053548971852287648e-04
3.000000000000000000e+00 -2.285783494433319969e-04
4.000000000000000000e+00 -2.285783494433319969e-04
5.000000000000000000e+00 -2.285783494433319969e-04
6.000000000000000000e+00 -2.265358657832013014e-04
7.000000000000000000e+00 -2.285783494433319969e-04
8.000000000000000000e+00 -2.285783494433319969e-04
9.000000000000000000e+00 -2.285783494433319969e-04
1.000000000000000000e+01 8.104879497759831834e-05
1.100000000000000000e+01 1.652317844187049356e-04
1.200000000000000000e+01 1.872833317079517987e-04
1.300000000000000000e+01 2.737510640920110311e-05
1.400000000000000000e+01 -1.442821450412021104e-04
1.500000000000000000e+01 -1.376781004548477199e-04
1.600000000000000000e+01 8.853582518605845149e-04
1.700000000000000000e+01 1.774724202210022257e-04
1.800000000000000000e+01 -2.251535788616986910e-04
1.900000000000000000e+01 5.960560292080364616e-04
1.000000000000000000e+00 -2.581955234905598372e-04
2.000000000000000000e+00 9.321911017877794513e-04
3.000000000000000000e+00 -2.581955234905598372e-04
4.000000000000000000e+00 -2.581955234905598372e-04
5.000000000000000000e+00 -2.577421370077615675e-04
6.000000000000000000e+00 -2.571742816604944489e-04
7.000000000000000000e+00 -2.557083398058971235e-04
8.000000000000000000e+00 -2.537145288134866968e-04
9.000000000000000000e+00 -2.547507792369920290e-04
1.000000000000000000e+01 7.854125979322457705e-05
1.100000000000000000e+01 2.104832763769655000e-04
1.200000000000000000e+01 -3.779918114181811335e-05
1.300000000000000000e+01 -9.239271482506625113e-06
1.400000000000000000e+01 -2.325047120066811210e-04
1.500000000000000000e+01 5.104782126389452706e-04
1.600000000000000000e+01 1.749871017351325899e-04
1.700000000000000000e+01 -2.073646797894430275e-04
1.800000000000000000e+01 -2.284928880409932601e-04
1.900000000000000000e+01 8.331692069461151158e-04
1.000000000000000000e+00 -2.306088217582765636e-04
2.000000000000000000e+00 2.240621176730743524e-04
3.000000000000000000e+00 -2.306088217582765636e-04
4.000000000000000000e+00 -2.306088217582765636e-04
5.000000000000000000e+00 -2.306088217582765636e-04
6.000000000000000000e+00 -2.306088217582765636e-04
7.000000000000000000e+00 -2.304921084062690976e-04
8.000000000000000000e+00 -2.162179158232530019e-04
9.000000000000000000e+00 -2.306088217582765636e-04
1.000000000000000000e+01 1.047350610604785246e-04
1.100000000000000000e+01 1.175600041766557721e-04
1.200000000000000000e+01 1.608151925372547190e-04
1.300000000000000000e+01 3.224562784972071655e-04
1.400000000000000000e+01 -2.214981475740729832e-04
1.500000000000000000e+01 3.058415858569726907e-04
1.600000000000000000e+01 4.419639619448415685e-04
1.700000000000000000e+01 8.632209590793517631e-05
1.800000000000000000e+01 -2.268493822145232922e-04
1.900000000000000000e+01 5.126234825518411788e-04
1.000000000000000000e+00 -2.541042143155542408e-04
2.000000000000000000e+00 4.974397454797947760e-04
3.000000000000000000e+00 -2.542046429874114774e-04
4.000000000000000000e+00 -2.542046429874114774e-04
5.000000000000000000e+00 -2.542046429874114774e-04
6.000000000000000000e+00 -2.541604333843783172e-04
7.000000000000000000e+00 -2.542046429874114774e-04
8.000000000000000000e+00 -2.540879296354039843e-04
9.000000000000000000e+00 -2.375846616615478113e-04
1.000000000000000000e+01 2.625728265474109517e-04
1.100000000000000000e+01 3.442437476353488570e-04
1.200000000000000000e+01 2.367218914440248655e-04
1.300000000000000000e+01 2.855822255475003722e-04
1.400000000000000000e+01 -2.019502515426426005e-05
1.500000000000000000e+01 3.980743153936890951e-05
1.600000000000000000e+01 -2.657946995782670032e-05
1.700000000000000000e+01 2.185358064687242200e-04
1.800000000000000000e+01 -2.328741556642770888e-04
1.900000000000000000e+01 4.101881644142751329e-04
1.000000000000000000e+00 -2.447725097686397695e-04
2.000000000000000000e+00 2.077699096855443496e-04
3.000000000000000000e+00 -2.447725097686397695e-04
4.000000000000000000e+00 -2.447725097686397695e-04
5.000000000000000000e+00 -2.447725097686397695e-04
6.000000000000000000e+00 -2.447725097686397695e-04
7.000000000000000000e+00 -2.447725097686397695e-04
8.000000000000000000e+00 -2.322550027658386697e-04
9.000000000000000000e+00 -2.447725097686397695e-04
1.000000000000000000e+01 2.159316825531995511e-04
1.100000000000000000e+01 3.512039425190869929e-04
1.200000000000000000e+01 4.948455110993809671e-04
1.300000000000000000e+01 3.379719516522921869e-04
1.400000000000000000e+01 3.844811628286860344e-05
1.500000000000000000e+01 -1.185290636722525186e-04
1.600000000000000000e+01 4.510142348764638613e-05
1.700000000000000000e+01 5.088093182617175851e-04
1.800000000000000000e+01 -2.327577679744862176e-04
1.900000000000000000e+01 9.282148438172689207e-05
1.000000000000000000e+00 -2.303456948938230840e-04
2.000000000000000000e+00 2.075171072459398294e-04
3.000000000000000000e+00 -2.303456948938230840e-04
4.000000000000000000e+00 -2.303456948938230840e-04
5.000000000000000000e+00 -2.303456948938230840e-04
6.000000000000000000e+00 -2.299371981617969395e-04
7.000000000000000000e+00 -2.303456948938230840e-04
8.000000000000000000e+00 -2.303008051430509859e-04
9.000000000000000000e+00 -2.300655828490051440e-04
1.000000000000000000e+01 1.755330804702463939e-04
1.100000000000000000e+01 2.432800816063539326e-04
1.200000000000000000e+01 3.440346717820801656e-04
1.300000000000000000e+01 4.629377629221671894e-05
1.400000000000000000e+01 -2.125220447785062974e-04
1.500000000000000000e+01 1.860107351213211729e-04
1.600000000000000000e+01 3.043614280485939204e-04
1.700000000000000000e+01 2.056431573940487858e-04
1.800000000000000000e+01 -2.258995351167809374e-04
1.900000000000000000e+01 5.610196481872062237e-04
1.000000000000000000e+00 -2.491763162659971567e-04
2.000000000000000000e+00 2.738018652293411391e-04
3.000000000000000000e+00 -2.491763162659971567e-04
4.000000000000000000e+00 -2.491763162659971567e-04
5.000000000000000000e+00 -2.491763162659971567e-04
6.000000000000000000e+00 -2.485343928299560802e-04
7.000000000000000000e+00 -2.491763162659971567e-04
8.000000000000000000e+00 -2.487678195339710122e-04
9.000000000000000000e+00 -2.322917846755832199e-04
1.000000000000000000e+01 5.592911912156166461e-04
1.100000000000000000e+01 2.121252498149806519e-04
1.200000000000000000e+01 3.039066075277109188e-04
1.300000000000000000e+01 3.114324958359779576e-04
1.400000000000000000e+01 -2.445032932106211746e-04
1.500000000000000000e+01 -2.491763162659971567e-04
1.600000000000000000e+01 4.288762539379342839e-04
1.700000000000000000e+01 4.968525198125314443e-04
1.800000000000000000e+01 -2.128265911907819012e-04
1.900000000000000000e+01 7.782710567421526732e-05
1.000000000000000000e+00 -2.036417815367176230e-04
2.000000000000000000e+00 5.607916913311256790e-05
3.000000000000000000e+00 -2.036417815367176230e-04
4.000000000000000000e+00 -2.036417815367176230e-04
5.000000000000000000e+00 -2.036417815367176230e-04
6.000000000000000000e+00 -2.035190828846072052e-04
7.000000000000000000e+00 -2.036417815367176230e-04
8.000000000000000000e+00 -2.036126031987157633e-04
9.000000000000000000e+00 -2.035894101608168283e-04
1.000000000000000000e+01 3.754394495052976568e-04
1.100000000000000000e+01 2.753271392149688325e-04
1.200000000000000000e+01 1.871386478190102372e-04
1.300000000000000000e+01 4.497308522603227178e-04
1.400000000000000000e+01 1.213243009099842460e-05
1.500000000000000000e+01 -5.275255664951120657e-05
1.600000000000000000e+01 1.768570001157104376e-04
1.700000000000000000e+01 1.948916896079961290e-04
1.800000000000000000e+01 -1.985468579806596288e-04
1.900000000000000000e+01 1.497201720887895310e-04
1.000000000000000000e+00 -2.173189267941705511e-04
2.000000000000000000e+00 -1.704311626882692098e-04
3.000000000000000000e+00 -2.173189267941705511e-04
4.000000000000000000e+00 -2.173189267941705511e-04
5.000000000000000000e+00 -2.173189267941705511e-04
6.000000000000000000e+00 -2.173189267941705511e-04
7.000000000000000000e+00 -2.173189267941705511e-04
8.000000000000000000e+00 -2.173189267941705511e-04
9.000000000000000000e+00 -2.173189267941705511e-04
1.000000000000000000e+01 3.194668063924913765e-04
1.100000000000000000e+01 3.901660806692105739e-04
1.200000000000000000e+01 5.613410360118189927e-04
1.300000000000000000e+01 4.217191564389590418e-04
1.400000000000000000e+01 1.311156020937896823e-04
1.500000000000000000e+01 -1.432029556193758558e-04
1.600000000000000000e+01 -9.934434989514153629e-05
1.700000000000000000e+01 3.281088933885515290e-04
1.800000000000000000e+01 -1.673778956031393597e-04
1.900000000000000000e+01 1.628358335689231238e-04
1.000000000000000000e+00 -2.272339751165819877e-04
2.000000000000000000e+00 8.562640346156713588e-04
3.000000000000000000e+00 -2.273831088441471027e-04
4.000000000000000000e+00 -2.273831088441471027e-04
5.000000000000000000e+00 -2.273831088441471027e-04
6.000000000000000000e+00 -2.273831088441471027e-04
7.000000000000000000e+00 -2.269566562118121027e-04
8.000000000000000000e+00 -2.272723807922425615e-04
9.000000000000000000e+00 -2.267563446056881644e-04
1.000000000000000000e+01 1.113261002855986571e-04
1.100000000000000000e+01 3.028059513694228693e-04
1.200000000000000000e+01 3.664720912771778842e-04
1.300000000000000000e+01 2.073405054137808718e-04
1.400000000000000000e+01 -6.664578349671300699e-05
1.500000000000000000e+01 -6.240518019137932415e-05
1.600000000000000000e+01 1.082851843083897417e-04
1.700000000000000000e+01 1.374457112865305796e-04
1.800000000000000000e+01 -1.851945453845752182e-04
1.900000000000000000e+01 4.181831061489086910e-05
1.000000000000000000e+00 -2.140718146170049864e-04
2.000000000000000000e+00 -3.555549614970613222e-05
3.000000000000000000e+00 -2.140718146170049864e-04
4.000000000000000000e+00 -2.140718146170049864e-04
5.000000000000000000e+00 -2.140718146170049864e-04
6.000000000000000000e+00 -2.140718146170049864e-04
7.000000000000000000e+00 -2.140269248662328612e-04
8.000000000000000000e+00 -2.135570788081515077e-04
9.000000000000000000e+00 -2.140718146170049864e-04
1.000000000000000000e+01 2.917311939594813860e-04
1.100000000000000000e+01 4.888636094742497941e-04
1.200000000000000000e+01 3.189934770267179856e-04
1.300000000000000000e+01 3.536433482348967042e-04
1.400000000000000000e+01 -3.638042467071307868e-05
1.500000000000000000e+01 -9.866842029679458506e-06
1.600000000000000000e+01 1.971240368733714608e-05
1.700000000000000000e+01 3.017928795887624485e-04
1.800000000000000000e+01 -1.758087886088809235e-04
1.900000000000000000e+01 1.913492258530550898e-04
1.000000000000000000e+00 -1.983852923597575297e-04
2.000000000000000000e+00 3.547528427004051788e-04
3.000000000000000000e+00 -1.984077372351435923e-04
4.000000000000000000e+00 -1.984077372351435923e-04
5.000000000000000000e+00 -1.984077372351435923e-04
6.000000000000000000e+00 -1.982910238831361264e-04
7.000000000000000000e+00 -1.984077372351435923e-04
8.000000000000000000e+00 -1.930745854559133784e-04
9.000000000000000000e+00 -1.984077372351435923e-04
1.000000000000000000e+01 9.236549869740604392e-05
1.100000000000000000e+01 4.314015760913265376e-04
1.200000000000000000e+01 2.342813538988270208e-04
1.300000000000000000e+01 3.597331266977739556e-04
1.400000000000000000e+01 -7.137997363911298648e-05
1.500000000000000000e+01 -1.209749581931024291e-04
1.600000000000000000e+01 9.099334007417749187e-05
1.700000000000000000e+01 3.729796520550259756e-04
1.800000000000000000e+01 -1.980244354425280773e-04
1.900000000000000000e+01 2.830617522599537504e-05
1.000000000000000000e+00 -2.674584144670688873e-04
2.000000000000000000e+00 1.674492750549572227e-03
3.000000000000000000e+00 -2.677853614851924044e-04
4.000000000000000000e+00 -2.677853614851924044e-04
5.000000000000000000e+00 -2.676686481331849114e-04
6.000000000000000000e+00 -2.676686481331849114e-04
7.000000000000000000e+00 -2.671374527490483490e-04
8.000000000000000000e+00 -2.666059206917810063e-04
9.000000000000000000e+00 -2.601193321104795331e-04
1.000000000000000000e+01 -2.411517968614066353e-05
1.100000000000000000e+01 -9.475937013812264461e-05
1.200000000000000000e+01 -1.058473772271617303e-04
1.300000000000000000e+01 -1.512552370110079752e-04
1.400000000000000000e+01 -2.116471704861820852e-04
1.500000000000000000e+01 -1.038179516995325614e-04
1.600000000000000000e+01 6.149033994557516567e-04
1.700000000000000000e+01 1.196861008111998342e-04
1.800000000000000000e+01 -2.673910798409107536e-04
1.900000000000000000e+01 6.464824189726766290e-04
1.000000000000000000e+00 -2.181513729525607671e-04
2.000000000000000000e+00 7.146305787248741822e-05
3.000000000000000000e+00 -2.181513729525607671e-04
4.000000000000000000e+00 -2.181513729525607671e-04
5.000000000000000000e+00 -2.181513729525607671e-04
6.000000000000000000e+00 -2.181513729525607671e-04
7.000000000000000000e+00 -2.167897171791402944e-04
8.000000000000000000e+00 -2.161088892924300446e-04
9.000000000000000000e+00 -2.181513729525607671e-04
1.000000000000000000e+01 -4.780752694019658702e-05
1.100000000000000000e+01 1.445839570350532244e-04
1.200000000000000000e+01 1.679629212499687146e-04
1.300000000000000000e+01 -8.668597582801686251e-05
1.400000000000000000e+01 -2.151203625686092099e-04
1.500000000000000000e+01 1.032783587280359470e-04
1.600000000000000000e+01 9.489998789106059282e-04
1.700000000000000000e+01 6.319365983043107331e-05
1.800000000000000000e+01 -1.233420428491130102e-04
1.900000000000000000e+01 7.023821209210198181e-04
1.000000000000000000e+00 -2.250605489179330430e-04
2.000000000000000000e+00 8.021083184364377801e-05
3.000000000000000000e+00 -2.250605489179330430e-04
4.000000000000000000e+00 -2.250605489179330430e-04
5.000000000000000000e+00 -2.247882177632489376e-04
6.000000000000000000e+00 -2.250605489179330430e-04
7.000000000000000000e+00 -2.250605489179330430e-04
8.000000000000000000e+00 -2.250605489179330430e-04
9.000000000000000000e+00 -2.250605489179330430e-04
1.000000000000000000e+01 2.600276511425602495e-04
1.100000000000000000e+01 8.329623137512174962e-05
1.200000000000000000e+01 1.609043542379796237e-04
1.300000000000000000e+01 2.650995755453420277e-05
1.400000000000000000e+01 -1.789927057821605490e-04
1.500000000000000000e+01 3.644296993958446684e-04
1.600000000000000000e+01 4.288212914167391756e-04
1.700000000000000000e+01 2.893747005919118915e-06
1.800000000000000000e+01 -1.851383251721798744e-04
1.900000000000000000e+01 7.535588263349484762e-04
1.000000000000000000e+00 -2.553207523880077602e-04
2.000000000000000000e+00 4.328005362324878328e-04
3.000000000000000000e+00 -2.553207523880077602e-04
4.000000000000000000e+00 -2.553207523880077602e-04
5.000000000000000000e+00 -2.553207523880077602e-04
6.000000000000000000e+00 -2.553207523880077602e-04
7.000000000000000000e+00 -2.553207523880077602e-04
8.000000000000000000e+00 -2.552040390360002672e-04
9.000000000000000000e+00 -2.537470673584403535e-04
1.000000000000000000e+01 2.542007897099472281e-04
1.100000000000000000e+01 5.028073014362181213e-05
1.200000000000000000e+01 4.619901649502219519e-05
1.300000000000000000e+01 -5.989852301969997257e-05
1.400000000000000000e+01 -2.466755028872724050e-05
1.500000000000000000e+01 2.886538241620331506e-04
1.600000000000000000e+01 4.383525178783997034e-04
1.700000000000000000e+01 -5.325079756069999880e-05
1.800000000000000000e+01 -2.455629176301729697e-04
1.900000000000000000e+01 8.905018362850976267e-04
1.000000000000000000e+00 -2.449726343267997846e-04
2.000000000000000000e+00 5.526401091895625237e-04
3.000000000000000000e+00 -2.449726343267997846e-04
4.000000000000000000e+00 -2.449726343267997846e-04
5.000000000000000000e+00 -2.449726343267997846e-04
6.000000000000000000e+00 -2.449726343267997846e-04
7.000000000000000000e+00 -2.449726343267997846e-04
8.000000000000000000e+00 -2.444900695059996280e-04
9.000000000000000000e+00 -2.449726343267997846e-04
1.000000000000000000e+01 1.610370575446051452e-04
1.100000000000000000e+01 3.061637981911926958e-04
1.200000000000000000e+01 1.203740120805216516e-04
1.300000000000000000e+01 -8.045812397800758268e-05
1.400000000000000000e+01 -8.332838260901864475e-05
1.500000000000000000e+01 3.040184600245051717e-04
1.600000000000000000e+01 7.625715345611658682e-05
1.700000000000000000e+01 3.234908503357302226e-04
1.800000000000000000e+01 -2.325162522013000130e-04
1.900000000000000000e+01 5.063348327075384422e-04
1.000000000000000000e+00 -2.295202480319693508e-04
2.000000000000000000e+00 6.157831844650905103e-04
3.000000000000000000e+00 -2.295202480319693508e-04
4.000000000000000000e+00 -2.295202480319693508e-04
5.000000000000000000e+00 -2.295202480319693508e-04
6.000000000000000000e+00 -2.289950379479357403e-04
7.000000000000000000e+00 -2.295202480319693508e-04
8.000000000000000000e+00 -2.266121403444499064e-04
9.000000000000000000e+00 -2.295202480319693508e-04
1.000000000000000000e+01 4.608728319669189426e-05
1.100000000000000000e+01 3.164079902530800509e-04
1.200000000000000000e+01 -9.071355046301688091e-05
1.300000000000000000e+01 7.282668762667331749e-05
1.400000000000000000e+01 6.282835432344337700e-05
1.500000000000000000e+01 3.490049344940781835e-04
1.600000000000000000e+01 1.949015067709394312e-04
1.700000000000000000e+01 1.053141889758107130e-05
1.800000000000000000e+01 -2.286473872326379717e-04
1.900000000000000000e+01 4.596163177615691584e-04
1.000000000000000000e+00 -2.354361701343414841e-04
2.000000000000000000e+00 3.919429292090137115e-04
3.000000000000000000e+00 -2.354361701343414841e-04
4.000000000000000000e+00 -2.354361701343414841e-04
5.000000000000000000e+00 -2.354361701343414841e-04
6.000000000000000000e+00 -2.346191766702891951e-04
7.000000000000000000e+00 -2.353134714822310662e-04
8.000000000000000000e+00 -2.306222431390419559e-04
9.000000000000000000e+00 -2.352745670315619199e-04
1.000000000000000000e+01 2.645011383813983480e-04
1.100000000000000000e+01 1.149002051984294298e-04
1.200000000000000000e+01 3.987255409041197412e-05
1.300000000000000000e+01 3.074773220152161792e-05
1.400000000000000000e+01 4.344405437566354429e-05
1.500000000000000000e+01 -1.191288833307311673e-04
1.600000000000000000e+01 4.696699129886100933e-04
1.700000000000000000e+01 8.219540852664891932e-05
1.800000000000000000e+01 -2.275292146170918624e-04
1.900000000000000000e+01 7.526889378491141789e-04
1.000000000000000000e+00 -2.029357643799447643e-04
2.000000000000000000e+00 4.163452930093047930e-04
3.000000000000000000e+00 -2.033360099482575559e-04
4.000000000000000000e+00 -2.033360099482575559e-04
5.000000000000000000e+00 -2.033360099482575559e-04
6.000000000000000000e+00 -2.033360099482575559e-04
7.000000000000000000e+00 -2.033360099482575559e-04
8.000000000000000000e+00 -2.022354842678999412e-04
9.000000000000000000e+00 -2.032192965962500899e-04
1.000000000000000000e+01 1.824137585120447897e-04
1.100000000000000000e+01 -2.339179244826697964e-05
1.200000000000000000e+01 2.117879498844681032e-04
1.300000000000000000e+01 2.588489597589644134e-04
1.400000000000000000e+01 -1.081617160455248990e-04
1.500000000000000000e+01 9.711419938125425593e-05
1.600000000000000000e+01 3.073774302811221556e-04
1.700000000000000000e+01 1.643734544307569605e-04
1.800000000000000000e+01 -2.033360099482575559e-04
1.900000000000000000e+01 3.148682982169904304e-04
1.000000000000000000e+00 -2.445824909546395428e-04
2.000000000000000000e+00 4.510553321774164975e-04
3.000000000000000000e+00 -2.452244143906806735e-04
4.000000000000000000e+00 -2.452244143906806735e-04
5.000000000000000000e+00 -2.452244143906806735e-04
6.000000000000000000e+00 -2.450335649351252881e-04
7.000000000000000000e+00 -2.438484755147417998e-04
8.000000000000000000e+00 -2.451017157385702557e-04
9.000000000000000000e+00 -2.452244143906806735e-04
1.000000000000000000e+01 8.221990902564995328e-05
1.100000000000000000e+01 2.587882752998985764e-04
1.200000000000000000e+01 -1.079174091122221170e-04
1.300000000000000000e+01 1.473070757294772453e-04
1.400000000000000000e+01 -9.516274205411153874e-05
1.500000000000000000e+01 3.835112247867609363e-04
1.600000000000000000e+01 6.223689833803182445e-04
1.700000000000000000e+01 9.255446091883187817e-05
1.800000000000000000e+01 -1.949844469325759519e-04
1.900000000000000000e+01 3.065030262440817397e-04
1.000000000000000000e+00 -2.074609099501079079e-04
2.000000000000000000e+00 2.091661249399829432e-04
3.000000000000000000e+00 -2.074609099501079079e-04
4.000000000000000000e+00 -2.074609099501079079e-04
5.000000000000000000e+00 -2.074609099501079079e-04
6.000000000000000000e+00 -2.074609099501079079e-04
7.000000000000000000e+00 -2.074609099501079079e-04
8.000000000000000000e+00 -2.074609099501079079e-04
9.000000000000000000e+00 -2.069734286327946482e-04
1.000000000000000000e+01 2.649828471298720334e-04
1.100000000000000000e+01 3.323818940180830084e-04
1.200000000000000000e+01 5.159385026433646127e-04
1.300000000000000000e+01 5.981787064963969662e-04
1.400000000000000000e+01 -5.014538777482605204e-05
1.500000000000000000e+01 -2.048543117552744286e-04
1.600000000000000000e+01 -9.089077557811596378e-05
1.700000000000000000e+01 2.708282802198871465e-04
1.800000000000000000e+01 -2.073247443727658688e-04
1.900000000000000000e+01 1.853775537297136901e-05
1.000000000000000000e+00 -2.279617663049872064e-04
2.000000000000000000e+00 1.880228785489627020e-04
3.000000000000000000e+00 -2.279617663049872064e-04
4.000000000000000000e+00 -2.275727217982956351e-04
5.000000000000000000e+00 -2.278450529529797404e-04
6.000000000000000000e+00 -2.279617663049872064e-04
7.000000000000000000e+00 -2.279168765542151083e-04
8.000000000000000000e+00 -2.034033318200821302e-04
9.000000000000000000e+00 -2.274694753715198175e-04
1.000000000000000000e+01 3.082750253094488171e-04
1.100000000000000000e+01 4.996809947485065075e-04
1.200000000000000000e+01 1.446061974178207562e-04
1.300000000000000000e+01 1.903122615062377966e-04
1.400000000000000000e+01 -2.141349749046664015e-04
1.500000000000000000e+01 5.773037300779465795e-06
1.600000000000000000e+01 3.993841842730134844e-04
1.700000000000000000e+01 2.593889608073952783e-04
1.800000000000000000e+01 -2.266330296821329553e-04
1.900000000000000000e+01 2.326601414766667924e-04
1.000000000000000000e+00 -2.520675063305427848e-04
2.000000000000000000e+00 4.557538503265981273e-04
3.000000000000000000e+00 -2.521842196825502778e-04
4.000000000000000000e+00 -2.521842196825502778e-04
5.000000000000000000e+00 -2.521842196825502778e-04
6.000000000000000000e+00 -2.521842196825502778e-04
7.000000000000000000e+00 -2.521842196825502778e-04
8.000000000000000000e+00 -2.499120501309689581e-04
9.000000000000000000e+00 -2.521842196825502778e-04
1.000000000000000000e+01 3.476035243453897924e-04
1.100000000000000000e+01 3.148986656601389681e-04
1.200000000000000000e+01 6.254725436264923913e-05
1.300000000000000000e+01 2.490537552254072791e-04
1.400000000000000000e+01 -2.521842196825502778e-04
1.500000000000000000e+01 3.563428234609864625e-04
1.600000000000000000e+01 4.346233601302501272e-05
1.700000000000000000e+01 3.554553853618989847e-04
1.800000000000000000e+01 -2.521842196825502778e-04
1.900000000000000000e+01 3.187776797107216408e-04
1.000000000000000000e+00 -2.465854956557445412e-04
2.000000000000000000e+00 6.619486943735434581e-04
3.000000000000000000e+00 -2.469939923877706857e-04
4.000000000000000000e+00 -2.469939923877706857e-04
5.000000000000000000e+00 -2.469939923877706857e-04
6.000000000000000000e+00 -2.464687823037371023e-04
7.000000000000000000e+00 -2.467886965942396029e-04
8.000000000000000000e+00 -2.347974471029901241e-04
9.000000000000000000e+00 -2.468772790357632468e-04
1.000000000000000000e+01 1.975055094195225975e-04
1.100000000000000000e+01 3.491389772313580400e-04
1.200000000000000000e+01 1.419699728790841059e-04
1.300000000000000000e+01 1.625805244171382193e-04
1.400000000000000000e+01 -2.367939935848307380e-04
1.500000000000000000e+01 -3.649255210691867746e-05
1.600000000000000000e+01 3.659929480501500918e-04
1.700000000000000000e+01 8.648115575000715771e-05
1.800000000000000000e+01 -1.924639363871264786e-04
1.900000000000000000e+01 4.502607625010671849e-04
1.000000000000000000e+00 -2.610040704433602482e-04
2.000000000000000000e+00 1.262064599310984327e-03
3.000000000000000000e+00 -2.610564418192609887e-04
4.000000000000000000e+00 -2.610564418192609887e-04
5.000000000000000000e+00 -2.610564418192609887e-04
6.000000000000000000e+00 -2.606479450872348442e-04
7.000000000000000000e+00 -2.360525513741941006e-04
8.000000000000000000e+00 -2.521881722892267545e-04
9.000000000000000000e+00 -2.417209298366902119e-04
1.000000000000000000e+01 1.120229476600707560e-04
1.100000000000000000e+01 1.084377200561838326e-04
1.200000000000000000e+01 3.223881806281993592e-04
1.300000000000000000e+01 -1.234621461367300412e-04
1.400000000000000000e+01 -2.087210525353423241e-04
1.500000000000000000e+01 1.218931189876269007e-04
1.600000000000000000e+01 3.439377328620531584e-04
1.700000000000000000e+01 1.249255290440307389e-04
1.800000000000000000e+01 -2.583448016076208089e-04
1.900000000000000000e+01 2.126575779119155274e-04
1.000000000000000000e+00 -2.168057300629350280e-04
2.000000000000000000e+00 3.361489428059534598e-04
3.000000000000000000e+00 -2.226431660474298370e-04
4.000000000000000000e+00 -2.226431660474298370e-04
5.000000000000000000e+00 -2.226431660474298370e-04
6.000000000000000000e+00 -2.226431660474298370e-04
7.000000000000000000e+00 -2.226431660474298370e-04
8.000000000000000000e+00 -2.154129235230696536e-04
9.000000000000000000e+00 -2.226431660474298370e-04
1.000000000000000000e+01 2.608402129483974982e-04
1.100000000000000000e+01 3.293829895326473079e-04
1.200000000000000000e+01 1.157808010530078408e-04
1.300000000000000000e+01 2.623971658066274765e-04
1.400000000000000000e+01 -2.158473565555418957e-04
1.500000000000000000e+01 -1.129431324800261687e-04
1.600000000000000000e+01 2.946326621739607586e-04
1.700000000000000000e+01 1.118138680032574407e-04
1.800000000000000000e+01 -1.360312290717347449e-05
1.900000000000000000e+01 3.914099037041692832e-04
1.000000000000000000e+00 -1.994478664489575609e-04
2.000000000000000000e+00 2.235676283800052658e-04
3.000000000000000000e+00 -1.999730765329911714e-04
4.000000000000000000e+00 -1.999730765329911714e-04
5.000000000000000000e+00 -1.999730765329911714e-04
6.000000000000000000e+00 -1.999730765329911714e-04
7.000000000000000000e+00 -1.836332072519454182e-04
8.000000000000000000e+00 -1.999730765329911714e-04
9.000000000000000000e+00 -1.997927159272104060e-04
1.000000000000000000e+01 2.382945276766090109e-04
1.100000000000000000e+01 1.746830842783824713e-04
1.200000000000000000e+01 1.638227140316977188e-04
1.300000000000000000e+01 3.567769598513331275e-04
1.400000000000000000e+01 -6.622921592832044994e-05
1.500000000000000000e+01 -1.303468672027965404e-04
1.600000000000000000e+01 4.015858309573348806e-04
1.700000000000000000e+01 1.559351943046337200e-04
1.800000000000000000e+01 -1.993842191951842615e-04
1.900000000000000000e+01 2.513520671882984244e-04
1.000000000000000000e+00 -2.080036479740415638e-04
2.000000000000000000e+00 -9.215228615408844616e-06
3.000000000000000000e+00 -2.080036479740415638e-04
4.000000000000000000e+00 -2.080036479740415638e-04
5.000000000000000000e+00 -2.080036479740415638e-04
6.000000000000000000e+00 -2.080036479740415638e-04
7.000000000000000000e+00 -2.080036479740415638e-04
8.000000000000000000e+00 -2.080036479740415638e-04
9.000000000000000000e+00 -2.080036479740415638e-04
1.000000000000000000e+01 7.550960230679806264e-05
1.100000000000000000e+01 1.790729245962835784e-04
1.200000000000000000e+01 1.319062245554964514e-04
1.300000000000000000e+01 3.261034733050808426e-04
1.400000000000000000e+01 -1.298828082110449651e-04
1.500000000000000000e+01 1.663717463516122235e-04
1.600000000000000000e+01 5.679593023310138900e-04
1.700000000000000000e+01 1.269478942636658608e-04
1.800000000000000000e+01 -2.080036479740415638e-04
1.900000000000000000e+01 4.371414912058437896e-04
1.000000000000000000e+00 -2.064420438246867043e-04
2.000000000000000000e+00 4.999614337797712643e-04
3.000000000000000000e+00 -2.064420438246867043e-04
4.000000000000000000e+00 -2.064420438246867043e-04
5.000000000000000000e+00 -2.064420438246867043e-04
6.000000000000000000e+00 -2.005869239989786421e-04
7.000000000000000000e+00 -2.064420438246867043e-04
8.000000000000000000e+00 -2.063253304726792383e-04
9.000000000000000000e+00 -2.064420438246867043e-04
1.000000000000000000e+01 1.852081229351291373e-04
1.100000000000000000e+01 4.025125216572265278e-04
1.200000000000000000e+01 2.577827307700273826e-05
1.300000000000000000e+01 7.041039458663432343e-04
1.400000000000000000e+01 -2.039491663318092015e-04
1.500000000000000000e+01 -9.925579325608320004e-05
1.600000000000000000e+01 -4.508533702018574349e-06
1.700000000000000000e+01 3.208818486952842090e-04
1.800000000000000000e+01 -2.036690542869912886e-04
1.900000000000000000e+01 1.850091898592315571e-05
