1.000000000000000000e+00 -7.281293451547431054e-04
2.000000000000000000e+00 5.686777316366125852e-04
3.000000000000000000e+00 -7.361232847663297515e-04
4.000000000000000000e+00 -7.357505093935543233e-04
5.000000000000000000e+00 -7.357013211090719044e-04
6.000000000000000000e+00 -7.329622379078038971e-04
7.000000000000000000e+00 -7.329247063839278370e-04
8.000000000000000000e+00 -6.901193188149769113e-04
9.000000000000000000e+00 -7.306857212405308555e-04
1.000000000000000000e+01 7.329524738228122697e-05
1.100000000000000000e+01 9.178624259456936689e-06
1.200000000000000000e+01 3.249698563832727660e-04
1.300000000000000000e+01 5.768918136541206993e-04
1.400000000000000000e+01 -5.855348867854453902e-04
1.500000000000000000e+01 -2.271688203527905852e-04
1.600000000000000000e+01 2.496631036863063841e-03
1.700000000000000000e+01 6.424142591224977702e-04
1.800000000000000000e+01 -7.051762277227679012e-04
1.900000000000000000e+01 2.581447521001584925e-03
1.000000000000000000e+00 -7.595410402761811237e-04
2.000000000000000000e+00 -3.984360062951186333e-05
3.000000000000000000e+00 -7.663520727699867433e-04
4.000000000000000000e+00 -7.662563079683396223e-04
5.000000000000000000e+00 -7.651161082987282050e-04
6.000000000000000000e+00 -7.642530416268379385e-04
7.000000000000000000e+00 -7.645945710124849677e-04
8.000000000000000000e+00 -7.447534421542198295e-04
9.000000000000000000e+00 -7.599044237803209961e-04
1.000000000000000000e+01 9.925500939325794091e-04
1.100000000000000000e+01 1.327743423172497847e-03
1.200000000000000000e+01 1.183802417930722222e-03
1.300000000000000000e+01 2.253122914346434810e-04
1.400000000000000000e+01 -4.179118076455479646e-04
1.500000000000000000e+01 -2.116528246276261111e-04
1.600000000000000000e+01 1.206429279151771108e-03
1.700000000000000000e+01 9.178504158921261874e-04
1.800000000000000000e+01 -7.484884247855404628e-04
1.900000000000000000e+01 1.600285345905452837e-03
1.000000000000000000e+00 -7.816972380285113235e-04
2.000000000000000000e+00 1.123383395299670752e-03
3.000000000000000000e+00 -7.930130315046689552e-04
4.000000000000000000e+00 -7.928105923316415473e-04
5.000000000000000000e+00 -7.923022771174439462e-04
6.000000000000000000e+00 -7.900404399816572188e-04
7.000000000000000000e+00 -7.887747258482960804e-04
8.000000000000000000e+00 -7.832331917003192883e-04
9.000000000000000000e+00 -7.887440910224931137e-04
1.000000000000000000e+01 4.814234191069459543e-04
1.100000000000000000e+01 1.524210900513710059e-03
1.200000000000000000e+01 4.874396449991485396e-04
1.300000000000000000e+01 9.859020093068407604e-04
1.400000000000000000e+01 -7.523303005645851039e-04
1.500000000000000000e+01 4.975347755107634325e-05
1.600000000000000000e+01 1.543301929924087781e-03
1.700000000000000000e+01 4.837179565086608952e-04
1.800000000000000000e+01 -7.616176000479629466e-04
1.900000000000000000e+01 1.024808550576475135e-03
1.000000000000000000e+00 -8.156269565643453796e-04
2.000000000000000000e+00 1.509601837038047553e-03
3.000000000000000000e+00 -8.238069784435969297e-04
4.000000000000000000e+00 -8.238069784435969297e-04
5.000000000000000000e+00 -8.235554598097253546e-04
6.000000000000000000e+00 -8.211374957320974029e-04
7.000000000000000000e+00 -8.212849031799250880e-04
8.000000000000000000e+00 -6.532409914297808559e-04
9.000000000000000000e+00 -8.169151722520708774e-04
1.000000000000000000e+01 1.303578020952772618e-03
1.100000000000000000e+01 1.887788868954477491e-04
1.200000000000000000e+01 1.210618394505230894e-03
1.300000000000000000e+01 8.397592235685792661e-04
1.400000000000000000e+01 -8.082656634975201237e-04
1.500000000000000000e+01 2.367515615805837633e-04
1.600000000000000000e+01 4.488010856488007429e-04
1.700000000000000000e+01 8.824335538056203533e-04
1.800000000000000000e+01 -5.967145591175930779e-04
1.900000000000000000e+01 1.132334220227775284e-03
1.000000000000000000e+00 -7.070308319594916261e-04
2.000000000000000000e+00 2.856249151703244525e-04
3.000000000000000000e+00 -7.247460163238356916e-04
4.000000000000000000e+00 -7.246529623967481234e-04
5.000000000000000000e+00 -7.226708126992622888e-04
6.000000000000000000e+00 -7.222818158029124932e-04
7.000000000000000000e+00 -7.221084121368616989e-04
8.000000000000000000e+00 -6.967325657351049585e-04
9.000000000000000000e+00 -7.183009305195061246e-04
1.000000000000000000e+01 -2.568434699281273701e-04
1.100000000000000000e+01 9.015439117879859177e-04
1.200000000000000000e+01 1.089111129436353591e-03
1.300000000000000000e+01 2.635515131599476383e-04
1.400000000000000000e+01 -3.586615249440288115e-04
1.500000000000000000e+01 3.400866921963245334e-04
1.600000000000000000e+01 1.627389060801457971e-03
1.700000000000000000e+01 9.765776347271828799e-04
1.800000000000000000e+01 -7.062328408516266049e-04
1.900000000000000000e+01 1.474483800694884701e-03
1.000000000000000000e+00 -7.068580740829450608e-04
2.000000000000000000e+00 1.586010277706701495e-03
3.000000000000000000e+00 -7.316665839929956290e-04
4.000000000000000000e+00 -7.312103408896936845e-04
5.000000000000000000e+00 -7.311802783596311377e-04
6.000000000000000000e+00 -7.287874505991563494e-04
7.000000000000000000e+00 -7.297870928803111600e-04
8.000000000000000000e+00 -7.132760587242778201e-04
9.000000000000000000e+00 -7.251238574747788336e-04
1.000000000000000000e+01 7.930244250566445335e-04
1.100000000000000000e+01 -1.975768719959358332e-05
1.200000000000000000e+01 1.056698958196566375e-03
1.300000000000000000e+01 7.340216333483460566e-04
1.400000000000000000e+01 -1.450789444830688035e-04
1.500000000000000000e+01 -2.717195135847864256e-04
1.600000000000000000e+01 8.573181454919489262e-04
1.700000000000000000e+01 1.398011632190410700e-03
1.800000000000000000e+01 -5.609694486249918940e-04
1.900000000000000000e+01 2.981946971550501584e-04
1.000000000000000000e+00 -7.291732136870694020e-04
2.000000000000000000e+00 1.315504733249280630e-03
3.000000000000000000e+00 -7.419761067945843374e-04
4.000000000000000000e+00 -7.417941672744095402e-04
5.000000000000000000e+00 -7.417628124636428894e-04
6.000000000000000000e+00 -7.392608890058370921e-04
7.000000000000000000e+00 -7.388888229299894967e-04
8.000000000000000000e+00 -7.275242877996981449e-04
9.000000000000000000e+00 -7.357295697182152745e-04
1.000000000000000000e+01 6.144619838020534512e-04
1.100000000000000000e+01 1.485194683345290303e-03
1.200000000000000000e+01 6.136611044186884769e-04
1.300000000000000000e+01 5.692598932158223976e-04
1.400000000000000000e+01 -4.313329944926835532e-04
1.500000000000000000e+01 3.382258579898792661e-05
1.600000000000000000e+01 -2.443004770373719816e-04
1.700000000000000000e+01 8.763212070597041275e-04
1.800000000000000000e+01 -6.063709190447886871e-04
1.900000000000000000e+01 1.578008779116077745e-03
1.000000000000000000e+00 -8.631498786037880436e-04
2.000000000000000000e+00 3.063139316005346335e-03
3.000000000000000000e+00 -8.807276951486914165e-04
4.000000000000000000e+00 -8.801116853415051622e-04
5.000000000000000000e+00 -8.801964997645547999e-04
6.000000000000000000e+00 -8.703415340797572607e-04
7.000000000000000000e+00 -8.647396274274304342e-04
8.000000000000000000e+00 -8.431016096847207498e-04
9.000000000000000000e+00 -8.704066708570788735e-04
1.000000000000000000e+01 -1.799660761429326889e-04
1.100000000000000000e+01 7.287465862590031273e-05
1.200000000000000000e+01 2.423889016282789659e-05
1.300000000000000000e+01 -1.881995027654061084e-04
1.400000000000000000e+01 -8.272522352312100535e-04
1.500000000000000000e+01 9.257125281748679671e-04
1.600000000000000000e+01 2.262637766823746496e-03
1.700000000000000000e+01 -5.307721243613319892e-04
1.800000000000000000e+01 -5.094872865921063658e-04
1.900000000000000000e+01 2.751576207048910937e-03
1.000000000000000000e+00 -6.709064505929099656e-04
2.000000000000000000e+00 1.689301766879466871e-03
3.000000000000000000e+00 -6.847960008445051240e-04
4.000000000000000000e+00 -6.847960008445051240e-04
5.000000000000000000e+00 -6.839856728282947248e-04
6.000000000000000000e+00 -6.737601898612151016e-04
7.000000000000000000e+00 -6.771992208737755061e-04
8.000000000000000000e+00 -6.700550345279085484e-04
9.000000000000000000e+00 -6.778501757001505245e-04
1.000000000000000000e+01 5.619426987248003031e-04
1.100000000000000000e+01 2.328875430470219365e-04
1.200000000000000000e+01 1.584617780887799367e-05
1.300000000000000000e+01 2.181131030975119495e-04
1.400000000000000000e+01 -6.512161690153735628e-04
1.500000000000000000e+01 -5.813433578998293956e-05
1.600000000000000000e+01 1.586334498752380983e-03
1.700000000000000000e+01 6.599197719032040294e-04
1.800000000000000000e+01 -6.081532950701466506e-04
1.900000000000000000e+01 1.671067558281020410e-03
1.000000000000000000e+00 -8.085225066625525113e-04
2.000000000000000000e+00 1.077783070697759188e-03
3.000000000000000000e+00 -8.226731863594507685e-04
4.000000000000000000e+00 -8.221680859768993937e-04
5.000000000000000000e+00 -8.222422447520385614e-04
6.000000000000000000e+00 -8.169684996673690601e-04
7.000000000000000000e+00 -8.157099018226368235e-04
8.000000000000000000e+00 -8.161622233884037458e-04
9.000000000000000000e+00 -8.138342661759927470e-04
1.000000000000000000e+01 -1.401606244070343374e-04
1.100000000000000000e+01 -2.287785926250623968e-04
1.200000000000000000e+01 -1.727799710289750217e-04
1.300000000000000000e+01 -3.767197328579044847e-04
1.400000000000000000e+01 -3.523709801097036991e-04
1.500000000000000000e+01 3.665512768156684449e-05
1.600000000000000000e+01 3.005687439654238739e-03
1.700000000000000000e+01 -6.111270470580181186e-04
1.800000000000000000e+01 -5.524653511990904563e-04
1.900000000000000000e+01 4.680151109913865785e-03
1.000000000000000000e+00 -8.298892147623321541e-04
2.000000000000000000e+00 1.692455786881925765e-03
3.000000000000000000e+00 -8.432880572052922413e-04
4.000000000000000000e+00 -8.432880572052922413e-04
5.000000000000000000e+00 -8.424067217651333081e-04
6.000000000000000000e+00 -8.378581404833586972e-04
7.000000000000000000e+00 -8.354949846538163756e-04
8.000000000000000000e+00 -6.682396041281276743e-04
9.000000000000000000e+00 -8.236439984680962766e-04
1.000000000000000000e+01 1.290462475277231883e-03
1.100000000000000000e+01 7.778812835478126318e-04
1.200000000000000000e+01 2.440914588531154137e-05
1.300000000000000000e+01 1.206706124878832850e-03
1.400000000000000000e+01 -2.968074579516352782e-04
1.500000000000000000e+01 -4.482076649250583728e-04
1.600000000000000000e+01 2.314091822874241890e-04
1.700000000000000000e+01 1.246806087688996298e-03
1.800000000000000000e+01 -7.893591318084046881e-04
1.900000000000000000e+01 1.529240395840928898e-03
1.000000000000000000e+00 -7.465860002432806938e-04
2.000000000000000000e+00 1.310136673514736543e-03
3.000000000000000000e+00 -7.635399094941087506e-04
4.000000000000000000e+00 -7.633552396665816775e-04
5.000000000000000000e+00 -7.632588044335918446e-04
6.000000000000000000e+00 -7.611140994264919057e-04
7.000000000000000000e+00 -7.596330184548647077e-04
8.000000000000000000e+00 -7.502884093991212628e-04
9.000000000000000000e+00 -7.565767609868425661e-04
1.000000000000000000e+01 8.949451066538253834e-04
1.100000000000000000e+01 8.024838883792903728e-04
1.200000000000000000e+01 9.436945946757484445e-04
1.300000000000000000e+01 1.874720805879830337e-04
1.400000000000000000e+01 -6.348002091332598977e-04
1.500000000000000000e+01 1.384681599538623194e-04
1.600000000000000000e+01 8.641886611188949810e-04
1.700000000000000000e+01 9.347752269145313212e-04
1.800000000000000000e+01 -5.683665290178571347e-04
1.900000000000000000e+01 1.115622851836035661e-03
1.000000000000000000e+00 -8.035513819281494847e-04
2.000000000000000000e+00 -1.285169364460397043e-04
3.000000000000000000e+00 -8.164623258965164826e-04
4.000000000000000000e+00 -8.163964875953840395e-04
5.000000000000000000e+00 -8.162543367179389943e-04
6.000000000000000000e+00 -8.116868861946061357e-04
7.000000000000000000e+00 -8.127165210477704706e-04
8.000000000000000000e+00 -7.791365052548694528e-04
9.000000000000000000e+00 -8.078470182090799609e-04
1.000000000000000000e+01 1.143534072405949162e-03
1.100000000000000000e+01 3.129436098810739627e-04
1.200000000000000000e+01 1.462685456821637619e-03
1.300000000000000000e+01 1.344505573594458568e-03
1.400000000000000000e+01 -6.719732767155905170e-04
1.500000000000000000e+01 9.762619080886349100e-05
1.600000000000000000e+01 1.673368373307488818e-03
1.700000000000000000e+01 1.291181363954014899e-03
1.800000000000000000e+01 -6.266706106516788154e-04
1.900000000000000000e+01 5.202921332568247355e-04
1.000000000000000000e+00 -7.255906546956139352e-04
2.000000000000000000e+00 8.477180831447085835e-04
3.000000000000000000e+00 -7.355498002289891394e-04
4.000000000000000000e+00 -7.348432491547909808e-04
5.000000000000000000e+00 -7.340156687053617799e-04
6.000000000000000000e+00 -7.335687105903364444e-04
7.000000000000000000e+00 -7.320814023803392124e-04
8.000000000000000000e+00 -5.924170466095408016e-04
9.000000000000000000e+00 -7.316102656609531395e-04
1.000000000000000000e+01 5.056172697072489194e-04
1.100000000000000000e+01 -1.753177410690442127e-04
1.200000000000000000e+01 -3.266673610514196456e-05
1.300000000000000000e+01 4.057572841792791464e-04
1.400000000000000000e+01 -4.670065681046860770e-04
1.500000000000000000e+01 5.453513044831162547e-04
1.600000000000000000e+01 1.906823927804674216e-03
1.700000000000000000e+01 1.537320328118890273e-05
1.800000000000000000e+01 -7.298749195541084618e-04
1.900000000000000000e+01 2.842619037820153047e-03
1.000000000000000000e+00 -7.275245723587256364e-04
2.000000000000000000e+00 1.517280336244451744e-03
3.000000000000000000e+00 -7.477468382917758184e-04
4.000000000000000000e+00 -7.476697775529503711e-04
5.000000000000000000e+00 -7.475373527881727480e-04
6.000000000000000000e+00 -7.447412330452742035e-04
7.000000000000000000e+00 -7.457006177056393166e-04
8.000000000000000000e+00 -5.654937229053297017e-04
9.000000000000000000e+00 -7.435889293369481049e-04
1.000000000000000000e+01 3.873782898209845570e-04
1.100000000000000000e+01 1.524408720819206181e-04
1.200000000000000000e+01 2.740077112497204094e-04
1.300000000000000000e+01 3.751044930882842525e-04
1.400000000000000000e+01 -6.376982242672700300e-04
1.500000000000000000e+01 2.349581468309641988e-04
1.600000000000000000e+01 1.793226374618321151e-03
1.700000000000000000e+01 5.059061037972216630e-04
1.800000000000000000e+01 -6.007309899829838852e-04
1.900000000000000000e+01 1.716550874249775501e-03
1.000000000000000000e+00 -5.970101395266874363e-04
2.000000000000000000e+00 2.956974996378161852e-04
3.000000000000000000e+00 -6.033116681671516369e-04
4.000000000000000000e+00 -6.031838049265432532e-04
5.000000000000000000e+00 -6.032892232917655201e-04
6.000000000000000000e+00 -6.024674396443517165e-04
7.000000000000000000e+00 -5.946595359856076627e-04
8.000000000000000000e+00 -5.875692973389964402e-04
9.000000000000000000e+00 -6.013376611336207966e-04
1.000000000000000000e+01 1.743643678077819387e-03
1.100000000000000000e+01 8.571696828186557487e-04
1.200000000000000000e+01 1.157273562126261666e-03
1.300000000000000000e+01 1.417690173249535040e-03
1.400000000000000000e+01 -5.921792464079791681e-04
1.500000000000000000e+01 -4.809161288786419314e-04
1.600000000000000000e+01 9.182326472157855226e-05
1.700000000000000000e+01 4.596407999457358833e-04
1.800000000000000000e+01 -6.773215933808566190e-05
1.900000000000000000e+01 -1.851751052059676778e-04
1.000000000000000000e+00 -8.196454806584066617e-04
2.000000000000000000e+00 1.169004402171684807e-03
3.000000000000000000e+00 -8.334149981131482162e-04
4.000000000000000000e+00 -8.334149981131482162e-04
5.000000000000000000e+00 -8.320832688402424486e-04
6.000000000000000000e+00 -8.298857296328992789e-04
7.000000000000000000e+00 -8.253766856630709780e-04
8.000000000000000000e+00 -7.966192995177296668e-04
9.000000000000000000e+00 -8.258751873170348248e-04
1.000000000000000000e+01 1.175375438944011334e-03
1.100000000000000000e+01 6.572366471603457733e-04
1.200000000000000000e+01 4.944524749313351872e-04
1.300000000000000000e+01 1.647985067839124052e-04
1.400000000000000000e+01 -6.987657962283019960e-04
1.500000000000000000e+01 -5.197353734385338499e-05
1.600000000000000000e+01 3.141085535046291184e-03
1.700000000000000000e+01 1.172680399874903996e-04
1.800000000000000000e+01 -8.127285170975355553e-04
1.900000000000000000e+01 1.181888304336314909e-03
1.000000000000000000e+00 -6.845923936661099446e-04
2.000000000000000000e+00 1.093065298634157982e-04
3.000000000000000000e+00 -6.906844818222737051e-04
4.000000000000000000e+00 -6.905947023207294547e-04
5.000000000000000000e+00 -6.901882460319202052e-04
6.000000000000000000e+00 -6.873386184186371659e-04
7.000000000000000000e+00 -6.881491825432769225e-04
8.000000000000000000e+00 -6.800697101430762306e-04
9.000000000000000000e+00 -6.868586313577677589e-04
1.000000000000000000e+01 1.697847590179325707e-03
1.100000000000000000e+01 8.056286390714514304e-04
1.200000000000000000e+01 4.500733733883846089e-04
1.300000000000000000e+01 5.812656445439939954e-04
1.400000000000000000e+01 -6.754088876426178915e-04
1.500000000000000000e+01 3.738120996721443901e-05
1.600000000000000000e+01 1.251649643418553106e-03
1.700000000000000000e+01 1.509553267355183415e-03
1.800000000000000000e+01 -6.373256011720353307e-04
1.900000000000000000e+01 3.058008909770456750e-04
1.000000000000000000e+00 -8.639918973573677092e-04
2.000000000000000000e+00 1.042565020803901859e-03
3.000000000000000000e+00 -8.859917397703754183e-04
4.000000000000000000e+00 -8.859774566678569902e-04
5.000000000000000000e+00 -8.853947060851063587e-04
6.000000000000000000e+00 -8.611504298975528656e-04
7.000000000000000000e+00 -8.802705565807047560e-04
8.000000000000000000e+00 -8.744016611722436015e-04
9.000000000000000000e+00 -8.779909617590931975e-04
1.000000000000000000e+01 -5.310152848904664937e-04
1.100000000000000000e+01 6.759623021054512277e-04
1.200000000000000000e+01 2.573152184434839896e-04
1.300000000000000000e+01 4.484411552053395723e-04
1.400000000000000000e+01 -8.368245720653513711e-04
1.500000000000000000e+01 1.526692040452887634e-03
1.600000000000000000e+01 1.603759553486640808e-03
1.700000000000000000e+01 1.169607651704615835e-04
1.800000000000000000e+01 -8.659579040435713302e-04
1.900000000000000000e+01 3.481504136825483951e-03
1.000000000000000000e+00 -5.449637023000093597e-04
2.000000000000000000e+00 5.781391266326513885e-04
3.000000000000000000e+00 -5.518525038579284985e-04
4.000000000000000000e+00 -5.516976342177647586e-04
5.000000000000000000e+00 -5.518525038579284985e-04
6.000000000000000000e+00 -5.510679534410251610e-04
7.000000000000000000e+00 -5.478258251988970011e-04
8.000000000000000000e+00 -5.444705835295796060e-04
9.000000000000000000e+00 -5.480137441893369711e-04
1.000000000000000000e+01 8.616084393123982351e-04
1.100000000000000000e+01 2.323380874960892419e-04
1.200000000000000000e+01 9.635537626246391341e-04
1.300000000000000000e+01 1.239972799171856072e-03
1.400000000000000000e+01 -4.269315490087524363e-04
1.500000000000000000e+01 -1.676169347921774647e-04
1.600000000000000000e+01 2.242956216666386652e-04
1.700000000000000000e+01 6.800488576663114978e-04
1.800000000000000000e+01 -5.189553220636879821e-04
1.900000000000000000e+01 6.563831837890088264e-04
1.000000000000000000e+00 -7.478583265946652740e-04
2.000000000000000000e+00 6.938905667409694337e-04
3.000000000000000000e+00 -7.551071646820887995e-04
4.000000000000000000e+00 -7.551071646820887995e-04
5.000000000000000000e+00 -7.546020869711287000e-04
6.000000000000000000e+00 -7.535381561540466103e-04
7.000000000000000000e+00 -7.501652989821698710e-04
8.000000000000000000e+00 -7.485768246258383543e-04
9.000000000000000000e+00 -7.465340371663842060e-04
1.000000000000000000e+01 3.125644152643120162e-04
1.100000000000000000e+01 5.236041641175066905e-04
1.200000000000000000e+01 6.950476963526968201e-04
1.300000000000000000e+01 5.347893589919217527e-05
1.400000000000000000e+01 -4.219390704774282825e-04
1.500000000000000000e+01 -2.590584659764720880e-04
1.600000000000000000e+01 2.738573302825870071e-03
1.700000000000000000e+01 4.277666905936295880e-04
1.800000000000000000e+01 -7.198034543608714973e-04
1.900000000000000000e+01 1.872896508044387788e-03
1.000000000000000000e+00 -8.483165609031573630e-04
2.000000000000000000e+00 3.096778067066789739e-03
3.000000000000000000e+00 -8.731867628041715783e-04
4.000000000000000000e+00 -8.730700494521640310e-04
5.000000000000000000e+00 -8.719934435961464126e-04
6.000000000000000000e+00 -8.640957924999659876e-04
7.000000000000000000e+00 -8.671274522630683388e-04
8.000000000000000000e+00 -8.618234687815637569e-04
9.000000000000000000e+00 -8.605237722000044342e-04
1.000000000000000000e+01 3.043144226552338644e-04
1.100000000000000000e+01 7.291382229342161696e-04
1.200000000000000000e+01 -1.839629325207371816e-05
1.300000000000000000e+01 -4.028815385331319142e-05
1.400000000000000000e+01 -7.777095237344954599e-04
1.500000000000000000e+01 1.798049043600371275e-03
1.600000000000000000e+01 6.605363458326892877e-04
1.700000000000000000e+01 -7.116334889434747192e-04
1.800000000000000000e+01 -7.874333350066466987e-04
1.900000000000000000e+01 2.580851438051901068e-03
1.000000000000000000e+00 -8.493995232819262844e-04
2.000000000000000000e+00 8.712032712889847394e-04
3.000000000000000000e+00 -8.533530504322322293e-04
4.000000000000000000e+00 -8.533530504322322293e-04
5.000000000000000000e+00 -8.514976074003185146e-04
6.000000000000000000e+00 -8.516428597514533010e-04
7.000000000000000000e+00 -8.506368532307408267e-04
8.000000000000000000e+00 -8.366687961166753432e-04
9.000000000000000000e+00 -8.500867439096231439e-04
1.000000000000000000e+01 4.842932913555454905e-04
1.100000000000000000e+01 6.005155724278842064e-04
1.200000000000000000e+01 4.718258926225259598e-04
1.300000000000000000e+01 1.393183951082422115e-03
1.400000000000000000e+01 -7.990001764802685640e-04
1.500000000000000000e+01 1.028250576229758221e-03
1.600000000000000000e+01 1.356856304183892302e-03
1.700000000000000000e+01 2.111072008704766207e-04
1.800000000000000000e+01 -8.131280022414976620e-04
1.900000000000000000e+01 1.927964723613184240e-03
1.000000000000000000e+00 -6.827076731995510711e-04
2.000000000000000000e+00 1.422519714717375905e-03
3.000000000000000000e+00 -7.042258696389659288e-04
4.000000000000000000e+00 -7.042258696389659288e-04
5.000000000000000000e+00 -7.040350201834105976e-04
6.000000000000000000e+00 -7.026075390640527853e-04
7.000000000000000000e+00 -6.984175847865634707e-04
8.000000000000000000e+00 -6.988307609350337358e-04
9.000000000000000000e+00 -7.015759661137123231e-04
1.000000000000000000e+01 8.556671175999595608e-04
1.100000000000000000e+01 7.974088639174835508e-04
1.200000000000000000e+01 8.004360550146820104e-04
1.300000000000000000e+01 8.121870704184821566e-04
1.400000000000000000e+01 -2.529460910220025305e-04
1.500000000000000000e+01 3.685563895057520739e-05
1.600000000000000000e+01 1.024057400517620518e-04
1.700000000000000000e+01 8.140993256295065263e-04
1.800000000000000000e+01 -6.712375205179138028e-04
1.900000000000000000e+01 8.342741829498605309e-04
1.000000000000000000e+00 -7.244558497346880377e-04
2.000000000000000000e+00 5.490766330589991152e-04
3.000000000000000000e+00 -7.293045316316892554e-04
4.000000000000000000e+00 -7.293045316316892554e-04
5.000000000000000000e+00 -7.293045316316892554e-04
6.000000000000000000e+00 -7.271375420697416200e-04
7.000000000000000000e+00 -7.277995007148935951e-04
8.000000000000000000e+00 -7.204522960987814594e-04
9.000000000000000000e+00 -7.266249535844641460e-04
1.000000000000000000e+01 9.808611942028039841e-04
1.100000000000000000e+01 8.709835833895984356e-04
1.200000000000000000e+01 1.178225676773869126e-03
1.300000000000000000e+01 1.301812074878824776e-03
1.400000000000000000e+01 -1.657207152379989057e-04
1.500000000000000000e+01 -3.737977313332222656e-04
1.600000000000000000e+01 2.006006870602940987e-04
1.700000000000000000e+01 1.544524710308547034e-03
1.800000000000000000e+01 -6.942442698294805934e-04
1.900000000000000000e+01 3.741862489074105637e-04
1.000000000000000000e+00 -7.209121764122201036e-04
2.000000000000000000e+00 6.298473283738952435e-04
3.000000000000000000e+00 -7.317837799746500357e-04
4.000000000000000000e+00 -7.317837799746500357e-04
5.000000000000000000e+00 -7.292445164059746087e-04
6.000000000000000000e+00 -7.293590597628148760e-04
7.000000000000000000e+00 -7.304919753740218890e-04
8.000000000000000000e+00 -7.186346566889720852e-04
9.000000000000000000e+00 -7.265378140669193161e-04
1.000000000000000000e+01 5.104211219291313398e-04
1.100000000000000000e+01 8.541221383602943780e-04
1.200000000000000000e+01 1.236186080662838617e-03
1.300000000000000000e+01 7.115864491949672470e-05
1.400000000000000000e+01 -6.870379257925212464e-04
1.500000000000000000e+01 4.548786520681283654e-04
1.600000000000000000e+01 1.061787032502953037e-03
1.700000000000000000e+01 6.679791241529042887e-04
1.800000000000000000e+01 -6.722617433692800381e-04
1.900000000000000000e+01 1.631729715620428098e-03
1.000000000000000000e+00 -6.846122519107819722e-04
2.000000000000000000e+00 6.768564403964955154e-04
3.000000000000000000e+00 -7.041140700558074427e-04
4.000000000000000000e+00 -7.041140700558074427e-04
5.000000000000000000e+00 -7.041140700558074427e-04
6.000000000000000000e+00 -7.009816632469300767e-04
7.000000000000000000e+00 -7.005258473411842164e-04
8.000000000000000000e+00 -6.840137565556340298e-04
9.000000000000000000e+00 -7.006593276304767456e-04
1.000000000000000000e+01 1.243790693740653508e-03
1.100000000000000000e+01 7.418704170248237957e-04
1.200000000000000000e+01 8.725991058257856871e-04
1.300000000000000000e+01 8.937367128642662159e-04
1.400000000000000000e+01 -6.487602226763998503e-04
1.500000000000000000e+01 -6.520696534805785899e-04
1.600000000000000000e+01 1.360254215500043568e-03
1.700000000000000000e+01 1.196966127086255410e-03
1.800000000000000000e+01 -4.664704999367471900e-04
1.900000000000000000e+01 3.090263138769065135e-04
1.000000000000000000e+00 -8.011139680603746992e-04
2.000000000000000000e+00 3.836588394735960432e-04
3.000000000000000000e+00 -8.116893538414677233e-04
4.000000000000000000e+00 -8.116893538414677233e-04
5.000000000000000000e+00 -8.104608709953378546e-04
6.000000000000000000e+00 -8.061160299120514105e-04
7.000000000000000000e+00 -8.075913956993919542e-04
8.000000000000000000e+00 -7.993672630004693223e-04
9.000000000000000000e+00 -8.028276007745326504e-04
1.000000000000000000e+01 1.353188777729265714e-03
1.100000000000000000e+01 1.231910703920007042e-03
1.200000000000000000e+01 8.458963676961153699e-04
1.300000000000000000e+01 1.805190076338080958e-03
1.400000000000000000e+01 -1.839270025044148504e-04
1.500000000000000000e+01 -3.037496394846645170e-04
1.600000000000000000e+01 6.194609516782332431e-04
1.700000000000000000e+01 6.870942991284455020e-04
1.800000000000000000e+01 -7.653636593879927993e-04
1.900000000000000000e+01 7.051142586015865001e-04
1.000000000000000000e+00 -7.063107087586324370e-04
2.000000000000000000e+00 -3.152531299384486035e-04
3.000000000000000000e+00 -7.147079698257114647e-04
4.000000000000000000e+00 -7.147079698257114647e-04
5.000000000000000000e+00 -7.144153702684060336e-04
6.000000000000000000e+00 -7.127564219182811736e-04
7.000000000000000000e+00 -7.112326043492955526e-04
8.000000000000000000e+00 -7.056041502351971962e-04
9.000000000000000000e+00 -7.093520194942708971e-04
1.000000000000000000e+01 1.133384159777871356e-03
1.100000000000000000e+01 1.296006917895530137e-03
1.200000000000000000e+01 1.849686134690310462e-03
1.300000000000000000e+01 1.307991834120365978e-03
1.400000000000000000e+01 -4.617803242682942097e-05
1.500000000000000000e+01 -3.452766234073202244e-04
1.600000000000000000e+01 -3.018713341070572301e-04
1.700000000000000000e+01 1.067209990008708862e-03
1.800000000000000000e+01 -5.566453877610285077e-04
1.900000000000000000e+01 5.057318261678721109e-04
1.000000000000000000e+00 -8.106291380727270734e-04
2.000000000000000000e+00 2.910512507040381551e-03
3.000000000000000000e+00 -8.223913157487703447e-04
4.000000000000000000e+00 -8.223913157487703447e-04
5.000000000000000000e+00 -8.220298852402809810e-04
6.000000000000000000e+00 -8.185462132166929647e-04
7.000000000000000000e+00 -8.167327178107606188e-04
8.000000000000000000e+00 -8.118160042981086705e-04
9.000000000000000000e+00 -8.145590916262800954e-04
1.000000000000000000e+01 4.752061851945057710e-04
1.100000000000000000e+01 1.281777612457258957e-03
1.200000000000000000e+01 1.248582065619271986e-03
1.300000000000000000e+01 1.006796820838649345e-03
1.400000000000000000e+01 -5.206640193904597249e-04
1.500000000000000000e+01 -4.506629396619906357e-04
1.600000000000000000e+01 1.517500824539435233e-04
1.700000000000000000e+01 6.004397502082630539e-04
1.800000000000000000e+01 -5.386247401178018146e-04
1.900000000000000000e+01 3.011878184961530309e-04
1.000000000000000000e+00 -7.942623189063934865e-04
2.000000000000000000e+00 1.889823139141551147e-04
3.000000000000000000e+00 -8.079048683245031431e-04
4.000000000000000000e+00 -8.079048683245031431e-04
5.000000000000000000e+00 -8.070870586831640743e-04
6.000000000000000000e+00 -8.045084534259874061e-04
7.000000000000000000e+00 -8.039350247538193080e-04
8.000000000000000000e+00 -8.006705986777685633e-04
9.000000000000000000e+00 -8.009434629387280746e-04
1.000000000000000000e+01 1.334749699948745106e-03
1.100000000000000000e+01 1.664603517089022818e-03
1.200000000000000000e+01 1.252929915355848476e-03
1.300000000000000000e+01 1.388609305816642693e-03
1.400000000000000000e+01 -4.681008785467738985e-04
1.500000000000000000e+01 -3.579013234783154102e-04
1.600000000000000000e+01 1.980546727330418245e-04
1.700000000000000000e+01 1.129733687361983690e-03
1.800000000000000000e+01 -6.549464443741530350e-04
1.900000000000000000e+01 6.894155847889249381e-04
1.000000000000000000e+00 -6.588078477979484584e-04
2.000000000000000000e+00 7.419356743836574147e-04
3.000000000000000000e+00 -6.727524129329897620e-04
4.000000000000000000e+00 -6.727173853244327109e-04
5.000000000000000000e+00 -6.716571030141504700e-04
6.000000000000000000e+00 -6.688721069255829056e-04
7.000000000000000000e+00 -6.647080620665099917e-04
8.000000000000000000e+00 -6.520600564125520263e-04
9.000000000000000000e+00 -6.654863677555299855e-04
1.000000000000000000e+01 4.056942899229601059e-04
1.100000000000000000e+01 1.625960310071404178e-03
1.200000000000000000e+01 9.436835911062539618e-04
1.300000000000000000e+01 1.229312013048251264e-03
1.400000000000000000e+01 -3.597472778857658269e-04
1.500000000000000000e+01 -4.051449976469868007e-04
1.600000000000000000e+01 2.789329434511268659e-04
1.700000000000000000e+01 1.319413462717223661e-03
1.800000000000000000e+01 -5.667052362786887017e-04
1.900000000000000000e+01 6.223722058476817789e-05
1.000000000000000000e+00 -8.067877160362312830e-04
2.000000000000000000e+00 4.814007163363339704e-03
3.000000000000000000e+00 -8.131022853760107002e-04
4.000000000000000000e+00 -8.131022853760107002e-04
5.000000000000000000e+00 -8.122146653707436499e-04
6.000000000000000000e+00 -8.084442935856659372e-04
7.000000000000000000e+00 -8.098276062347348810e-04
8.000000000000000000e+00 -8.008950034733506576e-04
9.000000000000000000e+00 -8.001548038711062604e-04
1.000000000000000000e+01 -7.439314340872343141e-05
1.100000000000000000e+01 -4.126177414586525562e-04
1.200000000000000000e+01 -2.552874034696501430e-04
1.300000000000000000e+01 -4.672892256654802984e-04
1.400000000000000000e+01 -6.173057127324492986e-04
1.500000000000000000e+01 -1.538543653690960700e-04
1.600000000000000000e+01 1.558782654459270941e-03
1.700000000000000000e+01 5.210285503304551294e-04
1.800000000000000000e+01 -7.868547098112082085e-04
1.900000000000000000e+01 2.259791125481227115e-03
1.000000000000000000e+00 -7.754922152771707858e-04
2.000000000000000000e+00 1.604374608790042132e-04
3.000000000000000000e+00 -7.848974607993630800e-04
4.000000000000000000e+00 -7.848974607993630800e-04
5.000000000000000000e+00 -7.847583025719695243e-04
6.000000000000000000e+00 -7.824847163698119522e-04
7.000000000000000000e+00 -7.811895401796777397e-04
8.000000000000000000e+00 -7.738457165455880568e-04
9.000000000000000000e+00 -7.780310558587284417e-04
1.000000000000000000e+01 -7.266563013725206653e-05
1.100000000000000000e+01 5.306912144351285266e-04
1.200000000000000000e+01 8.766958946534110682e-04
1.300000000000000000e+01 -3.107035533231256638e-04
1.400000000000000000e+01 -7.442523070502177597e-04
1.500000000000000000e+01 3.188462314526484590e-04
1.600000000000000000e+01 3.375314479999574294e-03
1.700000000000000000e+01 1.142810254318950329e-04
1.800000000000000000e+01 -4.936325373215544711e-04
1.900000000000000000e+01 2.378737552807912853e-03
1.000000000000000000e+00 -7.942375789913205374e-04
2.000000000000000000e+00 1.802983502146015551e-04
3.000000000000000000e+00 -8.019983263879222786e-04
4.000000000000000000e+00 -8.019419829492259455e-04
5.000000000000000000e+00 -8.009613731450867602e-04
6.000000000000000000e+00 -7.995358242930672692e-04
7.000000000000000000e+00 -7.991048098126830824e-04
8.000000000000000000e+00 -7.936785066185226591e-04
9.000000000000000000e+00 -7.974739787700872631e-04
1.000000000000000000e+01 1.050733509751971629e-03
1.100000000000000000e+01 4.103389852730660969e-04
1.200000000000000000e+01 4.683697954388904832e-04
1.300000000000000000e+01 1.057102888847479265e-04
1.400000000000000000e+01 -5.898266355565633242e-04
1.500000000000000000e+01 1.237003926687386306e-03
1.600000000000000000e+01 1.618989294125220421e-03
1.700000000000000000e+01 1.102411498682673768e-04
1.800000000000000000e+01 -6.514572847316845534e-04
1.900000000000000000e+01 2.393421027794946643e-03
1.000000000000000000e+00 -7.497780090701645309e-04
2.000000000000000000e+00 9.177359922511463004e-04
3.000000000000000000e+00 -7.530262612329825756e-04
4.000000000000000000e+00 -7.530262612329825756e-04
5.000000000000000000e+00 -7.522968027829358929e-04
6.000000000000000000e+00 -7.490182322249535176e-04
7.000000000000000000e+00 -7.447192923692910185e-04
8.000000000000000000e+00 -7.488543302228161834e-04
9.000000000000000000e+00 -7.458329102458640184e-04
1.000000000000000000e+01 7.211071416520679163e-04
1.100000000000000000e+01 2.103326881159877520e-04
1.200000000000000000e+01 1.231009225737861757e-04
1.300000000000000000e+01 -5.428845803089366886e-05
1.400000000000000000e+01 -1.307251253551660187e-04
1.500000000000000000e+01 9.808917051752166251e-04
1.600000000000000000e+01 1.156390479757637892e-03
1.700000000000000000e+01 -4.583901181884242646e-05
1.800000000000000000e+01 -6.926254970682127520e-04
1.900000000000000000e+01 2.739321453461946668e-03
1.000000000000000000e+00 -6.973165107064873162e-04
2.000000000000000000e+00 1.386455110163244825e-03
3.000000000000000000e+00 -7.186498591844435587e-04
4.000000000000000000e+00 -7.184675795903993061e-04
5.000000000000000000e+00 -7.184553369310978273e-04
6.000000000000000000e+00 -7.162809862273353863e-04
7.000000000000000000e+00 -7.153425747322011714e-04
8.000000000000000000e+00 -6.998723225935316776e-04
9.000000000000000000e+00 -7.143812701119329730e-04
1.000000000000000000e+01 6.615627946893851315e-04
1.100000000000000000e+01 9.597567407168938313e-04
1.200000000000000000e+01 4.122918417478153982e-04
1.300000000000000000e+01 -2.543227172438395386e-04
1.400000000000000000e+01 -4.964996966718861595e-04
1.500000000000000000e+01 7.229790485991864201e-04
1.600000000000000000e+01 4.432389178290965120e-04
1.700000000000000000e+01 9.820736933697151328e-04
1.800000000000000000e+01 -6.969118927598525175e-04
1.900000000000000000e+01 1.501196336249550553e-03
1.000000000000000000e+00 -7.630861943305766466e-04
2.000000000000000000e+00 2.193490564265666073e-03
3.000000000000000000e+00 -7.987042405972573020e-04
4.000000000000000000e+00 -7.984394202168907610e-04
5.000000000000000000e+00 -7.984747878993172674e-04
6.000000000000000000e+00 -7.934342674176202538e-04
7.000000000000000000e+00 -7.919605777086364358e-04
8.000000000000000000e+00 -7.867312297534481864e-04
9.000000000000000000e+00 -7.915344554337746651e-04
1.000000000000000000e+01 3.569687868099009659e-04
1.100000000000000000e+01 1.356387255866511486e-03
1.200000000000000000e+01 -3.403996882013183797e-04
1.300000000000000000e+01 3.126693806209634150e-04
1.400000000000000000e+01 9.732529344774407121e-05
1.500000000000000000e+01 1.028231621788740831e-03
1.600000000000000000e+01 5.942915009050771203e-04
1.700000000000000000e+01 1.954322929468121788e-06
1.800000000000000000e+01 -7.521354162273125119e-04
1.900000000000000000e+01 1.387693992000031337e-03
1.000000000000000000e+00 -7.354105123962807137e-04
2.000000000000000000e+00 1.216069475445169090e-03
3.000000000000000000e+00 -7.417754149359030930e-04
4.000000000000000000e+00 -7.416706041693276776e-04
5.000000000000000000e+00 -7.408955758207698503e-04
6.000000000000000000e+00 -7.396863955674719314e-04
7.000000000000000000e+00 -7.339866810792421061e-04
8.000000000000000000e+00 -7.309122558934723303e-04
9.000000000000000000e+00 -7.377738337284395296e-04
1.000000000000000000e+01 8.618258824854222854e-04
1.100000000000000000e+01 4.828710251704069426e-04
1.200000000000000000e+01 1.611456465678986843e-04
1.300000000000000000e+01 -7.166941413327587078e-05
1.400000000000000000e+01 -1.158571334714790665e-04
1.500000000000000000e+01 -3.136526064690820241e-04
1.600000000000000000e+01 1.600779449975919030e-03
1.700000000000000000e+01 3.621685595679864623e-04
1.800000000000000000e+01 -7.011062212029838328e-04
1.900000000000000000e+01 2.312404669854918170e-03
1.000000000000000000e+00 -8.270246269707665250e-04
2.000000000000000000e+00 1.344711503241435889e-03
3.000000000000000000e+00 -8.353604013867230648e-04
4.000000000000000000e+00 -8.352026576365422861e-04
5.000000000000000000e+00 -8.337258159286082106e-04
6.000000000000000000e+00 -8.327573393123724119e-04
7.000000000000000000e+00 -8.314067317292719297e-04
8.000000000000000000e+00 -8.235814519151965496e-04
9.000000000000000000e+00 -8.307068205164055367e-04
1.000000000000000000e+01 8.531969833272375287e-04
1.100000000000000000e+01 1.518254158519647247e-04
1.200000000000000000e+01 9.797520887666346344e-04
1.300000000000000000e+01 8.788139378062883450e-04
1.400000000000000000e+01 -4.914355328380653641e-04
1.500000000000000000e+01 2.648632262694835659e-04
1.600000000000000000e+01 1.297631233065499236e-03
1.700000000000000000e+01 6.457790010468587513e-04
1.800000000000000000e+01 -7.868001173351100953e-04
1.900000000000000000e+01 1.411385238411915670e-03
1.000000000000000000e+00 -7.993195370470902250e-04
2.000000000000000000e+00 1.494650988578413503e-03
3.000000000000000000e+00 -8.147195856316626203e-04
4.000000000000000000e+00 -8.147195856316626203e-04
5.000000000000000000e+00 -8.129703816765762939e-04
6.000000000000000000e+00 -8.107368756090366094e-04
7.000000000000000000e+00 -8.086707597298955792e-04
8.000000000000000000e+00 -8.109941949314819747e-04
9.000000000000000000e+00 -8.076474288746318675e-04
1.000000000000000000e+01 3.302193544045848119e-04
1.100000000000000000e+01 9.832121429743673896e-04
1.200000000000000000e+01 -3.008986049702190124e-04
1.300000000000000000e+01 4.947638335377631778e-04
1.400000000000000000e+01 -4.231897589058632040e-04
1.500000000000000000e+01 1.277135861940986456e-03
1.600000000000000000e+01 1.942295800821017054e-03
1.700000000000000000e+01 5.301399438992121559e-04
1.800000000000000000e+01 -6.501985706729725796e-04
1.900000000000000000e+01 7.475102850578437073e-04
1.000000000000000000e+00 -7.670116162650974980e-04
2.000000000000000000e+00 7.633519857304117955e-04
3.000000000000000000e+00 -7.752757393839124602e-04
4.000000000000000000e+00 -7.750132703714434019e-04
5.000000000000000000e+00 -7.747864411004964794e-04
6.000000000000000000e+00 -7.702873512547680351e-04
7.000000000000000000e+00 -7.708560762195014069e-04
8.000000000000000000e+00 -7.631469973794701659e-04
9.000000000000000000e+00 -7.564781329287429811e-04
1.000000000000000000e+01 9.144619397394550741e-04
1.100000000000000000e+01 1.417094920187743096e-03
1.200000000000000000e+01 1.880358680904831159e-03
1.300000000000000000e+01 2.108108858159012632e-03
1.400000000000000000e+01 -1.854942067298437976e-04
1.500000000000000000e+01 -7.197176075258856446e-04
1.600000000000000000e+01 -4.330045070109389462e-04
1.700000000000000000e+01 1.105660823492930159e-03
1.800000000000000000e+01 -7.652944586043123167e-04
1.900000000000000000e+01 -2.846843029664269624e-06
1.000000000000000000e+00 -8.137514027614915118e-04
2.000000000000000000e+00 4.067089060401831292e-04
3.000000000000000000e+00 -8.273351051494656381e-04
4.000000000000000000e+00 -8.269460606427740668e-04
5.000000000000000000e+00 -8.269849650934432131e-04
6.000000000000000000e+00 -8.253459470153495011e-04
7.000000000000000000e+00 -8.250676383336795006e-04
8.000000000000000000e+00 -8.083839627914605726e-04
9.000000000000000000e+00 -8.227072575069120566e-04
1.000000000000000000e+01 1.137177131420212236e-03
1.100000000000000000e+01 2.110182409204806701e-03
1.200000000000000000e+01 4.939042472538963729e-04
1.300000000000000000e+01 7.366141127009818122e-04
1.400000000000000000e+01 -7.872165878513265151e-04
1.500000000000000000e+01 2.356454583629339912e-04
1.600000000000000000e+01 9.257898664443639514e-04
1.700000000000000000e+01 1.037820453976204564e-03
1.800000000000000000e+01 -7.990050626299973098e-04
1.900000000000000000e+01 1.019137202883155192e-03
1.000000000000000000e+00 -8.793930102366227623e-04
2.000000000000000000e+00 1.429067508456738963e-03
3.000000000000000000e+00 -8.870034916216140014e-04
4.000000000000000000e+00 -8.870034916216140014e-04
5.000000000000000000e+00 -8.854084091441785697e-04
6.000000000000000000e+00 -8.846135204816428337e-04
7.000000000000000000e+00 -8.810812956258885992e-04
8.000000000000000000e+00 -8.680018272417983636e-04
9.000000000000000000e+00 -8.801515880785339184e-04
1.000000000000000000e+01 1.142787935114840522e-03
1.100000000000000000e+01 1.235615672918068510e-03
1.200000000000000000e+01 3.533121930568156998e-04
1.300000000000000000e+01 8.595066780075824846e-04
1.400000000000000000e+01 -8.722951811412446186e-04
1.500000000000000000e+01 1.062316431483374419e-03
1.600000000000000000e+01 2.772858452605099673e-04
1.700000000000000000e+01 1.056509835759782525e-03
1.800000000000000000e+01 -8.431715059653985744e-04
1.900000000000000000e+01 1.274475906211075104e-03
1.000000000000000000e+00 -8.988105636044644176e-04
2.000000000000000000e+00 2.388449066030865191e-03
3.000000000000000000e+00 -9.257973881840761508e-04
4.000000000000000000e+00 -9.257973881840761508e-04
5.000000000000000000e+00 -9.257973881840761508e-04
6.000000000000000000e+00 -9.201147032997105497e-04
7.000000000000000000e+00 -9.178692285752443206e-04
8.000000000000000000e+00 -9.076377836274127260e-04
9.000000000000000000e+00 -9.188181901334495231e-04
1.000000000000000000e+01 5.725574726257704567e-04
1.100000000000000000e+01 1.051563410457256658e-03
1.200000000000000000e+01 6.175637730441466090e-04
1.300000000000000000e+01 5.335867549448148435e-04
1.400000000000000000e+01 -8.681581159833543816e-04
1.500000000000000000e+01 1.668120824672610555e-05
1.600000000000000000e+01 1.491776923409019167e-03
1.700000000000000000e+01 1.828496553206971319e-04
1.800000000000000000e+01 -6.509098353903609163e-04
1.900000000000000000e+01 1.935849145496050224e-03
1.000000000000000000e+00 -5.969523171002228019e-04
2.000000000000000000e+00 2.461295502986585605e-03
3.000000000000000000e+00 -6.043061052225683809e-04
4.000000000000000000e+00 -6.036010368704412127e-04
5.000000000000000000e+00 -6.043061052225683809e-04
6.000000000000000000e+00 -6.026103919722332683e-04
7.000000000000000000e+00 -6.024098416666409357e-04
8.000000000000000000e+00 -5.990076513421817208e-04
9.000000000000000000e+00 -6.022466664509447442e-04
1.000000000000000000e+01 2.415205843247711370e-04
1.100000000000000000e+01 2.436775293329510657e-04
1.200000000000000000e+01 8.566206367067718272e-04
1.300000000000000000e+01 -3.528615051085004853e-04
1.400000000000000000e+01 -4.167524639136749960e-04
1.500000000000000000e+01 3.742966739150956935e-04
1.600000000000000000e+01 9.365900787686475860e-04
1.700000000000000000e+01 4.170390172615118978e-04
1.800000000000000000e+01 -5.682405449010557216e-04
1.900000000000000000e+01 5.747422393807481277e-04
1.000000000000000000e+00 -7.898489260813385720e-04
2.000000000000000000e+00 1.104882092306789555e-03
3.000000000000000000e+00 -8.364550758256186248e-04
4.000000000000000000e+00 -8.362851749204235031e-04
5.000000000000000000e+00 -8.360211415681549282e-04
6.000000000000000000e+00 -8.317980634480179108e-04
7.000000000000000000e+00 -8.316430791543782215e-04
8.000000000000000000e+00 -8.030229617212355500e-04
9.000000000000000000e+00 -8.306374865521469432e-04
1.000000000000000000e+01 7.112884442604142880e-04
1.100000000000000000e+01 1.156784168525320329e-03
1.200000000000000000e+01 5.984620294711825647e-04
1.300000000000000000e+01 1.081411270363968630e-03
1.400000000000000000e+01 -7.987521011648460439e-04
1.500000000000000000e+01 -4.168661774866850201e-04
1.600000000000000000e+01 1.138393025676339007e-03
1.700000000000000000e+01 5.322908134619199361e-04
1.800000000000000000e+01 -1.621393689958709684e-04
1.900000000000000000e+01 1.567052929921738556e-03
1.000000000000000000e+00 -8.184607117050229528e-04
2.000000000000000000e+00 7.981507341382257630e-04
3.000000000000000000e+00 -8.270458260149272413e-04
4.000000000000000000e+00 -8.265733137777091536e-04
5.000000000000000000e+00 -8.260492735477865597e-04
6.000000000000000000e+00 -8.219801627384796345e-04
7.000000000000000000e+00 -8.066164499132822113e-04
8.000000000000000000e+00 -8.134440553403274538e-04
9.000000000000000000e+00 -8.134623289667942741e-04
1.000000000000000000e+01 1.034090542581009731e-03
1.100000000000000000e+01 8.664116390543364493e-04
1.200000000000000000e+01 6.766788612858471146e-04
1.300000000000000000e+01 1.635129053370690819e-03
1.400000000000000000e+01 -4.951856094129850104e-04
1.500000000000000000e+01 -5.061419431871901249e-04
1.600000000000000000e+01 1.257919612650830379e-03
1.700000000000000000e+01 8.734567297061108506e-04
1.800000000000000000e+01 -8.039620800845425925e-04
1.900000000000000000e+01 1.098316400197751680e-03
1.000000000000000000e+00 -7.777607994365123845e-04
2.000000000000000000e+00 4.958974475834306581e-05
3.000000000000000000e+00 -7.881218591673199965e-04
4.000000000000000000e+00 -7.879550189269502987e-04
5.000000000000000000e+00 -7.879752193147977713e-04
6.000000000000000000e+00 -7.835830039982126993e-04
7.000000000000000000e+00 -7.849667464358766559e-04
8.000000000000000000e+00 -7.830794779957370687e-04
9.000000000000000000e+00 -7.797668511449449853e-04
1.000000000000000000e+01 2.349281515104158647e-04
1.100000000000000000e+01 7.862109214201129211e-04
1.200000000000000000e+01 4.675891704699693292e-04
1.300000000000000000e+01 1.323916059981125170e-03
1.400000000000000000e+01 -5.831777561052197117e-04
1.500000000000000000e+01 5.979250076259900277e-04
1.600000000000000000e+01 2.102885942566298533e-03
1.700000000000000000e+01 3.940752301566369914e-04
1.800000000000000000e+01 -7.675962615934030274e-04
1.900000000000000000e+01 1.622945336919030639e-03
1.000000000000000000e+00 -7.685151191002204596e-04
2.000000000000000000e+00 1.821243500337363288e-03
3.000000000000000000e+00 -7.898619506974021960e-04
4.000000000000000000e+00 -7.897938679087311087e-04
5.000000000000000000e+00 -7.894591400004738382e-04
6.000000000000000000e+00 -7.792500097283182976e-04
7.000000000000000000e+00 -7.861808278986322836e-04
8.000000000000000000e+00 -7.768190762049478329e-04
9.000000000000000000e+00 -7.775086799407700255e-04
1.000000000000000000e+01 8.281517543023800580e-04
1.100000000000000000e+01 1.182867169757272248e-03
1.200000000000000000e+01 1.776837297331883855e-04
1.300000000000000000e+01 2.320706777971223971e-03
1.400000000000000000e+01 -7.521466099314660968e-04
1.500000000000000000e+01 -2.586051071326749321e-04
1.600000000000000000e+01 1.568675512599997123e-04
1.700000000000000000e+01 1.321270529615842324e-03
1.800000000000000000e+01 -7.082408274065622733e-04
1.900000000000000000e+01 6.320130619549904356e-05
