1.000000000000000000e+00 -6.906514245468186241e-04
2.000000000000000000e+00 3.932233400727496906e-04
3.000000000000000000e+00 -6.948754733349430356e-04
4.000000000000000000e+00 -6.945465266824669406e-04
5.000000000000000000e+00 -6.942051197234129717e-04
6.000000000000000000e+00 -6.904625931867687787e-04
7.000000000000000000e+00 -6.880640113764222151e-04
8.000000000000000000e+00 -6.489700993326723115e-04
9.000000000000000000e+00 -6.916431800291203327e-04
1.000000000000000000e+01 2.680513612369969114e-04
1.100000000000000000e+01 -2.535649782166050514e-06
1.200000000000000000e+01 3.523379885854038981e-04
1.300000000000000000e+01 5.315323212695922343e-04
1.400000000000000000e+01 -5.387641254333496409e-04
1.500000000000000000e+01 -2.171990178262644228e-04
1.600000000000000000e+01 1.798027779776179827e-03
1.700000000000000000e+01 5.629204284802169760e-04
1.800000000000000000e+01 -6.663049914834428145e-04
1.900000000000000000e+01 2.930018098162622073e-03
1.000000000000000000e+00 -5.910132285572606160e-04
2.000000000000000000e+00 2.328361035442420873e-05
3.000000000000000000e+00 -5.932184676847685823e-04
4.000000000000000000e+00 -5.930186402790588911e-04
5.000000000000000000e+00 -5.917228228067707803e-04
6.000000000000000000e+00 -5.908200763157890134e-04
7.000000000000000000e+00 -5.914115872014176099e-04
8.000000000000000000e+00 -5.680124610701691411e-04
9.000000000000000000e+00 -5.837137489363524150e-04
1.000000000000000000e+01 6.552148745168528054e-04
1.100000000000000000e+01 1.108061035958180255e-03
1.200000000000000000e+01 6.843620837665810109e-04
1.300000000000000000e+01 3.491709680169919152e-04
1.400000000000000000e+01 -4.355993916614559272e-04
1.500000000000000000e+01 -1.990039184820109391e-04
1.600000000000000000e+01 1.430914029460683603e-03
1.700000000000000000e+01 6.836273295326213703e-04
1.800000000000000000e+01 -5.839234945154956908e-04
1.900000000000000000e+01 9.461594722338285577e-04
1.000000000000000000e+00 -6.408368373800665341e-04
2.000000000000000000e+00 5.113907275969731443e-04
3.000000000000000000e+00 -6.429382937357245621e-04
4.000000000000000000e+00 -6.425292256795977043e-04
5.000000000000000000e+00 -6.413791230589067872e-04
6.000000000000000000e+00 -6.399479503567256922e-04
7.000000000000000000e+00 -6.395113460335667601e-04
8.000000000000000000e+00 -6.241114801172442487e-04
9.000000000000000000e+00 -6.284163165299238218e-04
1.000000000000000000e+01 4.919589351052465129e-04
1.100000000000000000e+01 1.120441795805233575e-03
1.200000000000000000e+01 4.707659484263944914e-04
1.300000000000000000e+01 5.517192073033092784e-04
1.400000000000000000e+01 -6.069935257093738270e-04
1.500000000000000000e+01 2.462367490961858368e-05
1.600000000000000000e+01 1.397430011382230297e-03
1.700000000000000000e+01 5.345738714856031843e-04
1.800000000000000000e+01 -6.209984044026279140e-04
1.900000000000000000e+01 1.097924456703464665e-03
1.000000000000000000e+00 -5.827723263851372973e-04
2.000000000000000000e+00 8.862879832476511927e-04
3.000000000000000000e+00 -5.856481947459496462e-04
4.000000000000000000e+00 -5.852254149114050194e-04
5.000000000000000000e+00 -5.851236648096549194e-04
6.000000000000000000e+00 -5.830059179440089372e-04
7.000000000000000000e+00 -5.843083522821575096e-04
8.000000000000000000e+00 -4.669057084351859919e-04
9.000000000000000000e+00 -5.748223894173431050e-04
1.000000000000000000e+01 9.078931452535691582e-04
1.100000000000000000e+01 2.297034963205609771e-04
1.200000000000000000e+01 9.985137579236285071e-04
1.300000000000000000e+01 5.516142404827598664e-04
1.400000000000000000e+01 -5.740582531490052423e-04
1.500000000000000000e+01 1.258911621067879724e-04
1.600000000000000000e+01 2.934415311974345342e-04
1.700000000000000000e+01 7.057801979893705939e-04
1.800000000000000000e+01 -4.535628515627114239e-04
1.900000000000000000e+01 8.386167067503222557e-04
1.000000000000000000e+00 -6.959749161940837359e-04
2.000000000000000000e+00 3.334268674104103199e-04
3.000000000000000000e+00 -7.074860824321407664e-04
4.000000000000000000e+00 -7.073316014478278017e-04
5.000000000000000000e+00 -7.052404532169737061e-04
6.000000000000000000e+00 -7.050151095830166229e-04
7.000000000000000000e+00 -7.044274454186717641e-04
8.000000000000000000e+00 -6.840477272273289390e-04
9.000000000000000000e+00 -6.950897048834522515e-04
1.000000000000000000e+01 -1.283473957479358963e-04
1.100000000000000000e+01 6.433578728072374001e-04
1.200000000000000000e+01 1.125607281679296030e-03
1.300000000000000000e+01 2.555961197267213997e-04
1.400000000000000000e+01 -3.635079904558363262e-04
1.500000000000000000e+01 3.268554673806400770e-04
1.600000000000000000e+01 1.149814922758240565e-03
1.700000000000000000e+01 1.131310525245877779e-03
1.800000000000000000e+01 -6.945907193529540780e-04
1.900000000000000000e+01 1.729245369354709926e-03
1.000000000000000000e+00 -6.362531226064266745e-04
2.000000000000000000e+00 1.221736941715264538e-03
3.000000000000000000e+00 -6.479424927341721329e-04
4.000000000000000000e+00 -6.468556846620699850e-04
5.000000000000000000e+00 -6.472496942472560607e-04
6.000000000000000000e+00 -6.409394331575831360e-04
7.000000000000000000e+00 -6.424574315768421130e-04
8.000000000000000000e+00 -6.265747235032870883e-04
9.000000000000000000e+00 -6.335567167324998106e-04
1.000000000000000000e+01 5.906810867628657907e-04
1.100000000000000000e+01 3.429642815574265348e-04
1.200000000000000000e+01 9.366862195676776753e-04
1.300000000000000000e+01 5.964127065819452376e-04
1.400000000000000000e+01 -2.660761754797523297e-04
1.500000000000000000e+01 -1.727795298031841191e-04
1.600000000000000000e+01 6.445325356278540970e-04
1.700000000000000000e+01 1.542914720153801440e-03
1.800000000000000000e+01 -5.804426969080458357e-04
1.900000000000000000e+01 1.873044441978137119e-04
1.000000000000000000e+00 -6.173733286044131565e-04
2.000000000000000000e+00 7.924510667066767553e-04
3.000000000000000000e+00 -6.233330237360270362e-04
4.000000000000000000e+00 -6.230732753145139463e-04
5.000000000000000000e+00 -6.231340125076041247e-04
6.000000000000000000e+00 -6.212719720426224546e-04
7.000000000000000000e+00 -6.214748892623463833e-04
8.000000000000000000e+00 -6.039900398447238701e-04
9.000000000000000000e+00 -6.098485150659441797e-04
1.000000000000000000e+01 3.555610406443796326e-04
1.100000000000000000e+01 1.287972182983374621e-03
1.200000000000000000e+01 6.556350351101438573e-04
1.300000000000000000e+01 7.849338338053195221e-04
1.400000000000000000e+01 -2.976134196550784400e-04
1.500000000000000000e+01 8.449374020994920810e-05
1.600000000000000000e+01 -1.991047300486998206e-04
1.700000000000000000e+01 6.243504111772416390e-04
1.800000000000000000e+01 -4.834347781129915539e-04
1.900000000000000000e+01 1.268551268043899933e-03
1.000000000000000000e+00 -5.744677690886746367e-04
2.000000000000000000e+00 1.548187258034919951e-03
3.000000000000000000e+00 -5.828572489417399366e-04
4.000000000000000000e+00 -5.823217006120740089e-04
5.000000000000000000e+00 -5.822482446562650274e-04
6.000000000000000000e+00 -5.486850583094652570e-04
7.000000000000000000e+00 -5.575405689156762113e-04
8.000000000000000000e+00 -5.723638632295167256e-04
9.000000000000000000e+00 -5.702879872303214144e-04
1.000000000000000000e+01 1.574648568587783910e-05
1.100000000000000000e+01 9.603775846857058541e-05
1.200000000000000000e+01 -1.349479865961922795e-05
1.300000000000000000e+01 -1.407827456082285312e-05
1.400000000000000000e+01 -5.549855377205163611e-04
1.500000000000000000e+01 9.350622698905277459e-04
1.600000000000000000e+01 1.387792229786759604e-03
1.700000000000000000e+01 -1.773320251937859839e-04
1.800000000000000000e+01 -2.944559637967573539e-04
1.900000000000000000e+01 1.593603441803309942e-03
1.000000000000000000e+00 -6.605897032567023845e-04
2.000000000000000000e+00 1.168441603322875697e-03
3.000000000000000000e+00 -6.669209818831491055e-04
4.000000000000000000e+00 -6.669209818831491055e-04
5.000000000000000000e+00 -6.659430654640561631e-04
6.000000000000000000e+00 -6.431463020422927999e-04
7.000000000000000000e+00 -6.597935524342910104e-04
8.000000000000000000e+00 -6.373132160884084803e-04
9.000000000000000000e+00 -6.520123066803562312e-04
1.000000000000000000e+01 3.394063913315710935e-04
1.100000000000000000e+01 4.585529366404892185e-04
1.200000000000000000e+01 1.686493482950241873e-04
1.300000000000000000e+01 2.440240789306091394e-04
1.400000000000000000e+01 -6.394056038075469385e-04
1.500000000000000000e+01 -5.132183397482754299e-05
1.600000000000000000e+01 1.348273258206048866e-03
1.700000000000000000e+01 8.101681549343526731e-04
1.800000000000000000e+01 -5.999235742694949492e-04
1.900000000000000000e+01 1.896757480478683533e-03
1.000000000000000000e+00 -6.020213725912010577e-04
2.000000000000000000e+00 9.046131454189796674e-04
3.000000000000000000e+00 -6.092807085970356699e-04
4.000000000000000000e+00 -6.085572082411823489e-04
5.000000000000000000e+00 -6.084547371828289124e-04
6.000000000000000000e+00 -6.046705214763442799e-04
7.000000000000000000e+00 -6.020753303307330205e-04
8.000000000000000000e+00 -6.023243609193994035e-04
9.000000000000000000e+00 -6.036562346427297747e-04
1.000000000000000000e+01 -7.420588327951888779e-05
1.100000000000000000e+01 -1.699397497915283175e-04
1.200000000000000000e+01 -3.097628992914567788e-04
1.300000000000000000e+01 -3.199925466844195845e-04
1.400000000000000000e+01 -3.546843264178556570e-04
1.500000000000000000e+01 2.949052103312650556e-05
1.600000000000000000e+01 2.274462677252750507e-03
1.700000000000000000e+01 -3.869839164055944528e-04
1.800000000000000000e+01 -3.619304552310671969e-04
1.900000000000000000e+01 3.475456007621132923e-03
1.000000000000000000e+00 -5.174261531136470620e-04
2.000000000000000000e+00 9.264281803683019735e-04
3.000000000000000000e+00 -5.193261361060670309e-04
4.000000000000000000e+00 -5.192094227540595920e-04
5.000000000000000000e+00 -5.183475395392351777e-04
6.000000000000000000e+00 -5.167456711306441007e-04
7.000000000000000000e+00 -5.140346858041125195e-04
8.000000000000000000e+00 -3.546809125672861275e-04
9.000000000000000000e+00 -4.835845997867996640e-04
1.000000000000000000e+01 9.084293084010616184e-04
1.100000000000000000e+01 4.618008706119093370e-04
1.200000000000000000e+01 4.923690630681126372e-05
1.300000000000000000e+01 7.695115706136065620e-04
1.400000000000000000e+01 -2.474772563607567492e-04
1.500000000000000000e+01 -3.278150010459102842e-04
1.600000000000000000e+01 1.068459467462245599e-04
1.700000000000000000e+01 9.339186135540965793e-04
1.800000000000000000e+01 -4.885038930026615583e-04
1.900000000000000000e+01 8.182489659416350989e-04
1.000000000000000000e+00 -5.924921601185902803e-04
2.000000000000000000e+00 1.070829943312571206e-03
3.000000000000000000e+00 -6.034979390165260337e-04
4.000000000000000000e+00 -6.031424743753471427e-04
5.000000000000000000e+00 -6.025574987378504816e-04
6.000000000000000000e+00 -6.008749958998855015e-04
7.000000000000000000e+00 -5.995133751054915671e-04
8.000000000000000000e+00 -5.872083132205977666e-04
9.000000000000000000e+00 -5.833435472935069024e-04
1.000000000000000000e+01 3.851734503136928492e-04
1.100000000000000000e+01 6.886795536768945724e-04
1.200000000000000000e+01 1.086195315021413121e-03
1.300000000000000000e+01 1.261727055161816335e-04
1.400000000000000000e+01 -4.903625854837636222e-04
1.500000000000000000e+01 1.843637732794877208e-04
1.600000000000000000e+01 7.473137087149188829e-04
1.700000000000000000e+01 6.303109072569538368e-04
1.800000000000000000e+01 -5.223295169079778802e-04
1.900000000000000000e+01 7.856884446107742937e-04
1.000000000000000000e+00 -5.575346339150361779e-04
2.000000000000000000e+00 -1.749403670616245601e-04
3.000000000000000000e+00 -5.613763285830614081e-04
4.000000000000000000e+00 -5.610848172621382777e-04
5.000000000000000000e+00 -5.610044237993918855e-04
6.000000000000000000e+00 -5.580317428855345119e-04
7.000000000000000000e+00 -5.574095165280140750e-04
8.000000000000000000e+00 -5.455637337963769543e-04
9.000000000000000000e+00 -5.522861456308335954e-04
1.000000000000000000e+01 5.516317598971740661e-04
1.100000000000000000e+01 3.994573711600874540e-04
1.200000000000000000e+01 8.554725033801404387e-04
1.300000000000000000e+01 1.103548505745290684e-03
1.400000000000000000e+01 -4.642870379976223776e-04
1.500000000000000000e+01 6.994981282323815038e-05
1.600000000000000000e+01 1.197062348286207422e-03
1.700000000000000000e+01 8.547023565560884096e-04
1.800000000000000000e+01 -4.666607246384350122e-04
1.900000000000000000e+01 4.887978833181999593e-04
1.000000000000000000e+00 -6.842050885205517956e-04
2.000000000000000000e+00 6.025601233764773601e-04
3.000000000000000000e+00 -6.903026596391313545e-04
4.000000000000000000e+00 -6.895893887052721802e-04
5.000000000000000000e+00 -6.889271774338171905e-04
6.000000000000000000e+00 -6.847120123468033483e-04
7.000000000000000000e+00 -6.868184182347218756e-04
8.000000000000000000e+00 -5.782617778240899120e-04
9.000000000000000000e+00 -6.863412243139004965e-04
1.000000000000000000e+01 5.888686304403357736e-04
1.100000000000000000e+01 -2.555077115379803692e-04
1.200000000000000000e+01 -1.989642371866456373e-04
1.300000000000000000e+01 5.120363195052641528e-04
1.400000000000000000e+01 -3.907161400070664238e-04
1.500000000000000000e+01 5.553200734206332773e-04
1.600000000000000000e+01 1.844000075820746319e-03
1.700000000000000000e+01 -1.218986756850671058e-04
1.800000000000000000e+01 -6.813145143939832761e-04
1.900000000000000000e+01 2.885711621488983112e-03
1.000000000000000000e+00 -6.243968624859929338e-04
2.000000000000000000e+00 1.130761015911781100e-03
3.000000000000000000e+00 -6.362039992231016206e-04
4.000000000000000000e+00 -6.360974200724047768e-04
5.000000000000000000e+00 -6.355496970982113048e-04
6.000000000000000000e+00 -6.335396616673074450e-04
7.000000000000000000e+00 -6.321800450415843761e-04
8.000000000000000000e+00 -5.893856672716568700e-04
9.000000000000000000e+00 -6.239946095102105348e-04
1.000000000000000000e+01 5.846007072248461840e-04
1.100000000000000000e+01 1.013148802301985844e-04
1.200000000000000000e+01 2.045693616358321056e-04
1.300000000000000000e+01 3.615957017936465619e-04
1.400000000000000000e+01 -5.442701639040812981e-04
1.500000000000000000e+01 8.224291351894007533e-05
1.600000000000000000e+01 1.533719203060318137e-03
1.700000000000000000e+01 6.973250397113462404e-04
1.800000000000000000e+01 -5.467515798882881554e-04
1.900000000000000000e+01 1.355568623917151588e-03
1.000000000000000000e+00 -7.059662189001647417e-04
2.000000000000000000e+00 1.389058414588720757e-04
3.000000000000000000e+00 -7.109173148526612331e-04
4.000000000000000000e+00 -7.094903399575491027e-04
5.000000000000000000e+00 -7.109173148526612331e-04
6.000000000000000000e+00 -6.964907788925118158e-04
7.000000000000000000e+00 -7.100222404281750221e-04
8.000000000000000000e+00 -6.751521699576144321e-04
9.000000000000000000e+00 -6.854268347315788275e-04
1.000000000000000000e+01 2.413323788884381635e-03
1.100000000000000000e+01 1.209576930487489760e-03
1.200000000000000000e+01 1.469555411078392890e-03
1.300000000000000000e+01 1.499166139158694677e-03
1.400000000000000000e+01 -6.992934623849712686e-04
1.500000000000000000e+01 -5.445222902386137164e-04
1.600000000000000000e+01 2.924587366757901572e-05
1.700000000000000000e+01 3.119510809618866449e-04
1.800000000000000000e+01 -1.733554446039295286e-04
1.900000000000000000e+01 -1.929311615914421042e-04
1.000000000000000000e+00 -5.510355375593866106e-04
2.000000000000000000e+00 5.675811234772570098e-04
3.000000000000000000e+00 -5.572521727501114673e-04
4.000000000000000000e+00 -5.572521727501114673e-04
5.000000000000000000e+00 -5.559855336158251891e-04
6.000000000000000000e+00 -5.527121367149773548e-04
7.000000000000000000e+00 -5.529646574331843626e-04
8.000000000000000000e+00 -5.161022227416179557e-04
9.000000000000000000e+00 -5.443994737191911425e-04
1.000000000000000000e+01 9.312073208376736794e-04
1.100000000000000000e+01 6.046088951112240425e-04
1.200000000000000000e+01 3.045619469509265403e-04
1.300000000000000000e+01 1.756157205393401395e-04
1.400000000000000000e+01 -4.726661478454590782e-04
1.500000000000000000e+01 9.713293560367991606e-05
1.600000000000000000e+01 2.046250631712556289e-03
1.700000000000000000e+01 1.309871302227842140e-04
1.800000000000000000e+01 -5.358638323841800584e-04
1.900000000000000000e+01 4.823757718930609729e-04
1.000000000000000000e+00 -6.072350439457804144e-04
2.000000000000000000e+00 4.326482282141688170e-07
3.000000000000000000e+00 -6.123020484087933653e-04
4.000000000000000000e+00 -6.109908595976045256e-04
5.000000000000000000e+00 -6.118493420737340606e-04
6.000000000000000000e+00 -6.092733446973164994e-04
7.000000000000000000e+00 -6.097876005161941525e-04
8.000000000000000000e+00 -5.970860173576782648e-04
9.000000000000000000e+00 -6.018852165633900792e-04
1.000000000000000000e+01 1.479719736566680261e-03
1.100000000000000000e+01 6.264320207841136967e-04
1.200000000000000000e+01 3.444325913674821491e-04
1.300000000000000000e+01 4.147699973869918978e-04
1.400000000000000000e+01 -5.964192329023784234e-04
1.500000000000000000e+01 8.702485133494103234e-05
1.600000000000000000e+01 7.839688886883521956e-04
1.700000000000000000e+01 2.096718651545395780e-03
1.800000000000000000e+01 -5.843809043657593755e-04
1.900000000000000000e+01 1.516252128216983468e-04
1.000000000000000000e+00 -5.168141881956786476e-04
2.000000000000000000e+00 5.918373310597453783e-04
3.000000000000000000e+00 -5.243991970762057692e-04
4.000000000000000000e+00 -5.239458105934074452e-04
5.000000000000000000e+00 -5.238156303161683579e-04
6.000000000000000000e+00 -5.118461044198217933e-04
7.000000000000000000e+00 -5.208414083818623669e-04
8.000000000000000000e+00 -5.123068756876658506e-04
9.000000000000000000e+00 -5.172688857442137413e-04
1.000000000000000000e+01 -3.310861870069343733e-04
1.100000000000000000e+01 3.324866469345248861e-04
1.200000000000000000e+01 2.881635115616550417e-04
1.300000000000000000e+01 6.443385368374806611e-05
1.400000000000000000e+01 -4.909923447638500551e-04
1.500000000000000000e+01 9.150832143302576639e-04
1.600000000000000000e+01 1.048923182503260550e-03
1.700000000000000000e+01 -5.731184380110536397e-05
1.800000000000000000e+01 -5.143136031428815255e-04
1.900000000000000000e+01 2.236338050398172222e-03
1.000000000000000000e+00 -6.927035788526220020e-04
2.000000000000000000e+00 5.539335501637085869e-04
3.000000000000000000e+00 -6.946323583286703783e-04
4.000000000000000000e+00 -6.930988156186570961e-04
5.000000000000000000e+00 -6.940248503682212682e-04
6.000000000000000000e+00 -6.926506021452334726e-04
7.000000000000000000e+00 -6.934705979757335584e-04
8.000000000000000000e+00 -6.688106932212909599e-04
9.000000000000000000e+00 -6.621579058437136473e-04
1.000000000000000000e+01 1.481675301001572848e-03
1.100000000000000000e+01 1.575830266678455971e-04
1.200000000000000000e+01 1.038066216586632342e-03
1.300000000000000000e+01 1.453696122247709116e-03
1.400000000000000000e+01 -5.292461743938169138e-04
1.500000000000000000e+01 -2.164459134580518800e-04
1.600000000000000000e+01 3.293598199944313938e-04
1.700000000000000000e+01 1.239128595557355533e-03
1.800000000000000000e+01 -6.583952054773718667e-04
1.900000000000000000e+01 5.014273149788504380e-04
1.000000000000000000e+00 -5.368993253648555791e-04
2.000000000000000000e+00 3.951090399807725322e-04
3.000000000000000000e+00 -5.396345799821129991e-04
4.000000000000000000e+00 -5.395896902313409823e-04
5.000000000000000000e+00 -5.391227007937632494e-04
6.000000000000000000e+00 -5.346942540071232238e-04
7.000000000000000000e+00 -5.335105611567636952e-04
8.000000000000000000e+00 -5.266928240256512532e-04
9.000000000000000000e+00 -5.214603768639323794e-04
1.000000000000000000e+01 2.296186239313519604e-04
1.100000000000000000e+01 5.020247585323606241e-04
1.200000000000000000e+01 5.267236622191481072e-04
1.300000000000000000e+01 7.375484968290767739e-05
1.400000000000000000e+01 -3.418159764855089136e-04
1.500000000000000000e+01 -2.834032508898632978e-04
1.600000000000000000e+01 1.533060287532293916e-03
1.700000000000000000e+01 5.827691391864555639e-04
1.800000000000000000e+01 -5.214928675214229982e-04
1.900000000000000000e+01 1.511947003592718601e-03
1.000000000000000000e+00 -4.916690152192316077e-04
2.000000000000000000e+00 1.548057243283544604e-03
3.000000000000000000e+00 -4.986629368490076361e-04
4.000000000000000000e+00 -4.984235248448897794e-04
5.000000000000000000e+00 -4.975024687767748118e-04
6.000000000000000000e+00 -4.886289213002862350e-04
7.000000000000000000e+00 -4.944134528026048435e-04
8.000000000000000000e+00 -4.782549339042399712e-04
9.000000000000000000e+00 -4.774380560653033382e-04
1.000000000000000000e+01 2.402924433971535703e-04
1.100000000000000000e+01 4.479388005273115332e-04
1.200000000000000000e+01 -7.845820920860484667e-06
1.300000000000000000e+01 -4.876588168696532443e-05
1.400000000000000000e+01 -4.300904492551614979e-04
1.500000000000000000e+01 1.051770299761677768e-03
1.600000000000000000e+01 4.716023387216621032e-04
1.700000000000000000e+01 -3.911163075718111196e-04
1.800000000000000000e+01 -4.542710929159501768e-04
1.900000000000000000e+01 1.429126661333945036e-03
1.000000000000000000e+00 -6.508311829116671934e-04
2.000000000000000000e+00 5.490617336661952810e-04
3.000000000000000000e+00 -6.532659537638050087e-04
4.000000000000000000e+00 -6.532659537638050087e-04
5.000000000000000000e+00 -6.509877308973468840e-04
6.000000000000000000e+00 -6.498667249969291649e-04
7.000000000000000000e+00 -6.500552755531268344e-04
8.000000000000000000e+00 -6.271292587983285033e-04
9.000000000000000000e+00 -6.482163523381531895e-04
1.000000000000000000e+01 4.424326369107906909e-04
1.100000000000000000e+01 2.322528487836471658e-04
1.200000000000000000e+01 4.453846217943020856e-04
1.300000000000000000e+01 8.988385031864872714e-04
1.400000000000000000e+01 -6.255960474174280216e-04
1.500000000000000000e+01 1.016803342686688205e-03
1.600000000000000000e+01 9.368732421498696681e-04
1.700000000000000000e+01 3.832676249521245167e-04
1.800000000000000000e+01 -6.224256154917440697e-04
1.900000000000000000e+01 1.480360410020430595e-03
1.000000000000000000e+00 -5.861162758192957041e-04
2.000000000000000000e+00 9.753254082101934890e-04
3.000000000000000000e+00 -6.018140538945246885e-04
4.000000000000000000e+00 -6.017691641437526717e-04
5.000000000000000000e+00 -6.012888438104911594e-04
6.000000000000000000e+00 -5.998115013842691794e-04
7.000000000000000000e+00 -5.925729681828508172e-04
8.000000000000000000e+00 -5.882675105685696926e-04
9.000000000000000000e+00 -5.989139479832143514e-04
1.000000000000000000e+01 8.605814579232558660e-04
1.100000000000000000e+01 9.141322440448993152e-04
1.200000000000000000e+01 4.400710570899131957e-04
1.300000000000000000e+01 5.854465262821149929e-04
1.400000000000000000e+01 -2.748825007112209139e-04
1.500000000000000000e+01 2.655522547455727890e-04
1.600000000000000000e+01 7.559598753586162169e-05
1.700000000000000000e+01 5.861453674419973402e-04
1.800000000000000000e+01 -5.592952184660254528e-04
1.900000000000000000e+01 8.623030206100560074e-04
1.000000000000000000e+00 -5.653499841839689519e-04
2.000000000000000000e+00 2.625463475551498109e-04
3.000000000000000000e+00 -5.671095905129030015e-04
4.000000000000000000e+00 -5.665065715275310713e-04
5.000000000000000000e+00 -5.671095905129030015e-04
6.000000000000000000e+00 -5.649937493564456724e-04
7.000000000000000000e+00 -5.660695085904681248e-04
8.000000000000000000e+00 -5.287117041633359986e-04
9.000000000000000000e+00 -5.563285687024694792e-04
1.000000000000000000e+01 4.119234909273912070e-04
1.100000000000000000e+01 8.557367449528918615e-04
1.200000000000000000e+01 1.163295706156399151e-03
1.300000000000000000e+01 8.673322987784260005e-04
1.400000000000000000e+01 -2.451662230338212873e-04
1.500000000000000000e+01 -1.767757669420346746e-04
1.600000000000000000e+01 1.570053238418572122e-04
1.700000000000000000e+01 1.295437614007340608e-03
1.800000000000000000e+01 -5.265891894620397485e-04
1.900000000000000000e+01 3.690528526435876548e-04
1.000000000000000000e+00 -6.408241472334831254e-04
2.000000000000000000e+00 4.092456145484634172e-04
3.000000000000000000e+00 -6.498658327370033898e-04
4.000000000000000000e+00 -6.498658327370033898e-04
5.000000000000000000e+00 -6.472332528985411809e-04
6.000000000000000000e+00 -6.475614209437960444e-04
7.000000000000000000e+00 -6.478395501960149301e-04
8.000000000000000000e+00 -6.311442933572006600e-04
9.000000000000000000e+00 -6.438997905314653445e-04
1.000000000000000000e+01 3.146215417906371567e-04
1.100000000000000000e+01 8.179025005515858744e-04
1.200000000000000000e+01 1.022934028343084473e-03
1.300000000000000000e+01 2.738829419066937657e-05
1.400000000000000000e+01 -6.177173737678161173e-04
1.500000000000000000e+01 6.093460457241225980e-04
1.600000000000000000e+01 9.208897076603642659e-04
1.700000000000000000e+01 7.564983707174330763e-04
1.800000000000000000e+01 -5.916840923511313896e-04
1.900000000000000000e+01 1.438415918710014060e-03
1.000000000000000000e+00 -5.796992045887513567e-04
2.000000000000000000e+00 3.092066044326037609e-04
3.000000000000000000e+00 -5.812874901231153716e-04
4.000000000000000000e+00 -5.808789933910891729e-04
5.000000000000000000e+00 -5.808789933910891729e-04
6.000000000000000000e+00 -5.780987670814510728e-04
7.000000000000000000e+00 -5.804513245898210074e-04
8.000000000000000000e+00 -5.510403984089368460e-04
9.000000000000000000e+00 -5.573409845589627053e-04
1.000000000000000000e+01 1.400203951339377105e-03
1.100000000000000000e+01 5.958798912001193491e-04
1.200000000000000000e+01 9.098091741965880653e-04
1.300000000000000000e+01 8.857370305318046713e-04
1.400000000000000000e+01 -5.440454163964477579e-04
1.500000000000000000e+01 -5.593337646417288062e-04
1.600000000000000000e+01 9.059993810244942880e-04
1.700000000000000000e+01 9.949730141282217208e-04
1.800000000000000000e+01 -4.819667287312755320e-04
1.900000000000000000e+01 1.235411955155916064e-04
1.000000000000000000e+00 -5.100527977521688910e-04
2.000000000000000000e+00 2.068707258031617698e-04
3.000000000000000000e+00 -5.173704402326264641e-04
4.000000000000000000e+00 -5.169284802318429477e-04
5.000000000000000000e+00 -5.160476889098751649e-04
6.000000000000000000e+00 -5.097267504723400388e-04
7.000000000000000000e+00 -5.135578720818229775e-04
8.000000000000000000e+00 -5.009945678168380850e-04
9.000000000000000000e+00 -5.067367163986225345e-04
1.000000000000000000e+01 8.247381848846121674e-04
1.100000000000000000e+01 9.234734459871479957e-04
1.200000000000000000e+01 5.725117497805678676e-04
1.300000000000000000e+01 9.804352578216112696e-04
1.400000000000000000e+01 -1.314198859233156613e-04
1.500000000000000000e+01 -1.565012272180332862e-04
1.600000000000000000e+01 3.098010105906089128e-04
1.700000000000000000e+01 4.618799509531773691e-04
1.800000000000000000e+01 -4.890417307932006484e-04
1.900000000000000000e+01 5.471779888567910840e-04
1.000000000000000000e+00 -6.157207159959791334e-04
2.000000000000000000e+00 -3.023349228351509838e-04
3.000000000000000000e+00 -6.191414662567153388e-04
4.000000000000000000e+00 -6.191414662567153388e-04
5.000000000000000000e+00 -6.189206903006453297e-04
6.000000000000000000e+00 -6.162116618563227583e-04
7.000000000000000000e+00 -6.134082648564971596e-04
8.000000000000000000e+00 -6.048076052841989134e-04
9.000000000000000000e+00 -6.092612230431388018e-04
1.000000000000000000e+01 7.963309417798234389e-04
1.100000000000000000e+01 1.064212516009515426e-03
1.200000000000000000e+01 1.830746576218303607e-03
1.300000000000000000e+01 1.180939745994411200e-03
1.400000000000000000e+01 -1.637709075235248475e-04
1.500000000000000000e+01 -3.368500256582019920e-04
1.600000000000000000e+01 -1.328159593824317552e-04
1.700000000000000000e+01 1.028288344742824814e-03
1.800000000000000000e+01 -4.813996546265984560e-04
1.900000000000000000e+01 3.417201570902329128e-04
1.000000000000000000e+00 -6.720430216556253075e-04
2.000000000000000000e+00 2.229035159390167602e-03
3.000000000000000000e+00 -6.770705079156045343e-04
4.000000000000000000e+00 -6.770562248130862146e-04
5.000000000000000000e+00 -6.762205953009860779e-04
6.000000000000000000e+00 -6.731659002294842565e-04
7.000000000000000000e+00 -6.688859228927842519e-04
8.000000000000000000e+00 -6.628454090441472006e-04
9.000000000000000000e+00 -6.696872706916810660e-04
1.000000000000000000e+01 4.893867041479052059e-04
1.100000000000000000e+01 8.675373634347960774e-04
1.200000000000000000e+01 1.236609478772323495e-03
1.300000000000000000e+01 7.307142598033573595e-04
1.400000000000000000e+01 -4.581065931260801596e-04
1.500000000000000000e+01 -2.706081743587722475e-04
1.600000000000000000e+01 6.973310417779982789e-05
1.700000000000000000e+01 7.248036685584446004e-04
1.800000000000000000e+01 -5.455053660903293319e-04
1.900000000000000000e+01 2.332283992444947340e-04
1.000000000000000000e+00 -5.578150437624653565e-04
2.000000000000000000e+00 5.447440981425960880e-05
3.000000000000000000e+00 -5.659567937284450036e-04
4.000000000000000000e+00 -5.657233670244301259e-04
5.000000000000000000e+00 -5.651083774388522378e-04
6.000000000000000000e+00 -5.634786624863081768e-04
7.000000000000000000e+00 -5.626460463525716086e-04
8.000000000000000000e+00 -5.566101555652803014e-04
9.000000000000000000e+00 -5.545820282045198528e-04
1.000000000000000000e+01 7.464020041370340993e-04
1.100000000000000000e+01 1.419163816595460500e-03
1.200000000000000000e+01 1.018356455753091075e-03
1.300000000000000000e+01 8.087070326307148425e-04
1.400000000000000000e+01 -3.542492461665557838e-04
1.500000000000000000e+01 -2.259283355640193027e-04
1.600000000000000000e+01 1.652329557069752485e-04
1.700000000000000000e+01 7.787485824762567944e-04
1.800000000000000000e+01 -4.602337308923899555e-04
1.900000000000000000e+01 4.992455306496219490e-04
1.000000000000000000e+00 -6.888792189210117328e-04
2.000000000000000000e+00 1.118453391824326178e-03
3.000000000000000000e+00 -6.965545268064036750e-04
4.000000000000000000e+00 -6.958103907681499828e-04
5.000000000000000000e+00 -6.954367720121782661e-04
6.000000000000000000e+00 -6.920373926411602008e-04
7.000000000000000000e+00 -6.869030205162419099e-04
8.000000000000000000e+00 -6.695088438608607197e-04
9.000000000000000000e+00 -6.818380574680855608e-04
1.000000000000000000e+01 4.261593766985642250e-04
1.100000000000000000e+01 1.234404608415618811e-03
1.200000000000000000e+01 7.834506412703706691e-04
1.300000000000000000e+01 1.263327421390554898e-03
1.400000000000000000e+01 -4.923840870344438955e-04
1.500000000000000000e+01 -3.828029543839461249e-04
1.600000000000000000e+01 4.214470045024415836e-04
1.700000000000000000e+01 1.639665853428180341e-03
1.800000000000000000e+01 -6.187750465625823596e-04
1.900000000000000000e+01 4.309206589243735344e-05
1.000000000000000000e+00 -6.413606682050895661e-04
2.000000000000000000e+00 3.419658127101170633e-03
3.000000000000000000e+00 -6.451069102916677815e-04
4.000000000000000000e+00 -6.450320940403809784e-04
5.000000000000000000e+00 -6.442376270694434408e-04
6.000000000000000000e+00 -6.423009834661331293e-04
7.000000000000000000e+00 -6.419726797152103173e-04
8.000000000000000000e+00 -6.355920168569564052e-04
9.000000000000000000e+00 -6.156494934217859741e-04
1.000000000000000000e+01 5.393142703033818302e-05
1.100000000000000000e+01 -1.247959284023781690e-04
1.200000000000000000e+01 -9.232200430989101426e-05
1.300000000000000000e+01 -3.781149372108621727e-04
1.400000000000000000e+01 -4.688959299140207752e-04
1.500000000000000000e+01 -1.370810727205396028e-04
1.600000000000000000e+01 1.283422987658645181e-03
1.700000000000000000e+01 3.570430133918692413e-04
1.800000000000000000e+01 -6.280655800325504442e-04
1.900000000000000000e+01 1.727328569178754021e-03
1.000000000000000000e+00 -6.397974614328247843e-04
2.000000000000000000e+00 1.134146006162897985e-04
3.000000000000000000e+00 -6.431396005417706462e-04
4.000000000000000000e+00 -6.429052216309211198e-04
5.000000000000000000e+00 -6.427610303102592338e-04
6.000000000000000000e+00 -6.417358339069115626e-04
7.000000000000000000e+00 -6.357640784603662762e-04
8.000000000000000000e+00 -6.310124688680703682e-04
9.000000000000000000e+00 -6.286582550380162429e-04
1.000000000000000000e+01 -8.089458683864861333e-05
1.100000000000000000e+01 4.935522523297775901e-04
1.200000000000000000e+01 3.857616634085128389e-04
1.300000000000000000e+01 -1.409221018385047009e-04
1.400000000000000000e+01 -6.181791789864611282e-04
1.500000000000000000e+01 1.512344489405836922e-04
1.600000000000000000e+01 2.986423716059547796e-03
1.700000000000000000e+01 3.004111439110721806e-04
1.800000000000000000e+01 -3.912289984998660979e-04
1.900000000000000000e+01 1.819885912727919105e-03
1.000000000000000000e+00 -5.385318713035985774e-04
2.000000000000000000e+00 -4.510504868384887929e-05
3.000000000000000000e+00 -5.420535305500478193e-04
4.000000000000000000e+00 -5.418394744536387175e-04
5.000000000000000000e+00 -5.413607320631316387e-04
6.000000000000000000e+00 -5.402585254462191448e-04
7.000000000000000000e+00 -5.372227549997343494e-04
8.000000000000000000e+00 -5.283319230259192001e-04
9.000000000000000000e+00 -5.319104950918862379e-04
1.000000000000000000e+01 8.169083366621481164e-04
1.100000000000000000e+01 3.872473517691528292e-04
1.200000000000000000e+01 2.822873885702477988e-04
1.300000000000000000e+01 1.674243054256666931e-04
1.400000000000000000e+01 -4.283746095176571328e-04
1.500000000000000000e+01 5.935826522752311657e-04
1.600000000000000000e+01 1.099340963930299595e-03
1.700000000000000000e+01 4.325362530154871360e-05
1.800000000000000000e+01 -4.553416546574996543e-04
1.900000000000000000e+01 1.795075590664584443e-03
1.000000000000000000e+00 -5.632964115312244849e-04
2.000000000000000000e+00 6.639731977594651559e-04
3.000000000000000000e+00 -5.649464376385334666e-04
4.000000000000000000e+00 -5.649464376385334666e-04
5.000000000000000000e+00 -5.640351756978597472e-04
6.000000000000000000e+00 -5.626543125522907949e-04
7.000000000000000000e+00 -5.603376671684185458e-04
8.000000000000000000e+00 -5.578284739029226681e-04
9.000000000000000000e+00 -5.539098927434451397e-04
1.000000000000000000e+01 4.877854007128467131e-04
1.100000000000000000e+01 2.183577418097285222e-04
1.200000000000000000e+01 1.896883880811734563e-04
1.300000000000000000e+01 -3.845531671463952379e-05
1.400000000000000000e+01 -1.206523408234283273e-04
1.500000000000000000e+01 8.094727141638740795e-04
1.600000000000000000e+01 1.087120401140489979e-03
1.700000000000000000e+01 -2.018672474672565361e-04
1.800000000000000000e+01 -5.271614648045410507e-04
1.900000000000000000e+01 1.854641859530217155e-03
1.000000000000000000e+00 -6.207451349196403678e-04
2.000000000000000000e+00 1.332323925100729585e-03
3.000000000000000000e+00 -6.299470680886603115e-04
4.000000000000000000e+00 -6.296609979496490097e-04
5.000000000000000000e+00 -6.295909427325349075e-04
6.000000000000000000e+00 -6.288248651282220400e-04
7.000000000000000000e+00 -6.275030096572069586e-04
8.000000000000000000e+00 -6.014497603984254263e-04
9.000000000000000000e+00 -6.251441458837772840e-04
1.000000000000000000e+01 4.095005065627326034e-04
1.100000000000000000e+01 7.582755460365941816e-04
1.200000000000000000e+01 3.999201894227101084e-04
1.300000000000000000e+01 -1.318513409848459043e-04
1.400000000000000000e+01 -3.814596003872570626e-04
1.500000000000000000e+01 7.448855143776528112e-04
1.600000000000000000e+01 2.032009178413942568e-04
1.700000000000000000e+01 8.224724137402012608e-04
1.800000000000000000e+01 -5.932765234786899775e-04
1.900000000000000000e+01 1.354793173685290729e-03
1.000000000000000000e+00 -6.526882914919362837e-04
2.000000000000000000e+00 1.398673547702278296e-03
3.000000000000000000e+00 -6.688967120202097064e-04
4.000000000000000000e+00 -6.683859016354497511e-04
5.000000000000000000e+00 -6.681751918659165112e-04
6.000000000000000000e+00 -6.650662728256249035e-04
7.000000000000000000e+00 -6.616604317272067231e-04
8.000000000000000000e+00 -6.492096880264630436e-04
9.000000000000000000e+00 -6.568282417934762259e-04
1.000000000000000000e+01 2.044666778678530398e-04
1.100000000000000000e+01 1.001775993694916387e-03
1.200000000000000000e+01 -3.386349981012829759e-04
1.300000000000000000e+01 2.104419498732387262e-04
1.400000000000000000e+01 2.087045932329321376e-04
1.500000000000000000e+01 8.857787646824233276e-04
1.600000000000000000e+01 6.046400716079380422e-04
1.700000000000000000e+01 6.028869500287642626e-05
1.800000000000000000e+01 -6.379121497156193784e-04
1.900000000000000000e+01 1.613388726071956786e-03
1.000000000000000000e+00 -6.208212175577998166e-04
2.000000000000000000e+00 9.388618931808123333e-04
3.000000000000000000e+00 -6.243875686644171068e-04
4.000000000000000000e+00 -6.240029451180287810e-04
5.000000000000000000e+00 -6.236022020702269896e-04
6.000000000000000000e+00 -6.191792239952881131e-04
7.000000000000000000e+00 -6.209548902317386454e-04
8.000000000000000000e+00 -6.015585685069854954e-04
9.000000000000000000e+00 -6.154648193004911942e-04
1.000000000000000000e+01 7.640072508666068173e-04
1.100000000000000000e+01 4.128357410095863877e-04
1.200000000000000000e+01 1.787791503810856803e-04
1.300000000000000000e+01 -2.365980498102441458e-04
1.400000000000000000e+01 -1.556306365240588564e-04
1.500000000000000000e+01 -3.679157434994896939e-04
1.600000000000000000e+01 1.401019732485102179e-03
1.700000000000000000e+01 3.008630987274081483e-04
1.800000000000000000e+01 -5.921494416083628726e-04
1.900000000000000000e+01 2.199888731250630464e-03
1.000000000000000000e+00 -6.221048237270890941e-04
2.000000000000000000e+00 1.035042736220249601e-03
3.000000000000000000e+00 -6.275794063988006420e-04
4.000000000000000000e+00 -6.274854099812748410e-04
5.000000000000000000e+00 -6.234933916510212136e-04
6.000000000000000000e+00 -6.246030598125100301e-04
7.000000000000000000e+00 -6.211385537044465796e-04
8.000000000000000000e+00 -6.082456252302856099e-04
9.000000000000000000e+00 -6.211621434951931312e-04
1.000000000000000000e+01 6.858622552419161179e-04
1.100000000000000000e+01 -1.555674784202639186e-04
1.200000000000000000e+01 6.809083225378933461e-04
1.300000000000000000e+01 7.535026663292202853e-04
1.400000000000000000e+01 -4.117463333423544767e-04
1.500000000000000000e+01 1.581510641689387554e-04
1.600000000000000000e+01 8.936332840878531908e-04
1.700000000000000000e+01 6.022356846874532283e-04
1.800000000000000000e+01 -6.026829013938551742e-04
1.900000000000000000e+01 1.249656932997466425e-03
1.000000000000000000e+00 -5.352825173340388775e-04
2.000000000000000000e+00 9.306048110574086487e-04
3.000000000000000000e+00 -5.387955059923357120e-04
4.000000000000000000e+00 -5.387955059923357120e-04
5.000000000000000000e+00 -5.372468095906980960e-04
6.000000000000000000e+00 -5.350805804986986502e-04
7.000000000000000000e+00 -5.366990186017306895e-04
8.000000000000000000e+00 -5.345568534606159232e-04
9.000000000000000000e+00 -5.330061305425960868e-04
1.000000000000000000e+01 1.915499468789385977e-04
1.100000000000000000e+01 6.346357735943355472e-04
1.200000000000000000e+01 -2.405347188253107555e-04
1.300000000000000000e+01 2.694552630448066271e-04
1.400000000000000000e+01 -3.699488281853516671e-04
1.500000000000000000e+01 1.013359512449994683e-03
1.600000000000000000e+01 1.389082007841187585e-03
1.700000000000000000e+01 1.898079438674610579e-04
1.800000000000000000e+01 -3.806979426339180154e-04
1.900000000000000000e+01 6.182953461845364833e-04
1.000000000000000000e+00 -6.219235817769312377e-04
2.000000000000000000e+00 6.479764371754600898e-04
3.000000000000000000e+00 -6.277339977589158548e-04
4.000000000000000000e+00 -6.270533739165273270e-04
5.000000000000000000e+00 -6.272446994754999824e-04
6.000000000000000000e+00 -6.216489977138318348e-04
7.000000000000000000e+00 -6.218505096187750946e-04
8.000000000000000000e+00 -6.087216787028292908e-04
9.000000000000000000e+00 -6.023893704622578166e-04
1.000000000000000000e+01 7.046902856992020387e-04
1.100000000000000000e+01 1.076799644283330491e-03
1.200000000000000000e+01 1.594975115143551590e-03
1.300000000000000000e+01 1.705175631480462285e-03
1.400000000000000000e+01 -2.341161882803310024e-04
1.500000000000000000e+01 -6.004068332425006567e-04
1.600000000000000000e+01 -3.621699635725934277e-04
1.700000000000000000e+01 1.005419231096452105e-03
1.800000000000000000e+01 -6.133849374277127332e-04
1.900000000000000000e+01 -2.472036146618820593e-05
1.000000000000000000e+00 -4.808151902996125990e-04
2.000000000000000000e+00 1.888769971014230063e-04
3.000000000000000000e+00 -4.879058911228064169e-04
4.000000000000000000e+00 -4.872250632360961941e-04
5.000000000000000000e+00 -4.854908225312672609e-04
6.000000000000000000e+00 -4.868183834701727435e-04
7.000000000000000000e+00 -4.853354379221011300e-04
8.000000000000000000e+00 -4.411989222694790076e-04
9.000000000000000000e+00 -4.716018656276044674e-04
1.000000000000000000e+01 6.115498140862526966e-04
1.100000000000000000e+01 1.142738043913394319e-03
1.200000000000000000e+01 2.721705041171762441e-04
1.300000000000000000e+01 4.369751218408292380e-04
1.400000000000000000e+01 -4.584309682217630865e-04
1.500000000000000000e+01 1.088075036747097586e-04
1.600000000000000000e+01 6.589178314341505522e-04
1.700000000000000000e+01 8.058723891419239914e-04
1.800000000000000000e+01 -4.671965620013624572e-04
1.900000000000000000e+01 4.626500487470052358e-04
1.000000000000000000e+00 -5.456838155093036817e-04
2.000000000000000000e+00 5.375477175208986892e-04
3.000000000000000000e+00 -5.475440095351139782e-04
4.000000000000000000e+00 -5.471549650284224069e-04
5.000000000000000000e+00 -5.459040373069064212e-04
6.000000000000000000e+00 -5.457535206122721009e-04
7.000000000000000000e+00 -5.417262298202754102e-04
8.000000000000000000e+00 -5.231467438300751657e-04
9.000000000000000000e+00 -5.302151646327396290e-04
1.000000000000000000e+01 5.716814296045407339e-04
1.100000000000000000e+01 7.976794366162031844e-04
1.200000000000000000e+01 2.103591889755774516e-04
1.300000000000000000e+01 5.909265225942785882e-04
1.400000000000000000e+01 -5.402058275645790211e-04
1.500000000000000000e+01 5.982016534786326707e-04
1.600000000000000000e+01 2.671629267229426756e-04
1.700000000000000000e+01 8.726128613930948059e-04
1.800000000000000000e+01 -5.345923001023121079e-04
1.900000000000000000e+01 8.811990251690550360e-04
1.000000000000000000e+00 -5.034621948231635547e-04
2.000000000000000000e+00 8.457742088162511660e-04
3.000000000000000000e+00 -5.068815112676901182e-04
4.000000000000000000e+00 -5.068366215169179930e-04
5.000000000000000000e+00 -5.066480845636751320e-04
6.000000000000000000e+00 -5.005569282099137530e-04
7.000000000000000000e+00 -4.997152920216389347e-04
8.000000000000000000e+00 -4.639943376207125453e-04
9.000000000000000000e+00 -4.970528536974358740e-04
1.000000000000000000e+01 4.432453767204762546e-04
1.100000000000000000e+01 6.990985867624264008e-04
1.200000000000000000e+01 6.077078422445002454e-04
1.300000000000000000e+01 4.691618334206125278e-04
1.400000000000000000e+01 -4.835044977777564574e-04
1.500000000000000000e+01 -1.609687277717483504e-04
1.600000000000000000e+01 5.412413094360746680e-04
1.700000000000000000e+01 4.389473677361867407e-04
1.800000000000000000e+01 -3.798692413895238935e-04
1.900000000000000000e+01 9.146805002128621971e-04
1.000000000000000000e+00 -6.758320897237844087e-04
2.000000000000000000e+00 2.402634513993296556e-03
3.000000000000000000e+00 -6.815558639524606005e-04
4.000000000000000000e+00 -6.805865718066978626e-04
5.000000000000000000e+00 -6.815558639524606005e-04
6.000000000000000000e+00 -6.752525559159593084e-04
7.000000000000000000e+00 -6.400261978254555891e-04
8.000000000000000000e+00 -6.484544435086032378e-04
9.000000000000000000e+00 -6.338802290131701584e-04
1.000000000000000000e+01 4.955559471476516037e-04
1.100000000000000000e+01 3.984161038124241672e-04
1.200000000000000000e+01 1.054455200375259069e-03
1.300000000000000000e+01 -3.348100547766795043e-04
1.400000000000000000e+01 -5.755562862529529445e-04
1.500000000000000000e+01 4.810683132027591610e-04
1.600000000000000000e+01 7.538043823254613916e-04
1.700000000000000000e+01 7.242086186826425000e-04
1.800000000000000000e+01 -6.392362016923221896e-04
1.900000000000000000e+01 4.822493337287874133e-04
1.000000000000000000e+00 -5.869708830449069711e-04
2.000000000000000000e+00 9.679688102783750355e-04
3.000000000000000000e+00 -6.071934851652682156e-04
4.000000000000000000e+00 -6.069682202341209181e-04
5.000000000000000000e+00 -6.064872197531203865e-04
6.000000000000000000e+00 -6.017857393163458541e-04
7.000000000000000000e+00 -6.050319367852324088e-04
8.000000000000000000e+00 -5.854100690015998651e-04
9.000000000000000000e+00 -6.009331333166810464e-04
1.000000000000000000e+01 7.908124045532507118e-04
1.100000000000000000e+01 7.194064940520078716e-04
1.200000000000000000e+01 1.186871740518137845e-04
1.300000000000000000e+01 6.573653150867063248e-04
1.400000000000000000e+01 -5.743864463610510659e-04
1.500000000000000000e+01 -3.099877888445156542e-04
1.600000000000000000e+01 9.251184605920556537e-04
1.700000000000000000e+01 3.148762882975314763e-04
1.800000000000000000e+01 -1.441998792103174989e-04
1.900000000000000000e+01 1.264170926764928695e-03
1.000000000000000000e+00 -6.566211418825307084e-04
2.000000000000000000e+00 4.850611188476064081e-04
3.000000000000000000e+00 -6.639975377918397531e-04
4.000000000000000000e+00 -6.631901208079522088e-04
5.000000000000000000e+00 -6.622268411682019585e-04
6.000000000000000000e+00 -6.561696630522003424e-04
7.000000000000000000e+00 -6.583789616900703962e-04
8.000000000000000000e+00 -6.482251147977781576e-04
9.000000000000000000e+00 -6.400387089222966258e-04
1.000000000000000000e+01 9.551606208817921967e-04
1.100000000000000000e+01 6.547394424326881358e-04
1.200000000000000000e+01 6.419533414007507800e-04
1.300000000000000000e+01 1.292095731438415961e-03
1.400000000000000000e+01 -4.065554146381031081e-04
1.500000000000000000e+01 -4.172762251075146133e-04
1.600000000000000000e+01 1.396746001913472127e-03
1.700000000000000000e+01 5.923931700192657879e-04
1.800000000000000000e+01 -6.435992143210373870e-04
1.900000000000000000e+01 6.014762751457251996e-04
1.000000000000000000e+00 -6.146902859292095473e-04
2.000000000000000000e+00 -1.212786470266537041e-04
3.000000000000000000e+00 -6.193746441324753408e-04
4.000000000000000000e+00 -6.189624065878848074e-04
5.000000000000000000e+00 -6.190828607524565810e-04
6.000000000000000000e+00 -6.154946072692451566e-04
7.000000000000000000e+00 -6.169417757507274095e-04
8.000000000000000000e+00 -6.137247789675541508e-04
9.000000000000000000e+00 -6.077069072371473445e-04
1.000000000000000000e+01 3.173167019543045742e-04
1.100000000000000000e+01 5.520191695430175932e-04
1.200000000000000000e+01 4.439099300189068109e-04
1.300000000000000000e+01 1.157886846733609774e-03
1.400000000000000000e+01 -4.540735413357492719e-04
1.500000000000000000e+01 3.232322414755657916e-04
1.600000000000000000e+01 1.553220549658522595e-03
1.700000000000000000e+01 5.515735819679315000e-04
1.800000000000000000e+01 -6.051920305275927713e-04
1.900000000000000000e+01 1.169931451427996903e-03
1.000000000000000000e+00 -6.774376775840490082e-04
2.000000000000000000e+00 1.190013069818744067e-03
3.000000000000000000e+00 -6.856182280352577036e-04
4.000000000000000000e+00 -6.845176809788282779e-04
5.000000000000000000e+00 -6.848904155427392804e-04
6.000000000000000000e+00 -6.634341076893726825e-04
7.000000000000000000e+00 -6.812716214827687885e-04
8.000000000000000000e+00 -6.559579486813509053e-04
9.000000000000000000e+00 -6.624899693502763094e-04
1.000000000000000000e+01 7.697580238027366354e-04
1.100000000000000000e+01 1.377524227833922281e-03
1.200000000000000000e+01 1.972093048887804841e-04
1.300000000000000000e+01 2.235527290313357295e-03
1.400000000000000000e+01 -6.509590210152313297e-04
1.500000000000000000e+01 -4.156313292046503755e-04
1.600000000000000000e+01 -5.584308577885102983e-06
1.700000000000000000e+01 1.194810106192556627e-03
1.800000000000000000e+01 -6.291388245553346074e-04
1.900000000000000000e+01 2.772837552894526388e-05
