1.000000000000000000e+00 -4.881227051115343864e-04
2.000000000000000000e+00 4.683802099996091308e-04
3.000000000000000000e+00 -4.925331474158842638e-04
4.000000000000000000e+00 -4.924882576651121386e-04
5.000000000000000000e+00 -4.925331474158842638e-04
6.000000000000000000e+00 -4.893638591100412825e-04
7.000000000000000000e+00 -4.913232326030283082e-04
8.000000000000000000e+00 -4.675585845492566807e-04
9.000000000000000000e+00 -4.916645987532179598e-04
1.000000000000000000e+01 1.374282949133340823e-04
1.100000000000000000e+01 -5.983653061965049403e-05
1.200000000000000000e+01 2.165575993039155558e-04
1.300000000000000000e+01 4.240973203732705714e-04
1.400000000000000000e+01 -4.171016065163914892e-04
1.500000000000000000e+01 -6.529175462517530424e-05
1.600000000000000000e+01 1.510124112183416694e-03
1.700000000000000000e+01 2.005585877257745012e-04
1.800000000000000000e+01 -4.730305878145645905e-04
1.900000000000000000e+01 1.911553622087820139e-03
1.000000000000000000e+00 -4.603219079119885097e-04
2.000000000000000000e+00 -1.062830591427475963e-04
3.000000000000000000e+00 -4.650830761710559322e-04
4.000000000000000000e+00 -4.650830761710559322e-04
5.000000000000000000e+00 -4.649379326435594518e-04
6.000000000000000000e+00 -4.642523437226764196e-04
7.000000000000000000e+00 -4.639136981634426281e-04
8.000000000000000000e+00 -4.564061392110410446e-04
9.000000000000000000e+00 -4.623495215992660316e-04
1.000000000000000000e+01 6.475525291036269291e-04
1.100000000000000000e+01 7.537752554936481960e-04
1.200000000000000000e+01 6.036952866374188913e-04
1.300000000000000000e+01 2.010935006497785590e-04
1.400000000000000000e+01 -2.624411059214176094e-04
1.500000000000000000e+01 -1.964474435563390493e-04
1.600000000000000000e+01 9.812886491572519066e-04
1.700000000000000000e+01 4.574896854390427068e-04
1.800000000000000000e+01 -4.568096612624869567e-04
1.900000000000000000e+01 1.050897216261287813e-03
1.000000000000000000e+00 -4.146420934803569242e-04
2.000000000000000000e+00 4.084598716646754032e-04
3.000000000000000000e+00 -4.188003101210665646e-04
4.000000000000000000e+00 -4.186505823978094068e-04
5.000000000000000000e+00 -4.188003101210665646e-04
6.000000000000000000e+00 -4.171839351328428041e-04
7.000000000000000000e+00 -4.174340293430210702e-04
8.000000000000000000e+00 -4.160179322774142010e-04
9.000000000000000000e+00 -4.165369892915692486e-04
1.000000000000000000e+01 3.537853051286673025e-04
1.100000000000000000e+01 6.348874943290647643e-04
1.200000000000000000e+01 4.526569729546603177e-04
1.300000000000000000e+01 7.245012569172319629e-04
1.400000000000000000e+01 -3.937265293137423095e-04
1.500000000000000000e+01 -3.613741862795180555e-05
1.600000000000000000e+01 6.263197338172546468e-04
1.700000000000000000e+01 2.319426315845759894e-04
1.800000000000000000e+01 -4.128214892350327587e-04
1.900000000000000000e+01 6.880107578215418143e-04
1.000000000000000000e+00 -4.139734264973976628e-04
2.000000000000000000e+00 6.901513236357557403e-04
3.000000000000000000e+00 -4.170165843199672828e-04
4.000000000000000000e+00 -4.170023012174488546e-04
5.000000000000000000e+00 -4.168160767665185181e-04
6.000000000000000000e+00 -4.137425862980700811e-04
7.000000000000000000e+00 -4.164129143360452011e-04
8.000000000000000000e+00 -3.741944033237666937e-04
9.000000000000000000e+00 -4.151442846360429203e-04
1.000000000000000000e+01 6.923972945552215544e-04
1.100000000000000000e+01 9.494615000790889467e-05
1.200000000000000000e+01 7.748747982292611674e-04
1.300000000000000000e+01 4.703399041350991025e-04
1.400000000000000000e+01 -4.083069715574833805e-04
1.500000000000000000e+01 5.319182902312639201e-05
1.600000000000000000e+01 2.107540736526282486e-04
1.700000000000000000e+01 5.113493133532275069e-04
1.800000000000000000e+01 -3.388079947153486613e-04
1.900000000000000000e+01 5.106862256307417337e-04
1.000000000000000000e+00 -4.225261591746539802e-04
2.000000000000000000e+00 1.230378733384228146e-04
3.000000000000000000e+00 -4.321691056435808401e-04
4.000000000000000000e+00 -4.320744193619197667e-04
5.000000000000000000e+00 -4.318988975214819439e-04
6.000000000000000000e+00 -4.316712957970315163e-04
7.000000000000000000e+00 -4.314580937718547169e-04
8.000000000000000000e+00 -4.259780414168023131e-04
9.000000000000000000e+00 -4.309143192172258012e-04
1.000000000000000000e+01 -1.646004224540169889e-04
1.100000000000000000e+01 4.137002582279412271e-04
1.200000000000000000e+01 7.119039211335298619e-04
1.300000000000000000e+01 1.477614135250232216e-04
1.400000000000000000e+01 -2.109468294166054068e-04
1.500000000000000000e+01 1.670057386712814947e-04
1.600000000000000000e+01 9.654357624001979341e-04
1.700000000000000000e+01 7.100748502726801636e-04
1.800000000000000000e+01 -4.256614248711941919e-04
1.900000000000000000e+01 9.404110082417450065e-04
1.000000000000000000e+00 -4.953845639932755564e-04
2.000000000000000000e+00 1.360129066378767569e-03
3.000000000000000000e+00 -5.104448940045859442e-04
4.000000000000000000e+00 -5.101578716587401021e-04
5.000000000000000000e+00 -5.103221953524755264e-04
6.000000000000000000e+00 -5.097506127955988816e-04
7.000000000000000000e+00 -5.098082368553237065e-04
8.000000000000000000e+00 -4.928375762324963818e-04
9.000000000000000000e+00 -5.092955683717168740e-04
1.000000000000000000e+01 3.927492660556796203e-04
1.100000000000000000e+01 2.449288818464616271e-04
1.200000000000000000e+01 6.280835743771568227e-04
1.300000000000000000e+01 5.165214610715790659e-04
1.400000000000000000e+01 -2.133115050625971368e-05
1.500000000000000000e+01 -2.586441590756965569e-04
1.600000000000000000e+01 4.034287766398095385e-04
1.700000000000000000e+01 9.070919277403527003e-04
1.800000000000000000e+01 -3.592078798386502377e-04
1.900000000000000000e+01 1.799397992731394808e-04
1.000000000000000000e+00 -4.453388993011359303e-04
2.000000000000000000e+00 8.644023314309910591e-04
3.000000000000000000e+00 -4.550785640740640241e-04
4.000000000000000000e+00 -4.549940217101099073e-04
5.000000000000000000e+00 -4.550785640740640241e-04
6.000000000000000000e+00 -4.533888730461377065e-04
7.000000000000000000e+00 -4.546723118295764696e-04
8.000000000000000000e+00 -4.492645523776994079e-04
9.000000000000000000e+00 -4.522366937076838646e-04
1.000000000000000000e+01 3.573257104621569043e-04
1.100000000000000000e+01 8.189389535626659606e-04
1.200000000000000000e+01 3.505043581327329052e-04
1.300000000000000000e+01 2.856698034471449204e-04
1.400000000000000000e+01 -1.454620931655763118e-04
1.500000000000000000e+01 3.835950836075413030e-05
1.600000000000000000e+01 4.837428203459435641e-05
1.700000000000000000e+01 5.187633740274903964e-04
1.800000000000000000e+01 -3.716802704779413060e-04
1.900000000000000000e+01 7.646901433348077259e-04
1.000000000000000000e+00 -3.996703134545820336e-04
2.000000000000000000e+00 1.409593290154855655e-03
3.000000000000000000e+00 -4.077616764566593249e-04
4.000000000000000000e+00 -4.076382296420360076e-04
5.000000000000000000e+00 -4.077616764566593249e-04
6.000000000000000000e+00 -4.030466338739696467e-04
7.000000000000000000e+00 -3.965235292941423945e-04
8.000000000000000000e+00 -4.011777818913221530e-04
9.000000000000000000e+00 -4.029061289540529695e-04
1.000000000000000000e+01 -7.499557489955453933e-05
1.100000000000000000e+01 5.922735832875869444e-05
1.200000000000000000e+01 -5.114409627050697110e-05
1.300000000000000000e+01 -2.040152806373870514e-05
1.400000000000000000e+01 -3.692213167636125538e-04
1.500000000000000000e+01 5.186371702162721363e-04
1.600000000000000000e+01 9.328681128292641610e-04
1.700000000000000000e+01 -2.677528895651487095e-04
1.800000000000000000e+01 -3.007341318853472452e-04
1.900000000000000000e+01 1.318809692787676832e-03
1.000000000000000000e+00 -4.892383995836161077e-04
2.000000000000000000e+00 1.085478530377663627e-03
3.000000000000000000e+00 -4.999530694194344229e-04
4.000000000000000000e+00 -4.999530694194344229e-04
5.000000000000000000e+00 -4.999387863169159948e-04
6.000000000000000000e+00 -4.982337599007551120e-04
7.000000000000000000e+00 -4.981714243604784499e-04
8.000000000000000000e+00 -4.982236752530654891e-04
9.000000000000000000e+00 -4.972661389751510544e-04
1.000000000000000000e+01 4.067366484632474444e-04
1.100000000000000000e+01 3.754194250659985719e-05
1.200000000000000000e+01 -5.168698268170906921e-05
1.300000000000000000e+01 2.398092535361657834e-04
1.400000000000000000e+01 -4.823269089448846262e-04
1.500000000000000000e+01 -2.254102942861295483e-05
1.600000000000000000e+01 1.092396531324773927e-03
1.700000000000000000e+01 6.822588879722000415e-04
1.800000000000000000e+01 -4.447662880246698461e-04
1.900000000000000000e+01 1.363399644927574617e-03
1.000000000000000000e+00 -4.582254031829924019e-04
2.000000000000000000e+00 6.316590428876722729e-04
3.000000000000000000e+00 -4.757101593232107226e-04
4.000000000000000000e+00 -4.756494765419397243e-04
5.000000000000000000e+00 -4.757101593232107226e-04
6.000000000000000000e+00 -4.727429234778236246e-04
7.000000000000000000e+00 -4.729256441962586361e-04
8.000000000000000000e+00 -4.736528950810725449e-04
9.000000000000000000e+00 -4.683079948832311371e-04
1.000000000000000000e+01 -1.752235650792142746e-06
1.100000000000000000e+01 -1.274435042560200567e-04
1.200000000000000000e+01 -8.514022506432064304e-05
1.300000000000000000e+01 -2.113112511642618028e-04
1.400000000000000000e+01 -2.128888812698104076e-04
1.500000000000000000e+01 1.052924116897217885e-06
1.600000000000000000e+01 1.659359631994095519e-03
1.700000000000000000e+01 -3.629538880950948661e-04
1.800000000000000000e+01 -3.050936559459559595e-04
1.900000000000000000e+01 2.697031527836861366e-03
1.000000000000000000e+00 -4.651441166124117474e-04
2.000000000000000000e+00 9.841753723697067944e-04
3.000000000000000000e+00 -4.749830832791095223e-04
4.000000000000000000e+00 -4.749830832791095223e-04
5.000000000000000000e+00 -4.749830832791095223e-04
6.000000000000000000e+00 -4.739105680259220015e-04
7.000000000000000000e+00 -4.730744760133594033e-04
8.000000000000000000e+00 -4.252092871380164490e-04
9.000000000000000000e+00 -4.678812338628343323e-04
1.000000000000000000e+01 6.876247135795492517e-04
1.100000000000000000e+01 3.780601908198448925e-04
1.200000000000000000e+01 -8.386456014465504727e-05
1.300000000000000000e+01 6.715429201548562968e-04
1.400000000000000000e+01 -2.590716502136457700e-04
1.500000000000000000e+01 -2.089879399973647192e-04
1.600000000000000000e+01 3.292207432211722369e-04
1.700000000000000000e+01 8.866693458600510792e-04
1.800000000000000000e+01 -4.513200853163916557e-04
1.900000000000000000e+01 7.696894961304257465e-04
1.000000000000000000e+00 -4.773771244221401461e-04
2.000000000000000000e+00 1.054640693179175436e-03
3.000000000000000000e+00 -4.883362691522932482e-04
4.000000000000000000e+00 -4.881151725551462900e-04
5.000000000000000000e+00 -4.880093221341697853e-04
6.000000000000000000e+00 -4.875111450078413889e-04
7.000000000000000000e+00 -4.876249162350580172e-04
8.000000000000000000e+00 -4.842636027897109633e-04
9.000000000000000000e+00 -4.810622024419520734e-04
1.000000000000000000e+01 4.684503675375913741e-04
1.100000000000000000e+01 3.208291837628072314e-04
1.200000000000000000e+01 5.186199145909868233e-04
1.300000000000000000e+01 4.977734866564044171e-05
1.400000000000000000e+01 -3.290363655596725920e-04
1.500000000000000000e+01 4.085673618091654525e-04
1.600000000000000000e+01 2.920002604844710659e-04
1.700000000000000000e+01 6.684310745152593439e-04
1.800000000000000000e+01 -4.143931047329384013e-04
1.900000000000000000e+01 8.158865815821109624e-04
1.000000000000000000e+00 -4.467405309047871417e-04
2.000000000000000000e+00 -2.185480560100652064e-04
3.000000000000000000e+00 -4.511657013226046532e-04
4.000000000000000000e+00 -4.510949659577516402e-04
5.000000000000000000e+00 -4.511657013226046532e-04
6.000000000000000000e+00 -4.508015910320237467e-04
7.000000000000000000e+00 -4.501371547058227274e-04
8.000000000000000000e+00 -4.444126293997147873e-04
9.000000000000000000e+00 -4.472479525344076417e-04
1.000000000000000000e+01 5.222176976185115196e-04
1.100000000000000000e+01 2.822641192429834953e-04
1.200000000000000000e+01 8.650566209752302274e-04
1.300000000000000000e+01 5.368336371432032295e-04
1.400000000000000000e+01 -3.514327270010448603e-04
1.500000000000000000e+01 1.772179381502576412e-04
1.600000000000000000e+01 8.640605226182582850e-04
1.700000000000000000e+01 7.773528050399901084e-04
1.800000000000000000e+01 -3.177805765393396900e-04
1.900000000000000000e+01 4.300295860365433613e-04
1.000000000000000000e+00 -4.127156119509992277e-04
2.000000000000000000e+00 3.073404219976137958e-04
3.000000000000000000e+00 -4.159053166725666922e-04
4.000000000000000000e+00 -4.158657320741585266e-04
5.000000000000000000e+00 -4.158604269217945669e-04
6.000000000000000000e+00 -4.148225078691696456e-04
7.000000000000000000e+00 -4.122312946161916765e-04
8.000000000000000000e+00 -3.129136777740650121e-04
9.000000000000000000e+00 -4.154526330090987170e-04
1.000000000000000000e+01 2.182103602168508811e-04
1.100000000000000000e+01 -4.131502389008604928e-05
1.200000000000000000e+01 -5.577551706087138718e-05
1.300000000000000000e+01 3.381282727327022931e-04
1.400000000000000000e+01 -1.930050158756157629e-04
1.500000000000000000e+01 4.414066580494447776e-04
1.600000000000000000e+01 1.126697895751635047e-03
1.700000000000000000e+01 -8.637132402634385957e-05
1.800000000000000000e+01 -4.116358874556584786e-04
1.900000000000000000e+01 1.534595743200742194e-03
1.000000000000000000e+00 -4.779041730343535797e-04
2.000000000000000000e+00 8.561393871310097681e-04
3.000000000000000000e+00 -4.880928911012228960e-04
4.000000000000000000e+00 -4.880624204825169594e-04
5.000000000000000000e+00 -4.879350288110076666e-04
6.000000000000000000e+00 -4.858366920663123676e-04
7.000000000000000000e+00 -4.875151891579747082e-04
8.000000000000000000e+00 -3.791688738799432745e-04
9.000000000000000000e+00 -4.853842092083673183e-04
1.000000000000000000e+01 1.503391596729125178e-04
1.100000000000000000e+01 8.276734704769540688e-05
1.200000000000000000e+01 1.569978915537611033e-04
1.300000000000000000e+01 2.054787205329271736e-04
1.400000000000000000e+01 -3.268908574212274249e-04
1.500000000000000000e+01 -8.536668432348647683e-05
1.600000000000000000e+01 1.177776919793414780e-03
1.700000000000000000e+01 5.233933946020579873e-04
1.800000000000000000e+01 -3.604426840052669121e-04
1.900000000000000000e+01 1.366248185479140105e-03
1.000000000000000000e+00 -4.579848828201937231e-04
2.000000000000000000e+00 2.954897135568306096e-04
3.000000000000000000e+00 -4.599295340295508124e-04
4.000000000000000000e+00 -4.598430033670397555e-04
5.000000000000000000e+00 -4.599295340295508124e-04
6.000000000000000000e+00 -4.592466229474800724e-04
7.000000000000000000e+00 -4.590590537473058109e-04
8.000000000000000000e+00 -4.514431266460846182e-04
9.000000000000000000e+00 -4.582644118812353919e-04
1.000000000000000000e+01 1.457909210782119261e-03
1.100000000000000000e+01 6.387028904550255768e-04
1.200000000000000000e+01 8.105597512818242707e-04
1.300000000000000000e+01 1.108322824363952878e-03
1.400000000000000000e+01 -4.483158442646005245e-04
1.500000000000000000e+01 -3.237076065616396837e-04
1.600000000000000000e+01 1.453766835633035206e-04
1.700000000000000000e+01 2.192459073441250649e-04
1.800000000000000000e+01 -1.871460000147596103e-04
1.900000000000000000e+01 -1.342661709459990740e-04
1.000000000000000000e+00 -4.206296377886022055e-04
2.000000000000000000e+00 6.012852800917238083e-04
3.000000000000000000e+00 -4.274770387536502457e-04
4.000000000000000000e+00 -4.274770387536502457e-04
5.000000000000000000e+00 -4.274770387536502457e-04
6.000000000000000000e+00 -4.101204846323902456e-04
7.000000000000000000e+00 -4.254873073521541448e-04
8.000000000000000000e+00 -4.148609096809385637e-04
9.000000000000000000e+00 -4.246977652986064721e-04
1.000000000000000000e+01 8.544829184022578305e-04
1.100000000000000000e+01 3.623529991202374743e-04
1.200000000000000000e+01 1.747203496585316828e-04
1.300000000000000000e+01 4.494223293753605170e-05
1.400000000000000000e+01 -3.108458793616365365e-04
1.500000000000000000e+01 -7.557305211666374371e-06
1.600000000000000000e+01 1.400422396938894856e-03
1.700000000000000000e+01 1.148445934396523182e-04
1.800000000000000000e+01 -4.140979312831562123e-04
1.900000000000000000e+01 5.230618855253659372e-04
1.000000000000000000e+00 -5.028638562898661481e-04
2.000000000000000000e+00 1.125422128977155914e-04
3.000000000000000000e+00 -5.097722904742106815e-04
4.000000000000000000e+00 -5.096485035857179630e-04
5.000000000000000000e+00 -5.097722904742106815e-04
6.000000000000000000e+00 -5.074282924631958944e-04
7.000000000000000000e+00 -5.095912351460964900e-04
8.000000000000000000e+00 -5.058368390597676968e-04
9.000000000000000000e+00 -5.082569893265565571e-04
1.000000000000000000e+01 1.084933522867549552e-03
1.100000000000000000e+01 5.072237176068709582e-04
1.200000000000000000e+01 4.553216442937332875e-04
1.300000000000000000e+01 4.788675590812550408e-04
1.400000000000000000e+01 -4.962240318804339188e-04
1.500000000000000000e+01 1.060723789648143601e-04
1.600000000000000000e+01 7.611902883343101174e-04
1.700000000000000000e+01 1.434942144973513477e-03
1.800000000000000000e+01 -4.846071161766628711e-04
1.900000000000000000e+01 5.688007233605600654e-05
1.000000000000000000e+00 -5.085858269808929280e-04
2.000000000000000000e+00 7.713049994811083370e-04
3.000000000000000000e+00 -5.215304586667710973e-04
4.000000000000000000e+00 -5.215304586667710973e-04
5.000000000000000000e+00 -5.213194768381422279e-04
6.000000000000000000e+00 -5.178794094099795032e-04
7.000000000000000000e+00 -5.207402941161023546e-04
8.000000000000000000e+00 -5.147809801911021679e-04
9.000000000000000000e+00 -5.199594164969894173e-04
1.000000000000000000e+01 -3.210143310698847230e-04
1.100000000000000000e+01 2.320626315432452189e-04
1.200000000000000000e+01 4.909879449648244822e-05
1.300000000000000000e+01 2.680634080783972709e-04
1.400000000000000000e+01 -4.769662792997000130e-04
1.500000000000000000e+01 9.753272705065408948e-04
1.600000000000000000e+01 7.359480259581911580e-04
1.700000000000000000e+01 3.597875466403552036e-05
1.800000000000000000e+01 -5.095476170018359676e-04
1.900000000000000000e+01 2.329065561885145571e-03
1.000000000000000000e+00 -4.404557348003616942e-04
2.000000000000000000e+00 5.225633086108385757e-04
3.000000000000000000e+00 -4.440910172609242716e-04
4.000000000000000000e+00 -4.440590503171925902e-04
5.000000000000000000e+00 -4.440910172609242716e-04
6.000000000000000000e+00 -4.431122846645446037e-04
7.000000000000000000e+00 -4.435770296145836382e-04
8.000000000000000000e+00 -4.374625976335550642e-04
9.000000000000000000e+00 -4.407916205791746387e-04
1.000000000000000000e+01 8.350984746780423622e-04
1.100000000000000000e+01 2.995217181741437651e-04
1.200000000000000000e+01 5.530397005587617872e-04
1.300000000000000000e+01 9.299767567018075521e-04
1.400000000000000000e+01 -3.579296684945334865e-04
1.500000000000000000e+01 -1.598422002127374670e-04
1.600000000000000000e+01 1.864611472412745614e-05
1.700000000000000000e+01 7.456378074564178667e-04
1.800000000000000000e+01 -4.259357928556998293e-04
1.900000000000000000e+01 5.371572741679467213e-04
1.000000000000000000e+00 -5.233282369855176775e-04
2.000000000000000000e+00 4.391831126998655527e-04
3.000000000000000000e+00 -5.262251646636079009e-04
4.000000000000000000e+00 -5.262251646636079009e-04
5.000000000000000000e+00 -5.261884366857033559e-04
6.000000000000000000e+00 -5.239630224329782293e-04
7.000000000000000000e+00 -5.229763049021430047e-04
8.000000000000000000e+00 -5.021244589189945541e-04
9.000000000000000000e+00 -5.209962406671768582e-04
1.000000000000000000e+01 2.539576022581463703e-04
1.100000000000000000e+01 3.297872657304675294e-04
1.200000000000000000e+01 7.451920317106609966e-04
1.300000000000000000e+01 -3.374769606826568308e-05
1.400000000000000000e+01 -2.554987404814748012e-04
1.500000000000000000e+01 -2.271322439343352487e-04
1.600000000000000000e+01 1.835145465553541079e-03
1.700000000000000000e+01 2.185401188100516998e-04
1.800000000000000000e+01 -5.054289764654588783e-04
1.900000000000000000e+01 1.313629317044683661e-03
1.000000000000000000e+00 -5.014815622417648829e-04
2.000000000000000000e+00 1.818521616940232651e-03
3.000000000000000000e+00 -5.244726351277957362e-04
4.000000000000000000e+00 -5.244726351277957362e-04
5.000000000000000000e+00 -5.244726351277957362e-04
6.000000000000000000e+00 -5.204270619645755703e-04
7.000000000000000000e+00 -5.182465853968440481e-04
8.000000000000000000e+00 -5.122807805952549328e-04
9.000000000000000000e+00 -5.224532492848804784e-04
1.000000000000000000e+01 2.675012607596875098e-04
1.100000000000000000e+01 4.837622947069135436e-04
1.200000000000000000e+01 -3.365005779896701128e-06
1.300000000000000000e+01 -1.264122004614920327e-04
1.400000000000000000e+01 -4.382802564021537795e-04
1.500000000000000000e+01 8.092221177402144543e-04
1.600000000000000000e+01 5.999975162949012630e-04
1.700000000000000000e+01 -4.445092665571093345e-04
1.800000000000000000e+01 -4.865314451990461475e-04
1.900000000000000000e+01 1.618211131354437352e-03
1.000000000000000000e+00 -4.118856724281337546e-04
2.000000000000000000e+00 5.448907529675040169e-04
3.000000000000000000e+00 -4.133793481164873109e-04
4.000000000000000000e+00 -4.133793481164873109e-04
5.000000000000000000e+00 -4.133793481164873109e-04
6.000000000000000000e+00 -4.105822405399679829e-04
7.000000000000000000e+00 -4.116506030053892237e-04
8.000000000000000000e+00 -4.060399700575713995e-04
9.000000000000000000e+00 -4.125112114290228980e-04
1.000000000000000000e+01 2.681528862178972610e-04
1.100000000000000000e+01 2.470693728081150967e-04
1.200000000000000000e+01 3.134133071124998353e-04
1.300000000000000000e+01 6.086179802361404035e-04
1.400000000000000000e+01 -3.816900364814473793e-04
1.500000000000000000e+01 3.987395097098756034e-04
1.600000000000000000e+01 5.702678952031175336e-04
1.700000000000000000e+01 1.717873839842021418e-04
1.800000000000000000e+01 -3.904917755790548355e-04
1.900000000000000000e+01 9.115357989378094572e-04
1.000000000000000000e+00 -4.625296865003296082e-04
2.000000000000000000e+00 9.172624086515127626e-04
3.000000000000000000e+00 -4.840572773994191130e-04
4.000000000000000000e+00 -4.840572773994191130e-04
5.000000000000000000e+00 -4.840055861712572833e-04
6.000000000000000000e+00 -4.821703338107948423e-04
7.000000000000000000e+00 -4.830213443781919609e-04
8.000000000000000000e+00 -4.806032151218274351e-04
9.000000000000000000e+00 -4.829185351892483196e-04
1.000000000000000000e+01 3.815386239370283507e-04
1.100000000000000000e+01 1.009620130517631994e-03
1.200000000000000000e+01 4.542472406841041197e-04
1.300000000000000000e+01 4.843047697365252956e-04
1.400000000000000000e+01 -2.213178313879143053e-04
1.500000000000000000e+01 1.153535272464942447e-04
1.600000000000000000e+01 5.932488943015295818e-05
1.700000000000000000e+01 4.660902780615116463e-04
1.800000000000000000e+01 -4.540135414383162380e-04
1.900000000000000000e+01 6.021838937974099493e-04
1.000000000000000000e+00 -4.294882123290731115e-04
2.000000000000000000e+00 2.129831857095517713e-04
3.000000000000000000e+00 -4.332905918667467686e-04
4.000000000000000000e+00 -4.332905918667467686e-04
5.000000000000000000e+00 -4.332905918667467686e-04
6.000000000000000000e+00 -4.319628106895257997e-04
7.000000000000000000e+00 -4.323981020036686573e-04
8.000000000000000000e+00 -4.299194532014904567e-04
9.000000000000000000e+00 -4.299134542984327234e-04
1.000000000000000000e+01 4.718231931577525004e-04
1.100000000000000000e+01 5.552149936672824086e-04
1.200000000000000000e+01 1.058293615631326163e-03
1.300000000000000000e+01 5.322060551862727810e-04
1.400000000000000000e+01 -3.843227072166091656e-05
1.500000000000000000e+01 -1.395161276003357173e-04
1.600000000000000000e+01 3.014512980601969302e-05
1.700000000000000000e+01 8.821227014614624242e-04
1.800000000000000000e+01 -4.156739783992929285e-04
1.900000000000000000e+01 2.803389855145812766e-04
1.000000000000000000e+00 -4.031763022201437035e-04
2.000000000000000000e+00 3.363147749022359035e-04
3.000000000000000000e+00 -4.127882229402577048e-04
4.000000000000000000e+00 -4.127882229402577048e-04
5.000000000000000000e+00 -4.127380960518955001e-04
6.000000000000000000e+00 -4.106320995481398811e-04
7.000000000000000000e+00 -4.118070146061081891e-04
8.000000000000000000e+00 -4.078547499395578026e-04
9.000000000000000000e+00 -4.094083987883747125e-04
1.000000000000000000e+01 3.043840205362574733e-04
1.100000000000000000e+01 6.128543996581788632e-04
1.200000000000000000e+01 6.373169284216036699e-04
1.300000000000000000e+01 7.689618965125787049e-06
1.400000000000000000e+01 -3.916216538132543876e-04
1.500000000000000000e+01 3.846439783664654761e-04
1.600000000000000000e+01 7.291353982458036349e-04
1.700000000000000000e+01 2.943025295513020893e-04
1.800000000000000000e+01 -3.778493597363384625e-04
1.900000000000000000e+01 7.054645466342905060e-04
1.000000000000000000e+00 -4.202078781082300876e-04
2.000000000000000000e+00 4.222195325089563543e-04
3.000000000000000000e+00 -4.324670585221724239e-04
4.000000000000000000e+00 -4.324670585221724239e-04
5.000000000000000000e+00 -4.324670585221724239e-04
6.000000000000000000e+00 -4.303331494029691371e-04
7.000000000000000000e+00 -4.316607634581742271e-04
8.000000000000000000e+00 -4.200045628401388883e-04
9.000000000000000000e+00 -4.319646333873943043e-04
1.000000000000000000e+01 7.916085574808181960e-04
1.100000000000000000e+01 5.377474842666206054e-04
1.200000000000000000e+01 4.430959221090854981e-04
1.300000000000000000e+01 4.381223745649570579e-04
1.400000000000000000e+01 -3.905564837509533770e-04
1.500000000000000000e+01 -3.848809637371980517e-04
1.600000000000000000e+01 7.247162159022205044e-04
1.700000000000000000e+01 1.081007765819452706e-03
1.800000000000000000e+01 -3.837089318578832493e-04
1.900000000000000000e+01 1.238015976916592026e-04
1.000000000000000000e+00 -4.842851009127395251e-04
2.000000000000000000e+00 2.578198393158618804e-04
3.000000000000000000e+00 -4.927691259977800241e-04
4.000000000000000000e+00 -4.927691259977800241e-04
5.000000000000000000e+00 -4.923800814910884527e-04
6.000000000000000000e+00 -4.893020107134377853e-04
7.000000000000000000e+00 -4.921549253835794070e-04
8.000000000000000000e+00 -4.825365447174046352e-04
9.000000000000000000e+00 -4.896254773184170392e-04
1.000000000000000000e+01 8.261055234459933026e-04
1.100000000000000000e+01 7.825546305729411687e-04
1.200000000000000000e+01 5.295683915641739977e-04
1.300000000000000000e+01 1.046033216664815895e-03
1.400000000000000000e+01 -1.084659225480049207e-04
1.500000000000000000e+01 -1.529920788057447683e-04
1.600000000000000000e+01 3.804489507058839452e-04
1.700000000000000000e+01 3.336283086837325850e-04
1.800000000000000000e+01 -4.624100894626333321e-04
1.900000000000000000e+01 4.430946638122399274e-04
1.000000000000000000e+00 -4.657139216067139359e-04
2.000000000000000000e+00 -1.776189110370885620e-04
3.000000000000000000e+00 -4.732975300306585423e-04
4.000000000000000000e+00 -4.732975300306585423e-04
5.000000000000000000e+00 -4.731808166786510492e-04
6.000000000000000000e+00 -4.719758669442895437e-04
7.000000000000000000e+00 -4.719881912213197113e-04
8.000000000000000000e+00 -4.657597473703268642e-04
9.000000000000000000e+00 -4.686747426872829624e-04
1.000000000000000000e+01 7.161543353216656043e-04
1.100000000000000000e+01 8.792336585268521786e-04
1.200000000000000000e+01 1.109270622446031874e-03
1.300000000000000000e+01 8.800464064506601262e-04
1.400000000000000000e+01 -9.487232908396925495e-06
1.500000000000000000e+01 -3.066463862786744567e-04
1.600000000000000000e+01 -9.507353118416921685e-05
1.700000000000000000e+01 7.921033954682031629e-04
1.800000000000000000e+01 -3.437237551049928449e-04
1.900000000000000000e+01 2.524965028936161844e-04
1.000000000000000000e+00 -3.795285590894207175e-04
2.000000000000000000e+00 1.473392531322916020e-03
3.000000000000000000e+00 -3.823184681118227228e-04
4.000000000000000000e+00 -3.823184681118227228e-04
5.000000000000000000e+00 -3.823184681118227228e-04
6.000000000000000000e+00 -3.815938503703982334e-04
7.000000000000000000e+00 -3.808441254610095026e-04
8.000000000000000000e+00 -3.787585502311765205e-04
9.000000000000000000e+00 -3.802858268372346479e-04
1.000000000000000000e+01 2.572288861050176737e-04
1.100000000000000000e+01 4.238707398841837790e-04
1.200000000000000000e+01 6.405872172527373636e-04
1.300000000000000000e+01 3.431311056475528721e-04
1.400000000000000000e+01 -2.093827487732775482e-04
1.500000000000000000e+01 -9.302098703658954690e-05
1.600000000000000000e+01 8.666173263431966884e-05
1.700000000000000000e+01 3.035958957593816909e-04
1.800000000000000000e+01 -2.757968542367527590e-04
1.900000000000000000e+01 6.046639303404958114e-05
1.000000000000000000e+00 -4.824754384826953073e-04
2.000000000000000000e+00 1.157287835593841929e-04
3.000000000000000000e+00 -4.916210333950969376e-04
4.000000000000000000e+00 -4.916210333950969376e-04
5.000000000000000000e+00 -4.916210333950969376e-04
6.000000000000000000e+00 -4.885466878837766000e-04
7.000000000000000000e+00 -4.898770199388986215e-04
8.000000000000000000e+00 -4.872868022926585469e-04
9.000000000000000000e+00 -4.898729584852573376e-04
1.000000000000000000e+01 7.608282566835307273e-04
1.100000000000000000e+01 1.089318221258924087e-03
1.200000000000000000e+01 7.075296501919694191e-04
1.300000000000000000e+01 8.761856615806505339e-04
1.400000000000000000e+01 -3.207286489873063828e-04
1.500000000000000000e+01 -1.511994272612132803e-04
1.600000000000000000e+01 7.566693042274038911e-05
1.700000000000000000e+01 7.287834534510806038e-04
1.800000000000000000e+01 -3.988850755850947968e-04
1.900000000000000000e+01 3.878604369336662396e-04
1.000000000000000000e+00 -4.779919328718679541e-04
2.000000000000000000e+00 7.052577342943513843e-04
3.000000000000000000e+00 -4.831975469097649144e-04
4.000000000000000000e+00 -4.831598667250258834e-04
5.000000000000000000e+00 -4.831975469097649144e-04
6.000000000000000000e+00 -4.807417413552198589e-04
7.000000000000000000e+00 -4.822578703398362125e-04
8.000000000000000000e+00 -4.742619285028579516e-04
9.000000000000000000e+00 -4.804416423593925825e-04
1.000000000000000000e+01 1.469138087770182927e-04
1.100000000000000000e+01 9.658676178130152926e-04
1.200000000000000000e+01 6.840095825395291641e-04
1.300000000000000000e+01 9.160649466965574807e-04
1.400000000000000000e+01 -2.725922508697802937e-04
1.500000000000000000e+01 -3.469059419809798718e-04
1.600000000000000000e+01 3.942449364742997737e-04
1.700000000000000000e+01 9.614442386023218119e-04
1.800000000000000000e+01 -4.299234966238835881e-04
1.900000000000000000e+01 9.025395509861260275e-05
1.000000000000000000e+00 -4.626747066067063560e-04
2.000000000000000000e+00 2.644221297715768255e-03
3.000000000000000000e+00 -4.708148731239736838e-04
4.000000000000000000e+00 -4.708148731239736838e-04
5.000000000000000000e+00 -4.707232980323986047e-04
6.000000000000000000e+00 -4.674320676578348939e-04
7.000000000000000000e+00 -4.698966639599661921e-04
8.000000000000000000e+00 -4.662744583113250093e-04
9.000000000000000000e+00 -4.653065833019584042e-04
1.000000000000000000e+01 4.075779449321696653e-05
1.100000000000000000e+01 -1.704952463435420007e-04
1.200000000000000000e+01 -2.122372228474070257e-04
1.300000000000000000e+01 -2.311672390996919542e-04
1.400000000000000000e+01 -3.188650600790976118e-04
1.500000000000000000e+01 -1.787734720441117161e-04
1.600000000000000000e+01 9.287727738777858729e-04
1.700000000000000000e+01 3.652521093540731520e-04
1.800000000000000000e+01 -4.549124450716856942e-04
1.900000000000000000e+01 1.287571370869820039e-03
1.000000000000000000e+00 -3.761940534534402385e-04
2.000000000000000000e+00 1.243951737377426551e-05
3.000000000000000000e+00 -3.794177185993742899e-04
4.000000000000000000e+00 -3.793741891440801490e-04
5.000000000000000000e+00 -3.794177185993742899e-04
6.000000000000000000e+00 -3.776429721817707152e-04
7.000000000000000000e+00 -3.788546923010538609e-04
8.000000000000000000e+00 -3.748255906966721485e-04
9.000000000000000000e+00 -3.758315755174328914e-04
1.000000000000000000e+01 -2.327958939724592610e-05
1.100000000000000000e+01 2.809069594833937616e-04
1.200000000000000000e+01 1.859246758046447119e-04
1.300000000000000000e+01 -1.404990939205690329e-04
1.400000000000000000e+01 -3.503610085027482443e-04
1.500000000000000000e+01 1.607289676736571972e-04
1.600000000000000000e+01 1.573938386883642080e-03
1.700000000000000000e+01 2.565449264254346189e-04
1.800000000000000000e+01 -1.413516420003845583e-04
1.900000000000000000e+01 1.150174439612166883e-03
1.000000000000000000e+00 -4.297410360297895348e-04
2.000000000000000000e+00 8.188940204935299925e-05
3.000000000000000000e+00 -4.336846893782047934e-04
4.000000000000000000e+00 -4.336799283440319840e-04
5.000000000000000000e+00 -4.336846893782047934e-04
6.000000000000000000e+00 -4.321547786571175941e-04
7.000000000000000000e+00 -4.322672906393774874e-04
8.000000000000000000e+00 -4.309860244421448786e-04
9.000000000000000000e+00 -4.318463608066829234e-04
1.000000000000000000e+01 5.697716326911977762e-04
1.100000000000000000e+01 2.464868619308978282e-04
1.200000000000000000e+01 2.564321265573886607e-04
1.300000000000000000e+01 5.072417205323035040e-05
1.400000000000000000e+01 -3.236638936378793746e-04
1.500000000000000000e+01 5.640958848889198688e-04
1.600000000000000000e+01 9.180636816536012898e-04
1.700000000000000000e+01 2.768124128830212483e-05
1.800000000000000000e+01 -3.053069319038086583e-04
1.900000000000000000e+01 1.342164776114228731e-03
1.000000000000000000e+00 -5.451282338959417611e-04
2.000000000000000000e+00 9.213003188866745585e-04
3.000000000000000000e+00 -5.483444475375756633e-04
4.000000000000000000e+00 -5.483444475375756633e-04
5.000000000000000000e+00 -5.481835925973089444e-04
6.000000000000000000e+00 -5.303933082629069427e-04
7.000000000000000000e+00 -5.376355359620674365e-04
8.000000000000000000e+00 -5.470288513690382782e-04
9.000000000000000000e+00 -5.443044872126013298e-04
1.000000000000000000e+01 4.255866599199569921e-04
1.100000000000000000e+01 1.895937429872744868e-04
1.200000000000000000e+01 1.865540204818380576e-04
1.300000000000000000e+01 -2.266405833967367206e-04
1.400000000000000000e+01 1.608826358754321113e-04
1.500000000000000000e+01 7.242699944244078772e-04
1.600000000000000000e+01 9.716592182644094100e-04
1.700000000000000000e+01 -1.390316055916804988e-04
1.800000000000000000e+01 -5.138980122683111957e-04
1.900000000000000000e+01 1.597987229247437588e-03
1.000000000000000000e+00 -4.479816880644081492e-04
2.000000000000000000e+00 9.028815145417709706e-04
3.000000000000000000e+00 -4.629658991795716446e-04
4.000000000000000000e+00 -4.628761196780273941e-04
5.000000000000000000e+00 -4.629658991795716446e-04
6.000000000000000000e+00 -4.624442938785545813e-04
7.000000000000000000e+00 -4.620611200184899310e-04
8.000000000000000000e+00 -4.468058483293947301e-04
9.000000000000000000e+00 -4.615592108243538549e-04
1.000000000000000000e+01 3.173247124269215061e-04
1.100000000000000000e+01 4.478254241828095398e-04
1.200000000000000000e+01 1.252708185971916307e-04
1.300000000000000000e+01 -1.510990067041644567e-04
1.400000000000000000e+01 -3.229738854743226077e-04
1.500000000000000000e+01 7.453307613056267154e-04
1.600000000000000000e+01 2.549452470841655932e-04
1.700000000000000000e+01 7.101165175598357030e-04
1.800000000000000000e+01 -4.532517917676350721e-04
1.900000000000000000e+01 1.042210167369962519e-03
1.000000000000000000e+00 -4.650164922216092913e-04
2.000000000000000000e+00 1.366643731504595029e-03
3.000000000000000000e+00 -4.826160245882985217e-04
4.000000000000000000e+00 -4.824631079437852361e-04
5.000000000000000000e+00 -4.822588595777721910e-04
6.000000000000000000e+00 -4.793208843358753466e-04
7.000000000000000000e+00 -4.794906310742495575e-04
8.000000000000000000e+00 -4.605712072441114175e-04
9.000000000000000000e+00 -4.792148298705772012e-04
1.000000000000000000e+01 1.315758688348151958e-04
1.100000000000000000e+01 7.446824026578514888e-04
1.200000000000000000e+01 -3.511553031590897048e-04
1.300000000000000000e+01 1.201617293938342211e-04
1.400000000000000000e+01 1.663504033248609001e-04
1.500000000000000000e+01 6.188068245344392716e-04
1.600000000000000000e+01 5.531272722101148462e-04
1.700000000000000000e+01 -3.324465614665494907e-05
1.800000000000000000e+01 -4.609683111776299641e-04
1.900000000000000000e+01 8.962662910626524419e-04
1.000000000000000000e+00 -4.905026326771457813e-04
2.000000000000000000e+00 9.234491077683673783e-04
3.000000000000000000e+00 -5.033622251673405389e-04
4.000000000000000000e+00 -5.033173354165684137e-04
5.000000000000000000e+00 -5.033622251673405389e-04
6.000000000000000000e+00 -5.018780385115851781e-04
7.000000000000000000e+00 -5.009438257951595802e-04
8.000000000000000000e+00 -5.007983545012289345e-04
9.000000000000000000e+00 -5.009707713052983808e-04
1.000000000000000000e+01 6.303773840537111412e-04
1.100000000000000000e+01 3.476995020157974008e-04
1.200000000000000000e+01 4.276621795377345456e-05
1.300000000000000000e+01 -4.487224972601937056e-05
1.400000000000000000e+01 -2.584236155600475439e-05
1.500000000000000000e+01 -2.222337275691300637e-04
1.600000000000000000e+01 9.601237312367621232e-04
1.700000000000000000e+01 1.303037278258285933e-04
1.800000000000000000e+01 -4.614663652305142378e-04
1.900000000000000000e+01 1.626998435682537950e-03
1.000000000000000000e+00 -4.432485493672039993e-04
2.000000000000000000e+00 6.520186762596305195e-04
3.000000000000000000e+00 -4.476562144016197741e-04
4.000000000000000000e+00 -4.475331232070999714e-04
5.000000000000000000e+00 -4.474479259580372019e-04
6.000000000000000000e+00 -4.458929462868110416e-04
7.000000000000000000e+00 -4.269817347548011607e-04
8.000000000000000000e+00 -4.276983426230197014e-04
9.000000000000000000e+00 -4.452312736275893705e-04
1.000000000000000000e+01 4.719828243820040352e-04
1.100000000000000000e+01 -4.750897797088970205e-05
1.200000000000000000e+01 5.233827631021707250e-04
1.300000000000000000e+01 5.150690255667116687e-04
1.400000000000000000e+01 -2.173515021242151588e-04
1.500000000000000000e+01 1.444713899890980285e-04
1.600000000000000000e+01 8.238259256258156134e-04
1.700000000000000000e+01 3.730136194646323147e-04
1.800000000000000000e+01 -4.204080234109464575e-04
1.900000000000000000e+01 6.674022322066002931e-04
1.000000000000000000e+00 -4.567841550878150498e-04
2.000000000000000000e+00 9.180086587366039982e-04
3.000000000000000000e+00 -4.642632999444109123e-04
4.000000000000000000e+00 -4.642632999444109123e-04
5.000000000000000000e+00 -4.642632999444109123e-04
6.000000000000000000e+00 -4.598217959405819584e-04
7.000000000000000000e+00 -4.610812287476338030e-04
8.000000000000000000e+00 -4.629802760510928891e-04
9.000000000000000000e+00 -4.624661967467475019e-04
1.000000000000000000e+01 9.699665871882017648e-05
1.100000000000000000e+01 5.973840797776347597e-04
1.200000000000000000e+01 -1.794409852607050835e-04
1.300000000000000000e+01 3.825819016209875073e-04
1.400000000000000000e+01 -3.362386817705035388e-04
1.500000000000000000e+01 7.612458892952278641e-04
1.600000000000000000e+01 1.124857383190137330e-03
1.700000000000000000e+01 2.171127931743552610e-04
1.800000000000000000e+01 -4.046751568653714519e-04
1.900000000000000000e+01 4.833708960824064662e-04
1.000000000000000000e+00 -4.962411236042144503e-04
2.000000000000000000e+00 5.284910230969712408e-04
3.000000000000000000e+00 -4.994966520523200053e-04
4.000000000000000000e+00 -4.993069588479209092e-04
5.000000000000000000e+00 -4.994742071769338885e-04
6.000000000000000000e+00 -4.981443823176973096e-04
7.000000000000000000e+00 -4.952536575869865686e-04
8.000000000000000000e+00 -4.963829496301441248e-04
9.000000000000000000e+00 -4.907191799782792711e-04
1.000000000000000000e+01 6.924020464700147417e-04
1.100000000000000000e+01 7.437532686673211301e-04
1.200000000000000000e+01 1.319458891410547506e-03
1.300000000000000000e+01 1.323670373988388316e-03
1.400000000000000000e+01 -2.000481864809888874e-04
1.500000000000000000e+01 -4.720554928315739236e-04
1.600000000000000000e+01 -2.385952498903404640e-04
1.700000000000000000e+01 6.175513180631153794e-04
1.800000000000000000e+01 -4.939072134796880552e-04
1.900000000000000000e+01 1.193486567841187731e-04
1.000000000000000000e+00 -4.945810196892189104e-04
2.000000000000000000e+00 2.952793234722240665e-04
3.000000000000000000e+00 -5.051184553316965392e-04
4.000000000000000000e+00 -5.051041722291781111e-04
5.000000000000000000e+00 -5.051184553316965392e-04
6.000000000000000000e+00 -5.043318858476480634e-04
7.000000000000000000e+00 -5.045069247831911576e-04
8.000000000000000000e+00 -5.014879054038777441e-04
9.000000000000000000e+00 -5.044811296943708945e-04
1.000000000000000000e+01 7.051407731569288209e-04
1.100000000000000000e+01 1.120794577666862088e-03
1.200000000000000000e+01 2.885976651091210735e-04
1.300000000000000000e+01 4.139255738409060455e-04
1.400000000000000000e+01 -4.812398145850585907e-04
1.500000000000000000e+01 2.416251509339982826e-05
1.600000000000000000e+01 9.654350247368394776e-04
1.700000000000000000e+01 5.450374537693423657e-04
1.800000000000000000e+01 -4.849980965821361085e-04
1.900000000000000000e+01 6.000825689372992280e-04
1.000000000000000000e+00 -3.894570935390978083e-04
2.000000000000000000e+00 6.865580412120312736e-04
3.000000000000000000e+00 -3.931492716535448461e-04
4.000000000000000000e+00 -3.931492716535448461e-04
5.000000000000000000e+00 -3.930265730014344283e-04
6.000000000000000000e+00 -3.916349227127253162e-04
7.000000000000000000e+00 -3.922956182263620008e-04
8.000000000000000000e+00 -3.894031772561899491e-04
9.000000000000000000e+00 -3.903025132920805835e-04
1.000000000000000000e+01 6.855144060034800996e-04
1.100000000000000000e+01 4.467068990587182631e-04
1.200000000000000000e+01 1.230654718196019174e-04
1.300000000000000000e+01 2.878234050216774771e-04
1.400000000000000000e+01 -3.861271951461742289e-04
1.500000000000000000e+01 6.046776937952486530e-04
1.600000000000000000e+01 1.067032085123106194e-04
1.700000000000000000e+01 4.220345548403202861e-04
1.800000000000000000e+01 -3.724956573199585314e-04
1.900000000000000000e+01 4.991756594844114475e-04
1.000000000000000000e+00 -4.526471531016732983e-04
2.000000000000000000e+00 1.388841383843796191e-03
3.000000000000000000e+00 -4.652473411307829227e-04
4.000000000000000000e+00 -4.652473411307829227e-04
5.000000000000000000e+00 -4.652473411307829227e-04
6.000000000000000000e+00 -4.631744976188637659e-04
7.000000000000000000e+00 -4.598024533854749830e-04
8.000000000000000000e+00 -4.564297063327559596e-04
9.000000000000000000e+00 -4.623484309839736195e-04
1.000000000000000000e+01 3.602648256007275453e-04
1.100000000000000000e+01 5.567050038983662255e-04
1.200000000000000000e+01 2.555986830674799671e-04
1.300000000000000000e+01 2.084463946515382722e-04
1.400000000000000000e+01 -4.303546907269280536e-04
1.500000000000000000e+01 -9.690306350779383552e-05
1.600000000000000000e+01 7.681427023494730470e-04
1.700000000000000000e+01 1.521569121705497311e-04
1.800000000000000000e+01 -3.628356638854222135e-04
1.900000000000000000e+01 8.575124708169099257e-04
1.000000000000000000e+00 -4.742933260123598834e-04
2.000000000000000000e+00 2.066488886143653253e-03
3.000000000000000000e+00 -4.810536800503750115e-04
4.000000000000000000e+00 -4.807935099372637232e-04
5.000000000000000000e+00 -4.810536800503750115e-04
6.000000000000000000e+00 -4.803167652378299173e-04
7.000000000000000000e+00 -4.807029084285949954e-04
8.000000000000000000e+00 -4.742707279417926166e-04
9.000000000000000000e+00 -4.778283796349485518e-04
1.000000000000000000e+01 7.403358915732175221e-05
1.100000000000000000e+01 1.929907558234017029e-04
1.200000000000000000e+01 6.167611247077990589e-04
1.300000000000000000e+01 -2.059917658778165838e-04
1.400000000000000000e+01 -3.298710236156177349e-04
1.500000000000000000e+01 3.120066717570281847e-04
1.600000000000000000e+01 8.436979827496687758e-04
1.700000000000000000e+01 2.234320149369037084e-04
1.800000000000000000e+01 -4.587194851058859187e-04
1.900000000000000000e+01 4.494598073958854813e-04
1.000000000000000000e+00 -4.445206286806515435e-04
2.000000000000000000e+00 7.383471314846452036e-04
3.000000000000000000e+00 -4.703730840761741411e-04
4.000000000000000000e+00 -4.703730840761741411e-04
5.000000000000000000e+00 -4.703730840761741411e-04
6.000000000000000000e+00 -4.683066864215412284e-04
7.000000000000000000e+00 -4.697712019091659398e-04
8.000000000000000000e+00 -4.691517466678619334e-04
9.000000000000000000e+00 -4.695673538586792278e-04
1.000000000000000000e+01 5.633148413895168504e-04
1.100000000000000000e+01 7.458885708059287802e-04
1.200000000000000000e+01 -2.078688367435341841e-05
1.300000000000000000e+01 7.006488797164272045e-04
1.400000000000000000e+01 -4.340976851076832461e-04
1.500000000000000000e+01 -1.568812034303440942e-04
1.600000000000000000e+01 5.689107598353450876e-04
1.700000000000000000e+01 1.836467243536915941e-04
1.800000000000000000e+01 -1.464242542041371570e-04
1.900000000000000000e+01 9.298971481273459513e-04
1.000000000000000000e+00 -4.326221064867853921e-04
2.000000000000000000e+00 3.978749969625136216e-04
3.000000000000000000e+00 -4.372770861942861052e-04
4.000000000000000000e+00 -4.372656597122713518e-04
5.000000000000000000e+00 -4.372269593059239005e-04
6.000000000000000000e+00 -4.363771736522166836e-04
7.000000000000000000e+00 -4.362255913927912837e-04
8.000000000000000000e+00 -4.319615748563657631e-04
9.000000000000000000e+00 -4.310958863768817690e-04
1.000000000000000000e+01 6.056329935560831549e-04
1.100000000000000000e+01 3.002406229747344737e-04
1.200000000000000000e+01 4.258645945810250679e-04
1.300000000000000000e+01 9.693474700746014918e-04
1.400000000000000000e+01 -3.050182720100701747e-04
1.500000000000000000e+01 -2.361819278061059991e-04
1.600000000000000000e+01 8.793594826118365836e-04
1.700000000000000000e+01 2.906694116412102320e-04
1.800000000000000000e+01 -4.281524621799562020e-04
1.900000000000000000e+01 5.148158540746449472e-04
1.000000000000000000e+00 -4.681613627262823656e-04
2.000000000000000000e+00 -9.034391922771347738e-05
3.000000000000000000e+00 -4.745375657586478569e-04
4.000000000000000000e+00 -4.744098340132690546e-04
5.000000000000000000e+00 -4.745375657586478569e-04
6.000000000000000000e+00 -4.731416713480475771e-04
7.000000000000000000e+00 -4.729947089111691521e-04
8.000000000000000000e+00 -4.718153751600567152e-04
9.000000000000000000e+00 -4.671242715106197277e-04
1.000000000000000000e+01 1.493677137643334126e-04
1.100000000000000000e+01 6.144305727076205962e-04
1.200000000000000000e+01 3.570425303179375820e-04
1.300000000000000000e+01 6.369881935379766678e-04
1.400000000000000000e+01 -3.861426540837991847e-04
1.500000000000000000e+01 3.930140126387897154e-04
1.600000000000000000e+01 1.230202782655208989e-03
1.700000000000000000e+01 2.548849806485909580e-04
1.800000000000000000e+01 -4.634323680463073021e-04
1.900000000000000000e+01 1.052816256129127277e-03
1.000000000000000000e+00 -4.550304173614589634e-04
2.000000000000000000e+00 1.154559635185827210e-03
3.000000000000000000e+00 -4.643555771067867924e-04
4.000000000000000000e+00 -4.643555771067867924e-04
5.000000000000000000e+00 -4.643555771067867924e-04
6.000000000000000000e+00 -4.627870061404567269e-04
7.000000000000000000e+00 -4.633373007208633305e-04
8.000000000000000000e+00 -4.598794704247977550e-04
9.000000000000000000e+00 -4.636102517816295503e-04
1.000000000000000000e+01 3.728394519077834102e-04
1.100000000000000000e+01 9.745857058525024584e-04
1.200000000000000000e+01 -4.641373646746936322e-05
1.300000000000000000e+01 1.329253293170758361e-03
1.400000000000000000e+01 -4.303764619564531802e-04
1.500000000000000000e+01 -1.773029298950101729e-04
1.600000000000000000e+01 2.500759187951816811e-05
1.700000000000000000e+01 7.076892652102432591e-04
1.800000000000000000e+01 -4.254224616338868857e-04
1.900000000000000000e+01 1.557024743997173120e-04
