1.000000000000000000e+00 -2.388843821656667053e-04
2.000000000000000000e+00 4.140140419738195859e-04
3.000000000000000000e+00 -2.391600800516586957e-04
4.000000000000000000e+00 -2.391600800516586957e-04
5.000000000000000000e+00 -2.391600800516586957e-04
6.000000000000000000e+00 -2.389072011223091906e-04
7.000000000000000000e+00 -2.371175963915279732e-04
8.000000000000000000e+00 -2.379358092633122781e-04
9.000000000000000000e+00 -2.388168775025737898e-04
1.000000000000000000e+01 8.535002540207418974e-05
1.100000000000000000e+01 -5.503680299657658033e-05
1.200000000000000000e+01 4.355547514752227854e-05
1.300000000000000000e+01 2.844917915975039065e-04
1.400000000000000000e+01 -2.036678126394909775e-04
1.500000000000000000e+01 5.459164162391859365e-05
1.600000000000000000e+01 6.447785417504907531e-04
1.700000000000000000e+01 1.190962182607161948e-04
1.800000000000000000e+01 -2.382671407576236701e-04
1.900000000000000000e+01 7.561754376123065160e-04
1.000000000000000000e+00 -2.799664204424924898e-04
2.000000000000000000e+00 3.595945840461992952e-06
3.000000000000000000e+00 -2.800250491775918386e-04
4.000000000000000000e+00 -2.800250491775918386e-04
5.000000000000000000e+00 -2.800250491775918386e-04
6.000000000000000000e+00 -2.800193359365844891e-04
7.000000000000000000e+00 -2.798988137572387810e-04
8.000000000000000000e+00 -2.774880847749988124e-04
9.000000000000000000e+00 -2.797211591678194689e-04
1.000000000000000000e+01 4.964578013212620107e-04
1.100000000000000000e+01 4.837976137259533617e-04
1.200000000000000000e+01 4.042838132562705591e-04
1.300000000000000000e+01 1.748265598942703403e-05
1.400000000000000000e+01 -1.890713972558026547e-04
1.500000000000000000e+01 -2.756542210723814099e-05
1.600000000000000000e+01 4.541132480734504746e-04
1.700000000000000000e+01 3.861187439195870835e-04
1.800000000000000000e+01 -2.795548857172323052e-04
1.900000000000000000e+01 4.812699857513818777e-04
1.000000000000000000e+00 -2.493912155975596193e-04
2.000000000000000000e+00 4.675884958674459096e-04
3.000000000000000000e+00 -2.493912155975596193e-04
4.000000000000000000e+00 -2.493912155975596193e-04
5.000000000000000000e+00 -2.493912155975596193e-04
6.000000000000000000e+00 -2.493912155975596193e-04
7.000000000000000000e+00 -2.489827188655334748e-04
8.000000000000000000e+00 -2.493912155975596193e-04
9.000000000000000000e+00 -2.493912155975596193e-04
1.000000000000000000e+01 1.612133616898091823e-04
1.100000000000000000e+01 4.710732033349965394e-04
1.200000000000000000e+01 1.592896377911110883e-04
1.300000000000000000e+01 2.382668841477434069e-04
1.400000000000000000e+01 -2.461988061551501658e-04
1.500000000000000000e+01 2.045766056259103641e-05
1.600000000000000000e+01 4.576602886353171233e-04
1.700000000000000000e+01 1.485599337242037076e-04
1.800000000000000000e+01 -2.488824650888090653e-04
1.900000000000000000e+01 3.450179147410082346e-04
1.000000000000000000e+00 -2.575115872066403898e-04
2.000000000000000000e+00 6.072973624675052527e-04
3.000000000000000000e+00 -2.575587894597249853e-04
4.000000000000000000e+00 -2.575587894597249853e-04
5.000000000000000000e+00 -2.575587894597249853e-04
6.000000000000000000e+00 -2.575587894597249853e-04
7.000000000000000000e+00 -2.575587894597249853e-04
8.000000000000000000e+00 -1.850187160618084904e-04
9.000000000000000000e+00 -2.575070982315632098e-04
1.000000000000000000e+01 3.280306633142872743e-04
1.100000000000000000e+01 -2.217564077545482548e-05
1.200000000000000000e+01 4.565221363145777395e-04
1.300000000000000000e+01 1.927841676395529989e-04
1.400000000000000000e+01 -2.552641070179837227e-04
1.500000000000000000e+01 1.454916807231360152e-04
1.600000000000000000e+01 1.356582456700233135e-04
1.700000000000000000e+01 3.340184770930696399e-04
1.800000000000000000e+01 -1.874154115957589342e-04
1.900000000000000000e+01 2.439585203909181398e-04
1.000000000000000000e+00 -2.565582024750142319e-04
2.000000000000000000e+00 1.188995956327261531e-04
3.000000000000000000e+00 -2.578086314215216179e-04
4.000000000000000000e+00 -2.577673756029548804e-04
5.000000000000000000e+00 -2.578086314215216179e-04
6.000000000000000000e+00 -2.577802012460326305e-04
7.000000000000000000e+00 -2.577936681712642789e-04
8.000000000000000000e+00 -2.568120789543809363e-04
9.000000000000000000e+00 -2.578086314215216179e-04
1.000000000000000000e+01 -6.354639379340827339e-05
1.100000000000000000e+01 2.877270372482690223e-04
1.200000000000000000e+01 5.105736018495501830e-04
1.300000000000000000e+01 9.174160934071859028e-05
1.400000000000000000e+01 -1.508001266400919198e-04
1.500000000000000000e+01 2.892830926669492432e-04
1.600000000000000000e+01 4.101563174432871052e-04
1.700000000000000000e+01 3.171790817411595837e-04
1.800000000000000000e+01 -2.569153383363518032e-04
1.900000000000000000e+01 4.850435754271002807e-04
1.000000000000000000e+00 -2.945987610448642545e-04
2.000000000000000000e+00 9.770523950213734227e-04
3.000000000000000000e+00 -2.947142695637341384e-04
4.000000000000000000e+00 -2.947142695637341384e-04
5.000000000000000000e+00 -2.947142695637341384e-04
6.000000000000000000e+00 -2.926417913883147493e-04
7.000000000000000000e+00 -2.944276553065316320e-04
8.000000000000000000e+00 -2.935258637277339674e-04
9.000000000000000000e+00 -2.937064162799704788e-04
1.000000000000000000e+01 2.034296047859011078e-04
1.100000000000000000e+01 5.124093490862716957e-05
1.200000000000000000e+01 3.342135409849754922e-04
1.300000000000000000e+01 3.863296125975066646e-04
1.400000000000000000e+01 -4.952962619303963577e-06
1.500000000000000000e+01 -1.331613461190028921e-04
1.600000000000000000e+01 1.480637850164251369e-04
1.700000000000000000e+01 5.136037518721814398e-04
1.800000000000000000e+01 -2.302194435317932554e-04
1.900000000000000000e+01 6.626718530777672657e-05
1.000000000000000000e+00 -2.998479470318127834e-04
2.000000000000000000e+00 7.063729973806581307e-04
3.000000000000000000e+00 -3.008824517427881253e-04
4.000000000000000000e+00 -3.008824517427881253e-04
5.000000000000000000e+00 -3.008824517427881253e-04
6.000000000000000000e+00 -3.004290652599898555e-04
7.000000000000000000e+00 -3.008824517427881253e-04
8.000000000000000000e+00 -2.965415176224422424e-04
9.000000000000000000e+00 -2.982039120544444782e-04
1.000000000000000000e+01 1.853226308470983538e-04
1.100000000000000000e+01 5.163456715479072118e-04
1.200000000000000000e+01 2.874953184116555197e-04
1.300000000000000000e+01 1.509966876935064993e-04
1.400000000000000000e+01 -1.890582212735996814e-04
1.500000000000000000e+01 1.944285165816502751e-04
1.600000000000000000e+01 -8.968367412244188422e-05
1.700000000000000000e+01 2.338458462342729441e-04
1.800000000000000000e+01 -2.252147209104914615e-04
1.900000000000000000e+01 5.684690525135603894e-04
1.000000000000000000e+00 -2.563846751527669356e-04
2.000000000000000000e+00 9.955926731338557347e-04
3.000000000000000000e+00 -2.568590568246275924e-04
4.000000000000000000e+00 -2.568590568246275924e-04
5.000000000000000000e+00 -2.568590568246275924e-04
6.000000000000000000e+00 -2.568073655964657627e-04
7.000000000000000000e+00 -2.446041548638432572e-04
8.000000000000000000e+00 -2.547716834137247447e-04
9.000000000000000000e+00 -2.546565661417447271e-04
1.000000000000000000e+01 -2.128910585864982407e-05
1.100000000000000000e+01 1.418741421011483165e-04
1.200000000000000000e+01 1.194893257159707157e-05
1.300000000000000000e+01 -1.308907793373601783e-04
1.400000000000000000e+01 -2.554237352212387728e-04
1.500000000000000000e+01 4.216794525962346864e-04
1.600000000000000000e+01 5.112687609677927375e-04
1.700000000000000000e+01 -1.282321327320172326e-04
1.800000000000000000e+01 -1.672436522582426406e-04
1.900000000000000000e+01 6.174868117863153505e-04
1.000000000000000000e+00 -2.932540633122631551e-04
2.000000000000000000e+00 9.060603727567430972e-04
3.000000000000000000e+00 -2.936419107589341199e-04
4.000000000000000000e+00 -2.936419107589341199e-04
5.000000000000000000e+00 -2.936419107589341199e-04
6.000000000000000000e+00 -2.927888694647163594e-04
7.000000000000000000e+00 -2.934988756894284690e-04
8.000000000000000000e+00 -2.935939214777515583e-04
9.000000000000000000e+00 -2.912317052237286207e-04
1.000000000000000000e+01 1.252264210719511071e-04
1.100000000000000000e+01 1.643543462131631379e-04
1.200000000000000000e+01 5.456169291526843530e-06
1.300000000000000000e+01 9.468335492102338566e-05
1.400000000000000000e+01 -2.898867474011797328e-04
1.500000000000000000e+01 1.358529433857799218e-04
1.600000000000000000e+01 4.768551944545575865e-04
1.700000000000000000e+01 3.410648569383981435e-04
1.800000000000000000e+01 -2.809794403058474407e-04
1.900000000000000000e+01 6.416193845776412821e-04
1.000000000000000000e+00 -2.178499661638444256e-04
2.000000000000000000e+00 4.908954340805237859e-04
3.000000000000000000e+00 -2.190754563599228591e-04
4.000000000000000000e+00 -2.190754563599228591e-04
5.000000000000000000e+00 -2.190754563599228591e-04
6.000000000000000000e+00 -2.190350555842279681e-04
7.000000000000000000e+00 -2.186220698771246165e-04
8.000000000000000000e+00 -2.168741873519311534e-04
9.000000000000000000e+00 -2.189078679570403431e-04
1.000000000000000000e+01 -1.176851611844851610e-05
1.100000000000000000e+01 -1.084887428230218927e-04
1.200000000000000000e+01 3.965660688859900976e-07
1.300000000000000000e+01 -7.812164260298050443e-05
1.400000000000000000e+01 -1.269911191685354904e-04
1.500000000000000000e+01 1.141359397824409313e-04
1.600000000000000000e+01 6.484745072623726353e-04
1.700000000000000000e+01 -1.679909199812688143e-04
1.800000000000000000e+01 -1.474290494235175526e-04
1.900000000000000000e+01 1.122560810538515306e-03
1.000000000000000000e+00 -2.615605832571298050e-04
2.000000000000000000e+00 6.555030856447743555e-04
3.000000000000000000e+00 -2.699410236228642944e-04
4.000000000000000000e+00 -2.699410236228642944e-04
5.000000000000000000e+00 -2.699410236228642944e-04
6.000000000000000000e+00 -2.699410236228642944e-04
7.000000000000000000e+00 -2.698183249707538766e-04
8.000000000000000000e+00 -1.856585101124096191e-04
9.000000000000000000e+00 -2.678134489462700172e-04
1.000000000000000000e+01 3.830227351651689822e-04
1.100000000000000000e+01 2.543330340241748409e-04
1.200000000000000000e+01 6.115361303324034332e-05
1.300000000000000000e+01 4.248494094425110212e-04
1.400000000000000000e+01 -9.451097947706180993e-05
1.500000000000000000e+01 -1.019656056077980851e-04
1.600000000000000000e+01 7.028252570896067314e-05
1.700000000000000000e+01 3.362882851528461222e-04
1.800000000000000000e+01 -2.658679679566713938e-04
1.900000000000000000e+01 3.328804938593858654e-04
1.000000000000000000e+00 -2.606880826516866779e-04
2.000000000000000000e+00 5.913890746734520995e-04
3.000000000000000000e+00 -2.607429025594477576e-04
4.000000000000000000e+00 -2.607429025594477576e-04
5.000000000000000000e+00 -2.607429025594477576e-04
6.000000000000000000e+00 -2.607092643955575043e-04
7.000000000000000000e+00 -2.607295716637639238e-04
8.000000000000000000e+00 -2.477750017238998775e-04
9.000000000000000000e+00 -2.602820344515208184e-04
1.000000000000000000e+01 2.281376574440834146e-04
1.100000000000000000e+01 2.165739903488674088e-04
1.200000000000000000e+01 3.450569230108517212e-04
1.300000000000000000e+01 4.495655865471930138e-05
1.400000000000000000e+01 -2.089613459196978549e-04
1.500000000000000000e+01 1.849357462942423369e-04
1.600000000000000000e+01 2.240825658228256460e-04
1.700000000000000000e+01 3.206926102993192993e-04
1.800000000000000000e+01 -2.008466327979819502e-04
1.900000000000000000e+01 3.195486204791082624e-04
1.000000000000000000e+00 -2.391248559045735167e-04
2.000000000000000000e+00 -4.065512207429842665e-05
3.000000000000000000e+00 -2.392735216257182301e-04
4.000000000000000000e+00 -2.392735216257182301e-04
5.000000000000000000e+00 -2.392735216257182301e-04
6.000000000000000000e+00 -2.392735216257182301e-04
7.000000000000000000e+00 -2.392286318749461320e-04
8.000000000000000000e+00 -2.388235766904791841e-04
9.000000000000000000e+00 -2.385338337536774278e-04
1.000000000000000000e+01 2.513437661978204767e-04
1.100000000000000000e+01 1.622848798875336086e-04
1.200000000000000000e+01 3.322914505520803115e-04
1.300000000000000000e+01 5.345381406272570017e-04
1.400000000000000000e+01 -1.938692070249750676e-04
1.500000000000000000e+01 1.906641635410593054e-04
1.600000000000000000e+01 3.869910941357256311e-04
1.700000000000000000e+01 3.100676906785623820e-04
1.800000000000000000e+01 -1.834653080268883987e-04
1.900000000000000000e+01 1.536457494504773417e-04
1.000000000000000000e+00 -2.607589470394210997e-04
2.000000000000000000e+00 3.370755445584581620e-04
3.000000000000000000e+00 -2.616675155950484678e-04
4.000000000000000000e+00 -2.616675155950484678e-04
5.000000000000000000e+00 -2.616675155950484678e-04
6.000000000000000000e+00 -2.612590188630223233e-04
7.000000000000000000e+00 -2.616044950488346328e-04
8.000000000000000000e+00 -2.286094306024396704e-04
9.000000000000000000e+00 -2.594207835689047001e-04
1.000000000000000000e+01 5.617715284117235015e-05
1.100000000000000000e+01 -4.126288377953653844e-05
1.200000000000000000e+01 9.421791339846671446e-06
1.300000000000000000e+01 1.723382487188471830e-04
1.400000000000000000e+01 -1.052271923079207006e-04
1.500000000000000000e+01 4.594472135221017270e-04
1.600000000000000000e+01 5.086467400469566261e-04
1.700000000000000000e+01 -8.995331320857719482e-05
1.800000000000000000e+01 -2.615554337252635076e-04
1.900000000000000000e+01 9.903592461151858577e-04
1.000000000000000000e+00 -2.594589303170385833e-04
2.000000000000000000e+00 7.028879901850285019e-04
3.000000000000000000e+00 -2.595647839768138029e-04
4.000000000000000000e+00 -2.595647839768138029e-04
5.000000000000000000e+00 -2.595647839768138029e-04
6.000000000000000000e+00 -2.592412409361839342e-04
7.000000000000000000e+00 -2.591288636879523371e-04
8.000000000000000000e+00 -2.272033486755841868e-04
9.000000000000000000e+00 -2.571138035846569359e-04
1.000000000000000000e+01 1.475712081776148633e-04
1.100000000000000000e+01 9.330011824959768608e-05
1.200000000000000000e+01 1.118687956002591968e-04
1.300000000000000000e+01 1.519130340771330905e-04
1.400000000000000000e+01 -2.222629343325272075e-04
1.500000000000000000e+01 1.879296165824368640e-04
1.600000000000000000e+01 4.843143777493550827e-04
1.700000000000000000e+01 1.794133821807166915e-04
1.800000000000000000e+01 -1.792132591399948698e-04
1.900000000000000000e+01 3.748074599648770636e-04
1.000000000000000000e+00 -2.691949310359564992e-04
2.000000000000000000e+00 2.670973557281520615e-04
3.000000000000000000e+00 -2.692398207867286244e-04
4.000000000000000000e+00 -2.692398207867286244e-04
5.000000000000000000e+00 -2.692398207867286244e-04
6.000000000000000000e+00 -2.687817704337202933e-04
7.000000000000000000e+00 -2.691724861605704908e-04
8.000000000000000000e+00 -2.638653704367880781e-04
9.000000000000000000e+00 -2.686022865707630514e-04
1.000000000000000000e+01 7.213139579784684811e-04
1.100000000000000000e+01 3.518201470744983890e-04
1.200000000000000000e+01 5.346314690366548231e-04
1.300000000000000000e+01 6.510662031243556096e-04
1.400000000000000000e+01 -2.671830851165475922e-04
1.500000000000000000e+01 -1.288176946637044991e-04
1.600000000000000000e+01 -3.169346110964749754e-05
1.700000000000000000e+01 1.424035244935582161e-04
1.800000000000000000e+01 -3.631447428418656205e-05
1.900000000000000000e+01 -1.070212287892397955e-04
1.000000000000000000e+00 -2.651837554012825404e-04
2.000000000000000000e+00 5.829026107172963385e-04
3.000000000000000000e+00 -2.655709227002145401e-04
4.000000000000000000e+00 -2.655709227002145401e-04
5.000000000000000000e+00 -2.655709227002145401e-04
6.000000000000000000e+00 -2.654269762327386662e-04
7.000000000000000000e+00 -2.652596190800873810e-04
8.000000000000000000e+00 -2.643705707645684663e-04
9.000000000000000000e+00 -2.652908106553966000e-04
1.000000000000000000e+01 3.175432472904920035e-04
1.100000000000000000e+01 1.862129325721684670e-04
1.200000000000000000e+01 1.441765007515064055e-04
1.300000000000000000e+01 1.649141068492736173e-05
1.400000000000000000e+01 -2.109792045055551503e-04
1.500000000000000000e+01 1.784622322627167092e-04
1.600000000000000000e+01 7.445084490374388048e-04
1.700000000000000000e+01 9.209610870869750084e-05
1.800000000000000000e+01 -2.407221260201853523e-04
1.900000000000000000e+01 3.013035543352618278e-04
1.000000000000000000e+00 -2.570604988518239800e-04
2.000000000000000000e+00 8.316891847843364989e-05
3.000000000000000000e+00 -2.570829437272100426e-04
4.000000000000000000e+00 -2.570829437272100426e-04
5.000000000000000000e+00 -2.570829437272100426e-04
6.000000000000000000e+00 -2.570686606246916145e-04
7.000000000000000000e+00 -2.570305723513092479e-04
8.000000000000000000e+00 -2.563598692733932874e-04
9.000000000000000000e+00 -2.570829437272100426e-04
1.000000000000000000e+01 5.512696002742257899e-04
1.100000000000000000e+01 2.844952320511530929e-04
1.200000000000000000e+01 2.872653220542613329e-04
1.300000000000000000e+01 2.163680236838413592e-04
1.400000000000000000e+01 -2.539940466169543910e-04
1.500000000000000000e+01 1.275151982285072593e-04
1.600000000000000000e+01 3.161391630894529702e-04
1.700000000000000000e+01 6.550461719801346176e-04
1.800000000000000000e+01 -2.536306475665805679e-04
1.900000000000000000e+01 2.607461956289966313e-05
1.000000000000000000e+00 -2.238776678299625662e-04
2.000000000000000000e+00 4.120374785179752703e-04
3.000000000000000000e+00 -2.238776678299625662e-04
4.000000000000000000e+00 -2.238776678299625662e-04
5.000000000000000000e+00 -2.238776678299625662e-04
6.000000000000000000e+00 -2.238776678299625662e-04
7.000000000000000000e+00 -2.238776678299625662e-04
8.000000000000000000e+00 -2.238776678299625662e-04
9.000000000000000000e+00 -2.238776678299625662e-04
1.000000000000000000e+01 -1.476624773378112693e-04
1.100000000000000000e+01 1.886024287800359804e-04
1.200000000000000000e+01 1.141674810552731237e-04
1.300000000000000000e+01 7.294539888929790837e-05
1.400000000000000000e+01 -2.185408925969935560e-04
1.500000000000000000e+01 3.413520818521864402e-04
1.600000000000000000e+01 3.311402870202936042e-04
1.700000000000000000e+01 2.725879102708451480e-05
1.800000000000000000e+01 -1.997500429237909357e-04
1.900000000000000000e+01 8.664247667071665838e-04
1.000000000000000000e+00 -2.848340875069848709e-04
2.000000000000000000e+00 4.287134009004474420e-04
3.000000000000000000e+00 -2.850356677505819312e-04
4.000000000000000000e+00 -2.850356677505819312e-04
5.000000000000000000e+00 -2.850356677505819312e-04
6.000000000000000000e+00 -2.850064213978061641e-04
7.000000000000000000e+00 -2.845104576665483478e-04
8.000000000000000000e+00 -2.845044723664453688e-04
9.000000000000000000e+00 -2.850356677505819312e-04
1.000000000000000000e+01 5.316028430668503233e-04
1.100000000000000000e+01 1.038030029669587053e-04
1.200000000000000000e+01 4.086784723207193665e-04
1.300000000000000000e+01 5.728697645596121744e-04
1.400000000000000000e+01 -2.466540848661979589e-04
1.500000000000000000e+01 5.809153035735842974e-05
1.600000000000000000e+01 7.494304757652269508e-05
1.700000000000000000e+01 3.589493527663012592e-04
1.800000000000000000e+01 -2.813281030748800257e-04
1.900000000000000000e+01 2.455561419466198415e-04
1.000000000000000000e+00 -2.589943094979332166e-04
2.000000000000000000e+00 3.658270105600999332e-04
3.000000000000000000e+00 -2.591110228499406555e-04
4.000000000000000000e+00 -2.591110228499406555e-04
5.000000000000000000e+00 -2.591110228499406555e-04
6.000000000000000000e+00 -2.591110228499406555e-04
7.000000000000000000e+00 -2.590995963679259564e-04
8.000000000000000000e+00 -2.582605826350046520e-04
9.000000000000000000e+00 -2.586834819812233277e-04
1.000000000000000000e+01 9.043867348125847732e-05
1.100000000000000000e+01 1.913020829193323084e-04
1.200000000000000000e+01 3.442538806564280295e-04
1.300000000000000000e+01 4.401105542970061346e-05
1.400000000000000000e+01 -1.779848366836347376e-04
1.500000000000000000e+01 -1.439605867686432907e-05
1.600000000000000000e+01 7.917780115898824089e-04
1.700000000000000000e+01 1.309195160306103167e-04
1.800000000000000000e+01 -2.412347519712188285e-04
1.900000000000000000e+01 5.303205883589997898e-04
1.000000000000000000e+00 -2.459008902888560515e-04
2.000000000000000000e+00 1.145901474920371643e-03
3.000000000000000000e+00 -2.543663989994628203e-04
4.000000000000000000e+00 -2.543663989994628203e-04
5.000000000000000000e+00 -2.543663989994628203e-04
6.000000000000000000e+00 -2.543663989994628203e-04
7.000000000000000000e+00 -2.543663989994628203e-04
8.000000000000000000e+00 -2.539579022674366758e-04
9.000000000000000000e+00 -2.543663989994628203e-04
1.000000000000000000e+01 1.265369750411660891e-04
1.100000000000000000e+01 1.467097531580041918e-04
1.200000000000000000e+01 2.406840483523779909e-05
1.300000000000000000e+01 -4.629592009565059222e-05
1.400000000000000000e+01 -2.469675206447021105e-04
1.500000000000000000e+01 4.368923513279149252e-04
1.600000000000000000e+01 1.472699908505948263e-04
1.700000000000000000e+01 -2.186650814354001657e-04
1.800000000000000000e+01 -2.342774374889326880e-04
1.900000000000000000e+01 7.447674827324580853e-04
1.000000000000000000e+00 -2.729725473530848550e-04
2.000000000000000000e+00 5.136456853700971208e-04
3.000000000000000000e+00 -2.729820694214304196e-04
4.000000000000000000e+00 -2.729820694214304196e-04
5.000000000000000000e+00 -2.729820694214304196e-04
6.000000000000000000e+00 -2.728713413695259054e-04
7.000000000000000000e+00 -2.729371796706583485e-04
8.000000000000000000e+00 -2.728082450354211877e-04
9.000000000000000000e+00 -2.727154243018441279e-04
1.000000000000000000e+01 1.413135704869545315e-04
1.100000000000000000e+01 9.272273587546165134e-05
1.200000000000000000e+01 2.320615088613119060e-04
1.300000000000000000e+01 3.077657332932839961e-04
1.400000000000000000e+01 -2.687838335355195014e-04
1.500000000000000000e+01 5.277730480342429685e-04
1.600000000000000000e+01 3.557365788618083104e-04
1.700000000000000000e+01 5.879311395203927628e-05
1.800000000000000000e+01 -2.682154703446072621e-04
1.900000000000000000e+01 4.831884576395850911e-04
1.000000000000000000e+00 -2.542946759355741836e-04
2.000000000000000000e+00 6.556464206699405767e-04
3.000000000000000000e+00 -2.617361723476588657e-04
4.000000000000000000e+00 -2.617361723476588657e-04
5.000000000000000000e+00 -2.617361723476588657e-04
6.000000000000000000e+00 -2.617361723476588657e-04
7.000000000000000000e+00 -2.617361723476588657e-04
8.000000000000000000e+00 -2.617361723476588657e-04
9.000000000000000000e+00 -2.617361723476588657e-04
1.000000000000000000e+01 3.381784736454184186e-04
1.100000000000000000e+01 3.625714228158444111e-04
1.200000000000000000e+01 2.319264397369543167e-04
1.300000000000000000e+01 1.991767706515009393e-04
1.400000000000000000e+01 -1.248560998058216326e-04
1.500000000000000000e+01 9.079781300783742190e-05
1.600000000000000000e+01 1.706643533781773784e-05
1.700000000000000000e+01 2.579626065422964583e-04
1.800000000000000000e+01 -2.525409580666602852e-04
1.900000000000000000e+01 3.015882180213651080e-04
1.000000000000000000e+00 -2.774159208959715525e-04
2.000000000000000000e+00 2.970589959809060397e-04
3.000000000000000000e+00 -2.787927847728354576e-04
4.000000000000000000e+00 -2.787927847728354576e-04
5.000000000000000000e+00 -2.787927847728354576e-04
6.000000000000000000e+00 -2.787927847728354576e-04
7.000000000000000000e+00 -2.787927847728354576e-04
8.000000000000000000e+00 -2.787089905713941861e-04
9.000000000000000000e+00 -2.787927847728354576e-04
1.000000000000000000e+01 2.009342896233565451e-04
1.100000000000000000e+01 3.609417451361465637e-04
1.200000000000000000e+01 5.896198188726113143e-04
1.300000000000000000e+01 4.154325206044306887e-04
1.400000000000000000e+01 -5.782633065687153764e-05
1.500000000000000000e+01 -2.195412370623321170e-05
1.600000000000000000e+01 1.968242148423353399e-05
1.700000000000000000e+01 6.006698549839218412e-04
1.800000000000000000e+01 -2.766512443960009323e-04
1.900000000000000000e+01 9.227849824697696083e-05
1.000000000000000000e+00 -2.620185162566864728e-04
2.000000000000000000e+00 2.367258630023986229e-04
3.000000000000000000e+00 -2.622433390918034132e-04
4.000000000000000000e+00 -2.622433390918034132e-04
5.000000000000000000e+00 -2.622433390918034132e-04
6.000000000000000000e+00 -2.621206404396929954e-04
7.000000000000000000e+00 -2.622433390918034132e-04
8.000000000000000000e+00 -2.618969489169818438e-04
9.000000000000000000e+00 -2.621984493410312879e-04
1.000000000000000000e+01 2.486680783759865395e-04
1.100000000000000000e+01 2.658607166289393827e-04
1.200000000000000000e+01 4.550333832255535368e-04
1.300000000000000000e+01 2.324091498926436297e-05
1.400000000000000000e+01 -2.620771789991727346e-04
1.500000000000000000e+01 3.400838093389121626e-04
1.600000000000000000e+01 2.760678887198568326e-04
1.700000000000000000e+01 2.638165257944743080e-04
1.800000000000000000e+01 -2.494600507570444688e-04
1.900000000000000000e+01 4.940632628030336643e-04
1.000000000000000000e+00 -2.817307403542432991e-04
2.000000000000000000e+00 4.539602337821089031e-04
3.000000000000000000e+00 -2.950272704399890941e-04
4.000000000000000000e+00 -2.950272704399890941e-04
5.000000000000000000e+00 -2.950272704399890941e-04
6.000000000000000000e+00 -2.938212324692452337e-04
7.000000000000000000e+00 -2.949911837442385559e-04
8.000000000000000000e+00 -2.901384024996505858e-04
9.000000000000000000e+00 -2.949687777344375600e-04
1.000000000000000000e+01 6.166731897097190536e-04
1.100000000000000000e+01 3.445462111152851293e-04
1.200000000000000000e+01 2.759256830672360728e-04
1.300000000000000000e+01 4.727826623909520804e-04
1.400000000000000000e+01 -2.857866705481286918e-04
1.500000000000000000e+01 -2.549570556148722912e-04
1.600000000000000000e+01 3.728114547152810185e-04
1.700000000000000000e+01 5.008636081464991341e-04
1.800000000000000000e+01 -2.212583219774131844e-04
1.900000000000000000e+01 5.343150409546609098e-05
1.000000000000000000e+00 -2.636837388309671258e-04
2.000000000000000000e+00 2.337320865401947467e-04
3.000000000000000000e+00 -2.653982937930711113e-04
4.000000000000000000e+00 -2.653982937930711113e-04
5.000000000000000000e+00 -2.653982937930711113e-04
6.000000000000000000e+00 -2.644861622349311387e-04
7.000000000000000000e+00 -2.652755951409606935e-04
8.000000000000000000e+00 -2.651124957131553847e-04
9.000000000000000000e+00 -2.629264963457834535e-04
1.000000000000000000e+01 4.054810562626475520e-04
1.100000000000000000e+01 4.763411058061867544e-04
1.200000000000000000e+01 2.264584858042535882e-04
1.300000000000000000e+01 5.852918872912179745e-04
1.400000000000000000e+01 -1.265244639665558861e-04
1.500000000000000000e+01 1.410990895593528931e-05
1.600000000000000000e+01 1.062416750531486217e-04
1.700000000000000000e+01 2.947018062721693866e-04
1.800000000000000000e+01 -2.578740453106746506e-04
1.900000000000000000e+01 1.455556655786589576e-04
1.000000000000000000e+00 -2.589944035290956304e-04
2.000000000000000000e+00 -8.277774084096937860e-05
3.000000000000000000e+00 -2.595736562091886346e-04
4.000000000000000000e+00 -2.595736562091886346e-04
5.000000000000000000e+00 -2.595736562091886346e-04
6.000000000000000000e+00 -2.595444098564128675e-04
7.000000000000000000e+00 -2.595736562091886346e-04
8.000000000000000000e+00 -2.583084635224273170e-04
9.000000000000000000e+00 -2.591651594771624901e-04
1.000000000000000000e+01 4.157437491969956139e-04
1.100000000000000000e+01 4.127044253084709616e-04
1.200000000000000000e+01 5.896233027258642899e-04
1.300000000000000000e+01 5.467040795116941739e-04
1.400000000000000000e+01 -2.049531907387139206e-05
1.500000000000000000e+01 -7.726903143257509777e-05
1.600000000000000000e+01 -1.017264990876236541e-04
1.700000000000000000e+01 3.826440115342040027e-04
1.800000000000000000e+01 -1.997055886117793258e-04
1.900000000000000000e+01 1.768714205112628766e-04
1.000000000000000000e+00 -2.781284273917076274e-04
2.000000000000000000e+00 1.171000931357749119e-03
3.000000000000000000e+00 -2.793474335126745365e-04
4.000000000000000000e+00 -2.793474335126745365e-04
5.000000000000000000e+00 -2.793474335126745365e-04
6.000000000000000000e+00 -2.793474335126745365e-04
7.000000000000000000e+00 -2.789389367806483920e-04
8.000000000000000000e+00 -2.793474335126745365e-04
9.000000000000000000e+00 -2.793474335126745365e-04
1.000000000000000000e+01 1.775805608572973628e-04
1.100000000000000000e+01 3.513577388688664846e-04
1.200000000000000000e+01 4.915642249328732154e-04
1.300000000000000000e+01 2.498006274458679406e-04
1.400000000000000000e+01 -1.958399823581645472e-04
1.500000000000000000e+01 -6.210859752608790336e-05
1.600000000000000000e+01 4.051717446467852877e-05
1.700000000000000000e+01 1.820828802396206095e-04
1.800000000000000000e+01 -2.283009471324222884e-04
1.900000000000000000e+01 3.020538151510329192e-05
1.000000000000000000e+00 -2.556062875441455769e-04
2.000000000000000000e+00 1.205411708701011189e-04
3.000000000000000000e+00 -2.566532629258548321e-04
4.000000000000000000e+00 -2.566532629258548321e-04
5.000000000000000000e+00 -2.566532629258548321e-04
6.000000000000000000e+00 -2.545584078898233149e-04
7.000000000000000000e+00 -2.565947702203032980e-04
8.000000000000000000e+00 -2.561094984115020899e-04
9.000000000000000000e+00 -2.566532629258548321e-04
1.000000000000000000e+01 4.602642784282915951e-04
1.100000000000000000e+01 5.181409249368769225e-04
1.200000000000000000e+01 3.163468861030879959e-04
1.300000000000000000e+01 4.372174777711317919e-04
1.400000000000000000e+01 -1.412943367213404054e-04
1.500000000000000000e+01 -5.355508012240760117e-05
1.600000000000000000e+01 1.798938491820589741e-05
1.700000000000000000e+01 3.250122696081441981e-04
1.800000000000000000e+01 -1.706071913137921210e-04
1.900000000000000000e+01 2.060336938174744178e-04
1.000000000000000000e+00 -2.719673833690321781e-04
2.000000000000000000e+00 5.533092064345080351e-04
3.000000000000000000e+00 -2.724814866404883591e-04
4.000000000000000000e+00 -2.724814866404883591e-04
5.000000000000000000e+00 -2.724814866404883591e-04
6.000000000000000000e+00 -2.721310473194607960e-04
7.000000000000000000e+00 -2.721851462706185933e-04
8.000000000000000000e+00 -2.716727229640776391e-04
9.000000000000000000e+00 -2.704390029803576366e-04
1.000000000000000000e+01 7.942955229932488709e-05
1.100000000000000000e+01 4.931012598129440750e-04
1.200000000000000000e+01 4.712169924981807504e-04
1.300000000000000000e+01 4.850002770526297782e-04
1.400000000000000000e+01 -1.852343040326615096e-04
1.500000000000000000e+01 -1.058164067430547827e-04
1.600000000000000000e+01 4.502463650288964175e-05
1.700000000000000000e+01 5.829618259245698429e-04
1.800000000000000000e+01 -2.430947322795338182e-04
1.900000000000000000e+01 -1.928483724200493629e-05
1.000000000000000000e+00 -2.859808664008903992e-04
2.000000000000000000e+00 1.877171828308176783e-03
3.000000000000000000e+00 -2.859808664008903992e-04
4.000000000000000000e+00 -2.859808664008903992e-04
5.000000000000000000e+00 -2.859808664008903992e-04
6.000000000000000000e+00 -2.859808664008903992e-04
7.000000000000000000e+00 -2.859599178505301356e-04
8.000000000000000000e+00 -2.858973928405261311e-04
9.000000000000000000e+00 -2.859808664008903992e-04
1.000000000000000000e+01 -3.891431896871697065e-06
1.100000000000000000e+01 -5.578255164375216463e-05
1.200000000000000000e+01 -3.197462677803575916e-05
1.300000000000000000e+01 -1.389269399351992715e-04
1.400000000000000000e+01 -2.106863044554181197e-04
1.500000000000000000e+01 -2.283364450649692172e-05
1.600000000000000000e+01 4.708627007980688327e-04
1.700000000000000000e+01 1.111772700342067563e-04
1.800000000000000000e+01 -2.859307395125282487e-04
1.900000000000000000e+01 5.667631561218987963e-04
1.000000000000000000e+00 -2.533958778302663854e-04
2.000000000000000000e+00 2.219849735990132801e-04
3.000000000000000000e+00 -2.536929663626490508e-04
4.000000000000000000e+00 -2.536929663626490508e-04
5.000000000000000000e+00 -2.536929663626490508e-04
6.000000000000000000e+00 -2.536786832601306226e-04
7.000000000000000000e+00 -2.532844696306229063e-04
8.000000000000000000e+00 -2.531198240002910144e-04
9.000000000000000000e+00 -2.534276135237668089e-04
1.000000000000000000e+01 -7.316793783454353026e-05
1.100000000000000000e+01 1.704809599377682795e-04
1.200000000000000000e+01 2.506527244194912702e-04
1.300000000000000000e+01 -1.381623783717011544e-04
1.400000000000000000e+01 -2.475762196121487815e-04
1.500000000000000000e+01 4.081503587268780911e-04
1.600000000000000000e+01 8.596942784312914089e-04
1.700000000000000000e+01 6.779791933842147238e-05
1.800000000000000000e+01 -1.541073690442086109e-04
1.900000000000000000e+01 6.526807758815597301e-04
1.000000000000000000e+00 -2.588012477213487146e-04
2.000000000000000000e+00 1.973062218139919359e-04
3.000000000000000000e+00 -2.591483951273196502e-04
4.000000000000000000e+00 -2.591483951273196502e-04
5.000000000000000000e+00 -2.591483951273196502e-04
6.000000000000000000e+00 -2.591483951273196502e-04
7.000000000000000000e+00 -2.590911266876982856e-04
8.000000000000000000e+00 -2.589501320614095298e-04
9.000000000000000000e+00 -2.589149684233047182e-04
1.000000000000000000e+01 2.630550120539373242e-04
1.100000000000000000e+01 7.374868411131088022e-05
1.200000000000000000e+01 2.889970182302969764e-04
1.300000000000000000e+01 -1.831433935515630200e-05
1.400000000000000000e+01 -2.139385597038987851e-04
1.500000000000000000e+01 6.065948271810286561e-04
1.600000000000000000e+01 3.834508124389931116e-04
1.700000000000000000e+01 2.296794375409365817e-05
1.800000000000000000e+01 -1.764147749374669612e-04
1.900000000000000000e+01 6.390459258823928679e-04
1.000000000000000000e+00 -2.883771495735810400e-04
2.000000000000000000e+00 5.368603172080032519e-04
3.000000000000000000e+00 -2.883771495735810400e-04
4.000000000000000000e+00 -2.883771495735810400e-04
5.000000000000000000e+00 -2.883771495735810400e-04
6.000000000000000000e+00 -2.719923905417631887e-04
7.000000000000000000e+00 -2.863638442514521501e-04
8.000000000000000000e+00 -2.883771495735810400e-04
9.000000000000000000e+00 -2.883322598228089148e-04
1.000000000000000000e+01 2.065942688047000641e-04
1.100000000000000000e+01 2.909487549648323223e-05
1.200000000000000000e+01 -1.156871381906686746e-05
1.300000000000000000e+01 -3.599024363275354471e-05
1.400000000000000000e+01 5.498935139095912755e-05
1.500000000000000000e+01 5.506193873718722310e-04
1.600000000000000000e+01 4.628383016418701488e-04
1.700000000000000000e+01 -2.170695067298999143e-05
1.800000000000000000e+01 -2.832028576345832277e-04
1.900000000000000000e+01 7.991846231146105661e-04
1.000000000000000000e+00 -2.642394729190965588e-04
2.000000000000000000e+00 7.024797419618829860e-04
3.000000000000000000e+00 -2.672351156206216366e-04
4.000000000000000000e+00 -2.672351156206216366e-04
5.000000000000000000e+00 -2.672351156206216366e-04
6.000000000000000000e+00 -2.668266188885954921e-04
7.000000000000000000e+00 -2.669762513911691526e-04
8.000000000000000000e+00 -2.615923787278847182e-04
9.000000000000000000e+00 -2.651926319604909141e-04
1.000000000000000000e+01 1.575601933207140945e-04
1.100000000000000000e+01 3.520825266136872085e-04
1.200000000000000000e+01 1.384095296234817989e-04
1.300000000000000000e+01 -1.208601579711541884e-04
1.400000000000000000e+01 -1.071954004338476264e-04
1.500000000000000000e+01 2.846841108029072144e-04
1.600000000000000000e+01 8.770073012404761004e-05
1.700000000000000000e+01 3.540368217845337156e-04
1.800000000000000000e+01 -2.508428749636750616e-04
1.900000000000000000e+01 5.086502281568789459e-04
1.000000000000000000e+00 -2.358069351382072654e-04
2.000000000000000000e+00 8.599872554260235306e-04
3.000000000000000000e+00 -2.482559172563070021e-04
4.000000000000000000e+00 -2.482559172563070021e-04
5.000000000000000000e+00 -2.482559172563070021e-04
6.000000000000000000e+00 -2.482559172563070021e-04
7.000000000000000000e+00 -2.447923057044601967e-04
8.000000000000000000e+00 -2.455860993291361736e-04
9.000000000000000000e+00 -2.482110275055349311e-04
1.000000000000000000e+01 9.487089813628936762e-06
1.100000000000000000e+01 3.801838392190986485e-04
1.200000000000000000e+01 -9.575790238084119083e-05
1.300000000000000000e+01 8.048963820493468160e-05
1.400000000000000000e+01 2.223146943012505250e-05
1.500000000000000000e+01 2.601828704500700113e-04
1.600000000000000000e+01 1.525725105651548131e-04
1.700000000000000000e+01 2.977204606577391903e-05
1.800000000000000000e+01 -2.258591305825595702e-04
1.900000000000000000e+01 4.640632090269574913e-04
1.000000000000000000e+00 -2.859218471084082835e-04
2.000000000000000000e+00 7.878144352901546863e-04
3.000000000000000000e+00 -2.912771943755202873e-04
4.000000000000000000e+00 -2.912771943755202873e-04
5.000000000000000000e+00 -2.912771943755202873e-04
6.000000000000000000e+00 -2.900914316088751299e-04
7.000000000000000000e+00 -2.903085687745417059e-04
8.000000000000000000e+00 -2.907016941676671216e-04
9.000000000000000000e+00 -2.888262139833634203e-04
1.000000000000000000e+01 3.415188675872083118e-04
1.100000000000000000e+01 1.709919319387892989e-04
1.200000000000000000e+01 3.175409422044230830e-05
1.300000000000000000e+01 -3.933398488222554946e-05
1.400000000000000000e+01 -9.351061164281875406e-05
1.500000000000000000e+01 5.066122929609806476e-08
1.600000000000000000e+01 4.058920006651917339e-04
1.700000000000000000e+01 1.209285533081685612e-04
1.800000000000000000e+01 -2.836861629487045047e-04
1.900000000000000000e+01 8.424375318024410848e-04
1.000000000000000000e+00 -2.606888752557220881e-04
2.000000000000000000e+00 6.764987492702741754e-04
3.000000000000000000e+00 -2.617028135945904032e-04
4.000000000000000000e+00 -2.617028135945904032e-04
5.000000000000000000e+00 -2.617028135945904032e-04
6.000000000000000000e+00 -2.614680946098714215e-04
7.000000000000000000e+00 -2.615926976756509739e-04
8.000000000000000000e+00 -2.448322885132810317e-04
9.000000000000000000e+00 -2.617028135945904032e-04
1.000000000000000000e+01 1.836555144968463472e-04
1.100000000000000000e+01 -2.771546282928430890e-05
1.200000000000000000e+01 2.348025424712287099e-04
1.300000000000000000e+01 3.171873151439644429e-04
1.400000000000000000e+01 -1.099167882478249995e-04
1.500000000000000000e+01 2.730675913673779654e-04
1.600000000000000000e+01 2.360631564085251624e-04
1.700000000000000000e+01 2.469155437457556728e-04
1.800000000000000000e+01 -2.522652876129468031e-04
1.900000000000000000e+01 2.784360290042434669e-04
1.000000000000000000e+00 -2.454463288743895483e-04
2.000000000000000000e+00 5.967004402115374997e-04
3.000000000000000000e+00 -2.454463288743895483e-04
4.000000000000000000e+00 -2.454463288743895483e-04
5.000000000000000000e+00 -2.454463288743895483e-04
6.000000000000000000e+00 -2.454463288743895483e-04
7.000000000000000000e+00 -2.454463288743895483e-04
8.000000000000000000e+00 -2.454463288743895483e-04
9.000000000000000000e+00 -2.454463288743895483e-04
1.000000000000000000e+01 9.622801833078837197e-05
1.100000000000000000e+01 2.770258368430676319e-04
1.200000000000000000e+01 -6.616645275015071417e-05
1.300000000000000000e+01 1.679766678819405001e-04
1.400000000000000000e+01 -1.750197176841045003e-04
1.500000000000000000e+01 3.376860768844351440e-04
1.600000000000000000e+01 5.927456165640727914e-04
1.700000000000000000e+01 1.041007876854143944e-04
1.800000000000000000e+01 -1.875551799905936126e-04
1.900000000000000000e+01 2.164184612847116953e-04
1.000000000000000000e+00 -3.100027967929137439e-04
2.000000000000000000e+00 5.024943175968267983e-04
3.000000000000000000e+00 -3.106146771316848341e-04
4.000000000000000000e+00 -3.106146771316848341e-04
5.000000000000000000e+00 -3.106146771316848341e-04
6.000000000000000000e+00 -3.100670221722651881e-04
7.000000000000000000e+00 -3.103314636131772070e-04
8.000000000000000000e+00 -3.097889424736672745e-04
9.000000000000000000e+00 -3.077790897110134071e-04
1.000000000000000000e+01 3.389263511026298532e-04
1.100000000000000000e+01 5.597184451071937888e-04
1.200000000000000000e+01 7.921385933447699750e-04
1.300000000000000000e+01 8.639879314828837528e-04
1.400000000000000000e+01 -1.690934631443791734e-04
1.500000000000000000e+01 -2.763920820459945431e-04
1.600000000000000000e+01 -1.260418148014424847e-04
1.700000000000000000e+01 3.398434313808237407e-04
1.800000000000000000e+01 -3.050954978204887353e-04
1.900000000000000000e+01 -7.185295071815432416e-05
1.000000000000000000e+00 -2.869540112449284002e-04
2.000000000000000000e+00 2.029787298520283490e-04
3.000000000000000000e+00 -2.870498829269345223e-04
4.000000000000000000e+00 -2.870498829269345223e-04
5.000000000000000000e+00 -2.870498829269345223e-04
6.000000000000000000e+00 -2.869286533939402863e-04
7.000000000000000000e+00 -2.869861336510004025e-04
8.000000000000000000e+00 -2.863654194886195272e-04
9.000000000000000000e+00 -2.869810519757506439e-04
1.000000000000000000e+01 3.465206876082902484e-04
1.100000000000000000e+01 5.938833345169610258e-04
1.200000000000000000e+01 3.458328660275003822e-04
1.300000000000000000e+01 3.252511662482392759e-04
1.400000000000000000e+01 -2.836181158922263380e-04
1.500000000000000000e+01 2.405741578341470015e-04
1.600000000000000000e+01 2.981573526479480186e-04
1.700000000000000000e+01 3.081228355960063709e-04
1.800000000000000000e+01 -2.842190892523032992e-04
1.900000000000000000e+01 1.833576579776209148e-04
1.000000000000000000e+00 -2.661655229540936139e-04
2.000000000000000000e+00 5.476106609201294127e-04
3.000000000000000000e+00 -2.661655229540936139e-04
4.000000000000000000e+00 -2.661655229540936139e-04
5.000000000000000000e+00 -2.661655229540936139e-04
6.000000000000000000e+00 -2.657570262220674694e-04
7.000000000000000000e+00 -2.661655229540936139e-04
8.000000000000000000e+00 -2.661655229540936139e-04
9.000000000000000000e+00 -2.660428243019831961e-04
1.000000000000000000e+01 3.354280314580881700e-04
1.100000000000000000e+01 3.558010294658901134e-04
1.200000000000000000e+01 1.960676188133618448e-04
1.300000000000000000e+01 2.427396287206658426e-04
1.400000000000000000e+01 -2.642823979092038655e-04
1.500000000000000000e+01 3.085847540020656300e-04
1.600000000000000000e+01 4.695613207932608236e-05
1.700000000000000000e+01 3.000472788591983285e-04
1.800000000000000000e+01 -2.619432111337425921e-04
1.900000000000000000e+01 3.171797696436499253e-04
1.000000000000000000e+00 -2.687451788766371109e-04
2.000000000000000000e+00 7.539931090052080743e-04
3.000000000000000000e+00 -2.695427201153548268e-04
4.000000000000000000e+00 -2.695427201153548268e-04
5.000000000000000000e+00 -2.695427201153548268e-04
6.000000000000000000e+00 -2.692566227704339620e-04
7.000000000000000000e+00 -2.695427201153548268e-04
8.000000000000000000e+00 -2.695427201153548268e-04
9.000000000000000000e+00 -2.695427201153548268e-04
1.000000000000000000e+01 1.576543046123152355e-04
1.100000000000000000e+01 2.635242166857226483e-04
1.200000000000000000e+01 2.070702482542000284e-04
1.300000000000000000e+01 1.521035915432116892e-04
1.400000000000000000e+01 -2.619631605137364024e-04
1.500000000000000000e+01 8.333913969927804770e-05
1.600000000000000000e+01 4.071660384829242424e-04
1.700000000000000000e+01 1.109061486661263641e-04
1.800000000000000000e+01 -1.906562153710069567e-04
1.900000000000000000e+01 4.652684055133477457e-04
1.000000000000000000e+00 -3.368688475695480076e-04
2.000000000000000000e+00 2.215106045272935680e-03
3.000000000000000000e+00 -3.379170132098004652e-04
4.000000000000000000e+00 -3.379170132098004652e-04
5.000000000000000000e+00 -3.379170132098004652e-04
6.000000000000000000e+00 -3.377623476139584202e-04
7.000000000000000000e+00 -3.378626013906827754e-04
8.000000000000000000e+00 -3.366203115454517486e-04
9.000000000000000000e+00 -3.379170132098004652e-04
1.000000000000000000e+01 1.323782436447123957e-04
1.100000000000000000e+01 4.079617891032753232e-05
1.200000000000000000e+01 3.319710613646222833e-04
1.300000000000000000e+01 -2.325069399600913694e-04
1.400000000000000000e+01 -2.901225574321514072e-04
1.500000000000000000e+01 2.375421723677416180e-04
1.600000000000000000e+01 3.373933744780381106e-04
1.700000000000000000e+01 5.930641686877239580e-05
1.800000000000000000e+01 -3.107134906456336643e-04
1.900000000000000000e+01 1.707493887951869237e-04
1.000000000000000000e+00 -2.606102686992577632e-04
2.000000000000000000e+00 4.821612724971679987e-04
3.000000000000000000e+00 -2.606506694749527084e-04
4.000000000000000000e+00 -2.606506694749527084e-04
5.000000000000000000e+00 -2.606506694749527084e-04
6.000000000000000000e+00 -2.605982980990519137e-04
7.000000000000000000e+00 -2.602421727429265639e-04
8.000000000000000000e+00 -2.605279708228422906e-04
9.000000000000000000e+00 -2.603765427302376931e-04
1.000000000000000000e+01 3.232295003768638768e-04
1.100000000000000000e+01 3.347632552894622246e-04
1.200000000000000000e+01 9.542132906028110545e-05
1.300000000000000000e+01 2.894327073024840005e-04
1.400000000000000000e+01 -2.543131168571232509e-04
1.500000000000000000e+01 -5.261878892374127986e-05
1.600000000000000000e+01 3.328869991401152721e-04
1.700000000000000000e+01 1.857092022309397242e-04
1.800000000000000000e+01 -9.026816750449241059e-05
1.900000000000000000e+01 4.088635898677379660e-04
1.000000000000000000e+00 -2.429143550818716737e-04
2.000000000000000000e+00 3.771905341931856294e-04
3.000000000000000000e+00 -2.432452858224662872e-04
4.000000000000000000e+00 -2.432452858224662872e-04
5.000000000000000000e+00 -2.432452858224662872e-04
6.000000000000000000e+00 -2.410819807179847185e-04
7.000000000000000000e+00 -2.431779511963081265e-04
8.000000000000000000e+00 -2.427372834762286599e-04
9.000000000000000000e+00 -2.422908753092322537e-04
1.000000000000000000e+01 3.209763960882261805e-04
1.100000000000000000e+01 3.082963681797752458e-04
1.200000000000000000e+01 3.081065087703514175e-04
1.300000000000000000e+01 3.824563127313536023e-04
1.400000000000000000e+01 -1.808262537117416992e-04
1.500000000000000000e+01 -7.133226006040673602e-05
1.600000000000000000e+01 3.112507779950330917e-04
1.700000000000000000e+01 1.949511089373471369e-04
1.800000000000000000e+01 -2.380904493476018171e-04
1.900000000000000000e+01 2.149220250442952372e-04
1.000000000000000000e+00 -2.368445488856375141e-04
2.000000000000000000e+00 8.094359498382121840e-05
3.000000000000000000e+00 -2.370487972516505863e-04
4.000000000000000000e+00 -2.370487972516505863e-04
5.000000000000000000e+00 -2.370487972516505863e-04
6.000000000000000000e+00 -2.369747291628766014e-04
7.000000000000000000e+00 -2.366373078695729795e-04
8.000000000000000000e+00 -2.369176647675769317e-04
9.000000000000000000e+00 -2.365423819168038864e-04
1.000000000000000000e+01 8.418637929828342496e-05
1.100000000000000000e+01 1.697182167309297155e-04
1.200000000000000000e+01 1.529762127191608152e-04
1.300000000000000000e+01 3.167445372195355009e-04
1.400000000000000000e+01 -2.030458539349817859e-04
1.500000000000000000e+01 4.685634008040534320e-04
1.600000000000000000e+01 5.438948242682167854e-04
1.700000000000000000e+01 1.089956060663025951e-04
1.800000000000000000e+01 -2.341680723121021188e-04
1.900000000000000000e+01 4.031669607210998374e-04
1.000000000000000000e+00 -2.673570921613072538e-04
2.000000000000000000e+00 6.634954816446978149e-04
3.000000000000000000e+00 -2.741088280797098495e-04
4.000000000000000000e+00 -2.741088280797098495e-04
5.000000000000000000e+00 -2.741088280797098495e-04
6.000000000000000000e+00 -2.740833225394984172e-04
7.000000000000000000e+00 -2.740639383289377243e-04
8.000000000000000000e+00 -2.726799124963825006e-04
9.000000000000000000e+00 -2.736748938222461529e-04
1.000000000000000000e+01 2.174836684198694261e-04
1.100000000000000000e+01 4.789512192150320613e-04
1.200000000000000000e+01 -7.504763698980626927e-06
1.300000000000000000e+01 9.774561563722333323e-04
1.400000000000000000e+01 -2.696401100693251551e-04
1.500000000000000000e+01 -2.045071730408102358e-05
1.600000000000000000e+01 4.038442168603125220e-05
1.700000000000000000e+01 3.432392851694611360e-04
1.800000000000000000e+01 -2.550993159761954089e-04
1.900000000000000000e+01 -1.296858934336688703e-05
