1.000000000000000000e+00 3.148263000000000034e+00
2.000000000000000000e+00 1.414546999999999954e+01
3.000000000000000000e+00 0.000000000000000000e+00
4.000000000000000000e+00 1.589543999999999957e-01
5.000000000000000000e+00 1.307311999999999919e-01
6.000000000000000000e+00 1.510739999999999972e+00
7.000000000000000000e+00 1.642301000000000011e+00
8.000000000000000000e+00 6.603839999999999932e+00
9.000000000000000000e+00 1.786662999999999890e+00
1.000000000000000000e+01 5.703756000000000270e+00
1.100000000000000000e+01 7.317972000000000143e+00
1.200000000000000000e+01 7.233471999999999902e+00
1.300000000000000000e+01 6.839396999999999949e+00
1.400000000000000000e+01 4.350381999999999749e+00
1.500000000000000000e+01 3.405473000000000194e+00
1.600000000000000000e+01 1.424008000000000074e+01
1.700000000000000000e+01 8.090177000000000618e+00
1.800000000000000000e+01 6.990044000000000146e+00
1.900000000000000000e+01 2.385518000000000072e+01
1.000000000000000000e+00 3.332707999999999782e+00
2.000000000000000000e+00 1.278301000000000087e+01
3.000000000000000000e+00 0.000000000000000000e+00
4.000000000000000000e+00 2.242100999999999955e-01
5.000000000000000000e+00 4.554174999999999751e-01
6.000000000000000000e+00 1.179059000000000079e+00
7.000000000000000000e+00 4.214165999999999745e-01
8.000000000000000000e+00 4.348798000000000386e+00
9.000000000000000000e+00 2.815633000000000052e+00
1.000000000000000000e+01 1.026454000000000022e+01
1.100000000000000000e+01 9.093740999999999630e+00
1.200000000000000000e+01 7.715419999999999945e+00
1.300000000000000000e+01 7.867814000000000085e+00
1.400000000000000000e+01 6.242599000000000231e+00
1.500000000000000000e+01 4.334067000000000114e+00
1.600000000000000000e+01 1.264508000000000010e+01
1.700000000000000000e+01 7.367081999999999908e+00
1.800000000000000000e+01 4.435330000000000439e+00
1.900000000000000000e+01 2.143291999999999931e+01
1.000000000000000000e+00 2.754459999999999908e+00
2.000000000000000000e+00 1.730939000000000050e+01
3.000000000000000000e+00 0.000000000000000000e+00
4.000000000000000000e+00 2.981334999999999957e-01
5.000000000000000000e+00 2.749285000000000201e-01
6.000000000000000000e+00 1.114811999999999914e+00
7.000000000000000000e+00 1.437538999999999900e+00
8.000000000000000000e+00 3.256797999999999860e+00
9.000000000000000000e+00 1.602195000000000036e+00
1.000000000000000000e+01 8.887370000000000658e+00
1.100000000000000000e+01 1.487310000000000088e+01
1.200000000000000000e+01 6.516073999999999700e+00
1.300000000000000000e+01 8.351107999999999976e+00
1.400000000000000000e+01 4.641899999999999693e+00
1.500000000000000000e+01 4.308423999999999587e+00
1.600000000000000000e+01 8.912053000000000225e+00
1.700000000000000000e+01 6.430152999999999786e+00
1.800000000000000000e+01 5.503453999999999624e+00
1.900000000000000000e+01 2.089724000000000004e+01
1.000000000000000000e+00 2.809229999999999894e+00
2.000000000000000000e+00 1.678182999999999936e+01
3.000000000000000000e+00 0.000000000000000000e+00
4.000000000000000000e+00 3.253332999999999919e-02
5.000000000000000000e+00 7.523175000000000001e-02
6.000000000000000000e+00 1.627790999999999988e+00
7.000000000000000000e+00 1.018572000000000033e+00
8.000000000000000000e+00 5.021043999999999841e+00
9.000000000000000000e+00 2.544738000000000167e+00
1.000000000000000000e+01 8.996683000000000874e+00
1.100000000000000000e+01 9.751599000000000572e+00
1.200000000000000000e+01 8.636597000000000079e+00
1.300000000000000000e+01 7.961094000000000115e+00
1.400000000000000000e+01 5.801598000000000255e+00
1.500000000000000000e+01 4.791043000000000163e+00
1.600000000000000000e+01 1.064108000000000054e+01
1.700000000000000000e+01 8.316902000000000683e+00
1.800000000000000000e+01 7.079470999999999847e+00
1.900000000000000000e+01 1.505920000000000059e+01
1.000000000000000000e+00 3.441968000000000139e+00
2.000000000000000000e+00 1.677035000000000053e+01
3.000000000000000000e+00 0.000000000000000000e+00
4.000000000000000000e+00 1.165954000000000018e-01
5.000000000000000000e+00 4.858811000000000102e-01
6.000000000000000000e+00 1.346565000000000012e+00
7.000000000000000000e+00 9.146092000000000111e-01
8.000000000000000000e+00 4.302289000000000030e+00
9.000000000000000000e+00 2.322013000000000105e+00
1.000000000000000000e+01 6.746753000000000000e+00
1.100000000000000000e+01 9.675459999999999283e+00
1.200000000000000000e+01 8.878681000000000267e+00
1.300000000000000000e+01 5.869629999999999903e+00
1.400000000000000000e+01 6.909847000000000072e+00
1.500000000000000000e+01 5.125460000000000349e+00
1.600000000000000000e+01 1.389128999999999969e+01
1.700000000000000000e+01 7.953159999999999563e+00
1.800000000000000000e+01 4.428876999999999953e+00
1.900000000000000000e+01 1.777578000000000102e+01
1.000000000000000000e+00 4.579329000000000427e+00
2.000000000000000000e+00 1.836384999999999934e+01
3.000000000000000000e+00 0.000000000000000000e+00
4.000000000000000000e+00 4.615940000000000043e-01
5.000000000000000000e+00 1.188676000000000038e-01
6.000000000000000000e+00 8.892649000000000248e-01
7.000000000000000000e+00 1.027039999999999953e+00
8.000000000000000000e+00 2.397114999999999885e+00
9.000000000000000000e+00 2.145383999999999958e+00
1.000000000000000000e+01 7.501934999999999576e+00
1.100000000000000000e+01 8.391337000000000046e+00
1.200000000000000000e+01 8.632557000000000258e+00
1.300000000000000000e+01 6.718562000000000367e+00
1.400000000000000000e+01 9.222417000000000087e+00
1.500000000000000000e+01 4.915269000000000332e+00
1.600000000000000000e+01 9.607770999999999617e+00
1.700000000000000000e+01 8.711786999999999281e+00
1.800000000000000000e+01 5.144409999999999705e+00
1.900000000000000000e+01 1.836846999999999852e+01
1.000000000000000000e+00 3.710833000000000048e+00
2.000000000000000000e+00 1.571828999999999965e+01
3.000000000000000000e+00 0.000000000000000000e+00
4.000000000000000000e+00 2.098122000000000043e-01
5.000000000000000000e+00 7.605742000000000058e-02
6.000000000000000000e+00 1.085145999999999944e+00
7.000000000000000000e+00 9.217708000000000013e-01
8.000000000000000000e+00 3.212397999999999865e+00
9.000000000000000000e+00 2.332488999999999812e+00
1.000000000000000000e+01 7.095589000000000368e+00
1.100000000000000000e+01 9.343949999999999534e+00
1.200000000000000000e+01 8.739186999999999372e+00
1.300000000000000000e+01 7.490178000000000225e+00
1.400000000000000000e+01 8.231377000000000166e+00
1.500000000000000000e+01 4.181765999999999650e+00
1.600000000000000000e+01 8.054764999999999731e+00
1.700000000000000000e+01 7.520300999999999902e+00
1.800000000000000000e+01 6.475939999999999586e+00
1.900000000000000000e+01 2.297956999999999894e+01
1.000000000000000000e+00 2.485390999999999906e+00
2.000000000000000000e+00 1.659813000000000116e+01
3.000000000000000000e+00 0.000000000000000000e+00
4.000000000000000000e+00 2.768197000000000019e-01
5.000000000000000000e+00 2.609022999999999898e-02
6.000000000000000000e+00 1.906957999999999931e+00
7.000000000000000000e+00 1.624676999999999927e+00
8.000000000000000000e+00 3.257102999999999859e+00
9.000000000000000000e+00 2.592547000000000157e+00
1.000000000000000000e+01 7.081287999999999805e+00
1.100000000000000000e+01 9.444005999999999901e+00
1.200000000000000000e+01 7.590793999999999819e+00
1.300000000000000000e+01 9.292830999999999619e+00
1.400000000000000000e+01 3.843453999999999926e+00
1.500000000000000000e+01 6.165062999999999960e+00
1.600000000000000000e+01 9.752926999999999680e+00
1.700000000000000000e+01 7.680068999999999591e+00
1.800000000000000000e+01 5.527899999999999814e+00
1.900000000000000000e+01 2.187207000000000079e+01
1.000000000000000000e+00 3.231114999999999959e+00
2.000000000000000000e+00 1.689033999999999835e+01
3.000000000000000000e+00 0.000000000000000000e+00
4.000000000000000000e+00 0.000000000000000000e+00
5.000000000000000000e+00 2.451149999999999995e-01
6.000000000000000000e+00 1.883912999999999949e+00
7.000000000000000000e+00 1.772488999999999981e+00
8.000000000000000000e+00 3.563941999999999943e+00
9.000000000000000000e+00 2.508954999999999824e+00
1.000000000000000000e+01 6.625443999999999889e+00
1.100000000000000000e+01 9.500835999999999615e+00
1.200000000000000000e+01 7.260213000000000250e+00
1.300000000000000000e+01 8.891052000000000177e+00
1.400000000000000000e+01 4.457529000000000075e+00
1.500000000000000000e+01 3.361094000000000026e+00
1.600000000000000000e+01 1.016799999999999926e+01
1.700000000000000000e+01 8.646416000000000324e+00
1.800000000000000000e+01 9.933768999999999849e+00
1.900000000000000000e+01 1.833601000000000170e+01
1.000000000000000000e+00 3.084210000000000118e+00
2.000000000000000000e+00 1.600328999999999979e+01
3.000000000000000000e+00 0.000000000000000000e+00
4.000000000000000000e+00 3.115970000000000129e-01
5.000000000000000000e+00 3.096991000000000049e-01
6.000000000000000000e+00 1.686736999999999931e+00
7.000000000000000000e+00 2.554406999999999872e+00
8.000000000000000000e+00 2.793458000000000219e+00
9.000000000000000000e+00 2.066065000000000040e+00
1.000000000000000000e+01 7.815987999999999936e+00
1.100000000000000000e+01 8.310781000000000418e+00
1.200000000000000000e+01 7.592653000000000318e+00
1.300000000000000000e+01 7.128537999999999819e+00
1.400000000000000000e+01 6.554675999999999725e+00
1.500000000000000000e+01 3.355097999999999914e+00
1.600000000000000000e+01 1.084296999999999933e+01
1.700000000000000000e+01 4.995531999999999861e+00
1.800000000000000000e+01 6.262830000000000119e+00
1.900000000000000000e+01 2.517465999999999937e+01
1.000000000000000000e+00 1.771187999999999985e+00
2.000000000000000000e+00 1.740127000000000024e+01
3.000000000000000000e+00 0.000000000000000000e+00
4.000000000000000000e+00 1.857142999999999988e-02
5.000000000000000000e+00 2.120960000000000067e-01
6.000000000000000000e+00 1.175802000000000014e+00
7.000000000000000000e+00 1.845242000000000049e+00
8.000000000000000000e+00 4.215207999999999622e+00
9.000000000000000000e+00 3.705459999999999976e+00
1.000000000000000000e+01 1.030889999999999951e+01
1.100000000000000000e+01 8.855067999999999273e+00
1.200000000000000000e+01 6.176739000000000424e+00
1.300000000000000000e+01 9.432259999999999422e+00
1.400000000000000000e+01 5.586005000000000109e+00
1.500000000000000000e+01 4.417836999999999570e+00
1.600000000000000000e+01 1.073501000000000083e+01
1.700000000000000000e+01 8.559336999999999307e+00
1.800000000000000000e+01 5.066647999999999818e+00
1.900000000000000000e+01 1.778910000000000124e+01
1.000000000000000000e+00 4.122594000000000314e+00
2.000000000000000000e+00 1.752189999999999870e+01
3.000000000000000000e+00 0.000000000000000000e+00
4.000000000000000000e+00 3.152135999999999827e-01
5.000000000000000000e+00 1.279554999999999998e-01
6.000000000000000000e+00 1.000434000000000045e+00
7.000000000000000000e+00 1.145351000000000008e+00
8.000000000000000000e+00 2.882391000000000147e+00
9.000000000000000000e+00 2.108865000000000212e+00
1.000000000000000000e+01 8.128868999999999900e+00
1.100000000000000000e+01 9.992627999999999844e+00
1.200000000000000000e+01 7.872581000000000273e+00
1.300000000000000000e+01 7.520720999999999989e+00
1.400000000000000000e+01 4.962190999999999796e+00
1.500000000000000000e+01 5.055695000000000050e+00
1.600000000000000000e+01 1.054050999999999938e+01
1.700000000000000000e+01 8.664785999999999433e+00
1.800000000000000000e+01 5.464389999999999858e+00
1.900000000000000000e+01 1.996958000000000055e+01
1.000000000000000000e+00 2.591800000000000104e+00
2.000000000000000000e+00 1.355297999999999981e+01
3.000000000000000000e+00 0.000000000000000000e+00
4.000000000000000000e+00 2.632058999999999926e-01
5.000000000000000000e+00 2.264469000000000065e-01
6.000000000000000000e+00 1.155175000000000063e+00
7.000000000000000000e+00 1.290912999999999977e+00
8.000000000000000000e+00 4.723720000000000141e+00
9.000000000000000000e+00 2.654659000000000102e+00
1.000000000000000000e+01 9.422871999999999915e+00
1.100000000000000000e+01 8.202071000000000112e+00
1.200000000000000000e+01 7.790454999999999686e+00
1.300000000000000000e+01 8.680115000000000691e+00
1.400000000000000000e+01 4.492682000000000286e+00
1.500000000000000000e+01 4.355119000000000185e+00
1.600000000000000000e+01 1.334985999999999962e+01
1.700000000000000000e+01 7.821208999999999634e+00
1.800000000000000000e+01 8.743114999999999526e+00
1.900000000000000000e+01 1.774172000000000082e+01
1.000000000000000000e+00 2.693262999999999963e+00
2.000000000000000000e+00 1.657554000000000016e+01
3.000000000000000000e+00 0.000000000000000000e+00
4.000000000000000000e+00 3.754855999999999749e-01
5.000000000000000000e+00 3.653768000000000016e-01
6.000000000000000000e+00 1.130897000000000041e+00
7.000000000000000000e+00 1.997244999999999937e+00
8.000000000000000000e+00 4.189938999999999858e+00
9.000000000000000000e+00 1.729770000000000030e+00
1.000000000000000000e+01 8.593605000000000160e+00
1.100000000000000000e+01 7.829785000000000217e+00
1.200000000000000000e+01 6.437249999999999694e+00
1.300000000000000000e+01 6.572390999999999650e+00
1.400000000000000000e+01 6.412808000000000064e+00
1.500000000000000000e+01 5.109354999999999869e+00
1.600000000000000000e+01 1.310754999999999981e+01
1.700000000000000000e+01 6.328057000000000265e+00
1.800000000000000000e+01 3.125370999999999899e+00
1.900000000000000000e+01 2.456906999999999996e+01
1.000000000000000000e+00 4.807218999999999909e+00
2.000000000000000000e+00 1.751745000000000019e+01
3.000000000000000000e+00 0.000000000000000000e+00
4.000000000000000000e+00 6.517691000000000456e-02
5.000000000000000000e+00 1.891573000000000004e-01
6.000000000000000000e+00 1.522394000000000025e+00
7.000000000000000000e+00 1.340853999999999990e+00
8.000000000000000000e+00 4.800453000000000081e+00
9.000000000000000000e+00 2.640966999999999842e+00
1.000000000000000000e+01 8.248995000000000744e+00
1.100000000000000000e+01 6.639867999999999881e+00
1.200000000000000000e+01 8.956267000000000422e+00
1.300000000000000000e+01 7.240823999999999927e+00
1.400000000000000000e+01 6.566127999999999965e+00
1.500000000000000000e+01 4.901635999999999882e+00
1.600000000000000000e+01 1.223273000000000010e+01
1.700000000000000000e+01 7.056770000000000209e+00
1.800000000000000000e+01 3.825543000000000138e+00
1.900000000000000000e+01 1.865105000000000146e+01
1.000000000000000000e+00 1.617456999999999923e+00
2.000000000000000000e+00 1.398351000000000077e+01
3.000000000000000000e+00 0.000000000000000000e+00
4.000000000000000000e+00 1.439979000000000120e-01
5.000000000000000000e+00 1.799999999999999864e-02
6.000000000000000000e+00 7.910283000000000175e-01
7.000000000000000000e+00 1.435413999999999968e+00
8.000000000000000000e+00 3.205926999999999971e+00
9.000000000000000000e+00 2.876481000000000066e+00
1.000000000000000000e+01 1.044453999999999994e+01
1.100000000000000000e+01 1.201913000000000054e+01
1.200000000000000000e+01 1.083303000000000083e+01
1.300000000000000000e+01 1.082605000000000040e+01
1.400000000000000000e+01 5.597535999999999845e+00
1.500000000000000000e+01 3.984068000000000165e+00
1.600000000000000000e+01 1.005033000000000065e+01
1.700000000000000000e+01 7.268199000000000076e+00
1.800000000000000000e+01 6.815602000000000160e+00
1.900000000000000000e+01 1.525042999999999971e+01
1.000000000000000000e+00 3.239548999999999790e+00
2.000000000000000000e+00 1.364307999999999943e+01
3.000000000000000000e+00 0.000000000000000000e+00
4.000000000000000000e+00 0.000000000000000000e+00
5.000000000000000000e+00 1.531444000000000139e-01
6.000000000000000000e+00 1.671577000000000091e+00
7.000000000000000000e+00 1.573981000000000074e+00
8.000000000000000000e+00 5.426835999999999771e+00
9.000000000000000000e+00 2.669947000000000070e+00
1.000000000000000000e+01 9.369104999999999350e+00
1.100000000000000000e+01 1.197145000000000081e+01
1.200000000000000000e+01 7.999187000000000047e+00
1.300000000000000000e+01 8.123585999999999530e+00
1.400000000000000000e+01 5.188272000000000439e+00
1.500000000000000000e+01 4.440006999999999593e+00
1.600000000000000000e+01 1.252022999999999975e+01
1.700000000000000000e+01 6.879271000000000136e+00
1.800000000000000000e+01 3.827274000000000065e+00
1.900000000000000000e+01 1.833263000000000176e+01
1.000000000000000000e+00 2.846290999999999904e+00
2.000000000000000000e+00 1.499465999999999966e+01
3.000000000000000000e+00 0.000000000000000000e+00
4.000000000000000000e+00 2.814545999999999992e-01
5.000000000000000000e+00 1.031294999999999989e-01
6.000000000000000000e+00 8.328972999999999516e-01
7.000000000000000000e+00 1.117753999999999914e+00
8.000000000000000000e+00 3.178536999999999946e+00
9.000000000000000000e+00 2.123908000000000129e+00
1.000000000000000000e+01 1.031235000000000035e+01
1.100000000000000000e+01 8.731811999999999685e+00
1.200000000000000000e+01 7.171325000000000394e+00
1.300000000000000000e+01 7.091594999999999871e+00
1.400000000000000000e+01 6.295666999999999902e+00
1.500000000000000000e+01 6.447631000000000334e+00
1.600000000000000000e+01 1.375300999999999974e+01
1.700000000000000000e+01 9.114468999999999710e+00
1.800000000000000000e+01 5.632181000000000104e+00
1.900000000000000000e+01 1.706379000000000090e+01
1.000000000000000000e+00 5.800149000000000221e+00
2.000000000000000000e+00 1.638122999999999863e+01
3.000000000000000000e+00 0.000000000000000000e+00
4.000000000000000000e+00 9.379709999999999437e-02
5.000000000000000000e+00 2.218729999999999869e-01
6.000000000000000000e+00 1.764963999999999977e+00
7.000000000000000000e+00 1.602533999999999903e+00
8.000000000000000000e+00 2.908697000000000088e+00
9.000000000000000000e+00 1.692371999999999987e+00
1.000000000000000000e+01 7.578054999999999986e+00
1.100000000000000000e+01 9.442420999999999509e+00
1.200000000000000000e+01 6.781481999999999566e+00
1.300000000000000000e+01 7.223945999999999756e+00
1.400000000000000000e+01 6.426598000000000255e+00
1.500000000000000000e+01 5.292220999999999620e+00
1.600000000000000000e+01 1.023855999999999966e+01
1.700000000000000000e+01 7.369032999999999944e+00
1.800000000000000000e+01 4.554636999999999603e+00
1.900000000000000000e+01 2.158278999999999925e+01
1.000000000000000000e+00 3.125663999999999998e+00
2.000000000000000000e+00 1.521730999999999945e+01
3.000000000000000000e+00 0.000000000000000000e+00
4.000000000000000000e+00 3.585947999999999913e-01
5.000000000000000000e+00 1.006314999999999987e-01
6.000000000000000000e+00 8.066238000000000019e-01
7.000000000000000000e+00 1.137037999999999993e+00
8.000000000000000000e+00 3.100966999999999807e+00
9.000000000000000000e+00 2.673732000000000220e+00
1.000000000000000000e+01 9.731210000000000804e+00
1.100000000000000000e+01 8.559900000000000730e+00
1.200000000000000000e+01 1.017859999999999943e+01
1.300000000000000000e+01 8.000277000000000527e+00
1.400000000000000000e+01 5.579720000000000013e+00
1.500000000000000000e+01 6.244777000000000022e+00
1.600000000000000000e+01 1.148515000000000086e+01
1.700000000000000000e+01 8.675784999999999414e+00
1.800000000000000000e+01 6.187981999999999871e+00
1.900000000000000000e+01 1.605210999999999899e+01
1.000000000000000000e+00 2.394028000000000045e+00
2.000000000000000000e+00 1.683360000000000056e+01
3.000000000000000000e+00 0.000000000000000000e+00
4.000000000000000000e+00 1.909090999999999913e-02
5.000000000000000000e+00 1.255935999999999997e-01
6.000000000000000000e+00 9.882695999999999703e-01
7.000000000000000000e+00 1.590896000000000088e+00
8.000000000000000000e+00 3.324568000000000190e+00
9.000000000000000000e+00 2.716130000000000155e+00
1.000000000000000000e+01 8.011521999999999366e+00
1.100000000000000000e+01 9.954421999999999215e+00
1.200000000000000000e+01 8.812321000000000737e+00
1.300000000000000000e+01 8.569312999999999292e+00
1.400000000000000000e+01 8.123317999999999373e+00
1.500000000000000000e+01 3.877634000000000025e+00
1.600000000000000000e+01 1.209788999999999959e+01
1.700000000000000000e+01 8.908213999999999189e+00
1.800000000000000000e+01 4.722739999999999938e+00
1.900000000000000000e+01 1.616957999999999984e+01
1.000000000000000000e+00 3.456287000000000109e+00
2.000000000000000000e+00 1.733471000000000117e+01
3.000000000000000000e+00 0.000000000000000000e+00
4.000000000000000000e+00 3.219048000000000048e-02
5.000000000000000000e+00 3.118632000000000071e-01
6.000000000000000000e+00 1.624136999999999942e+00
7.000000000000000000e+00 1.514761000000000024e+00
8.000000000000000000e+00 2.366680000000000117e+00
9.000000000000000000e+00 2.713480000000000114e+00
1.000000000000000000e+01 8.627722000000000335e+00
1.100000000000000000e+01 1.071238999999999919e+01
1.200000000000000000e+01 6.312619999999999898e+00
1.300000000000000000e+01 6.373804999999999943e+00
1.400000000000000000e+01 6.170124999999999638e+00
1.500000000000000000e+01 7.495123999999999675e+00
1.600000000000000000e+01 9.109645000000000437e+00
1.700000000000000000e+01 5.901913000000000409e+00
1.800000000000000000e+01 6.414992999999999945e+00
1.900000000000000000e+01 2.085247999999999990e+01
1.000000000000000000e+00 1.733543999999999974e+00
2.000000000000000000e+00 1.690063999999999922e+01
3.000000000000000000e+00 0.000000000000000000e+00
4.000000000000000000e+00 0.000000000000000000e+00
5.000000000000000000e+00 5.604014999999999969e-01
6.000000000000000000e+00 1.660266000000000020e+00
7.000000000000000000e+00 1.876643999999999979e+00
8.000000000000000000e+00 2.918239999999999945e+00
9.000000000000000000e+00 1.165394999999999959e+00
1.000000000000000000e+01 6.744798000000000293e+00
1.100000000000000000e+01 9.730337999999999710e+00
1.200000000000000000e+01 7.673091000000000328e+00
1.300000000000000000e+01 1.034683000000000064e+01
1.400000000000000000e+01 4.585696000000000438e+00
1.500000000000000000e+01 6.591160999999999603e+00
1.600000000000000000e+01 1.032661000000000051e+01
1.700000000000000000e+01 7.386370999999999576e+00
1.800000000000000000e+01 7.284759000000000206e+00
1.900000000000000000e+01 1.989666000000000068e+01
1.000000000000000000e+00 6.049530999999999992e+00
2.000000000000000000e+00 1.489337000000000089e+01
3.000000000000000000e+00 0.000000000000000000e+00
4.000000000000000000e+00 1.846153999999999851e-02
5.000000000000000000e+00 6.577976000000000656e-02
6.000000000000000000e+00 1.261973000000000011e+00
7.000000000000000000e+00 1.445705000000000018e+00
8.000000000000000000e+00 2.042114000000000207e+00
9.000000000000000000e+00 1.534335000000000004e+00
1.000000000000000000e+01 8.686391000000000417e+00
1.100000000000000000e+01 1.065942000000000078e+01
1.200000000000000000e+01 8.035956000000000543e+00
1.300000000000000000e+01 7.288183000000000078e+00
1.400000000000000000e+01 6.289261999999999908e+00
1.500000000000000000e+01 6.990663999999999767e+00
1.600000000000000000e+01 9.188511999999999347e+00
1.700000000000000000e+01 6.641783000000000214e+00
1.800000000000000000e+01 7.138943000000000261e+00
1.900000000000000000e+01 1.847556000000000154e+01
1.000000000000000000e+00 1.598343999999999987e+00
2.000000000000000000e+00 1.521230000000000082e+01
3.000000000000000000e+00 0.000000000000000000e+00
4.000000000000000000e+00 4.488889000000000074e-02
5.000000000000000000e+00 0.000000000000000000e+00
6.000000000000000000e+00 1.219368999999999925e+00
7.000000000000000000e+00 8.205103000000000257e-01
8.000000000000000000e+00 4.000703999999999816e+00
9.000000000000000000e+00 1.978404999999999969e+00
1.000000000000000000e+01 7.043136999999999759e+00
1.100000000000000000e+01 1.171293000000000006e+01
1.200000000000000000e+01 1.011640000000000050e+01
1.300000000000000000e+01 7.793363000000000262e+00
1.400000000000000000e+01 6.468065000000000175e+00
1.500000000000000000e+01 5.275354000000000099e+00
1.600000000000000000e+01 1.110594000000000037e+01
1.700000000000000000e+01 1.221378999999999948e+01
1.800000000000000000e+01 5.527720000000000411e+00
1.900000000000000000e+01 1.470950000000000024e+01
1.000000000000000000e+00 4.128707000000000349e+00
2.000000000000000000e+00 1.711965000000000003e+01
3.000000000000000000e+00 0.000000000000000000e+00
4.000000000000000000e+00 0.000000000000000000e+00
5.000000000000000000e+00 6.552128000000000396e-01
6.000000000000000000e+00 1.410897999999999985e+00
7.000000000000000000e+00 8.105381000000000391e-01
8.000000000000000000e+00 3.931675999999999949e+00
9.000000000000000000e+00 1.842859999999999943e+00
1.000000000000000000e+01 7.741953999999999780e+00
1.100000000000000000e+01 8.221735000000000682e+00
1.200000000000000000e+01 8.089957000000000065e+00
1.300000000000000000e+01 7.391154000000000224e+00
1.400000000000000000e+01 4.546584000000000181e+00
1.500000000000000000e+01 5.234458000000000055e+00
1.600000000000000000e+01 1.066798999999999964e+01
1.700000000000000000e+01 8.294520000000000337e+00
1.800000000000000000e+01 7.088582999999999856e+00
1.900000000000000000e+01 2.005699999999999861e+01
1.000000000000000000e+00 2.387537000000000020e+00
2.000000000000000000e+00 1.774815999999999860e+01
3.000000000000000000e+00 0.000000000000000000e+00
4.000000000000000000e+00 3.272727000000000275e-02
5.000000000000000000e+00 1.904762000000000122e-02
6.000000000000000000e+00 1.439475000000000060e+00
7.000000000000000000e+00 8.554635000000000433e-01
8.000000000000000000e+00 2.697134000000000142e+00
9.000000000000000000e+00 1.501378000000000101e+00
1.000000000000000000e+01 1.106977000000000011e+01
1.100000000000000000e+01 9.826907999999999532e+00
1.200000000000000000e+01 9.104540000000000077e+00
1.300000000000000000e+01 8.633592000000000155e+00
1.400000000000000000e+01 5.903254999999999697e+00
1.500000000000000000e+01 3.268238000000000198e+00
1.600000000000000000e+01 1.093439000000000050e+01
1.700000000000000000e+01 8.636397999999999797e+00
1.800000000000000000e+01 4.990639999999999965e+00
1.900000000000000000e+01 1.777381000000000100e+01
1.000000000000000000e+00 3.844310000000000116e+00
2.000000000000000000e+00 1.768312999999999846e+01
3.000000000000000000e+00 0.000000000000000000e+00
4.000000000000000000e+00 3.424311000000000021e-02
5.000000000000000000e+00 1.638921000000000128e-01
6.000000000000000000e+00 1.962334999999999940e+00
7.000000000000000000e+00 1.213468999999999909e+00
8.000000000000000000e+00 3.219095999999999957e+00
9.000000000000000000e+00 2.451600000000000001e+00
1.000000000000000000e+01 8.277927999999999287e+00
1.100000000000000000e+01 9.554538000000000864e+00
1.200000000000000000e+01 6.687990000000000101e+00
1.300000000000000000e+01 8.683600000000000207e+00
1.400000000000000000e+01 4.728429000000000215e+00
1.500000000000000000e+01 3.357439999999999980e+00
1.600000000000000000e+01 1.089911000000000030e+01
1.700000000000000000e+01 8.092598000000000624e+00
1.800000000000000000e+01 5.828200999999999965e+00
1.900000000000000000e+01 2.070099000000000089e+01
1.000000000000000000e+00 3.768658999999999981e+00
2.000000000000000000e+00 1.520195999999999970e+01
3.000000000000000000e+00 0.000000000000000000e+00
4.000000000000000000e+00 0.000000000000000000e+00
5.000000000000000000e+00 1.039608000000000060e-01
6.000000000000000000e+00 1.306513000000000035e+00
7.000000000000000000e+00 1.601180000000000048e+00
8.000000000000000000e+00 2.814792999999999878e+00
9.000000000000000000e+00 1.736833000000000071e+00
1.000000000000000000e+01 8.160104999999999720e+00
1.100000000000000000e+01 8.792877999999999972e+00
1.200000000000000000e+01 9.657750000000000057e+00
1.300000000000000000e+01 7.461059999999999803e+00
1.400000000000000000e+01 7.045031999999999961e+00
1.500000000000000000e+01 4.507604999999999862e+00
1.600000000000000000e+01 1.011011000000000060e+01
1.700000000000000000e+01 7.983456000000000330e+00
1.800000000000000000e+01 8.948111000000000814e+00
1.900000000000000000e+01 1.776782000000000039e+01
1.000000000000000000e+00 2.246993999999999936e+00
2.000000000000000000e+00 1.969162000000000035e+01
3.000000000000000000e+00 0.000000000000000000e+00
4.000000000000000000e+00 1.882353000000000151e-02
5.000000000000000000e+00 1.557921999999999918e-01
6.000000000000000000e+00 1.413181999999999938e+00
7.000000000000000000e+00 1.854899999999999993e+00
8.000000000000000000e+00 3.606860999999999873e+00
9.000000000000000000e+00 1.635874000000000050e+00
1.000000000000000000e+01 7.573165000000000369e+00
1.100000000000000000e+01 1.058384000000000036e+01
1.200000000000000000e+01 1.057520000000000060e+01
1.300000000000000000e+01 7.898895999999999695e+00
1.400000000000000000e+01 4.659403000000000183e+00
1.500000000000000000e+01 3.669515000000000082e+00
1.600000000000000000e+01 1.069567999999999941e+01
1.700000000000000000e+01 7.359205000000000219e+00
1.800000000000000000e+01 6.636522000000000254e+00
1.900000000000000000e+01 1.621959999999999980e+01
1.000000000000000000e+00 3.354455000000000187e+00
2.000000000000000000e+00 1.574131999999999998e+01
3.000000000000000000e+00 0.000000000000000000e+00
4.000000000000000000e+00 3.703296999999999839e-02
5.000000000000000000e+00 2.455162999999999929e-01
6.000000000000000000e+00 2.048135999999999957e+00
7.000000000000000000e+00 1.940374999999999961e+00
8.000000000000000000e+00 2.360546999999999951e+00
9.000000000000000000e+00 2.087509999999999977e+00
1.000000000000000000e+01 8.420317999999999969e+00
1.100000000000000000e+01 1.082911000000000001e+01
1.200000000000000000e+01 7.188786999999999594e+00
1.300000000000000000e+01 8.733527000000000484e+00
1.400000000000000000e+01 5.188855000000000217e+00
1.500000000000000000e+01 5.750575000000000436e+00
1.600000000000000000e+01 1.039193999999999996e+01
1.700000000000000000e+01 7.934376000000000317e+00
1.800000000000000000e+01 7.887233000000000160e+00
1.900000000000000000e+01 1.693372000000000099e+01
1.000000000000000000e+00 3.068910999999999945e+00
2.000000000000000000e+00 1.513645999999999958e+01
3.000000000000000000e+00 0.000000000000000000e+00
4.000000000000000000e+00 1.980535999999999963e-01
5.000000000000000000e+00 1.790120000000000045e-01
6.000000000000000000e+00 1.653939000000000048e+00
7.000000000000000000e+00 1.425580000000000069e+00
8.000000000000000000e+00 4.207081999999999766e+00
9.000000000000000000e+00 2.003429999999999822e+00
1.000000000000000000e+01 7.721937999999999747e+00
1.100000000000000000e+01 1.033492999999999995e+01
1.200000000000000000e+01 7.803490000000000038e+00
1.300000000000000000e+01 6.605107000000000284e+00
1.400000000000000000e+01 6.409562000000000204e+00
1.500000000000000000e+01 4.509972000000000314e+00
1.600000000000000000e+01 9.549944999999999240e+00
1.700000000000000000e+01 9.126678000000000068e+00
1.800000000000000000e+01 7.781981000000000037e+00
1.900000000000000000e+01 1.959769000000000005e+01
1.000000000000000000e+00 2.154962999999999962e+00
2.000000000000000000e+00 2.143811000000000178e+01
3.000000000000000000e+00 0.000000000000000000e+00
4.000000000000000000e+00 7.480937999999999477e-02
5.000000000000000000e+00 3.180735000000000090e-01
6.000000000000000000e+00 1.321642999999999901e+00
7.000000000000000000e+00 1.323620000000000019e+00
8.000000000000000000e+00 3.512650999999999968e+00
9.000000000000000000e+00 2.627657999999999827e+00
1.000000000000000000e+01 7.228665999999999592e+00
1.100000000000000000e+01 7.060048000000000101e+00
1.200000000000000000e+01 8.137577999999999534e+00
1.300000000000000000e+01 5.475054000000000087e+00
1.400000000000000000e+01 6.605294999999999916e+00
1.500000000000000000e+01 4.015712999999999866e+00
1.600000000000000000e+01 1.311860000000000070e+01
1.700000000000000000e+01 8.109814999999999330e+00
1.800000000000000000e+01 5.147382999999999598e+00
1.900000000000000000e+01 1.918640999999999863e+01
1.000000000000000000e+00 2.855538000000000132e+00
2.000000000000000000e+00 1.466239000000000026e+01
3.000000000000000000e+00 0.000000000000000000e+00
4.000000000000000000e+00 1.485238000000000114e-01
5.000000000000000000e+00 6.662329999999999641e-02
6.000000000000000000e+00 1.224976999999999983e+00
7.000000000000000000e+00 1.627768000000000104e+00
8.000000000000000000e+00 4.766428000000000331e+00
9.000000000000000000e+00 2.867335000000000189e+00
1.000000000000000000e+01 8.035743999999999332e+00
1.100000000000000000e+01 8.976971999999999952e+00
1.200000000000000000e+01 7.901102999999999987e+00
1.300000000000000000e+01 6.813807999999999865e+00
1.400000000000000000e+01 4.197677999999999798e+00
1.500000000000000000e+01 5.346773999999999916e+00
1.600000000000000000e+01 1.325112999999999985e+01
1.700000000000000000e+01 6.450676999999999772e+00
1.800000000000000000e+01 6.259974999999999845e+00
1.900000000000000000e+01 2.172931000000000168e+01
1.000000000000000000e+00 2.783240999999999854e+00
2.000000000000000000e+00 1.317645000000000088e+01
3.000000000000000000e+00 0.000000000000000000e+00
4.000000000000000000e+00 3.327990000000000115e-02
5.000000000000000000e+00 1.458843999999999974e-01
6.000000000000000000e+00 1.030594000000000010e+00
7.000000000000000000e+00 1.182414000000000076e+00
8.000000000000000000e+00 3.909650000000000070e+00
9.000000000000000000e+00 2.887880000000000003e+00
1.000000000000000000e+01 8.976338999999999402e+00
1.100000000000000000e+01 1.184256000000000064e+01
1.200000000000000000e+01 7.531865999999999950e+00
1.300000000000000000e+01 6.453333999999999904e+00
1.400000000000000000e+01 7.271293000000000006e+00
1.500000000000000000e+01 6.546095000000000219e+00
1.600000000000000000e+01 1.079664999999999964e+01
1.700000000000000000e+01 7.901928999999999981e+00
1.800000000000000000e+01 4.330270999999999759e+00
1.900000000000000000e+01 2.028853000000000151e+01
1.000000000000000000e+00 1.770656999999999925e+00
2.000000000000000000e+00 1.781109999999999971e+01
3.000000000000000000e+00 0.000000000000000000e+00
4.000000000000000000e+00 0.000000000000000000e+00
5.000000000000000000e+00 2.793574999999999808e-01
6.000000000000000000e+00 8.088617999999999642e-01
7.000000000000000000e+00 1.444166000000000061e+00
8.000000000000000000e+00 2.002218000000000053e+00
9.000000000000000000e+00 1.936063000000000089e+00
1.000000000000000000e+01 7.654875999999999792e+00
1.100000000000000000e+01 9.800404000000000337e+00
1.200000000000000000e+01 6.801059000000000410e+00
1.300000000000000000e+01 6.580165000000000042e+00
1.400000000000000000e+01 7.267553000000000374e+00
1.500000000000000000e+01 7.641274000000000122e+00
1.600000000000000000e+01 9.966284999999999172e+00
1.700000000000000000e+01 6.021582999999999686e+00
1.800000000000000000e+01 7.817361000000000004e+00
1.900000000000000000e+01 2.141064000000000078e+01
1.000000000000000000e+00 3.574777999999999789e+00
2.000000000000000000e+00 1.644493999999999900e+01
3.000000000000000000e+00 0.000000000000000000e+00
4.000000000000000000e+00 2.023197999999999941e-01
5.000000000000000000e+00 6.354574999999999807e-02
6.000000000000000000e+00 9.981022999999999978e-01
7.000000000000000000e+00 1.130039000000000016e+00
8.000000000000000000e+00 3.373759999999999870e+00
9.000000000000000000e+00 1.944577000000000000e+00
1.000000000000000000e+01 7.399954000000000143e+00
1.100000000000000000e+01 1.125079000000000029e+01
1.200000000000000000e+01 6.961212999999999873e+00
1.300000000000000000e+01 7.459660999999999653e+00
1.400000000000000000e+01 5.890081999999999596e+00
1.500000000000000000e+01 7.451144000000000212e+00
1.600000000000000000e+01 8.474747999999999948e+00
1.700000000000000000e+01 9.035322999999999993e+00
1.800000000000000000e+01 5.227149999999999963e+00
1.900000000000000000e+01 2.031237000000000137e+01
1.000000000000000000e+00 3.972961000000000187e+00
2.000000000000000000e+00 1.652177000000000007e+01
3.000000000000000000e+00 0.000000000000000000e+00
4.000000000000000000e+00 3.585787999999999753e-01
5.000000000000000000e+00 1.028704000000000007e-01
6.000000000000000000e+00 1.426474000000000020e+00
7.000000000000000000e+00 1.651960000000000095e+00
8.000000000000000000e+00 3.297254999999999825e+00
9.000000000000000000e+00 2.285886999999999780e+00
1.000000000000000000e+01 6.230450000000000266e+00
1.100000000000000000e+01 1.227128000000000085e+01
1.200000000000000000e+01 5.901180000000000092e+00
1.300000000000000000e+01 7.940827999999999776e+00
1.400000000000000000e+01 8.669575000000000031e+00
1.500000000000000000e+01 5.713902000000000037e+00
1.600000000000000000e+01 9.519152000000000058e+00
1.700000000000000000e+01 6.608201000000000214e+00
1.800000000000000000e+01 5.341444000000000081e+00
1.900000000000000000e+01 1.884653000000000134e+01
1.000000000000000000e+00 2.867090999999999834e+00
2.000000000000000000e+00 1.819391999999999854e+01
3.000000000000000000e+00 0.000000000000000000e+00
4.000000000000000000e+00 2.412366999999999984e-01
5.000000000000000000e+00 2.102131000000000138e-01
6.000000000000000000e+00 1.092314000000000007e+00
7.000000000000000000e+00 1.665572000000000052e+00
8.000000000000000000e+00 2.826827000000000201e+00
9.000000000000000000e+00 1.960110999999999937e+00
1.000000000000000000e+01 8.709035999999999333e+00
1.100000000000000000e+01 9.164764999999999162e+00
1.200000000000000000e+01 8.861418000000000461e+00
1.300000000000000000e+01 6.271987000000000201e+00
1.400000000000000000e+01 5.657446000000000197e+00
1.500000000000000000e+01 3.494368000000000141e+00
1.600000000000000000e+01 1.077427999999999919e+01
1.700000000000000000e+01 5.361225000000000129e+00
1.800000000000000000e+01 5.662316999999999823e+00
1.900000000000000000e+01 2.406775000000000020e+01
1.000000000000000000e+00 3.032197000000000031e+00
2.000000000000000000e+00 1.872541999999999973e+01
3.000000000000000000e+00 0.000000000000000000e+00
4.000000000000000000e+00 1.675624000000000002e-01
5.000000000000000000e+00 5.054163999999999879e-01
6.000000000000000000e+00 1.377183000000000046e+00
7.000000000000000000e+00 2.078263999999999889e+00
8.000000000000000000e+00 3.733823999999999810e+00
9.000000000000000000e+00 2.164807000000000148e+00
1.000000000000000000e+01 1.004962000000000089e+01
1.100000000000000000e+01 7.325351000000000390e+00
1.200000000000000000e+01 8.174388999999999683e+00
1.300000000000000000e+01 7.297640000000000349e+00
1.400000000000000000e+01 6.646683000000000341e+00
1.500000000000000000e+01 4.614075999999999844e+00
1.600000000000000000e+01 1.085942999999999969e+01
1.700000000000000000e+01 6.783358999999999916e+00
1.800000000000000000e+01 5.606873000000000218e+00
1.900000000000000000e+01 1.820514999999999972e+01
1.000000000000000000e+00 2.613681000000000143e+00
2.000000000000000000e+00 1.849730999999999881e+01
3.000000000000000000e+00 0.000000000000000000e+00
4.000000000000000000e+00 0.000000000000000000e+00
5.000000000000000000e+00 3.859209000000000112e-01
6.000000000000000000e+00 1.470007999999999981e+00
7.000000000000000000e+00 1.419143000000000043e+00
8.000000000000000000e+00 1.799330000000000096e+00
9.000000000000000000e+00 2.226614000000000093e+00
1.000000000000000000e+01 7.687458000000000347e+00
1.100000000000000000e+01 9.611615000000000464e+00
1.200000000000000000e+01 6.730349000000000359e+00
1.300000000000000000e+01 7.415352000000000388e+00
1.400000000000000000e+01 4.260106999999999644e+00
1.500000000000000000e+01 7.069175999999999682e+00
1.600000000000000000e+01 1.215099999999999980e+01
1.700000000000000000e+01 6.941942000000000057e+00
1.800000000000000000e+01 5.284613000000000227e+00
1.900000000000000000e+01 2.162303999999999959e+01
1.000000000000000000e+00 2.295371999999999968e+00
2.000000000000000000e+00 1.846124999999999972e+01
3.000000000000000000e+00 0.000000000000000000e+00
4.000000000000000000e+00 3.640186999999999728e-01
5.000000000000000000e+00 1.656930000000000069e-01
6.000000000000000000e+00 1.769395999999999969e+00
7.000000000000000000e+00 1.573247999999999980e+00
8.000000000000000000e+00 3.337934999999999874e+00
9.000000000000000000e+00 4.304837000000000025e+00
1.000000000000000000e+01 9.527860000000000440e+00
1.100000000000000000e+01 9.988022000000000844e+00
1.200000000000000000e+01 8.850661999999999807e+00
1.300000000000000000e+01 8.697162000000000504e+00
1.400000000000000000e+01 8.483074000000000225e+00
1.500000000000000000e+01 2.900024000000000157e+00
1.600000000000000000e+01 7.337866000000000000e+00
1.700000000000000000e+01 9.026882000000000517e+00
1.800000000000000000e+01 3.311958000000000180e+00
1.900000000000000000e+01 1.601445000000000007e+01
1.000000000000000000e+00 4.138912000000000369e+00
2.000000000000000000e+00 1.608504999999999896e+01
3.000000000000000000e+00 0.000000000000000000e+00
4.000000000000000000e+00 5.966666999999999804e-02
5.000000000000000000e+00 1.400164000000000131e-01
6.000000000000000000e+00 1.157283999999999979e+00
7.000000000000000000e+00 1.293366000000000016e+00
8.000000000000000000e+00 2.773607999999999851e+00
9.000000000000000000e+00 2.278064999999999785e+00
1.000000000000000000e+01 8.044031000000000375e+00
1.100000000000000000e+01 9.955880000000000507e+00
1.200000000000000000e+01 8.326945999999999515e+00
1.300000000000000000e+01 8.650824000000000069e+00
1.400000000000000000e+01 4.967259000000000313e+00
1.500000000000000000e+01 5.794908999999999644e+00
1.600000000000000000e+01 1.012634000000000079e+01
1.700000000000000000e+01 1.173076999999999970e+01
1.800000000000000000e+01 6.824557000000000428e+00
1.900000000000000000e+01 1.456540999999999997e+01
1.000000000000000000e+00 2.051499999999999879e+00
2.000000000000000000e+00 1.836617000000000033e+01
3.000000000000000000e+00 0.000000000000000000e+00
4.000000000000000000e+00 1.719048000000000104e-02
5.000000000000000000e+00 2.377811999999999981e-01
6.000000000000000000e+00 8.583441000000000543e-01
7.000000000000000000e+00 1.039808000000000066e+00
8.000000000000000000e+00 3.694278000000000173e+00
9.000000000000000000e+00 1.846953999999999985e+00
1.000000000000000000e+01 1.118401000000000067e+01
1.100000000000000000e+01 1.002754999999999974e+01
1.200000000000000000e+01 8.877886000000000166e+00
1.300000000000000000e+01 9.049742000000000175e+00
1.400000000000000000e+01 3.460948999999999831e+00
1.500000000000000000e+01 6.763164999999999871e+00
1.600000000000000000e+01 6.714959000000000344e+00
1.700000000000000000e+01 8.760640999999999678e+00
1.800000000000000000e+01 5.190483000000000402e+00
1.900000000000000000e+01 1.900308000000000064e+01
1.000000000000000000e+00 3.471781000000000006e+00
2.000000000000000000e+00 1.647522000000000020e+01
3.000000000000000000e+00 0.000000000000000000e+00
4.000000000000000000e+00 1.899999999999999953e-02
5.000000000000000000e+00 3.807780000000000192e-02
6.000000000000000000e+00 1.915408999999999917e+00
7.000000000000000000e+00 1.773905000000000065e+00
8.000000000000000000e+00 3.687206999999999901e+00
9.000000000000000000e+00 1.598128999999999911e+00
1.000000000000000000e+01 7.117251999999999690e+00
1.100000000000000000e+01 8.779192999999999358e+00
1.200000000000000000e+01 7.782879000000000325e+00
1.300000000000000000e+01 7.301003999999999827e+00
1.400000000000000000e+01 6.911150000000000126e+00
1.500000000000000000e+01 3.911077000000000137e+00
1.600000000000000000e+01 1.044862999999999964e+01
1.700000000000000000e+01 8.089629999999999654e+00
1.800000000000000000e+01 8.619699000000000666e+00
1.900000000000000000e+01 1.914264000000000010e+01
1.000000000000000000e+00 2.837702000000000169e+00
2.000000000000000000e+00 2.107066000000000017e+01
3.000000000000000000e+00 0.000000000000000000e+00
4.000000000000000000e+00 2.023314999999999975e-01
5.000000000000000000e+00 0.000000000000000000e+00
6.000000000000000000e+00 1.266394999999999937e+00
7.000000000000000000e+00 1.040694000000000008e+00
8.000000000000000000e+00 1.891947999999999963e+00
9.000000000000000000e+00 1.787099999999999911e+00
1.000000000000000000e+01 8.981607000000000340e+00
1.100000000000000000e+01 1.010066999999999915e+01
1.200000000000000000e+01 9.312557999999999225e+00
1.300000000000000000e+01 6.870726000000000333e+00
1.400000000000000000e+01 4.650883000000000322e+00
1.500000000000000000e+01 5.846137999999999835e+00
1.600000000000000000e+01 9.993524999999999991e+00
1.700000000000000000e+01 7.054331999999999603e+00
1.800000000000000000e+01 5.511396999999999657e+00
1.900000000000000000e+01 1.871697999999999951e+01
1.000000000000000000e+00 4.590951999999999700e+00
2.000000000000000000e+00 1.691878000000000171e+01
3.000000000000000000e+00 0.000000000000000000e+00
4.000000000000000000e+00 1.444208999999999909e-01
5.000000000000000000e+00 5.418181999999999859e-02
6.000000000000000000e+00 1.505835000000000035e+00
7.000000000000000000e+00 1.288292999999999910e+00
8.000000000000000000e+00 2.532585999999999782e+00
9.000000000000000000e+00 1.588395999999999919e+00
1.000000000000000000e+01 8.594509000000000398e+00
1.100000000000000000e+01 1.045794000000000068e+01
1.200000000000000000e+01 6.201812000000000324e+00
1.300000000000000000e+01 9.071018000000000470e+00
1.400000000000000000e+01 4.452282000000000295e+00
1.500000000000000000e+01 3.639222000000000179e+00
1.600000000000000000e+01 1.043804000000000087e+01
1.700000000000000000e+01 5.615550999999999959e+00
1.800000000000000000e+01 7.680822000000000038e+00
1.900000000000000000e+01 2.234130000000000038e+01
1.000000000000000000e+00 2.829973999999999990e+00
2.000000000000000000e+00 1.610322999999999993e+01
3.000000000000000000e+00 0.000000000000000000e+00
4.000000000000000000e+00 3.272526000000000046e-01
5.000000000000000000e+00 2.517982999999999749e-01
6.000000000000000000e+00 1.690482999999999958e+00
7.000000000000000000e+00 1.238010000000000055e+00
8.000000000000000000e+00 3.582835999999999910e+00
9.000000000000000000e+00 3.734769000000000005e+00
1.000000000000000000e+01 7.653122999999999898e+00
1.100000000000000000e+01 1.077630000000000088e+01
1.200000000000000000e+01 8.225075999999999610e+00
1.300000000000000000e+01 8.228279999999999816e+00
1.400000000000000000e+01 5.291133999999999560e+00
1.500000000000000000e+01 3.871824999999999850e+00
1.600000000000000000e+01 1.498581000000000074e+01
1.700000000000000000e+01 6.613533000000000328e+00
1.800000000000000000e+01 4.518214999999999648e+00
1.900000000000000000e+01 1.712937000000000154e+01
1.000000000000000000e+00 3.909820999999999991e+00
2.000000000000000000e+00 1.349718999999999980e+01
3.000000000000000000e+00 0.000000000000000000e+00
4.000000000000000000e+00 2.567065000000000041e-01
5.000000000000000000e+00 6.640152000000000554e-02
6.000000000000000000e+00 1.294626999999999972e+00
7.000000000000000000e+00 1.588251999999999997e+00
8.000000000000000000e+00 3.181372000000000089e+00
9.000000000000000000e+00 3.474333000000000116e+00
1.000000000000000000e+01 6.207105000000000317e+00
1.100000000000000000e+01 9.500975999999999644e+00
1.200000000000000000e+01 6.823039999999999772e+00
1.300000000000000000e+01 9.150183999999999429e+00
1.400000000000000000e+01 6.292383000000000060e+00
1.500000000000000000e+01 5.140667999999999793e+00
1.600000000000000000e+01 1.353936000000000028e+01
1.700000000000000000e+01 6.813799000000000383e+00
1.800000000000000000e+01 4.887158999999999587e+00
1.900000000000000000e+01 2.136344000000000065e+01
1.000000000000000000e+00 2.504411999999999860e+00
2.000000000000000000e+00 1.718249000000000137e+01
3.000000000000000000e+00 0.000000000000000000e+00
4.000000000000000000e+00 1.383987999999999885e-01
5.000000000000000000e+00 6.874687999999999632e-02
6.000000000000000000e+00 1.537644999999999929e+00
7.000000000000000000e+00 1.381850999999999940e+00
8.000000000000000000e+00 3.316786000000000012e+00
9.000000000000000000e+00 2.105805000000000149e+00
1.000000000000000000e+01 7.609402000000000221e+00
1.100000000000000000e+01 1.032662999999999975e+01
1.200000000000000000e+01 6.398671000000000220e+00
1.300000000000000000e+01 1.039954000000000001e+01
1.400000000000000000e+01 5.373231999999999786e+00
1.500000000000000000e+01 4.873711000000000126e+00
1.600000000000000000e+01 1.107047000000000025e+01
1.700000000000000000e+01 8.530499999999999972e+00
1.800000000000000000e+01 4.320565000000000211e+00
1.900000000000000000e+01 2.010185999999999851e+01
