1.000000000000000000e+00 2.341913332625406831e-06
2.000000000000000000e+00 -6.399732018927064645e-06
3.000000000000000000e+00 -6.074034324808317814e-06
4.000000000000000000e+00 -6.336284974055871698e-06
5.000000000000000000e+00 -4.566597832851702011e-06
6.000000000000000000e+00 -4.480426694048984733e-06
7.000000000000000000e+00 1.906847882080080134e-06
8.000000000000000000e+00 -4.665355284550330269e-06
9.000000000000000000e+00 -2.419063564574400380e-06
1.000000000000000000e+01 -1.575565817051884989e-06
1.100000000000000000e+01 1.125890793073455509e-05
1.200000000000000000e+01 -4.602380763371474945e-07
1.300000000000000000e+01 -1.676084493421954654e-06
1.400000000000000000e+01 -3.807295215963946429e-06
1.500000000000000000e+01 1.828941612223345965e-05
1.600000000000000000e+01 2.425893679763648461e-06
1.700000000000000000e+01 -2.215276983078840486e-07
1.800000000000000000e+01 6.848930223543226608e-06
1.900000000000000000e+01 -6.399732018927064645e-06
1.000000000000000000e+00 9.492571412076055749e-07
2.000000000000000000e+00 -4.947752625771201340e-06
3.000000000000000000e+00 -4.794740862852317813e-06
4.000000000000000000e+00 -4.748820151296930894e-06
5.000000000000000000e+00 -3.833155148944622501e-06
6.000000000000000000e+00 -4.593488726615660939e-06
7.000000000000000000e+00 -1.260907994654124643e-06
8.000000000000000000e+00 -3.581214107529896764e-06
9.000000000000000000e+00 2.180181359747923036e-06
1.000000000000000000e+01 2.768129703114222797e-07
1.100000000000000000e+01 -1.032550181156992143e-06
1.200000000000000000e+01 9.184142311077294868e-07
1.300000000000000000e+01 8.145878888912944477e-07
1.400000000000000000e+01 -2.090659598399536473e-06
1.500000000000000000e+01 3.880579344975629688e-06
1.600000000000000000e+01 1.327362008476559457e-08
1.700000000000000000e+01 -1.708344974598844565e-06
1.800000000000000000e+01 5.324439921963141341e-06
1.900000000000000000e+01 -4.947752625771201340e-06
1.000000000000000000e+00 1.769171660812527623e-06
2.000000000000000000e+00 -5.993232773418531519e-06
3.000000000000000000e+00 -5.705723584980550180e-06
4.000000000000000000e+00 -5.837987262135868751e-06
5.000000000000000000e+00 -4.853204930604310850e-06
6.000000000000000000e+00 -4.670037564774406296e-06
7.000000000000000000e+00 -3.483917183607586027e-06
8.000000000000000000e+00 -4.225650510480231563e-06
9.000000000000000000e+00 -4.630732184911751396e-07
1.000000000000000000e+01 1.309492021566324833e-06
1.100000000000000000e+01 -1.998259738197818460e-06
1.200000000000000000e+01 -4.829621702686717189e-07
1.300000000000000000e+01 -6.233876202916450057e-07
1.400000000000000000e+01 -3.358999102033157389e-06
1.500000000000000000e+01 9.242992989123020035e-07
1.600000000000000000e+01 -2.181942584419364442e-06
1.700000000000000000e+01 -1.927638924542949108e-06
1.800000000000000000e+01 4.017267562159202724e-06
1.900000000000000000e+01 -5.993232773418531519e-06
1.000000000000000000e+00 3.663175489800876697e-06
2.000000000000000000e+00 -4.590266974167902858e-06
3.000000000000000000e+00 -4.533349347590833260e-06
4.000000000000000000e+00 -4.528022716877205448e-06
5.000000000000000000e+00 -3.498178807776330804e-06
6.000000000000000000e+00 -3.716227013440635581e-06
7.000000000000000000e+00 1.845849369069183231e-07
8.000000000000000000e+00 -2.690592860871498282e-06
9.000000000000000000e+00 -5.830512796457068249e-07
1.000000000000000000e+01 2.193798633427116028e-06
1.100000000000000000e+01 8.243390596331771487e-08
1.200000000000000000e+01 8.083591674922943473e-07
1.300000000000000000e+01 1.482607519759222378e-06
1.400000000000000000e+01 -1.623677320271747344e-06
1.500000000000000000e+01 2.576499867521539219e-06
1.600000000000000000e+01 3.674945625410021624e-07
1.700000000000000000e+01 -1.782703021093113798e-07
1.800000000000000000e+01 2.896956844325265001e-06
1.900000000000000000e+01 -4.590266974167902858e-06
1.000000000000000000e+00 3.261014870921991273e-06
2.000000000000000000e+00 -7.658921745609050628e-06
3.000000000000000000e+00 -7.344951230400146296e-06
4.000000000000000000e+00 -7.347528632358353439e-06
5.000000000000000000e+00 -6.117291721006891251e-06
6.000000000000000000e+00 -5.806757741742261697e-06
7.000000000000000000e+00 -2.605151985956939130e-06
8.000000000000000000e+00 -5.542616997725356474e-06
9.000000000000000000e+00 -1.708344974598844565e-06
1.000000000000000000e+01 -2.194528897315275000e-06
1.100000000000000000e+01 6.383365516492450825e-08
1.200000000000000000e+01 7.379960940332456824e-08
1.300000000000000000e+01 6.353295826980037250e-08
1.400000000000000000e+01 -3.920314291831319465e-06
1.500000000000000000e+01 1.155900343206844741e-05
1.600000000000000000e+01 -2.274557228117599470e-07
1.700000000000000000e+01 -4.785376302404165760e-06
1.800000000000000000e+01 2.087652629448294666e-06
1.900000000000000000e+01 -7.658921745609050628e-06
1.000000000000000000e+00 4.771501288529152055e-06
2.000000000000000000e+00 -5.485183890756645448e-06
3.000000000000000000e+00 -4.787180483774910760e-06
4.000000000000000000e+00 -5.400902846723279511e-06
5.000000000000000000e+00 -4.681077436495392992e-06
6.000000000000000000e+00 -4.443612802745929153e-06
7.000000000000000000e+00 -2.318931498498061786e-06
8.000000000000000000e+00 -2.907781932549734153e-06
9.000000000000000000e+00 -1.756843088112437779e-06
1.000000000000000000e+01 -3.664636017577193584e-07
1.100000000000000000e+01 -1.364734336870559682e-07
1.200000000000000000e+01 -2.929217325502154912e-07
1.300000000000000000e+01 4.057947556399568171e-06
1.400000000000000000e+01 -2.340624631646303260e-06
1.500000000000000000e+01 2.739692368175340112e-06
1.600000000000000000e+01 2.110892203771460478e-07
1.700000000000000000e+01 6.397970794255623662e-07
1.800000000000000000e+01 6.464381851378754823e-06
1.900000000000000000e+01 -5.485183890756645448e-06
1.000000000000000000e+00 3.924481091663754063e-06
2.000000000000000000e+00 -5.208499790543134108e-06
3.000000000000000000e+00 -4.988690360207387501e-06
4.000000000000000000e+00 -5.157080621476905850e-06
5.000000000000000000e+00 -4.244078934481410939e-06
6.000000000000000000e+00 -4.438200258633695001e-06
7.000000000000000000e+00 -2.973119072190279287e-06
8.000000000000000000e+00 -3.302768782644943594e-06
9.000000000000000000e+00 -1.170054575627330916e-06
1.000000000000000000e+01 6.670745834832521542e-07
1.100000000000000000e+01 -3.978219922492368221e-07
1.200000000000000000e+01 2.126313658821398416e-06
1.300000000000000000e+01 2.524994785056704197e-06
1.400000000000000000e+01 -2.127645316499805581e-06
1.500000000000000000e+01 4.061470005742450983e-06
1.600000000000000000e+01 2.996788213506479710e-06
1.700000000000000000e+01 -5.557308188887135493e-07
1.800000000000000000e+01 1.282261769877868786e-05
1.900000000000000000e+01 -5.208499790543134108e-06
1.000000000000000000e+00 6.998290667021316965e-06
2.000000000000000000e+00 -5.304121403192609779e-06
3.000000000000000000e+00 -4.772789989508255626e-06
4.000000000000000000e+00 -5.269240563358210402e-06
5.000000000000000000e+00 -3.406165557868343863e-06
6.000000000000000000e+00 -3.208908394666908483e-06
7.000000000000000000e+00 -1.662510176442064833e-06
8.000000000000000000e+00 -2.198781610546316362e-06
9.000000000000000000e+00 1.795718900982058862e-06
1.000000000000000000e+01 1.894777049575811005e-06
1.100000000000000000e+01 -2.004488459596818349e-06
1.200000000000000000e+01 2.361415674109172233e-06
1.300000000000000000e+01 2.795192423675395676e-07
1.400000000000000000e+01 -1.172460150788324107e-06
1.500000000000000000e+01 5.963506737500544734e-06
1.600000000000000000e+01 -1.604733415878926541e-06
1.700000000000000000e+01 -9.347377768430399778e-07
1.800000000000000000e+01 5.574920435601549555e-06
1.900000000000000000e+01 -5.304121403192609779e-06
1.000000000000000000e+00 2.982741372834252054e-06
2.000000000000000000e+00 -6.098304859914766430e-06
3.000000000000000000e+00 -6.098304859914766430e-06
4.000000000000000000e+00 -5.630033880807874153e-06
5.000000000000000000e+00 -3.861119960191167456e-06
6.000000000000000000e+00 -4.244465544775142010e-06
7.000000000000000000e+00 -3.234166933857335938e-06
8.000000000000000000e+00 -3.641052789659600559e-06
9.000000000000000000e+00 3.199930444512487501e-06
1.000000000000000000e+01 4.290515126428438757e-07
1.100000000000000000e+01 -1.815221242465824476e-06
1.200000000000000000e+01 8.593058128661843473e-07
1.300000000000000000e+01 -1.641590263881285503e-06
1.400000000000000000e+01 -2.889224638450644420e-06
1.500000000000000000e+01 6.082711578067614912e-06
1.600000000000000000e+01 4.082132178107409600e-06
1.700000000000000000e+01 1.691377078373982288e-06
1.800000000000000000e+01 6.172018555919483930e-06
1.900000000000000000e+01 -6.098304859914766430e-06
1.000000000000000000e+00 2.865727323931657947e-06
2.000000000000000000e+00 -4.944831570218566296e-06
3.000000000000000000e+00 -4.508778115589260760e-06
4.000000000000000000e+00 -4.836881384869000359e-06
5.000000000000000000e+00 -3.134464434774032010e-06
6.000000000000000000e+00 -2.282847871083165179e-06
7.000000000000000000e+00 -3.058345163608321318e-06
8.000000000000000000e+00 -3.261659221411543059e-06
9.000000000000000000e+00 2.613485585621808009e-07
1.000000000000000000e+01 1.803751803751803697e-07
1.100000000000000000e+01 -6.592564642100244924e-07
1.200000000000000000e+01 1.104416739091661580e-07
1.300000000000000000e+01 8.958190072741156196e-07
1.400000000000000000e+01 -3.041806834376493706e-06
1.500000000000000000e+01 2.555708825058670246e-06
1.600000000000000000e+01 -2.408968740238089778e-06
1.700000000000000000e+01 -1.189041436719455260e-07
1.800000000000000000e+01 5.399785972541390313e-06
1.900000000000000000e+01 -4.944831570218566296e-06
1.000000000000000000e+00 4.412683979247445984e-06
2.000000000000000000e+00 -5.297377201401968885e-06
3.000000000000000000e+00 -5.280838872170140850e-06
4.000000000000000000e+00 -5.023356416545271027e-06
5.000000000000000000e+00 -3.959276018099547099e-06
6.000000000000000000e+00 -3.246366636459515425e-06
7.000000000000000000e+00 -1.191489968579751675e-06
8.000000000000000000e+00 -1.658729986903361306e-06
9.000000000000000000e+00 1.753707249063286038e-06
1.000000000000000000e+01 5.153944782427753685e-07
1.100000000000000000e+01 -3.830878443881539454e-07
1.200000000000000000e+01 6.656140557069349499e-07
1.300000000000000000e+01 -1.520667155342077777e-08
1.400000000000000000e+01 -1.526509266447346753e-06
1.500000000000000000e+01 4.249190781698521207e-06
1.600000000000000000e+01 -1.335953348337249216e-08
1.700000000000000000e+01 -2.725173003810774303e-07
1.800000000000000000e+01 6.165059570632325493e-06
1.900000000000000000e+01 -5.297377201401968885e-06
1.000000000000000000e+00 4.559853631061061117e-06
2.000000000000000000e+00 -6.271849925100699063e-06
3.000000000000000000e+00 -5.867670341354551519e-06
4.000000000000000000e+00 -6.184347128619574198e-06
5.000000000000000000e+00 -5.202958376332988751e-06
6.000000000000000000e+00 -5.270658134435223484e-06
7.000000000000000000e+00 -3.715281966055959488e-06
8.000000000000000000e+00 -4.097940243451078662e-06
9.000000000000000000e+00 2.241265786157426809e-06
1.000000000000000000e+01 -1.142003850982178985e-06
1.100000000000000000e+01 2.500552423153042054e-06
1.200000000000000000e+01 1.506534401271243304e-06
1.300000000000000000e+01 2.721736467866498466e-07
1.400000000000000000e+01 -3.026385379326555715e-06
1.500000000000000000e+01 1.009508207650622491e-05
1.600000000000000000e+01 1.088265020153564933e-06
1.700000000000000000e+01 -2.975180993756844895e-07
1.800000000000000000e+01 5.306054454661265136e-06
1.900000000000000000e+01 -6.271849925100699063e-06
1.000000000000000000e+00 8.492109885298739566e-07
2.000000000000000000e+00 -4.186302173918272858e-06
3.000000000000000000e+00 -3.901671084333622546e-06
4.000000000000000000e+00 -4.111042036738631072e-06
5.000000000000000000e+00 -3.366946091404295514e-06
6.000000000000000000e+00 -3.328328018730495358e-06
7.000000000000000000e+00 -1.014894977743274911e-06
8.000000000000000000e+00 -1.763716160000989665e-06
9.000000000000000000e+00 1.847138070048286645e-09
1.000000000000000000e+01 3.889815035325870537e-06
1.100000000000000000e+01 8.277755955774531182e-08
1.200000000000000000e+01 -1.993190847680011733e-07
1.300000000000000000e+01 7.796211356582873550e-07
1.400000000000000000e+01 -1.913592083870721451e-06
1.500000000000000000e+01 6.050408140191421831e-06
1.600000000000000000e+01 -8.301382140391427959e-07
1.700000000000000000e+01 2.110548550177032947e-06
1.800000000000000000e+01 6.089155082963131921e-06
1.900000000000000000e+01 -4.186302173918272858e-06
1.000000000000000000e+00 3.851454702847891519e-06
2.000000000000000000e+00 -5.366709314077735090e-06
3.000000000000000000e+00 -4.945175223812994198e-06
4.000000000000000000e+00 -4.970433763003421654e-06
5.000000000000000000e+00 -4.270712088049549153e-06
6.000000000000000000e+00 -3.781005715990235693e-06
7.000000000000000000e+00 -6.294015581941277736e-07
8.000000000000000000e+00 -3.547278315080172634e-06
9.000000000000000000e+00 2.158402313201074799e-06
1.000000000000000000e+01 3.944284130042643667e-07
1.100000000000000000e+01 1.486301795899318876e-07
1.200000000000000000e+01 -1.002609361742488581e-07
1.300000000000000000e+01 2.011361531485370447e-06
1.400000000000000000e+01 -2.125239741338812389e-06
1.500000000000000000e+01 4.261863007993038528e-06
1.600000000000000000e+01 -6.919894690792523439e-07
1.700000000000000000e+01 -3.029435304977100269e-06
1.800000000000000000e+01 7.021143631050751653e-06
1.900000000000000000e+01 -5.366709314077735090e-06
1.000000000000000000e+00 7.337820418315774331e-06
2.000000000000000000e+00 -6.485817244331175582e-06
3.000000000000000000e+00 -6.366655360463409421e-06
4.000000000000000000e+00 -6.237269782161422724e-06
5.000000000000000000e+00 -4.052663882385244376e-06
6.000000000000000000e+00 -5.267264555190251029e-06
7.000000000000000000e+00 9.789402204262884489e-07
8.000000000000000000e+00 -4.344296913956356296e-06
9.000000000000000000e+00 -3.661629048625952623e-07
1.000000000000000000e+01 -1.322937468448304297e-06
1.100000000000000000e+01 -1.229850301057731223e-07
1.200000000000000000e+01 -1.358935182464594141e-06
1.300000000000000000e+01 2.842015225916154354e-06
1.400000000000000000e+01 4.766904921703682897e-07
1.500000000000000000e+01 6.646518256425376520e-06
1.600000000000000000e+01 -1.844474754691472791e-06
1.700000000000000000e+01 -3.228668476346494599e-06
1.800000000000000000e+01 6.521686088249555492e-06
1.900000000000000000e+01 -6.485817244331175582e-06
1.000000000000000000e+00 3.302511042449122880e-07
2.000000000000000000e+00 -6.464768461672485894e-06
3.000000000000000000e+00 -6.232974112231077769e-06
4.000000000000000000e+00 -6.464768461672485894e-06
5.000000000000000000e+00 -5.298708859080375626e-06
6.000000000000000000e+00 -5.480630480630480626e-06
7.000000000000000000e+00 -4.500530429322998751e-06
8.000000000000000000e+00 -3.574126252144827969e-06
9.000000000000000000e+00 5.364003042021617802e-07
1.000000000000000000e+01 8.934993455117292972e-08
1.100000000000000000e+01 7.044898685765558734e-08
1.200000000000000000e+01 1.707958364305113494e-06
1.300000000000000000e+01 -1.300728854908421395e-06
1.400000000000000000e+01 -3.447403989199654755e-06
1.500000000000000000e+01 1.054887664794785402e-06
1.600000000000000000e+01 -5.465380852377755526e-07
1.700000000000000000e+01 -4.076161196904230637e-07
1.800000000000000000e+01 1.552154415931505703e-06
1.900000000000000000e+01 -6.464768461672485894e-06
1.000000000000000000e+00 2.680025512842850268e-06
2.000000000000000000e+00 -4.349623544669984108e-06
3.000000000000000000e+00 -4.349623544669984108e-06
4.000000000000000000e+00 -4.266330504720597010e-06
5.000000000000000000e+00 -2.880676255289258103e-06
6.000000000000000000e+00 -2.535562133085352635e-06
7.000000000000000000e+00 -1.142734114870337746e-06
8.000000000000000000e+00 -2.277349413572323416e-06
9.000000000000000000e+00 8.493828153270877591e-06
1.000000000000000000e+01 1.286639057536890146e-06
1.100000000000000000e+01 3.897976808193526206e-06
1.200000000000000000e+01 2.360728366920317277e-06
1.300000000000000000e+01 2.476281888046593862e-06
1.400000000000000000e+01 -1.715862396976948025e-06
1.500000000000000000e+01 1.126676900670708688e-05
1.600000000000000000e+01 2.707990324089395118e-07
1.700000000000000000e+01 -1.567404044184229744e-06
1.800000000000000000e+01 5.660919747607053305e-06
1.900000000000000000e+01 -4.349623544669984108e-06
1.000000000000000000e+00 2.316826620232192902e-06
2.000000000000000000e+00 -4.986284785046394733e-06
3.000000000000000000e+00 -4.642244580325074868e-06
4.000000000000000000e+00 -4.907502198523870135e-06
5.000000000000000000e+00 -3.872675312303794733e-06
6.000000000000000000e+00 -3.834744546818849956e-06
7.000000000000000000e+00 -2.912593082871720536e-06
8.000000000000000000e+00 -3.437738731856378818e-06
9.000000000000000000e+00 6.290149479003968081e-07
1.000000000000000000e+01 1.269800031409938491e-07
1.100000000000000000e+01 -8.462469762779359743e-09
1.200000000000000000e+01 5.876476464711758233e-08
1.300000000000000000e+01 2.521558249112428572e-08
1.400000000000000000e+01 -6.033268417169345816e-07
1.500000000000000000e+01 3.473178008781723639e-06
1.600000000000000000e+01 -5.560315157838377512e-07
1.700000000000000000e+01 -1.249610382737317657e-06
1.800000000000000000e+01 4.242017012914845224e-06
1.900000000000000000e+01 -4.986284785046394733e-06
1.000000000000000000e+00 4.159669020350134644e-06
2.000000000000000000e+00 -5.612593460890674465e-06
3.000000000000000000e+00 -5.584027255853880894e-06
4.000000000000000000e+00 -5.521782998563183484e-06
5.000000000000000000e+00 -3.772758029723973684e-06
6.000000000000000000e+00 -4.202024325863334733e-06
7.000000000000000000e+00 -2.200070311525419510e-06
8.000000000000000000e+00 -3.849478694679932992e-06
9.000000000000000000e+00 -1.732529596306685994e-06
1.000000000000000000e+01 1.999849136072045916e-06
1.100000000000000000e+01 -1.142304547877303293e-06
1.200000000000000000e+01 -2.637541337231739398e-08
1.300000000000000000e+01 1.315205262573683505e-06
1.400000000000000000e+01 -2.214546719190681831e-06
1.500000000000000000e+01 4.673903667711717010e-06
1.600000000000000000e+01 -1.979659487399425135e-06
1.700000000000000000e+01 -1.314002474993186909e-06
1.800000000000000000e+01 7.655785906559899734e-06
1.900000000000000000e+01 -5.612593460890674465e-06
1.000000000000000000e+00 4.123284696040113305e-06
2.000000000000000000e+00 -6.175369178465153216e-06
3.000000000000000000e+00 -5.790133499111826475e-06
4.000000000000000000e+00 -6.107626463663615313e-06
5.000000000000000000e+00 -5.240631401622113661e-06
6.000000000000000000e+00 -5.377749185798720939e-06
7.000000000000000000e+00 -3.452730619913282144e-06
8.000000000000000000e+00 -4.523125653156612724e-06
9.000000000000000000e+00 -5.034095591371132145e-07
1.000000000000000000e+01 -1.094150087958137344e-06
1.100000000000000000e+01 1.235563542065090000e-06
1.200000000000000000e+01 -3.170633975587535910e-07
1.300000000000000000e+01 1.212238054343317478e-06
1.400000000000000000e+01 -1.956505826474866563e-06
1.500000000000000000e+01 4.004423509067471876e-06
1.600000000000000000e+01 -7.147994764093835171e-08
1.700000000000000000e+01 -1.139254622226758315e-06
1.800000000000000000e+01 3.758109795261497836e-06
1.900000000000000000e+01 -6.175369178465153216e-06
1.000000000000000000e+00 4.673560014117289109e-06
2.000000000000000000e+00 -4.476517634412370849e-06
3.000000000000000000e+00 -4.464489758607405314e-06
4.000000000000000000e+00 -4.335318963801935314e-06
5.000000000000000000e+00 -3.431424097058771742e-06
6.000000000000000000e+00 -2.813878587872395871e-06
7.000000000000000000e+00 -1.306914619608117902e-06
8.000000000000000000e+00 -1.819946479389203672e-06
9.000000000000000000e+00 8.524756976769360548e-07
1.000000000000000000e+01 6.662712932062776654e-06
1.100000000000000000e+01 5.015323513775525716e-06
1.200000000000000000e+01 4.959179107785918261e-06
1.300000000000000000e+01 5.688454991860564019e-06
1.400000000000000000e+01 -7.935820629319080360e-07
1.500000000000000000e+01 1.281673263097411545e-05
1.600000000000000000e+01 5.885841025159910180e-06
1.700000000000000000e+01 1.595927292521719721e-06
1.800000000000000000e+01 1.413610469338023482e-05
1.900000000000000000e+01 -4.476517634412370849e-06
1.000000000000000000e+00 3.986897175751664153e-06
2.000000000000000000e+00 -4.853548584198738751e-06
3.000000000000000000e+00 -4.775582174962979466e-06
4.000000000000000000e+00 -3.955109218267112501e-06
5.000000000000000000e+00 -2.527572187014911340e-06
6.000000000000000000e+00 -2.990301751911658684e-06
7.000000000000000000e+00 -1.965140123034859643e-06
8.000000000000000000e+00 -2.517391449279993974e-06
9.000000000000000000e+00 2.008955956324377255e-06
1.000000000000000000e+01 1.811612879724334688e-06
1.100000000000000000e+01 -3.427944604415192523e-08
1.200000000000000000e+01 -2.862204874588775029e-07
1.300000000000000000e+01 2.348056140625799956e-06
1.400000000000000000e+01 1.836613678718941853e-06
1.500000000000000000e+01 7.323301053951207993e-06
1.600000000000000000e+01 -5.913419226112724276e-07
1.700000000000000000e+01 1.378480480647663137e-06
1.800000000000000000e+01 5.746016968927185403e-06
1.900000000000000000e+01 -4.853548584198738751e-06
1.000000000000000000e+00 2.604765375663208059e-06
2.000000000000000000e+00 -4.915363274496401073e-06
3.000000000000000000e+00 -4.915363274496401073e-06
4.000000000000000000e+00 -4.684471015740365447e-06
5.000000000000000000e+00 -3.453933407493778951e-06
6.000000000000000000e+00 -3.342675556297846898e-06
7.000000000000000000e+00 -2.355573563003903416e-06
8.000000000000000000e+00 -3.878603336807671161e-06
9.000000000000000000e+00 3.170204408594501033e-07
1.000000000000000000e+01 2.576113257227808148e-07
1.100000000000000000e+01 -9.675566951108744870e-07
1.200000000000000000e+01 4.385878998882094560e-07
1.300000000000000000e+01 -1.489308764850560313e-06
1.400000000000000000e+01 -1.626469505726471607e-06
1.500000000000000000e+01 1.288185498711814431e-06
1.600000000000000000e+01 -1.340163104868987076e-06
1.700000000000000000e+01 -1.700226158430492648e-07
1.800000000000000000e+01 3.961982290155664599e-06
1.900000000000000000e+01 -4.915363274496401073e-06
1.000000000000000000e+00 4.020961838299299064e-06
2.000000000000000000e+00 -5.847480692681930314e-06
3.000000000000000000e+00 -5.835452816876964779e-06
4.000000000000000000e+00 -5.797865704986447903e-06
5.000000000000000000e+00 -4.138920934586568840e-06
6.000000000000000000e+00 -4.520763034694923126e-06
7.000000000000000000e+00 -3.348259927207295425e-06
8.000000000000000000e+00 -4.370629370629370626e-06
9.000000000000000000e+00 3.086438844952776313e-07
1.000000000000000000e+01 2.264075793487557902e-06
1.100000000000000000e+01 -3.250533436291949917e-07
1.200000000000000000e+01 1.331356981511780257e-06
1.300000000000000000e+01 1.606795337445492043e-06
1.400000000000000000e+01 -8.902775930639706866e-07
1.500000000000000000e+01 5.648763001704177413e-06
1.600000000000000000e+01 -1.690646814485823739e-06
1.700000000000000000e+01 -1.126324655736420438e-07
1.800000000000000000e+01 7.304142366061870492e-06
1.900000000000000000e+01 -5.847480692681930314e-06
1.000000000000000000e+00 1.406617118691422043e-06
2.000000000000000000e+00 -5.380756154749962323e-06
3.000000000000000000e+00 -5.312798656451906876e-06
4.000000000000000000e+00 -5.380756154749962323e-06
5.000000000000000000e+00 -4.129771157634934331e-06
6.000000000000000000e+00 -4.662391272298392903e-06
7.000000000000000000e+00 -3.616266774161510938e-06
8.000000000000000000e+00 -3.942909515664933438e-06
9.000000000000000000e+00 -1.923085514416783438e-06
1.000000000000000000e+01 2.629723217958512054e-06
1.100000000000000000e+01 1.418644994496387578e-06
1.200000000000000000e+01 -2.288990679083558304e-06
1.300000000000000000e+01 1.021811006331129967e-06
1.400000000000000000e+01 -2.323828562218654934e-06
1.500000000000000000e+01 6.060932531520766252e-06
1.600000000000000000e+01 3.926757796726836474e-06
1.700000000000000000e+01 -8.523468275790256977e-07
1.800000000000000000e+01 6.682601883840273127e-06
1.900000000000000000e+01 -5.380756154749962323e-06
1.000000000000000000e+00 1.795031593793203694e-06
2.000000000000000000e+00 -5.226670474348492769e-06
3.000000000000000000e+00 -5.226670474348492769e-06
4.000000000000000000e+00 -4.789843799131724243e-06
5.000000000000000000e+00 -3.743246777302504443e-06
6.000000000000000000e+00 -4.454437890970398305e-06
7.000000000000000000e+00 -2.850434738979630313e-06
8.000000000000000000e+00 -3.745523482365587278e-06
9.000000000000000000e+00 -2.369061966585186315e-07
1.000000000000000000e+01 -8.464188030751497993e-07
1.100000000000000000e+01 -2.233748363779323508e-07
1.200000000000000000e+01 5.885540328264786296e-06
1.300000000000000000e+01 -7.891145662043494477e-07
1.400000000000000000e+01 -1.173104501277875681e-06
1.500000000000000000e+01 7.705100197360259108e-06
1.600000000000000000e+01 -2.373787203508565723e-07
1.700000000000000000e+01 -2.719159065908291853e-08
1.800000000000000000e+01 5.842282932066213706e-06
1.900000000000000000e+01 -5.226670474348492769e-06
1.000000000000000000e+00 4.136944926418610313e-06
2.000000000000000000e+00 -5.403566162080093840e-06
3.000000000000000000e+00 -5.392741073855624689e-06
4.000000000000000000e+00 -5.375214740539817813e-06
5.000000000000000000e+00 -3.857210900554553572e-06
6.000000000000000000e+00 -4.739412634149475671e-06
7.000000000000000000e+00 1.277145626990828159e-06
8.000000000000000000e+00 -4.306065451576286787e-06
9.000000000000000000e+00 1.064037441746419911e-06
1.000000000000000000e+01 1.211335963657944978e-06
1.100000000000000000e+01 1.037533158276192266e-06
1.200000000000000000e+01 -1.165458208801861864e-06
1.300000000000000000e+01 3.635683202246669577e-06
1.400000000000000000e+01 -2.801936625466037099e-06
1.500000000000000000e+01 4.407572132030335716e-06
1.600000000000000000e+01 3.832854452049497769e-06
1.700000000000000000e+01 -7.538900727755215614e-08
1.800000000000000000e+01 4.201251105275872591e-06
1.900000000000000000e+01 -5.403566162080093840e-06
1.000000000000000000e+00 2.978961183295548527e-06
2.000000000000000000e+00 -4.879322603780807635e-06
3.000000000000000000e+00 -4.845644551526903796e-06
4.000000000000000000e+00 -4.787738920865855358e-06
5.000000000000000000e+00 -2.881191735680899532e-06
6.000000000000000000e+00 -3.686372107424738862e-06
7.000000000000000000e+00 -2.047187418704446340e-06
8.000000000000000000e+00 -3.158563143083266675e-06
9.000000000000000000e+00 -9.910540096298609600e-07
1.000000000000000000e+01 7.706861422031699668e-07
1.100000000000000000e+01 -1.651685088217595893e-06
1.200000000000000000e+01 -2.404716027007048522e-07
1.300000000000000000e+01 -1.246818197282593393e-06
1.400000000000000000e+01 -1.884166744847859398e-06
1.500000000000000000e+01 2.227175988785895559e-06
1.600000000000000000e+01 -1.115843221106378817e-06
1.700000000000000000e+01 -8.204729566958668651e-09
1.800000000000000000e+01 3.825766596664428974e-06
1.900000000000000000e+01 -4.879322603780807635e-06
1.000000000000000000e+00 2.837375902391381920e-06
2.000000000000000000e+00 -4.904710013069145448e-06
3.000000000000000000e+00 -4.904710013069145448e-06
4.000000000000000000e+00 -4.823736634882145626e-06
5.000000000000000000e+00 -3.906739974851429644e-06
6.000000000000000000e+00 -3.919283331048036608e-06
7.000000000000000000e+00 -3.093784440533666139e-06
8.000000000000000000e+00 -3.616094947364296987e-06
9.000000000000000000e+00 -9.657095570408263172e-07
1.000000000000000000e+01 9.440593805918883316e-07
1.100000000000000000e+01 -3.134120781179604214e-07
1.200000000000000000e+01 -7.227035090812179690e-07
1.300000000000000000e+01 1.730209934544299777e-06
1.400000000000000000e+01 -5.273364406491341407e-07
1.500000000000000000e+01 2.413479193664951853e-06
1.600000000000000000e+01 -1.251414564108062445e-06
1.700000000000000000e+01 1.000891093770350636e-06
1.800000000000000000e+01 3.682806701382552456e-06
1.900000000000000000e+01 -4.904710013069145448e-06
1.000000000000000000e+00 5.520150643989652858e-06
2.000000000000000000e+00 -7.921559005150334736e-06
3.000000000000000000e+00 -7.905020675918508394e-06
4.000000000000000000e+00 -7.885475377735438128e-06
5.000000000000000000e+00 -6.779469240769550046e-06
6.000000000000000000e+00 -6.556352144587438171e-06
7.000000000000000000e+00 -5.164855784050830447e-06
8.000000000000000000e+00 -6.634748120816231698e-06
9.000000000000000000e+00 -1.734548561173948114e-06
1.000000000000000000e+01 -2.026310462842970179e-06
1.100000000000000000e+01 -2.043536099263653170e-06
1.200000000000000000e+01 -1.187366125446620670e-06
1.300000000000000000e+01 -3.377169785838516474e-06
1.400000000000000000e+01 -5.812385069351013394e-06
1.500000000000000000e+01 3.583061245599944934e-06
1.600000000000000000e+01 -2.123177819772246675e-06
1.700000000000000000e+01 -2.905419314088044554e-06
1.800000000000000000e+01 2.003199758617715201e-06
1.900000000000000000e+01 -7.921559005150334736e-06
1.000000000000000000e+00 4.186817654309914286e-06
2.000000000000000000e+00 -6.821953416380660493e-06
3.000000000000000000e+00 -6.732173914836453216e-06
4.000000000000000000e+00 -6.738660376431274242e-06
5.000000000000000000e+00 -4.650320439794123350e-06
6.000000000000000000e+00 -4.707538763266316832e-06
7.000000000000000000e+00 -5.274008756980892769e-06
8.000000000000000000e+00 -5.103986141137843795e-06
9.000000000000000000e+00 -1.520538285244167578e-06
1.000000000000000000e+01 4.124358613522700179e-06
1.100000000000000000e+01 -1.853710445041714275e-06
1.200000000000000000e+01 3.251435526977322523e-06
1.300000000000000000e+01 -3.038413255131521251e-06
1.400000000000000000e+01 -2.845537675259037166e-06
1.500000000000000000e+01 6.173307256898587502e-06
1.600000000000000000e+01 -1.152957809304558494e-06
1.700000000000000000e+01 -4.673688884215199889e-07
1.800000000000000000e+01 1.643050791657602601e-06
1.900000000000000000e+01 -6.821953416380660493e-06
1.000000000000000000e+00 1.908909803646645425e-06
2.000000000000000000e+00 -7.356506582512774421e-06
3.000000000000000000e+00 -7.117796204483510181e-06
4.000000000000000000e+00 -7.232834245218145760e-06
5.000000000000000000e+00 -5.722605567806806117e-06
6.000000000000000000e+00 -5.664442196949936118e-06
7.000000000000000000e+00 -4.225650510480231563e-06
8.000000000000000000e+00 -4.791347283607345358e-06
9.000000000000000000e+00 -2.847986207119333951e-06
1.000000000000000000e+01 3.674516058416986748e-07
1.100000000000000000e+01 -2.798757829717581764e-06
1.200000000000000000e+01 -2.741625419643995469e-06
1.300000000000000000e+01 -9.964665537420955358e-07
1.400000000000000000e+01 -3.519957854323179041e-06
1.500000000000000000e+01 2.587496782543221898e-06
1.600000000000000000e+01 -2.124380607352743483e-06
1.700000000000000000e+01 -7.743374616439631363e-07
1.800000000000000000e+01 3.776581175961980804e-06
1.900000000000000000e+01 -7.356506582512774421e-06
1.000000000000000000e+00 8.383730132956138752e-06
2.000000000000000000e+00 -7.536581065992830403e-06
3.000000000000000000e+00 -7.513728101963395716e-06
4.000000000000000000e+00 -6.628991923109569644e-06
5.000000000000000000e+00 -4.904581142971235091e-06
6.000000000000000000e+00 -5.093805403402926430e-06
7.000000000000000000e+00 -3.412093582372219867e-06
8.000000000000000000e+00 -3.705101228321042545e-06
9.000000000000000000e+00 1.024775018583067969e-06
1.000000000000000000e+01 -1.554474077693891920e-06
1.100000000000000000e+01 7.103749363811282313e-07
1.200000000000000000e+01 1.258502419493131451e-06
1.300000000000000000e+01 3.005637293562989911e-06
1.400000000000000000e+01 -1.067688761187213081e-06
1.500000000000000000e+01 2.148097001038177224e-05
1.600000000000000000e+01 7.196406964208821252e-06
1.700000000000000000e+01 -2.439467996743538282e-06
1.800000000000000000e+01 1.618879056959552081e-05
1.900000000000000000e+01 -7.536581065992830403e-06
1.000000000000000000e+00 1.346262956170076820e-06
2.000000000000000000e+00 -4.713724527966013974e-06
3.000000000000000000e+00 -4.583136162083530046e-06
4.000000000000000000e+00 -4.668018599907144599e-06
5.000000000000000000e+00 -3.804932597502256831e-06
6.000000000000000000e+00 -3.213161107897949844e-06
7.000000000000000000e+00 -9.380024859901020760e-07
8.000000000000000000e+00 -2.881105822282292768e-06
9.000000000000000000e+00 -5.196471914738168360e-07
1.000000000000000000e+01 3.746683313246780492e-06
1.100000000000000000e+01 -1.593478760661423148e-06
1.200000000000000000e+01 -7.071102272340662389e-07
1.300000000000000000e+01 2.542005637980870067e-06
1.400000000000000000e+01 2.834626673635961251e-06
1.500000000000000000e+01 2.046113501221860313e-06
1.600000000000000000e+01 -5.892800010447069253e-07
1.700000000000000000e+01 1.536561134084353656e-07
1.800000000000000000e+01 4.319768638654086966e-06
1.900000000000000000e+01 -4.713724527966013974e-06
1.000000000000000000e+00 5.461085182447410995e-07
2.000000000000000000e+00 -4.091410825156954466e-06
3.000000000000000000e+00 -4.001201756619712947e-06
4.000000000000000000e+00 -3.906310407858395402e-06
5.000000000000000000e+00 -2.747725270945085001e-06
6.000000000000000000e+00 -2.951039328748306742e-06
7.000000000000000000e+00 -1.465253013240629241e-06
8.000000000000000000e+00 -2.249900082717419889e-06
9.000000000000000000e+00 5.908693989189344867e-07
1.000000000000000000e+01 7.207704576125628238e-07
1.100000000000000000e+01 -4.162074595511127624e-07
1.200000000000000000e+01 -1.290591073872807411e-06
1.300000000000000000e+01 9.770930823562400673e-07
1.400000000000000000e+01 -1.138825055233723862e-06
1.500000000000000000e+01 2.672422177066139621e-06
1.600000000000000000e+01 -1.169453181837082723e-06
1.700000000000000000e+01 -8.515306502922601731e-07
1.800000000000000000e+01 3.967738487862326653e-06
1.900000000000000000e+01 -4.091410825156954466e-06
1.000000000000000000e+00 9.838673538363940270e-06
2.000000000000000000e+00 -6.587968275274776296e-06
3.000000000000000000e+00 -6.587968275274776296e-06
4.000000000000000000e+00 -6.361070989553960895e-06
5.000000000000000000e+00 -5.466540683258949376e-06
6.000000000000000000e+00 -4.365947090405294599e-06
7.000000000000000000e+00 -5.362327730748782948e-06
8.000000000000000000e+00 -4.813942507440959331e-06
9.000000000000000000e+00 6.523748009816121206e-06
1.000000000000000000e+01 1.005491756265749920e-05
1.100000000000000000e+01 -3.112642431527879968e-07
1.200000000000000000e+01 -2.091260992189784666e-06
1.300000000000000000e+01 -7.300061479628043081e-07
1.400000000000000000e+01 9.851775331651490986e-06
1.500000000000000000e+01 4.516596234862488528e-06
1.600000000000000000e+01 -3.277553200153819309e-06
1.700000000000000000e+01 3.739380674365194153e-06
1.800000000000000000e+01 2.114019451480751786e-05
1.900000000000000000e+01 -6.587968275274776296e-06
1.000000000000000000e+00 2.918435193976989353e-06
2.000000000000000000e+00 -5.155061656609644153e-06
3.000000000000000000e+00 -4.894701102131442456e-06
4.000000000000000000e+00 -5.098144030032574555e-06
5.000000000000000000e+00 -4.203441896940348662e-06
6.000000000000000000e+00 -3.850982179155553260e-06
7.000000000000000000e+00 1.436386111308711786e-06
8.000000000000000000e+00 -3.355132999095847099e-06
9.000000000000000000e+00 -5.781971726244171653e-07
1.000000000000000000e+01 5.296174413821472501e-06
1.100000000000000000e+01 -7.696981381191907033e-07
1.200000000000000000e+01 2.092850390064012333e-07
1.300000000000000000e+01 4.480168953853164019e-06
1.400000000000000000e+01 6.481220877505706743e-06
1.500000000000000000e+01 4.718879331882427412e-06
1.600000000000000000e+01 1.025273316294988045e-05
1.700000000000000000e+01 -1.368600439807870078e-06
1.800000000000000000e+01 5.635833035213839377e-06
1.900000000000000000e+01 -5.155061656609644153e-06
1.000000000000000000e+00 5.920635951595703216e-06
2.000000000000000000e+00 -6.419105490312920537e-06
3.000000000000000000e+00 -5.996454525866290447e-06
4.000000000000000000e+00 -6.294230365437795492e-06
5.000000000000000000e+00 -5.006517390418319108e-06
6.000000000000000000e+00 -4.126205751592748349e-06
7.000000000000000000e+00 -3.735085004434849621e-06
8.000000000000000000e+00 -4.227239908354459019e-06
9.000000000000000000e+00 -1.074432962977854610e-06
1.000000000000000000e+01 4.249276695097128182e-07
1.100000000000000000e+01 -1.974676510280225224e-06
1.200000000000000000e+01 -8.788511110492534488e-07
1.300000000000000000e+01 2.456779546562828036e-06
1.400000000000000000e+01 -2.767141699030243639e-06
1.500000000000000000e+01 5.321647736508417501e-06
1.600000000000000000e+01 2.085547751182425782e-06
1.700000000000000000e+01 -1.484497614528574141e-06
1.800000000000000000e+01 3.434946546401654554e-06
1.900000000000000000e+01 -6.419105490312920537e-06
1.000000000000000000e+00 5.241018011915844733e-06
2.000000000000000000e+00 -5.887387466334834465e-06
3.000000000000000000e+00 -5.671701879132219287e-06
4.000000000000000000e+00 -5.823940421463640671e-06
5.000000000000000000e+00 -4.636058815625378573e-06
6.000000000000000000e+00 -4.111084993437934242e-06
7.000000000000000000e+00 -3.338766496661233438e-06
8.000000000000000000e+00 -4.229946180410576519e-06
9.000000000000000000e+00 -4.903507225488649276e-07
1.000000000000000000e+01 2.629809131357118500e-07
1.100000000000000000e+01 -1.009826087225468025e-06
1.200000000000000000e+01 -5.651383360361687725e-07
1.300000000000000000e+01 -3.293490135595398411e-07
1.400000000000000000e+01 -3.655271457129042166e-06
1.500000000000000000e+01 1.414650021461166931e-06
1.600000000000000000e+01 -6.666020597909142134e-07
1.700000000000000000e+01 -6.596001178044520761e-07
1.800000000000000000e+01 5.575521829391798171e-06
1.900000000000000000e+01 -5.887387466334834465e-06
1.000000000000000000e+00 2.584317986794766563e-06
2.000000000000000000e+00 -4.895388409320297412e-06
3.000000000000000000e+00 -4.666686942228737858e-06
4.000000000000000000e+00 -4.507918981603191430e-06
5.000000000000000000e+00 -3.131586335920700983e-06
6.000000000000000000e+00 -2.902841912129837412e-06
7.000000000000000000e+00 -1.720458763802416864e-06
8.000000000000000000e+00 -3.361061023599723103e-06
9.000000000000000000e+00 -7.363637394597146597e-07
1.000000000000000000e+01 -6.205095214383139789e-07
1.100000000000000000e+01 7.788049583715217775e-08
1.200000000000000000e+01 -8.296227336475013674e-07
1.300000000000000000e+01 1.121814202309558203e-06
1.400000000000000000e+01 -1.478097066332360302e-06
1.500000000000000000e+01 2.881320605778809889e-06
1.600000000000000000e+01 -1.524790998475208940e-06
1.700000000000000000e+01 -3.429233305394296094e-07
1.800000000000000000e+01 2.767786049519795425e-06
1.900000000000000000e+01 -4.895388409320297412e-06
1.000000000000000000e+00 3.846858336022422679e-06
2.000000000000000000e+00 -5.466583639958252546e-06
3.000000000000000000e+00 -5.466583639958252546e-06
4.000000000000000000e+00 -5.341923298579645046e-06
5.000000000000000000e+00 -3.638776084596517724e-06
6.000000000000000000e+00 -4.124573397019216876e-06
7.000000000000000000e+00 -4.138534324292837769e-06
8.000000000000000000e+00 -3.569272145123537992e-06
9.000000000000000000e+00 2.530579155966152512e-07
1.000000000000000000e+01 2.458111204241234778e-06
1.100000000000000000e+01 -2.056809719348418684e-06
1.200000000000000000e+01 2.835142154027602845e-09
1.300000000000000000e+01 -1.161849846060372288e-06
1.400000000000000000e+01 -4.634598287849061580e-07
1.500000000000000000e+01 5.266534291302092903e-06
1.600000000000000000e+01 -3.115434616982604443e-06
1.700000000000000000e+01 -6.908296381980592356e-07
1.800000000000000000e+01 5.465209025580541788e-06
1.900000000000000000e+01 -5.466583639958252546e-06
1.000000000000000000e+00 7.120631346637538037e-06
2.000000000000000000e+00 -6.021713065056717903e-06
3.000000000000000000e+00 -5.650223529480495358e-06
4.000000000000000000e+00 -5.950748597807421073e-06
5.000000000000000000e+00 -4.861323746772662502e-06
6.000000000000000000e+00 -4.402846895106956519e-06
7.000000000000000000e+00 -2.033484231626646161e-06
8.000000000000000000e+00 -7.810816634346045593e-07
9.000000000000000000e+00 2.555064474569118248e-07
1.000000000000000000e+01 1.045480147647330179e-06
1.100000000000000000e+01 -1.137235657359496195e-06
1.200000000000000000e+01 2.448274120100745313e-06
1.300000000000000000e+01 2.678178374772801675e-06
1.400000000000000000e+01 -2.881105822282292768e-06
1.500000000000000000e+01 2.801678885270216385e-06
1.600000000000000000e+01 7.465444771946319198e-07
1.700000000000000000e+01 -2.272753046746854576e-06
1.800000000000000000e+01 6.333320961803933484e-06
1.900000000000000000e+01 -6.021713065056717903e-06
1.000000000000000000e+00 2.514899960720394018e-06
2.000000000000000000e+00 -3.680529996319469622e-06
3.000000000000000000e+00 -3.641138703058207322e-06
4.000000000000000000e+00 -3.596248952286103684e-06
5.000000000000000000e+00 -2.614430633006483996e-06
6.000000000000000000e+00 -2.630840092140401675e-06
7.000000000000000000e+00 -1.777548217176699989e-06
8.000000000000000000e+00 -2.390497359537606809e-06
9.000000000000000000e+00 2.664604057792912277e-07
1.000000000000000000e+01 1.988852221050363237e-06
1.100000000000000000e+01 1.425045542692601418e-06
1.200000000000000000e+01 1.523760037691926083e-06
1.300000000000000000e+01 1.164599074815792958e-06
1.400000000000000000e+01 -9.587935284529710494e-07
1.500000000000000000e+01 4.111385690333058126e-06
1.600000000000000000e+01 4.490048994692957501e-06
1.700000000000000000e+01 1.215545720189682958e-06
1.800000000000000000e+01 8.517540251286379914e-06
1.900000000000000000e+01 -3.680529996319469622e-06
1.000000000000000000e+00 3.223814369325205045e-06
2.000000000000000000e+00 -4.510925950554432814e-06
3.000000000000000000e+00 -4.498898074749467278e-06
4.000000000000000000e+00 -4.351384769341425091e-06
5.000000000000000000e+00 -3.618715306021807300e-06
6.000000000000000000e+00 -3.629110827253241787e-06
7.000000000000000000e+00 -2.018019819877405000e-06
8.000000000000000000e+00 -3.337348925584219510e-06
9.000000000000000000e+00 1.519335497663670982e-06
1.000000000000000000e+01 7.941834567221563339e-07
1.100000000000000000e+01 -7.161311340877903908e-07
1.200000000000000000e+01 3.203281067058156363e-07
1.300000000000000000e+01 5.217520697396858260e-07
1.400000000000000000e+01 -5.824069291561551452e-07
1.500000000000000000e+01 7.845181993788803964e-07
1.600000000000000000e+01 6.576670663357969310e-07
1.700000000000000000e+01 -3.977790355499333344e-07
1.800000000000000000e+01 4.245582418957031207e-06
1.900000000000000000e+01 -4.510925950554432814e-06
1.000000000000000000e+00 4.117356671536237724e-06
2.000000000000000000e+00 -4.443355062550108439e-06
3.000000000000000000e+00 -4.426816733318281251e-06
4.000000000000000000e+00 -4.420502098520673751e-06
5.000000000000000000e+00 -2.726805358384305670e-06
6.000000000000000000e+00 -2.576972391213877054e-06
7.000000000000000000e+00 -1.332001332001331831e-06
8.000000000000000000e+00 -2.667739896842064018e-06
9.000000000000000000e+00 -2.914182480745947992e-07
1.000000000000000000e+01 6.246419559113057233e-06
1.100000000000000000e+01 7.226992134112876520e-06
1.200000000000000000e+01 -1.828237122354769169e-07
1.300000000000000000e+01 5.998043923740517903e-06
1.400000000000000000e+01 3.576574784005124331e-06
1.500000000000000000e+01 1.205326321425392527e-05
1.600000000000000000e+01 3.272999790027653639e-06
1.700000000000000000e+01 2.911733948885651630e-06
1.800000000000000000e+01 8.219936238512088396e-06
1.900000000000000000e+01 -4.443355062550108439e-06
1.000000000000000000e+00 7.791829773253920984e-06
2.000000000000000000e+00 -5.649063698599302144e-06
3.000000000000000000e+00 -5.108926161557739689e-06
4.000000000000000000e+00 -5.649063698599302144e-06
5.000000000000000000e+00 -4.511828041239805314e-06
6.000000000000000000e+00 -4.510023859869060314e-06
7.000000000000000000e+00 -3.896945847410243349e-06
8.000000000000000000e+00 -4.338712543046907769e-06
9.000000000000000000e+00 -1.153258506199682590e-06
1.000000000000000000e+01 1.543906729665243483e-06
1.100000000000000000e+01 -1.198706694062731038e-06
1.200000000000000000e+01 -1.922269337130018125e-06
1.300000000000000000e+01 4.134410481159706341e-06
1.400000000000000000e+01 -1.683516002401451139e-06
1.500000000000000000e+01 1.169775357081858616e-05
1.600000000000000000e+01 3.596936259474959063e-06
1.700000000000000000e+01 -6.579677632309210270e-07
1.800000000000000000e+01 8.994316656855354914e-06
1.900000000000000000e+01 -5.649063698599302144e-06
1.000000000000000000e+00 1.877465499756521250e-06
2.000000000000000000e+00 -5.555246267320570626e-06
3.000000000000000000e+00 -5.401203543618404242e-06
4.000000000000000000e+00 -5.448928436544535314e-06
5.000000000000000000e+00 -4.053265276175492144e-06
6.000000000000000000e+00 -4.555600917830019332e-06
7.000000000000000000e+00 -3.305260271204543550e-06
8.000000000000000000e+00 -4.326770580640549421e-06
9.000000000000000000e+00 -9.961229001476678463e-07
1.000000000000000000e+01 -4.265600240832438408e-08
1.100000000000000000e+01 -1.818958475305224409e-06
1.200000000000000000e+01 -2.098864327966495048e-07
1.300000000000000000e+01 -1.433164358860953281e-06
1.400000000000000000e+01 -3.248299687928170782e-06
1.500000000000000000e+01 2.591577668977049415e-07
1.600000000000000000e+01 -2.150670107326453795e-06
1.700000000000000000e+01 9.277787915558813283e-07
1.800000000000000000e+01 3.458443860920641027e-06
1.900000000000000000e+01 -5.555246267320570626e-06
1.000000000000000000e+00 5.224393769285409511e-06
2.000000000000000000e+00 -1.192606842761641465e-05
3.000000000000000000e+00 -1.030187562695302545e-05
4.000000000000000000e+00 -1.177932834279583375e-05
5.000000000000000000e+00 -1.072714695005716670e-05
6.000000000000000000e+00 -9.775870843982297414e-06
7.000000000000000000e+00 -3.510893990770151719e-06
8.000000000000000000e+00 -7.533874793936712904e-06
9.000000000000000000e+00 -6.459398874259554912e-07
1.000000000000000000e+01 -7.882983889175839232e-07
1.100000000000000000e+01 -1.301716858992400659e-06
1.200000000000000000e+01 -5.099819341305408986e-07
1.300000000000000000e+01 -5.548545022229232055e-06
1.400000000000000000e+01 -2.806661862389416295e-06
1.500000000000000000e+01 1.473470629817378947e-05
1.600000000000000000e+01 2.368288745997723907e-06
1.700000000000000000e+01 -3.159207493572818461e-06
1.800000000000000000e+01 6.823714641052102322e-06
1.900000000000000000e+01 -1.192606842761641465e-05
1.000000000000000000e+00 1.889837029155914476e-06
2.000000000000000000e+00 -5.342052168677555403e-06
3.000000000000000000e+00 -4.906600107838497635e-06
4.000000000000000000e+00 -5.296947634408934644e-06
5.000000000000000000e+00 -3.184766729658370224e-06
6.000000000000000000e+00 -3.664464190779979845e-06
7.000000000000000000e+00 -3.255903023704881005e-06
8.000000000000000000e+00 -1.613797279431954286e-06
9.000000000000000000e+00 -7.239922100603214344e-07
1.000000000000000000e+01 -5.266491334602788674e-07
1.100000000000000000e+01 -1.701944426402630726e-06
1.200000000000000000e+01 -1.252531438289952065e-06
1.300000000000000000e+01 6.586550704197763003e-07
1.400000000000000000e+01 -2.756832091197415916e-06
1.500000000000000000e+01 2.438007468967221184e-06
1.600000000000000000e+01 -1.199780611545317277e-06
1.700000000000000000e+01 -1.476378798360222489e-06
1.800000000000000000e+01 4.109581508962313127e-06
1.900000000000000000e+01 -5.342052168677555403e-06
1.000000000000000000e+00 1.225425761029476016e-06
2.000000000000000000e+00 -8.140552258199316876e-06
3.000000000000000000e+00 -8.051159366948839824e-06
4.000000000000000000e+00 -8.077319996824640626e-06
5.000000000000000000e+00 -6.560475987720569599e-06
6.000000000000000000e+00 -6.991331681734157681e-06
7.000000000000000000e+00 -5.103556574144808707e-06
8.000000000000000000e+00 -6.014539296273041921e-06
9.000000000000000000e+00 4.826185166742441352e-07
1.000000000000000000e+01 5.629905010709963796e-06
1.100000000000000000e+01 -3.019641177535913974e-06
1.200000000000000000e+01 6.480748353813368484e-06
1.300000000000000000e+01 5.035384292350235716e-07
1.400000000000000000e+01 -3.263807056376715537e-06
1.500000000000000000e+01 1.763123357550602107e-05
1.600000000000000000e+01 -2.986779302568775871e-06
1.700000000000000000e+01 -3.012166711857114108e-06
1.800000000000000000e+01 6.532339349676810270e-06
1.900000000000000000e+01 -8.140552258199316876e-06
