1.000000000000000000e+00 7.404918782627760448e-06
2.000000000000000000e+00 0.000000000000000000e+00
3.000000000000000000e+00 2.070512906426218862e-07
4.000000000000000000e+00 1.202787580496558707e-08
5.000000000000000000e+00 1.733302816894148136e-06
6.000000000000000000e+00 1.303306256866628326e-06
7.000000000000000000e+00 8.780692991219305450e-06
8.000000000000000000e+00 6.253593327896733215e-06
9.000000000000000000e+00 7.879246656336438663e-06
1.000000000000000000e+01 1.044741292419310911e-05
1.100000000000000000e+01 1.023842858208183250e-05
1.200000000000000000e+01 5.545666923375901028e-06
1.300000000000000000e+01 3.531770946631627456e-06
1.400000000000000000e+01 1.620799221418416317e-06
1.500000000000000000e+01 1.235073835693030643e-05
1.600000000000000000e+01 5.791078546496502992e-06
1.700000000000000000e+01 5.155233483406857680e-06
1.800000000000000000e+01 1.359759951091220384e-05
1.900000000000000000e+01 0.000000000000000000e+00
1.000000000000000000e+00 5.781284419055316697e-06
2.000000000000000000e+00 0.000000000000000000e+00
3.000000000000000000e+00 9.729692392231090893e-08
4.000000000000000000e+00 1.653832923182768119e-08
5.000000000000000000e+00 9.724537588314676343e-07
6.000000000000000000e+00 3.425367202456985380e-07
7.000000000000000000e+00 5.327618717711596252e-06
8.000000000000000000e+00 1.556106432267422969e-06
9.000000000000000000e+00 9.993962006345907055e-06
1.000000000000000000e+01 9.679862621039091519e-06
1.100000000000000000e+01 5.157853842064367992e-06
1.200000000000000000e+01 5.857102993325903082e-06
1.300000000000000000e+01 4.061813659336878885e-06
1.400000000000000000e+01 2.556825699240559866e-06
1.500000000000000000e+01 7.733022051907499200e-06
1.600000000000000000e+01 6.033311373868649198e-06
1.700000000000000000e+01 3.017493342570741920e-06
1.800000000000000000e+01 1.210511195031318777e-05
1.900000000000000000e+01 0.000000000000000000e+00
1.000000000000000000e+00 9.720241918384332235e-06
2.000000000000000000e+00 0.000000000000000000e+00
3.000000000000000000e+00 1.870764254665183315e-07
4.000000000000000000e+00 0.000000000000000000e+00
5.000000000000000000e+00 1.481533602276636139e-06
6.000000000000000000e+00 1.125766218645475469e-06
7.000000000000000000e+00 2.261283608032833639e-06
8.000000000000000000e+00 1.546956655315788248e-06
9.000000000000000000e+00 8.394254524285484019e-06
1.000000000000000000e+01 9.152655050487866253e-06
1.100000000000000000e+01 4.219035178787500180e-06
1.200000000000000000e+01 7.759483378678424734e-06
1.300000000000000000e+01 3.326996361052088193e-06
1.400000000000000000e+01 4.178140401050617189e-06
1.500000000000000000e+01 5.950447900912297188e-06
1.600000000000000000e+01 4.671755832746544109e-06
1.700000000000000000e+01 6.175154394968635672e-06
1.800000000000000000e+01 1.461391205973249268e-05
1.900000000000000000e+01 0.000000000000000000e+00
1.000000000000000000e+00 8.911796837493430806e-06
2.000000000000000000e+00 0.000000000000000000e+00
3.000000000000000000e+00 0.000000000000000000e+00
4.000000000000000000e+00 3.307665846365536239e-08
5.000000000000000000e+00 1.109700413105985692e-06
6.000000000000000000e+00 1.090842422111771864e-06
7.000000000000000000e+00 1.342547201680328598e-05
8.000000000000000000e+00 1.947914486614176653e-06
9.000000000000000000e+00 7.075612725767524465e-06
1.000000000000000000e+01 1.397604803177558482e-05
1.100000000000000000e+01 4.504396532260308618e-06
1.200000000000000000e+01 7.443837552196684912e-06
1.300000000000000000e+01 3.398132655098598974e-06
1.400000000000000000e+01 4.137159709915127858e-06
1.500000000000000000e+01 8.189136285111516431e-06
1.600000000000000000e+01 6.640547275222197769e-06
1.700000000000000000e+01 6.971313859858750850e-06
1.800000000000000000e+01 1.487560427188910027e-05
1.900000000000000000e+01 0.000000000000000000e+00
1.000000000000000000e+00 7.039958665345662099e-06
2.000000000000000000e+00 0.000000000000000000e+00
3.000000000000000000e+00 8.488243782361428852e-08
4.000000000000000000e+00 7.096446724929696291e-08
5.000000000000000000e+00 1.144366469443868795e-06
6.000000000000000000e+00 1.445621801658953270e-06
7.000000000000000000e+00 4.867208814577234912e-06
8.000000000000000000e+00 1.328350012560538873e-06
9.000000000000000000e+00 4.674247321306144064e-06
1.000000000000000000e+01 1.660044461902046822e-05
1.100000000000000000e+01 6.423658900439085359e-06
1.200000000000000000e+01 5.442313104851803930e-06
1.300000000000000000e+01 4.328531805311990403e-06
1.400000000000000000e+01 5.901090653412634644e-06
1.500000000000000000e+01 7.136868978974241341e-06
1.600000000000000000e+01 9.826774532656885091e-06
1.700000000000000000e+01 8.156145540046468395e-06
1.800000000000000000e+01 1.384889620183737822e-05
1.900000000000000000e+01 0.000000000000000000e+00
1.000000000000000000e+00 1.186047354778004795e-05
2.000000000000000000e+00 0.000000000000000000e+00
3.000000000000000000e+00 4.155631090615610297e-07
4.000000000000000000e+00 0.000000000000000000e+00
5.000000000000000000e+00 7.980066029601632424e-07
6.000000000000000000e+00 1.046639978528523393e-06
7.000000000000000000e+00 6.685651809490818528e-06
8.000000000000000000e+00 2.244874148898916385e-06
9.000000000000000000e+00 4.244293717977928483e-06
1.000000000000000000e+01 4.308213286541459688e-06
1.100000000000000000e+01 3.580312016844524264e-06
1.200000000000000000e+01 4.492411613154647099e-06
1.300000000000000000e+01 6.657343344649845671e-06
1.400000000000000000e+01 3.351782376550178237e-06
1.500000000000000000e+01 5.696960418322646743e-06
1.600000000000000000e+01 4.997152829970167055e-06
1.700000000000000000e+01 4.886539329263786787e-06
1.800000000000000000e+01 1.118403440384864438e-05
1.900000000000000000e+01 0.000000000000000000e+00
1.000000000000000000e+00 9.602368735495669645e-06
2.000000000000000000e+00 0.000000000000000000e+00
3.000000000000000000e+00 1.770675145288148368e-07
4.000000000000000000e+00 1.653832923182768119e-08
5.000000000000000000e+00 8.703886412864740014e-07
6.000000000000000000e+00 1.478225936430270659e-06
7.000000000000000000e+00 2.758722185966767679e-06
8.000000000000000000e+00 1.846321892761521172e-06
9.000000000000000000e+00 6.259650222498519153e-06
1.000000000000000000e+01 6.532425263075417457e-06
1.100000000000000000e+01 6.086362897508408082e-06
1.200000000000000000e+01 3.401075189000885349e-05
1.300000000000000000e+01 5.949846507122048573e-06
1.400000000000000000e+01 2.772726069939692166e-06
1.500000000000000000e+01 6.513051791689562412e-06
1.600000000000000000e+01 7.066505905515193126e-06
1.700000000000000000e+01 3.395778627976770179e-05
1.800000000000000000e+01 1.559865143456474402e-05
1.900000000000000000e+01 0.000000000000000000e+00
1.000000000000000000e+00 1.485425479233528670e-05
2.000000000000000000e+00 0.000000000000000000e+00
3.000000000000000000e+00 3.556814702325538003e-07
4.000000000000000000e+00 0.000000000000000000e+00
5.000000000000000000e+00 1.691076381478858192e-06
6.000000000000000000e+00 6.543035567803369064e-06
7.000000000000000000e+00 5.470106089301135358e-06
8.000000000000000000e+00 1.107299133614923072e-05
9.000000000000000000e+00 1.006887848993112009e-05
1.000000000000000000e+01 1.592963280269781804e-05
1.100000000000000000e+01 5.747735236899323216e-06
1.200000000000000000e+01 1.231104636677391982e-05
1.300000000000000000e+01 4.039733915894906340e-06
1.400000000000000000e+01 1.361985108115138991e-05
1.500000000000000000e+01 1.220266661443131965e-05
1.600000000000000000e+01 9.525304416945282860e-06
1.700000000000000000e+01 6.387790056520706296e-06
1.800000000000000000e+01 2.382477343777653295e-05
1.900000000000000000e+01 0.000000000000000000e+00
1.000000000000000000e+00 8.831725549991803484e-06
2.000000000000000000e+00 0.000000000000000000e+00
3.000000000000000000e+00 0.000000000000000000e+00
4.000000000000000000e+00 1.653832923182768119e-08
5.000000000000000000e+00 1.116788268491054699e-06
6.000000000000000000e+00 1.645714107014416507e-06
7.000000000000000000e+00 3.213848415086804800e-06
8.000000000000000000e+00 9.247288659053364566e-07
9.000000000000000000e+00 5.562291166006336251e-06
1.000000000000000000e+01 9.543002577058304109e-06
1.100000000000000000e+01 7.195719657019966296e-06
1.200000000000000000e+01 7.918938646492825270e-06
1.300000000000000000e+01 5.096425762060436742e-06
1.400000000000000000e+01 3.460505782487206318e-06
1.500000000000000000e+01 8.107131946141233752e-06
1.600000000000000000e+01 7.490746267836050671e-06
1.700000000000000000e+01 1.043306538662575715e-05
1.800000000000000000e+01 1.332052880040495974e-05
1.900000000000000000e+01 0.000000000000000000e+00
1.000000000000000000e+00 8.788983634184872323e-06
2.000000000000000000e+00 0.000000000000000000e+00
3.000000000000000000e+00 4.189137316072300503e-07
4.000000000000000000e+00 2.405575160993117415e-08
5.000000000000000000e+00 2.507554365139504086e-06
6.000000000000000000e+00 2.719717502999236452e-06
7.000000000000000000e+00 2.194915507609005648e-06
8.000000000000000000e+00 6.574436914994190492e-06
9.000000000000000000e+00 9.453266032213400002e-06
1.000000000000000000e+01 3.696789107005824849e-05
1.100000000000000000e+01 6.143538264281297547e-06
1.200000000000000000e+01 7.044082508478792680e-06
1.300000000000000000e+01 3.405903522002593170e-05
1.400000000000000000e+01 6.453470849755679331e-06
1.500000000000000000e+01 8.716000202068312948e-06
1.600000000000000000e+01 4.914289357013815046e-06
1.700000000000000000e+01 6.066774642626035492e-06
1.800000000000000000e+01 1.632350277861113617e-05
1.900000000000000000e+01 0.000000000000000000e+00
1.000000000000000000e+00 1.401157322209953768e-05
2.000000000000000000e+00 0.000000000000000000e+00
3.000000000000000000e+00 0.000000000000000000e+00
4.000000000000000000e+00 0.000000000000000000e+00
5.000000000000000000e+00 1.236508589449765882e-06
6.000000000000000000e+00 2.023217580493122032e-06
7.000000000000000000e+00 5.221644540529988841e-06
8.000000000000000000e+00 2.267813026326957836e-06
9.000000000000000000e+00 7.329014294958566877e-06
1.000000000000000000e+01 7.021272501148662010e-06
1.100000000000000000e+01 4.418182436758287323e-06
1.200000000000000000e+01 9.356613458780640627e-06
1.300000000000000000e+01 3.375580387964288341e-05
1.400000000000000000e+01 3.325269501740089662e-05
1.500000000000000000e+01 9.678745746857200628e-06
1.600000000000000000e+01 6.805758740743260359e-06
1.700000000000000000e+01 5.976694444186703484e-06
1.800000000000000000e+01 1.876254120836163894e-05
1.900000000000000000e+01 0.000000000000000000e+00
1.000000000000000000e+00 7.599040106780044510e-06
2.000000000000000000e+00 0.000000000000000000e+00
3.000000000000000000e+00 2.924492088578775503e-07
4.000000000000000000e+00 1.202787580496558707e-08
5.000000000000000000e+00 1.155406341164855067e-06
6.000000000000000000e+00 1.118549493162496105e-06
7.000000000000000000e+00 3.658063642583766006e-06
8.000000000000000000e+00 1.765133731078003382e-06
9.000000000000000000e+00 7.561195254693706073e-06
1.000000000000000000e+01 1.062353539133724804e-05
1.100000000000000000e+01 6.285553112178498395e-06
1.200000000000000000e+01 6.624696253179224689e-06
1.300000000000000000e+01 5.087233028409498216e-06
1.400000000000000000e+01 5.944648746506331118e-06
1.500000000000000000e+01 9.253173726857936342e-06
1.600000000000000000e+01 6.862676367320329957e-06
1.700000000000000000e+01 5.234918160614754778e-06
1.800000000000000000e+01 1.558486233408833751e-05
1.900000000000000000e+01 0.000000000000000000e+00
1.000000000000000000e+00 9.414433176043081878e-06
2.000000000000000000e+00 0.000000000000000000e+00
3.000000000000000000e+00 2.854043101721119783e-07
4.000000000000000000e+00 2.736341745629671039e-08
5.000000000000000000e+00 9.654088601457022212e-07
6.000000000000000000e+00 1.365593470856628694e-06
7.000000000000000000e+00 8.966566629105327503e-06
8.000000000000000000e+00 1.612551535152154308e-06
9.000000000000000000e+00 4.983535556290974063e-06
1.000000000000000000e+01 6.264976853212146966e-06
1.100000000000000000e+01 5.396220566499203484e-06
1.200000000000000000e+01 5.353994131083913752e-06
1.300000000000000000e+01 3.606945170412662478e-06
1.400000000000000000e+01 6.576327009763541832e-06
1.500000000000000000e+01 8.216800399462937502e-06
1.600000000000000000e+01 5.153944782427754108e-06
1.700000000000000000e+01 7.463984244170002100e-06
1.800000000000000000e+01 1.034753859831259081e-05
1.900000000000000000e+01 0.000000000000000000e+00
1.000000000000000000e+00 7.875552380196342323e-06
2.000000000000000000e+00 0.000000000000000000e+00
3.000000000000000000e+00 2.711856427026705302e-07
4.000000000000000000e+00 4.450314047837267300e-08
5.000000000000000000e+00 1.111461637777427099e-06
6.000000000000000000e+00 1.907921799562666161e-06
7.000000000000000000e+00 6.537880763886955626e-06
8.000000000000000000e+00 1.723465732753658248e-06
9.000000000000000000e+00 6.510603259829265626e-06
1.000000000000000000e+01 6.695402980232700806e-06
1.100000000000000000e+01 3.637401470218807389e-06
1.200000000000000000e+01 5.049001566029429555e-06
1.300000000000000000e+01 3.777096656353622233e-06
1.400000000000000000e+01 4.294596012862266697e-06
1.500000000000000000e+01 7.354659444442725404e-06
1.600000000000000000e+01 4.246914076635438795e-06
1.700000000000000000e+01 2.163600073816791831e-06
1.800000000000000000e+01 1.363136347656471402e-05
1.900000000000000000e+01 0.000000000000000000e+00
1.000000000000000000e+00 1.296635081464802822e-05
2.000000000000000000e+00 0.000000000000000000e+00
3.000000000000000000e+00 4.059408084175885534e-08
4.000000000000000000e+00 5.240717315020720425e-08
5.000000000000000000e+00 2.499564419069062791e-06
6.000000000000000000e+00 1.103299864909771853e-06
7.000000000000000000e+00 6.986735314908688841e-06
8.000000000000000000e+00 2.341827419226799644e-06
9.000000000000000000e+00 8.294122458209145002e-06
1.000000000000000000e+01 6.330528776349209644e-06
1.100000000000000000e+01 1.074892599660401366e-05
1.200000000000000000e+01 6.361285773050478439e-06
1.300000000000000000e+01 5.279292430995216564e-06
1.400000000000000000e+01 4.719008201980337769e-06
1.500000000000000000e+01 8.894098677380409557e-06
1.600000000000000000e+01 4.978638492570380493e-06
1.700000000000000000e+01 2.936777704579561965e-06
1.800000000000000000e+01 1.304302852290468224e-05
1.900000000000000000e+01 0.000000000000000000e+00
1.000000000000000000e+00 4.192715609124277563e-05
2.000000000000000000e+00 0.000000000000000000e+00
3.000000000000000000e+00 6.224425729069690711e-08
4.000000000000000000e+00 2.835142154027602679e-08
5.000000000000000000e+00 6.108872207943415291e-07
6.000000000000000000e+00 3.763393469275822054e-06
7.000000000000000000e+00 2.439382083344931518e-06
8.000000000000000000e+00 1.780641099526548349e-06
9.000000000000000000e+00 4.938199055846114323e-05
1.000000000000000000e+01 9.964150057029313930e-06
1.100000000000000000e+01 7.294090498424863483e-06
1.200000000000000000e+01 1.130933909571680366e-05
1.300000000000000000e+01 3.430092439380365001e-06
1.400000000000000000e+01 6.321207172600360761e-06
1.500000000000000000e+01 7.344650533505022412e-06
1.600000000000000000e+01 8.608866194005512323e-06
1.700000000000000000e+01 1.192366285245542188e-05
1.800000000000000000e+01 1.686574519391856750e-05
1.900000000000000000e+01 0.000000000000000000e+00
1.000000000000000000e+00 1.215464102461006384e-05
2.000000000000000000e+00 0.000000000000000000e+00
3.000000000000000000e+00 0.000000000000000000e+00
4.000000000000000000e+00 2.285296402943461461e-08
5.000000000000000000e+00 1.257514415409152188e-06
6.000000000000000000e+00 3.088457809820038751e-06
7.000000000000000000e+00 4.871977008199918126e-06
8.000000000000000000e+00 2.891200646618602947e-06
9.000000000000000000e+00 1.259614998005090840e-05
1.000000000000000000e+01 9.892670109388374824e-06
1.100000000000000000e+01 8.769996773092747502e-06
1.200000000000000000e+01 9.428007493022971699e-06
1.300000000000000000e+01 2.976684478232465693e-06
1.400000000000000000e+01 3.505438489958613550e-06
1.500000000000000000e+01 1.028117049788876366e-05
1.600000000000000000e+01 5.067215206534091385e-06
1.700000000000000000e+01 5.020435360992635984e-06
1.800000000000000000e+01 1.690066899045226920e-05
1.900000000000000000e+01 0.000000000000000000e+00
1.000000000000000000e+00 7.324117231237974153e-06
2.000000000000000000e+00 0.000000000000000000e+00
3.000000000000000000e+00 1.022369443422074910e-07
4.000000000000000000e+00 4.901359390523476878e-08
5.000000000000000000e+00 1.124649344463585849e-06
6.000000000000000000e+00 1.223836363155248560e-06
7.000000000000000000e+00 6.242209802581319465e-06
8.000000000000000000e+00 1.601769403626988750e-06
9.000000000000000000e+00 6.821480892688322234e-06
1.000000000000000000e+01 6.723668488374370492e-06
1.100000000000000000e+01 6.250972969239222903e-06
1.200000000000000000e+01 5.901563177104972055e-06
1.300000000000000000e+01 4.362038030768680715e-06
1.400000000000000000e+01 5.300899650744851698e-06
1.500000000000000000e+01 8.622612337782614825e-06
1.600000000000000000e+01 1.241843811503254116e-05
1.700000000000000000e+01 8.747788159552863753e-06
1.800000000000000000e+01 1.366104655578339679e-05
1.900000000000000000e+01 0.000000000000000000e+00
1.000000000000000000e+00 1.230189658982228616e-05
2.000000000000000000e+00 0.000000000000000000e+00
3.000000000000000000e+00 1.082508822446902919e-08
4.000000000000000000e+00 0.000000000000000000e+00
5.000000000000000000e+00 1.242350700555034911e-06
6.000000000000000000e+00 1.873341656623390246e-06
7.000000000000000000e+00 6.737070978557045939e-06
8.000000000000000000e+00 2.484357747515641920e-06
9.000000000000000000e+00 6.997646316531765180e-06
1.000000000000000000e+01 1.381728007115004009e-05
1.100000000000000000e+01 4.218562655095162769e-06
1.200000000000000000e+01 5.146556230147560582e-06
1.300000000000000000e+01 4.094417794108195850e-06
1.400000000000000000e+01 3.590965278271779465e-06
1.500000000000000000e+01 5.509368512464486877e-06
1.600000000000000000e+01 1.271982231734553706e-05
1.700000000000000000e+01 3.569658755417269063e-06
1.800000000000000000e+01 1.891314739611953054e-05
1.900000000000000000e+01 0.000000000000000000e+00
1.000000000000000000e+00 8.120190782729482144e-06
2.000000000000000000e+00 0.000000000000000000e+00
3.000000000000000000e+00 2.650428347022774052e-07
4.000000000000000000e+00 0.000000000000000000e+00
5.000000000000000000e+00 1.689057416611596072e-06
6.000000000000000000e+00 1.925104479284045559e-06
7.000000000000000000e+00 2.945025390845823974e-06
8.000000000000000000e+00 2.469537686255952121e-06
9.000000000000000000e+00 7.178708804095800849e-06
1.000000000000000000e+01 6.128718203021608171e-06
1.100000000000000000e+01 8.239696320191675359e-06
1.200000000000000000e+01 5.346820362300237770e-06
1.300000000000000000e+01 4.286219456498093484e-06
1.400000000000000000e+01 5.033537154280187546e-06
1.500000000000000000e+01 6.785612048769943171e-06
1.600000000000000000e+01 7.253925984576138618e-06
1.700000000000000000e+01 6.562752692783652011e-06
1.800000000000000000e+01 1.116178283360945831e-05
1.900000000000000000e+01 0.000000000000000000e+00
1.000000000000000000e+00 8.815745657850920894e-06
2.000000000000000000e+00 0.000000000000000000e+00
3.000000000000000000e+00 0.000000000000000000e+00
4.000000000000000000e+00 0.000000000000000000e+00
5.000000000000000000e+00 8.009276585127977569e-07
6.000000000000000000e+00 2.003972979205177344e-06
7.000000000000000000e+00 5.526293451990045983e-06
8.000000000000000000e+00 2.407121602168041608e-06
9.000000000000000000e+00 5.563966477279170046e-06
1.000000000000000000e+01 8.480339749689594109e-06
1.100000000000000000e+01 8.942811574390521163e-06
1.200000000000000000e+01 9.614740264895062235e-06
1.300000000000000000e+01 7.336746500833187457e-06
1.400000000000000000e+01 3.623784196539614398e-06
1.500000000000000000e+01 1.044578056961957848e-05
1.600000000000000000e+01 6.569754634770114465e-06
1.700000000000000000e+01 6.106466632782422099e-06
1.800000000000000000e+01 1.388828749509864009e-05
1.900000000000000000e+01 0.000000000000000000e+00
1.000000000000000000e+00 1.143850989052227366e-05
2.000000000000000000e+00 0.000000000000000000e+00
3.000000000000000000e+00 0.000000000000000000e+00
4.000000000000000000e+00 1.082508822446902919e-08
5.000000000000000000e+00 1.457907417659739520e-06
6.000000000000000000e+00 1.601769403626988750e-06
7.000000000000000000e+00 2.239203864590861095e-06
8.000000000000000000e+00 2.431778747568220871e-06
9.000000000000000000e+00 9.422208338617007323e-06
1.000000000000000000e+01 1.106590348076416107e-05
1.100000000000000000e+01 7.019683103274433707e-06
1.200000000000000000e+01 3.390787059517709465e-06
1.300000000000000000e+01 4.086170107841933841e-06
1.400000000000000000e+01 8.177967543292619378e-06
1.500000000000000000e+01 1.312975809879834581e-05
1.600000000000000000e+01 5.420748841801472814e-06
1.700000000000000000e+01 7.068481913683151653e-06
1.800000000000000000e+01 1.634317694689211509e-05
1.900000000000000000e+01 0.000000000000000000e+00
1.000000000000000000e+00 8.625619306733857056e-06
2.000000000000000000e+00 0.000000000000000000e+00
3.000000000000000000e+00 0.000000000000000000e+00
4.000000000000000000e+00 1.653832923182768119e-08
5.000000000000000000e+00 1.645069756524864721e-06
6.000000000000000000e+00 1.244369665422296820e-06
7.000000000000000000e+00 3.396328473727854398e-06
8.000000000000000000e+00 8.534637017609153183e-07
9.000000000000000000e+00 4.956301008932587234e-06
1.000000000000000000e+01 8.289139481089945091e-06
1.100000000000000000e+01 4.886066805571449376e-06
1.200000000000000000e+01 6.526626108669452233e-06
1.300000000000000000e+01 3.353629514620226407e-06
1.400000000000000000e+01 4.504525402358218975e-06
1.500000000000000000e+01 6.253894024791857100e-06
1.600000000000000000e+01 4.189695753163245313e-06
1.700000000000000000e+01 4.912098565349338974e-06
1.800000000000000000e+01 1.145371656207569411e-05
1.900000000000000000e+01 0.000000000000000000e+00
1.000000000000000000e+00 8.550702823148642324e-06
2.000000000000000000e+00 0.000000000000000000e+00
3.000000000000000000e+00 0.000000000000000000e+00
4.000000000000000000e+00 2.835142154027602679e-08
5.000000000000000000e+00 1.246259760191648583e-06
6.000000000000000000e+00 1.779051701652320681e-06
7.000000000000000000e+00 1.800057527611706987e-06
8.000000000000000000e+00 1.250469516723386563e-06
9.000000000000000000e+00 8.028349359618708306e-06
1.000000000000000000e+01 9.477665437417758128e-06
1.100000000000000000e+01 6.366655360463409421e-06
1.200000000000000000e+01 5.652457277844274599e-06
1.300000000000000000e+01 5.249222741482802725e-06
1.400000000000000000e+01 4.645938856465172054e-06
1.500000000000000000e+01 8.318607776812111162e-06
1.600000000000000000e+01 3.544829783219875849e-06
1.700000000000000000e+01 6.280827875255119198e-06
1.800000000000000000e+01 1.334982526932991313e-05
1.900000000000000000e+01 0.000000000000000000e+00
1.000000000000000000e+00 1.461034665369030670e-05
2.000000000000000000e+00 0.000000000000000000e+00
3.000000000000000000e+00 0.000000000000000000e+00
4.000000000000000000e+00 0.000000000000000000e+00
5.000000000000000000e+00 1.429126429126429040e-06
6.000000000000000000e+00 1.575952427345616061e-06
7.000000000000000000e+00 4.001760193710657546e-06
8.000000000000000000e+00 1.862001088007279878e-06
9.000000000000000000e+00 6.538782854572328126e-06
1.000000000000000000e+01 1.554001554001554000e-05
1.100000000000000000e+01 1.120143186706654090e-05
1.200000000000000000e+01 4.071908483673189064e-06
1.300000000000000000e+01 4.451430922019156921e-06
1.400000000000000000e+01 3.451098265339751095e-06
1.500000000000000000e+01 9.732226837489993754e-06
1.600000000000000000e+01 7.825293042011308126e-06
1.700000000000000000e+01 8.947450897915294019e-06
1.800000000000000000e+01 1.431785448813312545e-05
1.900000000000000000e+01 0.000000000000000000e+00
1.000000000000000000e+00 1.073706994759626250e-05
2.000000000000000000e+00 0.000000000000000000e+00
3.000000000000000000e+00 0.000000000000000000e+00
4.000000000000000000e+00 8.505426462082808038e-08
5.000000000000000000e+00 1.258115809199400380e-06
6.000000000000000000e+00 3.648742038834917969e-07
7.000000000000000000e+00 7.848575573033777055e-06
8.000000000000000000e+00 1.241792263464089889e-06
9.000000000000000000e+00 7.607030052850485805e-06
1.000000000000000000e+01 6.973332824726013394e-06
1.100000000000000000e+01 7.883542326266784465e-06
1.200000000000000000e+01 6.384654217471554555e-06
1.300000000000000000e+01 4.799036532782662769e-06
1.400000000000000000e+01 4.823693678182841609e-06
1.500000000000000000e+01 8.083634631622246431e-06
1.600000000000000000e+01 6.981322770796454689e-06
1.700000000000000000e+01 6.188900538745739867e-06
1.800000000000000000e+01 1.191966787942020081e-05
1.900000000000000000e+01 0.000000000000000000e+00
1.000000000000000000e+00 1.354201354201354099e-05
2.000000000000000000e+00 0.000000000000000000e+00
3.000000000000000000e+00 0.000000000000000000e+00
4.000000000000000000e+00 0.000000000000000000e+00
5.000000000000000000e+00 2.068236201363136028e-06
6.000000000000000000e+00 2.103202954596143438e-06
7.000000000000000000e+00 8.765185622770761966e-06
8.000000000000000000e+00 1.747521484363589532e-06
9.000000000000000000e+00 1.506427009522984616e-05
1.000000000000000000e+01 1.007545086492454831e-05
1.100000000000000000e+01 8.580858426059664198e-06
1.200000000000000000e+01 6.786514139455315671e-06
1.300000000000000000e+01 6.902411314176019734e-06
1.400000000000000000e+01 2.819076348488112903e-06
1.500000000000000000e+01 9.215071134575778038e-06
1.600000000000000000e+01 6.507166723884990001e-06
1.700000000000000000e+01 5.160860811015609376e-06
1.800000000000000000e+01 1.848787607301538929e-05
1.900000000000000000e+01 0.000000000000000000e+00
1.000000000000000000e+00 1.007686843600156223e-05
2.000000000000000000e+00 0.000000000000000000e+00
3.000000000000000000e+00 0.000000000000000000e+00
4.000000000000000000e+00 1.653832923182768119e-08
5.000000000000000000e+00 1.621744268803092199e-06
6.000000000000000000e+00 1.170999623012006797e-06
7.000000000000000000e+00 2.760870020931940157e-06
8.000000000000000000e+00 1.865394667252252333e-06
9.000000000000000000e+00 5.011543324236822189e-06
1.000000000000000000e+01 7.156629060653828305e-06
1.100000000000000000e+01 4.124530440319913706e-06
1.200000000000000000e+01 5.480072043539535180e-06
1.300000000000000000e+01 3.477516635411372188e-06
1.400000000000000000e+01 2.626200768615629241e-06
1.500000000000000000e+01 6.715420802108108483e-06
1.600000000000000000e+01 5.619380619380619376e-06
1.700000000000000000e+01 6.828826488269212590e-06
1.800000000000000000e+01 1.113209975439077554e-05
1.900000000000000000e+01 0.000000000000000000e+00
1.000000000000000000e+00 7.662573065049844645e-06
2.000000000000000000e+00 0.000000000000000000e+00
3.000000000000000000e+00 0.000000000000000000e+00
4.000000000000000000e+00 0.000000000000000000e+00
5.000000000000000000e+00 7.457712566071698830e-07
6.000000000000000000e+00 9.030786894563983652e-07
7.000000000000000000e+00 1.931118417186528327e-06
8.000000000000000000e+00 1.260306600863876239e-06
9.000000000000000000e+00 3.992782243556236564e-06
1.000000000000000000e+01 5.669210390572619332e-06
1.100000000000000000e+01 5.091099131346808930e-06
1.200000000000000000e+01 4.470546653209191252e-06
1.300000000000000000e+01 4.386609262770253215e-06
1.400000000000000000e+01 2.935403090201851630e-06
1.500000000000000000e+01 5.796534047308040314e-06
1.600000000000000000e+01 4.216114123234865983e-06
1.700000000000000000e+01 7.320680695293697681e-06
1.800000000000000000e+01 9.850314803875174734e-06
1.900000000000000000e+01 0.000000000000000000e+00
1.000000000000000000e+00 1.355146401586029938e-05
2.000000000000000000e+00 0.000000000000000000e+00
3.000000000000000000e+00 1.202787580496558707e-08
4.000000000000000000e+00 6.142808000393139580e-08
5.000000000000000000e+00 2.413307366867738326e-06
6.000000000000000000e+00 1.990140922029466808e-06
7.000000000000000000e+00 2.923589997893403215e-06
8.000000000000000000e+00 1.355670473317532043e-06
9.000000000000000000e+00 5.566543879237377189e-06
1.000000000000000000e+01 1.415290076280788188e-05
1.100000000000000000e+01 1.055111039631163411e-05
1.200000000000000000e+01 5.445405987201652501e-06
1.300000000000000000e+01 2.833509799454071630e-06
1.400000000000000000e+01 2.682388131304539867e-06
1.500000000000000000e+01 7.839640579578658396e-06
1.600000000000000000e+01 6.409440232969644599e-06
1.700000000000000000e+01 5.493044966729177233e-06
1.800000000000000000e+01 1.471546169688584393e-05
1.900000000000000000e+01 0.000000000000000000e+00
1.000000000000000000e+00 9.894560204157726164e-06
2.000000000000000000e+00 0.000000000000000000e+00
3.000000000000000000e+00 0.000000000000000000e+00
4.000000000000000000e+00 1.653832923182768119e-08
5.000000000000000000e+00 1.911916772597886809e-06
6.000000000000000000e+00 2.495698316131752501e-06
7.000000000000000000e+00 1.148447355877696418e-06
8.000000000000000000e+00 2.317771667616868572e-06
9.000000000000000000e+00 8.805822660311823395e-06
1.000000000000000000e+01 3.832308901968344207e-05
1.100000000000000000e+01 3.725076093497145782e-06
1.200000000000000000e+01 7.743374616439631787e-06
1.300000000000000000e+01 3.683837662165835313e-06
1.400000000000000000e+01 7.233607465805607903e-06
1.500000000000000000e+01 6.531523172390044957e-06
1.600000000000000000e+01 3.984220973385059635e-05
1.700000000000000000e+01 8.777986719163189644e-06
1.800000000000000000e+01 9.096252904302438931e-06
1.900000000000000000e+01 0.000000000000000000e+00
1.000000000000000000e+00 8.391891905823793574e-06
2.000000000000000000e+00 0.000000000000000000e+00
3.000000000000000000e+00 1.018073773491730113e-07
4.000000000000000000e+00 0.000000000000000000e+00
5.000000000000000000e+00 1.284448265872414286e-06
6.000000000000000000e+00 1.967846395090976720e-06
7.000000000000000000e+00 3.595518688397945135e-06
8.000000000000000000e+00 1.782359367498686373e-06
9.000000000000000000e+00 5.906889807818599868e-06
1.000000000000000000e+01 2.048171127118495456e-05
1.100000000000000000e+01 5.358633454608686608e-06
1.200000000000000000e+01 8.140208604604888128e-06
1.300000000000000000e+01 4.344339870655659466e-06
1.400000000000000000e+01 2.776248519282574978e-06
1.500000000000000000e+01 6.205095214383140001e-06
1.600000000000000000e+01 8.855051037713574736e-06
1.700000000000000000e+01 2.017457087116529831e-05
1.800000000000000000e+01 1.129043814802328688e-05
1.900000000000000000e+01 0.000000000000000000e+00
1.000000000000000000e+00 1.257170761814724625e-05
2.000000000000000000e+00 0.000000000000000000e+00
3.000000000000000000e+00 0.000000000000000000e+00
4.000000000000000000e+00 4.488975077210371129e-08
5.000000000000000000e+00 1.577885478814271206e-06
6.000000000000000000e+00 1.789876789876789833e-06
7.000000000000000000e+00 6.649353398579404376e-06
8.000000000000000000e+00 1.624321670761299130e-06
9.000000000000000000e+00 1.161029373103676447e-05
1.000000000000000000e+01 9.520149613028868575e-06
1.100000000000000000e+01 6.105521585397745582e-06
1.200000000000000000e+01 3.786933740494111697e-06
1.300000000000000000e+01 1.027330942191623188e-05
1.400000000000000000e+01 3.021488315605962567e-06
1.500000000000000000e+01 1.104193364255283634e-05
1.600000000000000000e+01 6.957352932585129957e-06
1.700000000000000000e+01 5.055659854421464108e-06
1.800000000000000000e+01 1.756314720711005527e-05
1.900000000000000000e+01 0.000000000000000000e+00
1.000000000000000000e+00 7.206244048349310716e-06
2.000000000000000000e+00 0.000000000000000000e+00
3.000000000000000000e+00 7.796640923575907368e-08
4.000000000000000000e+00 0.000000000000000000e+00
5.000000000000000000e+00 1.378910047640697590e-06
6.000000000000000000e+00 1.455673669295960279e-06
7.000000000000000000e+00 8.700149180025340716e-06
8.000000000000000000e+00 1.994952072351452769e-06
9.000000000000000000e+00 6.583500778547217814e-06
1.000000000000000000e+01 6.536162495914817813e-06
1.100000000000000000e+01 3.561539939248917411e-06
1.200000000000000000e+01 7.626360567537037680e-06
1.300000000000000000e+01 3.352727423934853907e-06
1.400000000000000000e+01 5.038563088098691474e-06
1.500000000000000000e+01 7.311101351349028930e-06
1.600000000000000000e+01 5.541414210144860090e-06
1.700000000000000000e+01 1.085941062721248357e-05
1.800000000000000000e+01 1.759914492112634384e-05
1.900000000000000000e+01 0.000000000000000000e+00
1.000000000000000000e+00 7.132444438945986876e-06
2.000000000000000000e+00 0.000000000000000000e+00
3.000000000000000000e+00 2.856620503679326992e-08
4.000000000000000000e+00 6.224425729069690711e-08
5.000000000000000000e+00 1.100078112462013348e-06
6.000000000000000000e+00 8.179385114369634153e-07
7.000000000000000000e+00 3.042494141565348662e-06
8.000000000000000000e+00 3.591652585460634844e-06
9.000000000000000000e+00 7.228452661889193618e-06
1.000000000000000000e+01 7.773659089448562324e-06
1.100000000000000000e+01 3.932857648027926429e-06
1.200000000000000000e+01 5.340462770803327947e-06
1.300000000000000000e+01 5.325256099249906653e-06
1.400000000000000000e+01 3.437910558653592345e-06
1.500000000000000000e+01 6.623407552200121118e-06
1.600000000000000000e+01 4.125862097998320448e-06
1.700000000000000000e+01 4.316761669702845582e-06
1.800000000000000000e+01 1.051640138327444741e-05
1.900000000000000000e+01 0.000000000000000000e+00
1.000000000000000000e+00 4.098923951865128117e-05
2.000000000000000000e+00 0.000000000000000000e+00
3.000000000000000000e+00 0.000000000000000000e+00
4.000000000000000000e+00 4.510453426862095111e-08
5.000000000000000000e+00 1.967116131202818170e-06
6.000000000000000000e+00 1.643136705056209576e-06
7.000000000000000000e+00 1.310737765846124811e-06
8.000000000000000000e+00 1.260693211157607311e-06
9.000000000000000000e+00 6.282159532933525939e-06
1.000000000000000000e+01 7.668501089553721073e-06
1.100000000000000000e+01 4.422907673681667367e-06
1.200000000000000000e+01 3.856008112974057188e-06
1.300000000000000000e+01 4.938302151924442100e-06
1.400000000000000000e+01 3.641426512943540171e-05
1.500000000000000000e+01 5.801817721322364957e-06
1.600000000000000000e+01 3.910133554096402099e-06
1.700000000000000000e+01 7.858584483971479200e-06
1.800000000000000000e+01 1.616082575834897501e-05
1.900000000000000000e+01 0.000000000000000000e+00
1.000000000000000000e+00 1.000929754799723786e-05
2.000000000000000000e+00 0.000000000000000000e+00
3.000000000000000000e+00 1.752633331580699958e-07
4.000000000000000000e+00 0.000000000000000000e+00
5.000000000000000000e+00 1.409924784537787523e-06
6.000000000000000000e+00 9.184142311077294868e-07
7.000000000000000000e+00 4.650621136689248081e-06
8.000000000000000000e+00 1.623075926481499152e-06
9.000000000000000000e+00 5.929570945050821028e-06
1.000000000000000000e+01 6.918941052067985949e-05
1.100000000000000000e+01 3.520086724421089398e-06
1.200000000000000000e+01 5.239815224335347502e-06
1.300000000000000000e+01 5.039637005581277501e-06
1.400000000000000000e+01 6.014109729280007680e-06
1.500000000000000000e+01 6.161365294492229153e-06
1.600000000000000000e+01 7.804287216051921609e-06
1.700000000000000000e+01 4.114220832487085983e-06
1.800000000000000000e+01 4.464330818819982653e-05
1.900000000000000000e+01 0.000000000000000000e+00
1.000000000000000000e+00 1.549276317078174465e-05
2.000000000000000000e+00 0.000000000000000000e+00
3.000000000000000000e+00 3.434388109310709850e-07
4.000000000000000000e+00 3.367805225390364050e-08
5.000000000000000000e+00 1.292438211942855793e-06
6.000000000000000000e+00 6.343072132545816608e-06
7.000000000000000000e+00 4.813985464140262501e-06
8.000000000000000000e+00 2.282332390691523750e-06
9.000000000000000000e+00 7.243530463344704555e-06
1.000000000000000000e+01 2.079074176597396384e-05
1.100000000000000000e+01 4.877947989403097724e-06
1.200000000000000000e+01 8.562344088659876789e-06
1.300000000000000000e+01 5.366623400679127903e-06
1.400000000000000000e+01 3.855191935687291028e-06
1.500000000000000000e+01 7.189533892320270001e-06
1.600000000000000000e+01 8.614450564914960003e-06
1.700000000000000000e+01 6.826764566702646876e-06
1.800000000000000000e+01 1.949765920354155563e-05
1.900000000000000000e+01 0.000000000000000000e+00
1.000000000000000000e+00 8.244421557115054556e-06
2.000000000000000000e+00 0.000000000000000000e+00
3.000000000000000000e+00 1.591545709192767844e-07
4.000000000000000000e+00 4.037929734524161552e-08
5.000000000000000000e+00 9.597385758376469311e-07
6.000000000000000000e+00 3.029048694683369197e-06
7.000000000000000000e+00 3.571162239892889755e-06
8.000000000000000000e+00 1.937304181886225045e-06
9.000000000000000000e+00 3.919455157845250135e-06
1.000000000000000000e+01 8.028778926611743395e-06
1.100000000000000000e+01 5.361124943168286564e-06
1.200000000000000000e+01 7.961036211810204645e-06
1.300000000000000000e+01 3.467894334767399421e-06
1.400000000000000000e+01 2.049936647459867010e-06
1.500000000000000000e+01 7.200401937244042323e-06
1.600000000000000000e+01 4.897192590691042412e-06
1.700000000000000000e+01 5.097542636242325939e-06
1.800000000000000000e+01 1.247642965909219679e-05
1.900000000000000000e+01 0.000000000000000000e+00
1.000000000000000000e+00 7.229612492770386832e-06
2.000000000000000000e+00 0.000000000000000000e+00
3.000000000000000000e+00 1.359149965961111315e-07
4.000000000000000000e+00 4.059408084175885534e-08
5.000000000000000000e+00 1.492960084291353483e-06
6.000000000000000000e+00 1.632053876635919922e-06
7.000000000000000000e+00 3.359643452522709175e-06
8.000000000000000000e+00 1.349312881820621585e-06
9.000000000000000000e+00 5.306097411360569153e-06
1.000000000000000000e+01 5.671487095635701743e-06
1.100000000000000000e+01 3.808970527236781072e-06
1.200000000000000000e+01 5.459710568069700448e-06
1.300000000000000000e+01 4.225908250676052278e-06
1.400000000000000000e+01 2.602961194292463483e-06
1.500000000000000000e+01 6.047615954736697145e-06
1.600000000000000000e+01 3.831222097475967144e-06
1.700000000000000000e+01 3.948794583469505849e-06
1.800000000000000000e+01 8.884046809743403395e-06
1.900000000000000000e+01 0.000000000000000000e+00
1.000000000000000000e+00 9.407517147455226610e-06
2.000000000000000000e+00 0.000000000000000000e+00
3.000000000000000000e+00 0.000000000000000000e+00
4.000000000000000000e+00 0.000000000000000000e+00
5.000000000000000000e+00 1.702975387185913371e-06
6.000000000000000000e+00 1.522900903705857177e-06
7.000000000000000000e+00 2.787116564206347300e-06
8.000000000000000000e+00 1.515598264824270838e-06
9.000000000000000000e+00 9.983824225310292859e-06
1.000000000000000000e+01 6.505835066206582413e-06
1.100000000000000000e+01 3.624815157322897255e-06
1.200000000000000000e+01 4.780865848977303261e-06
1.300000000000000000e+01 3.988057006632857368e-06
1.400000000000000000e+01 4.438844609123246786e-06
1.500000000000000000e+01 7.756476409727182503e-06
1.600000000000000000e+01 3.707549760181338907e-06
1.700000000000000000e+01 5.792367247475606563e-06
1.800000000000000000e+01 1.733109511747282474e-05
1.900000000000000000e+01 0.000000000000000000e+00
1.000000000000000000e+00 9.025632090647570002e-06
2.000000000000000000e+00 0.000000000000000000e+00
3.000000000000000000e+00 3.099755421736845843e-07
4.000000000000000000e+00 0.000000000000000000e+00
5.000000000000000000e+00 9.392482302699020538e-07
6.000000000000000000e+00 1.287927758515993717e-06
7.000000000000000000e+00 3.645949853380193706e-06
8.000000000000000000e+00 4.855567549066000448e-06
9.000000000000000000e+00 6.104748364810284287e-06
1.000000000000000000e+01 5.996325655768380090e-06
1.100000000000000000e+01 3.509175722798013483e-06
1.200000000000000000e+01 5.497942030449769957e-06
1.300000000000000000e+01 4.654573153025165135e-06
1.400000000000000000e+01 2.143968862235116072e-06
1.500000000000000000e+01 5.042386234336698171e-06
1.600000000000000000e+01 3.976029130827891832e-06
1.700000000000000000e+01 2.105178962764101965e-06
1.800000000000000000e+01 7.679583917974010091e-06
1.900000000000000000e+01 0.000000000000000000e+00
1.000000000000000000e+00 7.389196630682698573e-06
2.000000000000000000e+00 0.000000000000000000e+00
3.000000000000000000e+00 1.653832923182768119e-08
4.000000000000000000e+00 0.000000000000000000e+00
5.000000000000000000e+00 1.061417083088909599e-06
6.000000000000000000e+00 1.303563997062449040e-06
7.000000000000000000e+00 3.782079633472822144e-06
8.000000000000000000e+00 1.123446556883089253e-06
9.000000000000000000e+00 4.929109418273504421e-06
1.000000000000000000e+01 6.784409261189446787e-06
1.100000000000000000e+01 5.436728733942355404e-06
1.200000000000000000e+01 6.107239853369884242e-06
1.300000000000000000e+01 4.167401226224755224e-06
1.400000000000000000e+01 4.101806346388389376e-06
1.500000000000000000e+01 5.693437968979763930e-06
1.600000000000000000e+01 8.102277839119944198e-06
1.700000000000000000e+01 5.769084716453136787e-06
1.800000000000000000e+01 1.077354018530489018e-05
1.900000000000000000e+01 0.000000000000000000e+00
1.000000000000000000e+00 1.185334273569567598e-05
2.000000000000000000e+00 0.000000000000000000e+00
3.000000000000000000e+00 0.000000000000000000e+00
4.000000000000000000e+00 0.000000000000000000e+00
5.000000000000000000e+00 6.342127085161140515e-07
6.000000000000000000e+00 2.749701279113043528e-06
7.000000000000000000e+00 3.178280268063549621e-06
8.000000000000000000e+00 1.422382227335787512e-06
9.000000000000000000e+00 1.083440982821787768e-05
1.000000000000000000e+01 1.059453961930742107e-05
1.100000000000000000e+01 8.359760294744814020e-06
1.200000000000000000e+01 8.638849970119319823e-06
1.300000000000000000e+01 6.407850835095416297e-06
1.400000000000000000e+01 6.301447090920774644e-06
1.500000000000000000e+01 7.858240830377052145e-06
1.600000000000000000e+01 6.521943828445376207e-06
1.700000000000000000e+01 6.323054310670408931e-06
1.800000000000000000e+01 1.768926807626497902e-05
1.900000000000000000e+01 0.000000000000000000e+00
1.000000000000000000e+00 1.124666527143307286e-05
2.000000000000000000e+00 0.000000000000000000e+00
3.000000000000000000e+00 0.000000000000000000e+00
4.000000000000000000e+00 0.000000000000000000e+00
5.000000000000000000e+00 2.656785938519684509e-06
6.000000000000000000e+00 1.823855539025817556e-06
7.000000000000000000e+00 2.334352953547999777e-06
8.000000000000000000e+00 1.786440253932513784e-06
9.000000000000000000e+00 7.034030640841785672e-06
1.000000000000000000e+01 4.838960489115287341e-05
1.100000000000000000e+01 9.131606267829177413e-06
1.200000000000000000e+01 5.320616775725134644e-06
1.300000000000000000e+01 7.576358969547823350e-06
1.400000000000000000e+01 3.421157445925247612e-06
1.500000000000000000e+01 8.423636906609042056e-06
1.600000000000000000e+01 5.872266708180020359e-06
1.700000000000000000e+01 5.050663990292472992e-05
1.800000000000000000e+01 1.828529227910032822e-05
1.900000000000000000e+01 0.000000000000000000e+00
1.000000000000000000e+00 1.250104384779307331e-05
2.000000000000000000e+00 0.000000000000000000e+00
3.000000000000000000e+00 2.550339237645738840e-07
4.000000000000000000e+00 0.000000000000000000e+00
5.000000000000000000e+00 1.305797745426228282e-06
6.000000000000000000e+00 1.459840469128394666e-06
7.000000000000000000e+00 5.467142077049197144e-06
8.000000000000000000e+00 2.132456466821791541e-06
9.000000000000000000e+00 8.470287882052586253e-06
1.000000000000000000e+01 9.750569348092566789e-06
1.100000000000000000e+01 6.916587024946157323e-06
1.200000000000000000e+01 5.799798756455102413e-06
1.300000000000000000e+01 5.355970139251872278e-06
1.400000000000000000e+01 5.293167444870231117e-06
1.500000000000000000e+01 1.129516338494666607e-05
1.600000000000000000e+01 6.487406642205403038e-06
1.700000000000000000e+01 5.471137050084418215e-06
1.800000000000000000e+01 1.378703855484041188e-05
1.900000000000000000e+01 0.000000000000000000e+00
1.000000000000000000e+00 8.694135242122857948e-06
2.000000000000000000e+00 0.000000000000000000e+00
3.000000000000000000e+00 1.083367956432971813e-07
4.000000000000000000e+00 0.000000000000000000e+00
5.000000000000000000e+00 1.142948898366854866e-06
6.000000000000000000e+00 1.377707260060201206e-06
7.000000000000000000e+00 2.206900426714668014e-06
8.000000000000000000e+00 1.009954957323378170e-06
9.000000000000000000e+00 5.825014338946226698e-06
1.000000000000000000e+01 5.594852344078350046e-06
1.100000000000000000e+01 4.456800509432087903e-06
1.200000000000000000e+01 5.054886633834001965e-06
1.300000000000000000e+01 3.707420890083428550e-06
1.400000000000000000e+01 2.062952527348811809e-06
1.500000000000000000e+01 5.046939644462863841e-06
1.600000000000000000e+01 4.268864949979500983e-06
1.700000000000000000e+01 6.214330904733380850e-06
1.800000000000000000e+01 1.014731742285921848e-05
1.900000000000000000e+01 0.000000000000000000e+00
1.000000000000000000e+00 8.128094815401316252e-06
2.000000000000000000e+00 0.000000000000000000e+00
3.000000000000000000e+00 2.690807644368015403e-07
4.000000000000000000e+00 8.879149746022810618e-08
5.000000000000000000e+00 1.117690359176427199e-06
6.000000000000000000e+00 1.311682813230800692e-06
7.000000000000000000e+00 5.245700292139919912e-06
8.000000000000000000e+00 1.772092716365162032e-06
9.000000000000000000e+00 8.104124977189991521e-06
1.000000000000000000e+01 8.023581165996025093e-06
1.100000000000000000e+01 5.351975166216652055e-06
1.200000000000000000e+01 4.942511908456180715e-06
1.300000000000000000e+01 3.419009610960075135e-06
1.400000000000000000e+01 5.580934373504032323e-06
1.500000000000000000e+01 7.859443617957549377e-06
1.600000000000000000e+01 5.043846762113015270e-06
1.700000000000000000e+01 3.734011086952263170e-06
1.800000000000000000e+01 1.433851666049808322e-05
1.900000000000000000e+01 0.000000000000000000e+00
1.000000000000000000e+00 6.125496450573849243e-06
2.000000000000000000e+00 0.000000000000000000e+00
3.000000000000000000e+00 2.891415430115120174e-07
4.000000000000000000e+00 1.653832923182768119e-08
5.000000000000000000e+00 1.166317342787930982e-06
6.000000000000000000e+00 1.292223428446338460e-06
7.000000000000000000e+00 1.955689649188100827e-06
8.000000000000000000e+00 3.023292496976707144e-06
9.000000000000000000e+00 7.777697019183085718e-06
1.000000000000000000e+01 8.160011642983779108e-06
1.100000000000000000e+01 3.924352221565843706e-06
1.200000000000000000e+01 4.477634508594260893e-06
1.300000000000000000e+01 3.259253646250549867e-06
1.400000000000000000e+01 5.223319851802823483e-06
1.500000000000000000e+01 6.703994320093390716e-06
1.600000000000000000e+01 6.410342323655017099e-06
1.700000000000000000e+01 3.300191380686736452e-06
1.800000000000000000e+01 1.626813159320899001e-05
1.900000000000000000e+01 0.000000000000000000e+00
1.000000000000000000e+00 8.337379854407717591e-06
2.000000000000000000e+00 0.000000000000000000e+00
3.000000000000000000e+00 7.324117231237973147e-08
4.000000000000000000e+00 0.000000000000000000e+00
5.000000000000000000e+00 1.935671827312693996e-06
6.000000000000000000e+00 1.624665324355726819e-06
7.000000000000000000e+00 3.333998303038550648e-06
8.000000000000000000e+00 2.178377178377178036e-06
9.000000000000000000e+00 3.696810585355476943e-06
1.000000000000000000e+01 7.712059182647416699e-06
1.100000000000000000e+01 5.174435127995499198e-06
1.200000000000000000e+01 8.012025813883398662e-06
1.300000000000000000e+01 5.411384281353320761e-06
1.400000000000000000e+01 4.528967764261881118e-06
1.500000000000000000e+01 8.950672650363051253e-06
1.600000000000000000e+01 6.834883382870998528e-06
1.700000000000000000e+01 4.544775829605550180e-06
1.800000000000000000e+01 1.296948665369717911e-05
1.900000000000000000e+01 0.000000000000000000e+00
