1.000000000000000000e+00 2.824102282306616407e-06
2.000000000000000000e+00 -8.028220489520797949e-06
3.000000000000000000e+00 -7.617511487480527056e-06
4.000000000000000000e+00 -7.902743970855424289e-06
5.000000000000000000e+00 -5.610875192918535805e-06
6.000000000000000000e+00 -6.337831415230795983e-06
7.000000000000000000e+00 -1.267480369647552221e-06
8.000000000000000000e+00 -5.731068037569584823e-06
9.000000000000000000e+00 -2.860959130308975157e-06
1.000000000000000000e+01 -1.574148245974871273e-06
1.100000000000000000e+01 3.671079522472710911e-07
1.200000000000000000e+01 -3.193443982917666898e-06
1.300000000000000000e+01 -2.505406530174332032e-06
1.400000000000000000e+01 -4.859820262297042233e-06
1.500000000000000000e+01 3.493324700755041251e-06
1.600000000000000000e+01 -1.555805735372298661e-06
1.700000000000000000e+01 -1.165415252102558482e-07
1.800000000000000000e+01 7.352640479575463707e-06
1.900000000000000000e+01 -8.028220489520797949e-06
1.000000000000000000e+00 -2.228421733065695537e-06
2.000000000000000000e+00 -1.254107949154388697e-05
3.000000000000000000e+00 -1.223312291423746456e-05
4.000000000000000000e+00 -1.209905505571140099e-05
5.000000000000000000e+00 -1.102217356087325107e-05
6.000000000000000000e+00 -1.172206706262433795e-05
7.000000000000000000e+00 -7.394394391298416028e-06
8.000000000000000000e+00 -9.697345997655594377e-06
9.000000000000000000e+00 -3.672711877046242277e-06
1.000000000000000000e+01 -4.690570867041454555e-06
1.100000000000000000e+01 -5.947526845359662144e-06
1.200000000000000000e+01 -6.102772356642324913e-06
1.300000000000000000e+01 -4.756337573675034778e-06
1.400000000000000000e+01 -9.822135209132112235e-06
1.500000000000000000e+01 1.078814546306806328e-06
1.600000000000000000e+01 -7.339452772889304957e-06
1.700000000000000000e+01 -8.319595780896090002e-06
1.800000000000000000e+01 2.275029751809937411e-06
1.900000000000000000e+01 -1.254107949154388697e-05
1.000000000000000000e+00 1.902938822443466250e-06
2.000000000000000000e+00 -1.146505713069180554e-05
3.000000000000000000e+00 -1.099438057642391964e-05
4.000000000000000000e+00 -1.115018452479752786e-05
5.000000000000000000e+00 -9.634543303273953216e-06
6.000000000000000000e+00 -9.397078669524489377e-06
7.000000000000000000e+00 -6.759623245691356743e-06
8.000000000000000000e+00 -8.604699394173076878e-06
9.000000000000000000e+00 -2.967448787882223997e-06
1.000000000000000000e+01 -3.961896376757057730e-07
1.100000000000000000e+01 -6.014152685979310850e-06
1.200000000000000000e+01 -1.130104845275123806e-06
1.300000000000000000e+01 -6.741667345382515626e-06
1.400000000000000000e+01 -7.591780424597761341e-06
1.500000000000000000e+01 -1.937647835480652523e-06
1.600000000000000000e+01 -3.873749229786380760e-06
1.700000000000000000e+01 -3.913956700334408796e-06
1.800000000000000000e+01 7.927787726549335895e-06
1.900000000000000000e+01 -1.146505713069180554e-05
1.000000000000000000e+00 8.359803251444118249e-07
2.000000000000000000e+00 -9.922954582397305361e-06
3.000000000000000000e+00 -9.849498626588408575e-06
4.000000000000000000e+00 -9.824626697691713037e-06
5.000000000000000000e+00 -8.208423843098764289e-06
6.000000000000000000e+00 -8.402716994048261878e-06
7.000000000000000000e+00 -3.614247809294248818e-06
8.000000000000000000e+00 -7.350191947715166921e-06
9.000000000000000000e+00 -3.970874326911478394e-06
1.000000000000000000e+01 -6.919035556806453685e-07
1.100000000000000000e+01 -3.953777560588705760e-06
1.200000000000000000e+01 -3.767216615513828751e-06
1.300000000000000000e+01 -4.121179817774244421e-06
1.400000000000000000e+01 -6.047444127939483617e-06
1.500000000000000000e+01 -2.089628637616253616e-06
1.600000000000000000e+01 -3.643973845212235179e-06
1.700000000000000000e+01 -3.802913632634994711e-06
1.800000000000000000e+01 2.264977884172930402e-06
1.900000000000000000e+01 -9.922954582397305361e-06
1.000000000000000000e+00 2.297839759140068505e-06
2.000000000000000000e+00 -1.266810245138418491e-05
3.000000000000000000e+00 -1.246916997690991447e-05
4.000000000000000000e+00 -1.204617535886885563e-05
5.000000000000000000e+00 -1.097887320797537447e-05
6.000000000000000000e+00 -1.057997729824355072e-05
7.000000000000000000e+00 -4.467496727558647015e-07
8.000000000000000000e+00 -1.028744217598706714e-05
9.000000000000000000e+00 -4.350482678656052591e-06
1.000000000000000000e+01 -4.252928014537921563e-06
1.100000000000000000e+01 -6.966803406431889198e-06
1.200000000000000000e+01 -2.074679706258653460e-06
1.300000000000000000e+01 -2.470568647039234978e-06
1.400000000000000000e+01 -7.458013262966822502e-06
1.500000000000000000e+01 6.006592306901903796e-06
1.600000000000000000e+01 -3.874994974066181162e-06
1.700000000000000000e+01 -7.634135730110961431e-06
1.800000000000000000e+01 1.817412034130300335e-06
1.900000000000000000e+01 -1.266810245138418491e-05
1.000000000000000000e+00 1.198878520859944989e-06
2.000000000000000000e+00 -1.165763201366916447e-05
3.000000000000000000e+00 -1.072306606362333759e-05
4.000000000000000000e+00 -1.154620233567601973e-05
5.000000000000000000e+00 -1.048890909572024072e-05
6.000000000000000000e+00 -1.017901946694516295e-05
7.000000000000000000e+00 -8.926917595648244913e-06
8.000000000000000000e+00 -8.917896688794521608e-06
9.000000000000000000e+00 -6.717096113380942279e-06
1.000000000000000000e+01 -5.885497371565482279e-06
1.100000000000000000e+01 -5.229462659803216608e-06
1.200000000000000000e+01 -4.626221731484889108e-06
1.300000000000000000e+01 -3.496503496503496162e-06
1.400000000000000000e+01 -8.000513418470074555e-06
1.500000000000000000e+01 -2.075624753643329130e-06
1.600000000000000000e+01 -3.255301629914632813e-06
1.700000000000000000e+01 -6.063982457171311653e-06
1.800000000000000000e+01 6.627832092228376430e-06
1.900000000000000000e+01 -1.165763201366916447e-05
1.000000000000000000e+00 2.018964867262080670e-06
2.000000000000000000e+00 -8.422047508734813753e-06
3.000000000000000000e+00 -8.102750362812281609e-06
4.000000000000000000e+00 -8.298375171440186787e-06
5.000000000000000000e+00 -7.235540517274263260e-06
6.000000000000000000e+00 -6.909413256162481341e-06
7.000000000000000000e+00 -5.001448499900512010e-06
8.000000000000000000e+00 -5.846879298891682546e-06
9.000000000000000000e+00 -2.906321404773417054e-06
1.000000000000000000e+01 -1.365636427555932076e-06
1.100000000000000000e+01 -2.433196318645234800e-06
1.200000000000000000e+01 -2.133143774010646920e-06
1.300000000000000000e+01 -6.891113702259212112e-07
1.400000000000000000e+01 -5.090841391150988216e-06
1.500000000000000000e+01 -1.940225237438859666e-06
1.600000000000000000e+01 -2.301748818776682389e-06
1.700000000000000000e+01 -1.700097288332582344e-06
1.800000000000000000e+01 6.927326199772020135e-06
1.900000000000000000e+01 -8.422047508734813753e-06
1.000000000000000000e+00 1.287154537928531574e-06
2.000000000000000000e+00 -1.145268560129241125e-05
3.000000000000000000e+00 -1.047181232939746724e-05
4.000000000000000000e+00 -1.138472810299435581e-05
5.000000000000000000e+00 -9.042943640466860180e-06
6.000000000000000000e+00 -8.994703267149085986e-06
7.000000000000000000e+00 -6.614515515444307323e-06
8.000000000000000000e+00 -7.539029597853127189e-06
9.000000000000000000e+00 -5.440337096683845403e-06
1.000000000000000000e+01 -2.021327485723770269e-06
1.100000000000000000e+01 -6.622634331612658975e-06
1.200000000000000000e+01 -1.624192800663388773e-06
1.300000000000000000e+01 -7.171234338417000136e-06
1.400000000000000000e+01 -5.997958010341910716e-06
1.500000000000000000e+01 -3.103149000981818193e-06
1.600000000000000000e+01 -5.554258263236590939e-06
1.700000000000000000e+01 -5.425130425130424956e-06
1.800000000000000000e+01 4.591856372042130313e-06
1.900000000000000000e+01 -1.145268560129241125e-05
1.000000000000000000e+00 2.220474743694557835e-06
2.000000000000000000e+00 -9.027865839011348396e-06
3.000000000000000000e+00 -9.027865839011348396e-06
4.000000000000000000e+00 -8.636916918650664466e-06
5.000000000000000000e+00 -6.780457244853528886e-06
6.000000000000000000e+00 -7.057442041962164957e-06
7.000000000000000000e+00 -4.616427604043702814e-06
8.000000000000000000e+00 -5.092645572521733215e-06
9.000000000000000000e+00 -2.879688251205278840e-06
1.000000000000000000e+01 -7.390270548165284600e-07
1.100000000000000000e+01 -3.662660009409235269e-06
1.200000000000000000e+01 -1.941642808515873382e-07
1.300000000000000000e+01 -4.955227091450001207e-06
1.400000000000000000e+01 -5.698077292504536787e-06
1.500000000000000000e+01 1.450089298386511965e-06
1.600000000000000000e+01 -1.121900115708165179e-06
1.700000000000000000e+01 -5.270787004533134000e-08
1.800000000000000000e+01 6.085804460417463483e-06
1.900000000000000000e+01 -9.027865839011348396e-06
1.000000000000000000e+00 -3.168056573629328662e-06
2.000000000000000000e+00 -1.359326088428255572e-05
3.000000000000000000e+00 -1.283709410644395018e-05
4.000000000000000000e+00 -1.339600372108111991e-05
5.000000000000000000e+00 -1.133571450908912116e-05
6.000000000000000000e+00 -1.021140881821996322e-05
7.000000000000000000e+00 -1.104206251265074670e-05
8.000000000000000000e+00 -1.047748261370552295e-05
9.000000000000000000e+00 -7.149197551674331608e-06
1.000000000000000000e+01 -3.341000245025012679e-06
1.100000000000000000e+01 -7.026470261764378618e-06
1.200000000000000000e+01 -7.026255478267861921e-06
1.300000000000000000e+01 -4.801227324447137993e-06
1.400000000000000000e+01 -1.075524063140162116e-05
1.500000000000000000e+01 -4.398121658183577323e-06
1.600000000000000000e+01 -9.457604658843048127e-06
1.700000000000000000e+01 -6.584488782631196654e-06
1.800000000000000000e+01 1.823726668927907199e-06
1.900000000000000000e+01 -1.359326088428255572e-05
1.000000000000000000e+00 2.318888541798758193e-06
2.000000000000000000e+00 -9.071380975405741700e-06
3.000000000000000000e+00 -9.059353099600776164e-06
4.000000000000000000e+00 -8.740184823776154377e-06
5.000000000000000000e+00 -7.610380675396155091e-06
6.000000000000000000e+00 -6.559745723832410627e-06
7.000000000000000000e+00 -5.222374804418147814e-06
8.000000000000000000e+00 -5.420791798500775984e-06
9.000000000000000000e+00 -9.983996052107506810e-07
1.000000000000000000e+01 -2.237442639919419688e-06
1.100000000000000000e+01 -4.422177409793508394e-06
1.200000000000000000e+01 -2.473704486088386719e-06
1.300000000000000000e+01 -4.352286860026797591e-06
1.400000000000000000e+01 -5.610918149617839822e-06
1.500000000000000000e+01 1.793742892814100123e-06
1.600000000000000000e+01 -1.891082773435714454e-06
1.700000000000000000e+01 -2.958642664525017389e-06
1.800000000000000000e+01 4.335447833899845671e-06
1.900000000000000000e+01 -9.071380975405741700e-06
1.000000000000000000e+00 1.262841046122779788e-06
2.000000000000000000e+00 -1.286209490543855777e-05
3.000000000000000000e+00 -1.232565164453709250e-05
4.000000000000000000e+00 -1.273760639085716464e-05
5.000000000000000000e+00 -1.153116749091981197e-05
6.000000000000000000e+00 -1.145788336190812956e-05
7.000000000000000000e+00 -1.038267717834281259e-05
8.000000000000000000e+00 -1.042026429023332947e-05
9.000000000000000000e+00 -2.302092472371109867e-06
1.000000000000000000e+01 -5.106520586396746921e-06
1.100000000000000000e+01 -5.538192457697101162e-06
1.200000000000000000e+01 -3.463684578235661652e-06
1.300000000000000000e+01 -7.719705475123430093e-06
1.400000000000000000e+01 -9.158110551299405270e-06
1.500000000000000000e+01 3.108089021401714510e-06
1.600000000000000000e+01 -4.728630502624310537e-06
1.700000000000000000e+01 -1.703104257283823728e-06
1.800000000000000000e+01 5.673720843999480984e-06
1.900000000000000000e+01 -1.286209490543855777e-05
1.000000000000000000e+00 -1.070395033243330369e-06
2.000000000000000000e+00 -9.071638715601562414e-06
3.000000000000000000e+00 -8.710458787858167592e-06
4.000000000000000000e+00 -8.869613358777445091e-06
5.000000000000000000e+00 -7.476828297261732949e-06
6.000000000000000000e+00 -7.836676567326721876e-06
7.000000000000000000e+00 -5.045264333190029198e-06
8.000000000000000000e+00 -6.837074174535474599e-06
9.000000000000000000e+00 -3.284855839035405224e-06
1.000000000000000000e+01 -3.043095535355596854e-06
1.100000000000000000e+01 -4.580129193132288662e-06
1.200000000000000000e+01 -2.625728244923290983e-06
1.300000000000000000e+01 -4.724936226484213350e-06
1.400000000000000000e+01 -6.010973890230855939e-06
1.500000000000000000e+01 -1.000891093770350630e-08
1.600000000000000000e+01 -3.997206783584491876e-06
1.700000000000000000e+01 -1.432133398077670424e-06
1.800000000000000000e+01 3.308696807148819175e-06
1.900000000000000000e+01 -9.071638715601562414e-06
1.000000000000000000e+00 3.675375192403055972e-07
2.000000000000000000e+00 -1.003326738620856259e-05
3.000000000000000000e+00 -9.273019721936129645e-06
4.000000000000000000e+00 -9.324224107505840360e-06
5.000000000000000000e+00 -8.693533848332608485e-06
6.000000000000000000e+00 -7.639075750530857325e-06
7.000000000000000000e+00 -5.779909804677605939e-06
8.000000000000000000e+00 -7.732162917921430717e-06
9.000000000000000000e+00 -2.401021750866952076e-06
1.000000000000000000e+01 -2.895968840241285737e-06
1.100000000000000000e+01 -5.136805059405678305e-06
1.200000000000000000e+01 -4.655475243710537635e-06
1.300000000000000000e+01 -4.173243337330024465e-06
1.400000000000000000e+01 -5.765519310410950805e-06
1.500000000000000000e+01 -1.709161151885610090e-06
1.600000000000000000e+01 -3.736502575511863126e-06
1.700000000000000000e+01 -6.958297979969806474e-06
1.800000000000000000e+01 5.746575406018130001e-06
1.900000000000000000e+01 -1.003326738620856259e-05
1.000000000000000000e+00 1.761009887944872378e-06
2.000000000000000000e+00 -1.367354695528069974e-05
3.000000000000000000e+00 -1.349888501591287875e-05
4.000000000000000000e+00 -1.346378939258196099e-05
5.000000000000000000e+00 -1.138339644531594991e-05
6.000000000000000000e+00 -1.201821054762231152e-05
7.000000000000000000e+00 -9.076664649420066342e-06
8.000000000000000000e+00 -1.052310262836578598e-05
9.000000000000000000e+00 -3.997679307276830135e-06
1.000000000000000000e+01 -7.134850014106979644e-06
1.100000000000000000e+01 -4.692976442202448171e-06
1.200000000000000000e+01 -6.926595935883861162e-06
1.300000000000000000e+01 -8.288752870796214020e-06
1.400000000000000000e+01 -8.701609707801656967e-06
1.500000000000000000e+01 -4.370844154125887640e-07
1.600000000000000000e+01 -2.531781943546649108e-06
1.700000000000000000e+01 -9.428866627009040182e-06
1.800000000000000000e+01 8.348505639527310627e-06
1.900000000000000000e+01 -1.367354695528069974e-05
1.000000000000000000e+00 -3.136311572844080180e-06
2.000000000000000000e+00 -1.369605626571570822e-05
3.000000000000000000e+00 -1.334810700135777447e-05
4.000000000000000000e+00 -1.367951793648388018e-05
5.000000000000000000e+00 -1.269722709351192224e-05
6.000000000000000000e+00 -1.188044841295615161e-05
7.000000000000000000e+00 -1.092474776685302956e-05
8.000000000000000000e+00 -1.124516178695745259e-05
9.000000000000000000e+00 -1.056305235871799331e-06
1.000000000000000000e+01 -4.705562755098358305e-06
1.100000000000000000e+01 -5.223921245593072099e-06
1.200000000000000000e+01 1.658171549812416496e-06
1.300000000000000000e+01 -9.435868568995503484e-06
1.400000000000000000e+01 -7.844924253592983038e-06
1.500000000000000000e+01 -6.138211633567670581e-06
1.600000000000000000e+01 -6.739820207312466609e-06
1.700000000000000000e+01 -2.784753945744657701e-06
1.800000000000000000e+01 -1.464007268960829264e-06
1.900000000000000000e+01 -1.369605626571570822e-05
1.000000000000000000e+00 -2.810227268431602596e-07
2.000000000000000000e+00 -9.487072954565214198e-06
3.000000000000000000e+00 -9.487072954565214198e-06
4.000000000000000000e+00 -9.318381996400571966e-06
5.000000000000000000e+00 -7.348130026148601207e-06
6.000000000000000000e+00 -6.906277417113329600e-06
7.000000000000000000e+00 -6.044909682680580492e-06
8.000000000000000000e+00 -6.417000612047051653e-06
9.000000000000000000e+00 -1.377664303360897612e-06
1.000000000000000000e+01 -1.700655725423527154e-06
1.100000000000000000e+01 -3.994543468227678394e-06
1.200000000000000000e+01 -2.923933651487830693e-06
1.300000000000000000e+01 -4.995391605298725225e-06
1.400000000000000000e+01 -6.240835188203608707e-06
1.500000000000000000e+01 -5.547857715040376676e-07
1.600000000000000000e+01 -4.050601960818678662e-06
1.700000000000000000e+01 -5.461901359734176519e-06
1.800000000000000000e+01 2.388306567873131161e-06
1.900000000000000000e+01 -9.487072954565214198e-06
1.000000000000000000e+00 -2.863493575567878600e-07
2.000000000000000000e+00 -1.063083803021883438e-05
3.000000000000000000e+00 -1.032438493738803224e-05
4.000000000000000000e+00 -1.044904527876663974e-05
5.000000000000000000e+00 -9.307943518469833039e-06
6.000000000000000000e+00 -8.957760505748120895e-06
7.000000000000000000e+00 -8.012756077771556788e-06
8.000000000000000000e+00 -8.348763379723131341e-06
9.000000000000000000e+00 -4.238150909977535358e-06
1.000000000000000000e+01 -4.841950275386807457e-06
1.100000000000000000e+01 -1.605549593165692065e-06
1.200000000000000000e+01 -5.692278138098570716e-06
1.300000000000000000e+01 -5.081476830702836162e-06
1.400000000000000000e+01 -6.363820218309381564e-06
1.500000000000000000e+01 -1.300342244614690324e-06
1.600000000000000000e+01 -3.820955446342442591e-06
1.700000000000000000e+01 -5.613151897981619064e-06
1.800000000000000000e+01 5.459023260880845493e-06
1.900000000000000000e+01 -1.063083803021883438e-05
1.000000000000000000e+00 3.967910314659540180e-07
2.000000000000000000e+00 -2.035782415039380920e-05
3.000000000000000000e+00 -2.031723006955204840e-05
4.000000000000000000e+00 -2.020498421427213920e-05
5.000000000000000000e+00 -1.417717129791433134e-05
6.000000000000000000e+00 -1.828026634528182260e-05
7.000000000000000000e+00 -1.671230386400664804e-05
8.000000000000000000e+00 -1.579277275871702893e-05
9.000000000000000000e+00 -1.507144386401352215e-05
1.000000000000000000e+01 -1.010801204299656295e-05
1.100000000000000000e+01 -1.235327280218920956e-05
1.200000000000000000e+01 -1.080257891403402116e-05
1.300000000000000000e+01 -1.410173933393747518e-05
1.400000000000000000e+01 -1.637221567562124777e-05
1.500000000000000000e+01 -7.478031084842230180e-06
1.600000000000000000e+01 -1.397548959468464107e-05
1.700000000000000000e+01 -1.443134608769283590e-05
1.800000000000000000e+01 9.401675036349958217e-06
1.900000000000000000e+01 -2.035782415039380920e-05
1.000000000000000000e+00 6.505749152807976073e-06
2.000000000000000000e+00 -6.023044722735124644e-06
3.000000000000000000e+00 -5.417441175955107546e-06
4.000000000000000000e+00 -5.926735802896793171e-06
5.000000000000000000e+00 -4.432358147528425760e-06
6.000000000000000000e+00 -4.834905376701041832e-06
7.000000000000000000e+00 -3.218187041716453349e-06
8.000000000000000000e+00 -3.677007546976586809e-06
9.000000000000000000e+00 2.244057971612151019e-07
1.000000000000000000e+01 -4.982547552206994588e-07
1.100000000000000000e+01 3.337391882283523103e-06
1.200000000000000000e+01 -4.362252814265198048e-07
1.300000000000000000e+01 7.318532860328525838e-07
1.400000000000000000e+01 -1.809035477766127757e-06
1.500000000000000000e+01 4.998312660851360269e-06
1.600000000000000000e+01 1.482177952766187924e-06
1.700000000000000000e+01 6.481736357897348383e-07
1.800000000000000000e+01 7.319263124216683752e-06
1.900000000000000000e+01 -6.023044722735124644e-06
1.000000000000000000e+00 1.371006014968863059e-06
2.000000000000000000e+00 -8.084966289300654020e-06
3.000000000000000000e+00 -8.068427960068825985e-06
4.000000000000000000e+00 -7.925210324591128752e-06
5.000000000000000000e+00 -7.023635119610351608e-06
6.000000000000000000e+00 -6.099593560893870001e-06
7.000000000000000000e+00 -4.803675856307434778e-06
8.000000000000000000e+00 -5.319671728340458974e-06
9.000000000000000000e+00 -3.023979804165562523e-06
1.000000000000000000e+01 -9.860280758113574556e-07
1.100000000000000000e+01 -2.258362552480199442e-06
1.200000000000000000e+01 -1.664743924805844286e-06
1.300000000000000000e+01 -1.349656535415049275e-06
1.400000000000000000e+01 -5.613796248471170849e-06
1.500000000000000000e+01 3.604067071559331160e-08
1.600000000000000000e+01 -2.208489824588895469e-06
1.700000000000000000e+01 -3.876197761646677546e-06
1.800000000000000000e+01 2.243972058213543885e-06
1.900000000000000000e+01 -8.084966289300654020e-06
1.000000000000000000e+00 1.026879896848937065e-06
2.000000000000000000e+00 -1.215837825744946420e-05
3.000000000000000000e+00 -1.208513708513708411e-05
4.000000000000000000e+00 -1.150582303833077732e-05
5.000000000000000000e+00 -1.026321459757992170e-05
6.000000000000000000e+00 -1.026570608613952250e-05
7.000000000000000000e+00 -9.773035701828271252e-06
8.000000000000000000e+00 -9.309833613239184378e-06
9.000000000000000000e+00 -4.718750461784517055e-06
1.000000000000000000e+01 -2.869808210365485782e-06
1.100000000000000000e+01 -8.114735281917943128e-06
1.200000000000000000e+01 -6.536119539215513796e-06
1.300000000000000000e+01 -6.163083562464366966e-06
1.400000000000000000e+01 -6.331216083538064600e-06
1.500000000000000000e+01 -2.245905109682199242e-06
1.600000000000000000e+01 -7.202592728908517547e-06
1.700000000000000000e+01 -5.022797979454325582e-06
1.800000000000000000e+01 2.898331458702975336e-06
1.900000000000000000e+01 -1.215837825744946420e-05
1.000000000000000000e+00 1.920851766053004197e-06
2.000000000000000000e+00 -9.391150645020612949e-06
3.000000000000000000e+00 -9.391150645020612949e-06
4.000000000000000000e+00 -8.799593938912823930e-06
5.000000000000000000e+00 -7.721294872997658395e-06
6.000000000000000000e+00 -7.242886112855152769e-06
7.000000000000000000e+00 -6.070254135269615135e-06
8.000000000000000000e+00 -7.993038952791273842e-06
9.000000000000000000e+00 -2.936519964383741251e-06
1.000000000000000000e+01 -1.240288778988469197e-06
1.100000000000000000e+01 -3.484819274292958104e-06
1.200000000000000000e+01 -1.040754910723950771e-06
1.300000000000000000e+01 -4.767764055689751698e-06
1.400000000000000000e+01 -4.918026589853214555e-06
1.500000000000000000e+01 -2.903013738927051256e-07
1.600000000000000000e+01 -3.678339204654993974e-06
1.700000000000000000e+01 -1.567876567876567791e-06
1.800000000000000000e+01 4.046478117685547234e-06
1.900000000000000000e+01 -9.391150645020612949e-06
1.000000000000000000e+00 -5.601124022176653740e-07
2.000000000000000000e+00 -1.622242566515012232e-05
3.000000000000000000e+00 -1.620588733591829260e-05
4.000000000000000000e+00 -1.610880519549250152e-05
5.000000000000000000e+00 -1.452314455410430572e-05
6.000000000000000000e+00 -1.427171899308122099e-05
7.000000000000000000e+00 -1.453049014968519607e-05
8.000000000000000000e+00 -1.463216865693645768e-05
9.000000000000000000e+00 -6.193969429263546118e-06
1.000000000000000000e+01 -6.381990902114741072e-06
1.100000000000000000e+01 -3.866747287799919153e-06
1.200000000000000000e+01 -9.760363475533753930e-06
1.300000000000000000e+01 -1.129507747154805973e-05
1.400000000000000000e+01 -1.195910212938076670e-05
1.500000000000000000e+01 -6.980893203803420447e-06
1.600000000000000000e+01 -1.156003439285173027e-05
1.700000000000000000e+01 -9.699236092424945717e-06
1.800000000000000000e+01 8.970733428937762948e-06
1.900000000000000000e+01 -1.622242566515012232e-05
1.000000000000000000e+00 -4.646110683262385582e-06
2.000000000000000000e+00 -1.340133035179474688e-05
3.000000000000000000e+00 -1.332155976118824259e-05
4.000000000000000000e+00 -1.340133035179474688e-05
5.000000000000000000e+00 -1.180836707152496474e-05
6.000000000000000000e+00 -1.182340191628117250e-05
7.000000000000000000e+00 -1.089106971459912572e-05
8.000000000000000000e+00 -1.162940946222679964e-05
9.000000000000000000e+00 -5.851776362612275270e-06
1.000000000000000000e+01 -4.723175001812772367e-06
1.100000000000000000e+01 1.504987960096319018e-06
1.200000000000000000e+01 -9.106304771939446787e-06
1.300000000000000000e+01 3.082443871917555983e-06
1.400000000000000000e+01 -9.689399008284456253e-06
1.500000000000000000e+01 -4.785634042599986474e-06
1.600000000000000000e+01 -6.546386190349038349e-06
1.700000000000000000e+01 -3.977060091611174689e-06
1.800000000000000000e+01 -3.323688695205722925e-06
1.900000000000000000e+01 -1.340133035179474688e-05
1.000000000000000000e+00 3.308396110253695291e-06
2.000000000000000000e+00 -7.522104658327568082e-06
3.000000000000000000e+00 -7.522104658327568082e-06
4.000000000000000000e+00 -6.262141711058119109e-06
5.000000000000000000e+00 -5.519420380101493886e-06
6.000000000000000000e+00 -6.455747554818761743e-06
7.000000000000000000e+00 -3.448735646878061496e-06
8.000000000000000000e+00 -5.374312649854445313e-06
9.000000000000000000e+00 -1.700355028528403058e-06
1.000000000000000000e+01 -1.251586390905276183e-06
1.100000000000000000e+01 -2.256601327808758036e-06
1.200000000000000000e+01 -2.553045509701856340e-06
1.300000000000000000e+01 -2.357120004178827701e-06
1.400000000000000000e+01 -3.893767051661788438e-06
1.500000000000000000e+01 2.690378077374981056e-07
1.600000000000000000e+01 -2.637541337231739398e-08
1.700000000000000000e+01 4.160785894532024053e-07
1.800000000000000000e+01 4.652940798451633662e-06
1.900000000000000000e+01 -7.522104658327568082e-06
1.000000000000000000e+00 -1.226070111519027802e-06
2.000000000000000000e+00 -1.443044399700746340e-05
3.000000000000000000e+00 -1.441841612120249786e-05
4.000000000000000000e+00 -1.441390566777563536e-05
5.000000000000000000e+00 -1.310071937006921482e-05
6.000000000000000000e+00 -1.323135069265100107e-05
7.000000000000000000e+00 -1.101822154453733233e-05
8.000000000000000000e+00 -1.237281810037227982e-05
9.000000000000000000e+00 -7.056454037878186118e-06
1.000000000000000000e+01 -3.945100307329408662e-06
1.100000000000000000e+01 -7.319263124216683752e-06
1.200000000000000000e+01 -5.387715140037120761e-06
1.300000000000000000e+01 -8.131058827653254466e-06
1.400000000000000000e+01 -1.150629556202311474e-05
1.500000000000000000e+01 -4.523469306751039778e-06
1.600000000000000000e+01 -5.674751804782763841e-06
1.700000000000000000e+01 -9.306182293798392056e-06
1.800000000000000000e+01 4.461998270047805358e-06
1.900000000000000000e+01 -1.443044399700746340e-05
1.000000000000000000e+00 2.524264521168545648e-06
2.000000000000000000e+00 -9.372722221019433574e-06
3.000000000000000000e+00 -9.332128140177674467e-06
4.000000000000000000e+00 -9.175808711412426519e-06
5.000000000000000000e+00 -6.898545211238709020e-06
6.000000000000000000e+00 -7.696551814198871521e-06
7.000000000000000000e+00 -6.277692036205967457e-06
8.000000000000000000e+00 -6.906105590316116073e-06
9.000000000000000000e+00 -2.944595823852789733e-06
1.000000000000000000e+01 4.633309586869958009e-07
1.100000000000000000e+01 -4.493442573937929956e-06
1.200000000000000000e+01 -4.027190559698299376e-06
1.300000000000000000e+01 -5.732442651947295582e-06
1.400000000000000000e+01 -6.267081731478015850e-06
1.500000000000000000e+01 -3.412909759658985603e-07
1.600000000000000000e+01 -4.286090586400183127e-06
1.700000000000000000e+01 -2.400721053971827768e-06
1.800000000000000000e+01 5.129373550426181608e-06
1.900000000000000000e+01 -9.372722221019433574e-06
1.000000000000000000e+00 3.066850590070404041e-06
2.000000000000000000e+00 -7.416345264642478215e-06
3.000000000000000000e+00 -7.416345264642478215e-06
4.000000000000000000e+00 -7.307793685502663662e-06
5.000000000000000000e+00 -6.150540206267760001e-06
6.000000000000000000e+00 -6.045682903268041788e-06
7.000000000000000000e+00 -4.926188362720870224e-06
8.000000000000000000e+00 -5.423841724151321385e-06
9.000000000000000000e+00 -2.239633431583895760e-06
1.000000000000000000e+01 -9.913976632242884379e-07
1.100000000000000000e+01 -8.439702712148532256e-07
1.200000000000000000e+01 -2.838965300265609800e-06
1.300000000000000000e+01 -2.112266818149170760e-06
1.400000000000000000e+01 -3.748229754421704777e-06
1.500000000000000000e+01 1.388360521487456459e-07
1.600000000000000000e+01 -2.513439432944076496e-06
1.700000000000000000e+01 1.310909592643338761e-06
1.800000000000000000e+01 5.593606599798549644e-06
1.900000000000000000e+01 -7.416345264642478215e-06
1.000000000000000000e+00 7.459387877344533261e-06
2.000000000000000000e+00 -1.458062061777231991e-05
3.000000000000000000e+00 -1.456859274196735438e-05
4.000000000000000000e+00 -1.447958646101060840e-05
5.000000000000000000e+00 -1.230241207021392759e-05
6.000000000000000000e+00 -1.246904110681200411e-05
7.000000000000000000e+00 -9.696787560564648932e-06
8.000000000000000000e+00 -1.245739984130076965e-05
9.000000000000000000e+00 -5.349054110664017011e-06
1.000000000000000000e+01 -3.456510809451985670e-06
1.100000000000000000e+01 -3.498307677874241161e-06
1.200000000000000000e+01 7.096446724929696820e-07
1.300000000000000000e+01 -8.799851679108644645e-06
1.400000000000000000e+01 -1.086649848259755322e-05
1.500000000000000000e+01 2.884800098422389108e-06
1.600000000000000000e+01 -6.498661297422907278e-06
1.700000000000000000e+01 -5.834250029296468394e-06
1.800000000000000000e+01 8.759257598266885538e-06
1.900000000000000000e+01 -1.458062061777231991e-05
1.000000000000000000e+00 3.734440653945297835e-06
2.000000000000000000e+00 -1.256096844332138429e-05
3.000000000000000000e+00 -1.232754173930644384e-05
4.000000000000000000e+00 -1.240550814854220313e-05
5.000000000000000000e+00 -9.721358792566221432e-06
6.000000000000000000e+00 -9.841551637217270450e-06
7.000000000000000000e+00 -1.018314331007829438e-05
8.000000000000000000e+00 -9.944776585643458038e-06
9.000000000000000000e+00 -5.535743925836804377e-06
1.000000000000000000e+01 1.580935404464816183e-06
1.100000000000000000e+01 -6.008181704776131252e-06
1.200000000000000000e+01 -3.372186808719316139e-06
1.300000000000000000e+01 -4.558307189886136832e-06
1.400000000000000000e+01 -8.463586636961249377e-06
1.500000000000000000e+01 -2.707131190103325894e-07
1.600000000000000000e+01 -3.595217991502820827e-06
1.700000000000000000e+01 -8.495116854249980527e-07
1.800000000000000000e+01 4.588376879398550671e-06
1.900000000000000000e+01 -1.256096844332138429e-05
1.000000000000000000e+00 6.808207272603557144e-07
2.000000000000000000e+00 -1.344372861400725099e-05
3.000000000000000000e+00 -1.317503445986418009e-05
4.000000000000000000e+00 -1.324479613953298054e-05
5.000000000000000000e+00 -1.122883824122214125e-05
6.000000000000000000e+00 -1.131286154505968732e-05
7.000000000000000000e+00 -9.538878733925172681e-06
8.000000000000000000e+00 -7.770179596804982681e-06
9.000000000000000000e+00 -5.231095014376748081e-06
1.000000000000000000e+01 -2.942963469279258260e-07
1.100000000000000000e+01 -7.058773699640572546e-06
1.200000000000000000e+01 -6.823370987457674421e-06
1.300000000000000000e+01 -6.703865449995480359e-06
1.400000000000000000e+01 -8.735158889957650449e-06
1.500000000000000000e+01 3.438254212248020034e-07
1.600000000000000000e+01 -3.591523715362724487e-06
1.700000000000000000e+01 -5.576638703573688003e-07
1.800000000000000000e+01 4.383731163916922188e-06
1.900000000000000000e+01 -1.344372861400725099e-05
1.000000000000000000e+00 6.274642110555422903e-06
2.000000000000000000e+00 -1.310385520911836572e-05
3.000000000000000000e+00 -1.307017715686446188e-05
4.000000000000000000e+00 -1.262841046122779831e-05
5.000000000000000000e+00 -1.041987767993959840e-05
6.000000000000000000e+00 -1.058435888157250286e-05
7.000000000000000000e+00 -8.276252471298909378e-06
8.000000000000000000e+00 -8.912355274584376252e-06
9.000000000000000000e+00 -3.990677365290367680e-06
1.000000000000000000e+01 -5.315290145011506832e-06
1.100000000000000000e+01 -6.296979594193216162e-06
1.200000000000000000e+01 -6.665805814412625225e-06
1.300000000000000000e+01 -3.148167621851832188e-06
1.400000000000000000e+01 -8.260916929647578574e-06
1.500000000000000000e+01 2.465671583318641831e-06
1.600000000000000000e+01 -4.170880718868334867e-06
1.700000000000000000e+01 -6.316224195481160850e-06
1.800000000000000000e+01 8.646324435798118842e-06
1.900000000000000000e+01 -1.310385520911836572e-05
1.000000000000000000e+00 8.232651421505910158e-07
2.000000000000000000e+00 -7.705100197360259108e-06
3.000000000000000000e+00 -7.553677832315603037e-06
4.000000000000000000e+00 -7.625114823257237279e-06
5.000000000000000000e+00 -6.268112692261298707e-06
6.000000000000000000e+00 -5.633942940444488037e-06
7.000000000000000000e+00 -3.220678530276053304e-06
8.000000000000000000e+00 -5.053941586449326295e-06
9.000000000000000000e+00 -1.706884446822527255e-06
1.000000000000000000e+01 -1.494678352263491507e-06
1.100000000000000000e+01 -2.595916295606697858e-06
1.200000000000000000e+01 -1.945294127956666340e-06
1.300000000000000000e+01 -4.035867812957595626e-06
1.400000000000000000e+01 -4.099443727926699778e-06
1.500000000000000000e+01 1.004499456511840212e-06
1.600000000000000000e+01 -3.477731418907889309e-06
1.700000000000000000e+01 -1.279937812445552210e-06
1.800000000000000000e+01 6.005561346118620939e-06
1.900000000000000000e+01 -7.705100197360259108e-06
1.000000000000000000e+00 -8.969358814560052401e-07
2.000000000000000000e+00 -8.856640435587803038e-06
3.000000000000000000e+00 -8.752814093371367681e-06
4.000000000000000000e+00 -8.588762458731498306e-06
5.000000000000000000e+00 -7.241081931484407769e-06
6.000000000000000000e+00 -7.523608142803189197e-06
7.000000000000000000e+00 -5.734461616814557279e-06
8.000000000000000000e+00 -6.189373062438077278e-06
9.000000000000000000e+00 -3.141380463361887278e-06
1.000000000000000000e+01 -1.967846395090976720e-06
1.100000000000000000e+01 -3.973065118575954465e-06
1.200000000000000000e+01 -3.992481546661112680e-06
1.300000000000000000e+01 -3.041849791075796876e-06
1.400000000000000000e+01 -5.659845830124467278e-06
1.500000000000000000e+01 -3.838610649756160352e-07
1.600000000000000000e+01 -4.330808510375073662e-06
1.700000000000000000e+01 -3.772070722535118728e-06
1.800000000000000000e+01 3.835345940609097725e-06
1.900000000000000000e+01 -8.856640435587803038e-06
1.000000000000000000e+00 3.835517767406312099e-06
2.000000000000000000e+00 -1.254709342944636974e-05
3.000000000000000000e+00 -1.254709342944636974e-05
4.000000000000000000e+00 -1.199965325352322179e-05
5.000000000000000000e+00 -1.009950661653447938e-05
6.000000000000000000e+00 -1.076018065182151706e-05
7.000000000000000000e+00 -1.058392931457946777e-05
8.000000000000000000e+00 -9.906845820158512414e-06
9.000000000000000000e+00 -4.251295659964390091e-06
1.000000000000000000e+01 1.525907872657098561e-06
1.100000000000000000e+01 -4.886109762270752546e-06
1.200000000000000000e+01 -6.176529009346346430e-06
1.300000000000000000e+01 -3.019512307438003617e-06
1.400000000000000000e+01 -7.487782255584112457e-06
1.500000000000000000e+01 -4.815445991916579600e-06
1.600000000000000000e+01 -7.378328585758926251e-06
1.700000000000000000e+01 4.450657701431694778e-06
1.800000000000000000e+01 7.706560725136575360e-06
1.900000000000000000e+01 -1.254709342944636974e-05
1.000000000000000000e+00 -1.691849602066320123e-06
2.000000000000000000e+00 -1.255435311162865206e-05
3.000000000000000000e+00 -1.220953968631987090e-05
4.000000000000000000e+00 -1.248759840091109384e-05
5.000000000000000000e+00 -1.086319081675118795e-05
6.000000000000000000e+00 -1.078754406927781509e-05
7.000000000000000000e+00 -8.538589033945070448e-06
8.000000000000000000e+00 -1.004946206184596188e-05
9.000000000000000000e+00 -6.998720234014351207e-06
1.000000000000000000e+01 -9.849971150280746515e-08
1.100000000000000000e+01 -8.721799356474279019e-06
1.200000000000000000e+01 -7.428115400251623037e-06
1.300000000000000000e+01 -6.473660498428299689e-06
1.400000000000000000e+01 -6.898115644245674778e-06
1.500000000000000000e+01 -4.939032415812601073e-06
1.600000000000000000e+01 -4.560884591844343974e-06
1.700000000000000000e+01 -7.062296148983455358e-06
1.800000000000000000e+01 4.698732639909110224e-06
1.900000000000000000e+01 -1.255435311162865206e-05
1.000000000000000000e+00 2.192853586042440358e-06
2.000000000000000000e+00 -1.052400471905115848e-05
3.000000000000000000e+00 -9.905170508885677771e-06
4.000000000000000000e+00 -1.029543212205750759e-05
5.000000000000000000e+00 -8.243433553031075716e-06
6.000000000000000000e+00 -6.253120804204394957e-06
7.000000000000000000e+00 -6.836988261136867412e-06
8.000000000000000000e+00 -7.988915109658142414e-06
9.000000000000000000e+00 -2.628219733482891362e-06
1.000000000000000000e+01 -1.174221375459765514e-06
1.100000000000000000e+01 -3.757121791177518572e-06
1.200000000000000000e+01 -2.316697750134282545e-06
1.300000000000000000e+01 -1.265976885171931529e-06
1.400000000000000000e+01 -5.489135907092563349e-06
1.500000000000000000e+01 -1.609501609501609331e-06
1.600000000000000000e+01 -4.879881040871752234e-06
1.700000000000000000e+01 -2.345650565464806764e-06
1.800000000000000000e+01 5.546654927459880715e-06
1.900000000000000000e+01 -1.052400471905115848e-05
1.000000000000000000e+00 6.352651476490485359e-06
2.000000000000000000e+00 -8.689882528891816163e-06
3.000000000000000000e+00 -8.397862887026972324e-06
4.000000000000000000e+00 -8.492367625494559645e-06
5.000000000000000000e+00 -7.411620027719098172e-06
6.000000000000000000e+00 -5.996712266062111162e-06
7.000000000000000000e+00 -5.838202045632385448e-06
8.000000000000000000e+00 -6.771694078195625448e-06
9.000000000000000000e+00 -3.809958531320760335e-06
1.000000000000000000e+01 2.545528087323752880e-06
1.100000000000000000e+01 -3.087426849036755894e-06
1.200000000000000000e+01 -2.535733959882566585e-06
1.300000000000000000e+01 6.650556186159900337e-07
1.400000000000000000e+01 -6.910186476749943484e-06
1.500000000000000000e+01 1.963851422055756072e-06
1.600000000000000000e+01 -1.673593004862354699e-06
1.700000000000000000e+01 1.010427481015716217e-06
1.800000000000000000e+01 5.324783575557569242e-06
1.900000000000000000e+01 -8.689882528891816163e-06
1.000000000000000000e+00 2.166564086068729621e-06
2.000000000000000000e+00 -7.973064087615170181e-06
3.000000000000000000e+00 -7.712488749640451788e-06
4.000000000000000000e+00 -7.523178575810154109e-06
5.000000000000000000e+00 -5.903711012070144956e-06
6.000000000000000000e+00 -5.481661441413762636e-06
7.000000000000000000e+00 -4.141584249943382323e-06
8.000000000000000000e+00 -5.840564664094075047e-06
9.000000000000000000e+00 -2.278337417656303103e-06
1.000000000000000000e+01 -1.658472246707540804e-06
1.100000000000000000e+01 -2.856019109889078840e-06
1.200000000000000000e+01 -2.104491655575246586e-06
1.300000000000000000e+01 -1.636091806370443951e-06
1.400000000000000000e+01 -4.326770580640549421e-06
1.500000000000000000e+01 5.338658589432582312e-07
1.600000000000000000e+01 -3.843207016581629510e-06
1.700000000000000000e+01 -2.074035355769101675e-06
1.800000000000000000e+01 3.159722973964459889e-06
1.900000000000000000e+01 -7.973064087615170181e-06
1.000000000000000000e+00 4.129470460739810447e-06
2.000000000000000000e+00 -1.395465559552246724e-05
3.000000000000000000e+00 -1.395465559552246724e-05
4.000000000000000000e+00 -1.351555221524261715e-05
5.000000000000000000e+00 -1.140513253516349456e-05
6.000000000000000000e+00 -1.212637551646839500e-05
7.000000000000000000e+00 -1.196395623640205625e-05
8.000000000000000000e+00 -1.144430904492823973e-05
9.000000000000000000e+00 -5.006044866725980849e-06
1.000000000000000000e+01 -1.470708514052167199e-06
1.100000000000000000e+01 -8.742590398937147145e-06
1.200000000000000000e+01 -7.014657169455930627e-06
1.300000000000000000e+01 -9.178944550461577413e-06
1.400000000000000000e+01 -7.922160398940584198e-06
1.500000000000000000e+01 -1.449187207701139465e-06
1.600000000000000000e+01 -9.035039607795024378e-06
1.700000000000000000e+01 -3.845913288637746162e-06
1.800000000000000000e+01 6.052598931855897055e-06
1.900000000000000000e+01 -1.395465559552246724e-05
1.000000000000000000e+00 2.730800331419526318e-06
2.000000000000000000e+00 -1.370838483841579679e-05
3.000000000000000000e+00 -1.315682081935951741e-05
4.000000000000000000e+00 -1.357698029524654840e-05
5.000000000000000000e+00 -1.199995395041834652e-05
6.000000000000000000e+00 -1.190093875852389670e-05
7.000000000000000000e+00 -9.631965901315746073e-06
8.000000000000000000e+00 -7.341042170763532412e-06
9.000000000000000000e+00 -6.068063343605139064e-06
1.000000000000000000e+01 -6.232501588538739511e-06
1.100000000000000000e+01 -5.896193589692041073e-06
1.200000000000000000e+01 -3.481683435243806363e-06
1.300000000000000000e+01 -5.481403701217941921e-06
1.400000000000000000e+01 -1.099880511645217411e-05
1.500000000000000000e+01 -4.727943195435454734e-06
1.600000000000000000e+01 -6.075365982486725403e-06
1.700000000000000000e+01 -9.403264434224186519e-06
1.800000000000000000e+01 6.167250362296801564e-06
1.900000000000000000e+01 -1.370838483841579679e-05
1.000000000000000000e+00 3.623397586245883009e-07
2.000000000000000000e+00 -8.415475133741387234e-06
3.000000000000000000e+00 -8.376083840480123664e-06
4.000000000000000000e+00 -8.278786916557814198e-06
5.000000000000000000e+00 -6.853827287263819332e-06
6.000000000000000000e+00 -6.812674769331115627e-06
7.000000000000000000e+00 -6.115616409734056608e-06
8.000000000000000000e+00 -6.535131535131534956e-06
9.000000000000000000e+00 -2.965644606511479420e-06
1.000000000000000000e+01 -1.987649433469866853e-06
1.100000000000000000e+01 -3.459388908305316697e-06
1.200000000000000000e+01 -2.847814380322120001e-06
1.300000000000000000e+01 -4.220109096270086207e-06
1.400000000000000000e+01 -5.020048750698904912e-06
1.500000000000000000e+01 -1.542016634895891719e-06
1.600000000000000000e+01 -1.744127905118617076e-06
1.700000000000000000e+01 -2.296808798356785648e-06
1.800000000000000000e+01 2.311628859616475447e-06
1.900000000000000000e+01 -8.415475133741387234e-06
1.000000000000000000e+00 3.022819973284369309e-06
2.000000000000000000e+00 -9.679561924143966788e-06
3.000000000000000000e+00 -9.663023594912138753e-06
4.000000000000000000e+00 -9.283329329768958216e-06
5.000000000000000000e+00 -8.601391728326711610e-06
6.000000000000000000e+00 -7.906824857289253394e-06
7.000000000000000000e+00 -6.228248875307698573e-06
8.000000000000000000e+00 -7.957127152173591608e-06
9.000000000000000000e+00 1.028812948317592237e-07
1.000000000000000000e+01 -1.435226280427518784e-06
1.100000000000000000e+01 -3.745265742169766564e-06
1.200000000000000000e+01 -2.795793817465643974e-06
1.300000000000000000e+01 -5.402062677604472725e-06
1.400000000000000000e+01 -5.383333556708169465e-06
1.500000000000000000e+01 -2.004445502897515179e-06
1.600000000000000000e+01 -2.857007113973058103e-06
1.700000000000000000e+01 -3.865458586820815581e-06
1.800000000000000000e+01 5.138695154175029644e-06
1.900000000000000000e+01 -9.679561924143966788e-06
1.000000000000000000e+00 -7.938913511668928931e-06
2.000000000000000000e+00 -1.967472671807036938e-05
3.000000000000000000e+00 -1.966269884226540384e-05
4.000000000000000000e+00 -1.964616051303357750e-05
5.000000000000000000e+00 -1.674065528554692322e-05
6.000000000000000000e+00 -1.728422935853276215e-05
7.000000000000000000e+00 -1.642921921559692286e-05
8.000000000000000000e+00 -1.784571637512813902e-05
9.000000000000000000e+00 -9.907404257249457859e-06
1.000000000000000000e+01 -1.019585849307211402e-05
1.100000000000000000e+01 -1.413094988946382054e-05
1.200000000000000000e+01 -1.272162649871628036e-05
1.300000000000000000e+01 -1.276097483527823991e-05
1.400000000000000000e+01 -1.635722378756434233e-05
1.500000000000000000e+01 -8.361134909122523931e-06
1.600000000000000000e+01 -1.114374101990201000e-05
1.700000000000000000e+01 -8.276209514599607055e-06
1.800000000000000000e+01 2.046156457921163483e-06
1.900000000000000000e+01 -1.967472671807036938e-05
1.000000000000000000e+00 4.278100640329741832e-06
2.000000000000000000e+00 -1.172670638614910911e-05
3.000000000000000000e+00 -1.111380020048750652e-05
4.000000000000000000e+00 -1.172670638614910911e-05
5.000000000000000000e+00 -9.999804117451175449e-06
6.000000000000000000e+00 -1.008528794906503777e-05
7.000000000000000000e+00 -9.845546610252491521e-06
8.000000000000000000e+00 -1.003691870564935491e-05
9.000000000000000000e+00 -3.552304248898676139e-06
1.000000000000000000e+01 -3.782165546871428907e-06
1.100000000000000000e+01 -5.815263168204344421e-06
1.200000000000000000e+01 -6.998548407217137680e-06
1.300000000000000000e+01 -5.877851079089468885e-06
1.400000000000000000e+01 -7.030722974995420403e-06
1.500000000000000000e+01 -8.853805293433775393e-07
1.600000000000000000e+01 -4.517584238946467368e-06
1.700000000000000000e+01 -5.246903079720417144e-06
1.800000000000000000e+01 6.180137372087836429e-06
1.900000000000000000e+01 -1.172670638614910911e-05
1.000000000000000000e+00 -9.685446991948539622e-07
2.000000000000000000e+00 -1.593951284353760983e-05
3.000000000000000000e+00 -1.565569793123972652e-05
4.000000000000000000e+00 -1.563284496721029099e-05
5.000000000000000000e+00 -1.400470015021098474e-05
6.000000000000000000e+00 -1.442400049211194554e-05
7.000000000000000000e+00 -1.061215186602183429e-05
8.000000000000000000e+00 -1.385830371898483259e-05
9.000000000000000000e+00 -7.469740441876664154e-06
1.000000000000000000e+01 -7.680271225162865894e-06
1.100000000000000000e+01 -9.189511898490225004e-06
1.200000000000000000e+01 -4.744782221562406653e-06
1.300000000000000000e+01 -1.186313686313686313e-05
1.400000000000000000e+01 -1.353746013188737616e-05
1.500000000000000000e+01 -6.635607254802301028e-06
1.600000000000000000e+01 -9.361209825606109467e-06
1.700000000000000000e+01 -3.465488759606406652e-06
1.800000000000000000e+01 6.141862953008463751e-06
1.900000000000000000e+01 -1.593951284353760983e-05
1.000000000000000000e+00 1.259060856584076367e-07
2.000000000000000000e+00 -1.369111624529581063e-05
3.000000000000000000e+00 -1.269842988109241947e-05
4.000000000000000000e+00 -1.344097938525182947e-05
5.000000000000000000e+00 -1.128365098953334197e-05
6.000000000000000000e+00 -8.130199693667184289e-06
7.000000000000000000e+00 -8.158637028606067503e-06
8.000000000000000000e+00 -7.458571700057767948e-06
9.000000000000000000e+00 -5.301028520842762055e-06
1.000000000000000000e+01 -3.758023881862891072e-06
1.100000000000000000e+01 -6.151785950547560403e-06
1.200000000000000000e+01 -3.547579011975296519e-06
1.300000000000000000e+01 -3.260284607033832724e-06
1.400000000000000000e+01 -7.930708782101970092e-06
1.500000000000000000e+01 3.160582107950528795e-06
1.600000000000000000e+01 -5.713584660953081965e-06
1.700000000000000000e+01 -6.833508768493288617e-06
1.800000000000000000e+01 1.543434205972905648e-06
1.900000000000000000e+01 -1.369111624529581063e-05
1.000000000000000000e+00 8.532918749637015794e-07
2.000000000000000000e+00 -9.013818998339121163e-06
3.000000000000000000e+00 -8.437168266889627860e-06
4.000000000000000000e+00 -8.907501167563086698e-06
5.000000000000000000e+00 -3.250490479592646429e-06
6.000000000000000000e+00 -6.860184878760730001e-06
7.000000000000000000e+00 -6.215963259306912323e-06
8.000000000000000000e+00 -5.205535778291195894e-06
9.000000000000000000e+00 3.785344342619884348e-07
1.000000000000000000e+01 -1.481920212570367210e-06
1.100000000000000000e+01 -4.054210323560168661e-06
1.200000000000000000e+01 -3.589848404089889845e-06
1.300000000000000000e+01 -1.652544222203664747e-07
1.400000000000000000e+01 -6.045983600163166519e-06
1.500000000000000000e+01 1.118592449861799672e-07
1.600000000000000000e+01 -4.066753679756775626e-06
1.700000000000000000e+01 -3.211228056429294487e-06
1.800000000000000000e+01 4.465091152397653929e-06
1.900000000000000000e+01 -9.013818998339121163e-06
1.000000000000000000e+00 -8.821845509152010002e-06
2.000000000000000000e+00 -2.233928781916397679e-05
3.000000000000000000e+00 -2.223666426452803867e-05
4.000000000000000000e+00 -2.226050523264145304e-05
5.000000000000000000e+00 -2.014084986221208876e-05
6.000000000000000000e+00 -2.080590548082807858e-05
7.000000000000000000e+00 -1.720342780714297670e-05
8.000000000000000000e+00 -1.866717733590798483e-05
9.000000000000000000e+00 -1.524679311057019893e-05
1.000000000000000000e+01 -1.232586642803360920e-05
1.100000000000000000e+01 -1.609987020203738456e-05
1.200000000000000000e+01 5.898255511258606787e-06
1.300000000000000000e+01 -1.552261807679764010e-05
1.400000000000000000e+01 -1.760356946115460000e-05
1.500000000000000000e+01 -4.116540494249472411e-06
1.600000000000000000e+01 -1.563198583322422081e-05
1.700000000000000000e+01 -1.208715605000434581e-05
1.800000000000000000e+01 1.147768640028701884e-05
1.900000000000000000e+01 -2.233928781916397679e-05
