1.000000000000000000e+00 2.378254700236124152e-06
2.000000000000000000e+00 -9.385738100908377950e-06
3.000000000000000000e+00 -9.112232796443321521e-06
4.000000000000000000e+00 -9.358374683452081610e-06
5.000000000000000000e+00 -7.830705586123541431e-06
6.000000000000000000e+00 -8.356194888702628038e-06
7.000000000000000000e+00 -4.324837529171894064e-06
8.000000000000000000e+00 -6.738531506333363885e-06
9.000000000000000000e+00 -4.389186664728460358e-06
1.000000000000000000e+01 -8.188406021223358093e-07
1.100000000000000000e+01 -2.729855284034850224e-06
1.200000000000000000e+01 -4.729103026316647948e-06
1.300000000000000000e+01 5.216934338451366220e-04
1.400000000000000000e+01 -7.676147382029734466e-06
1.500000000000000000e+01 1.408979737153111747e-08
1.600000000000000000e+01 -4.201551802170996475e-06
1.700000000000000000e+01 -3.866962071296435850e-06
1.800000000000000000e+01 4.577809531369902234e-06
1.900000000000000000e+01 -9.385738100908377950e-06
1.000000000000000000e+00 4.585541737244522814e-06
2.000000000000000000e+00 -7.718373817445024198e-06
3.000000000000000000e+00 -7.645905865720106252e-06
4.000000000000000000e+00 -7.706345941640058663e-06
5.000000000000000000e+00 -6.883252626286681386e-06
6.000000000000000000e+00 -6.838663572409702055e-06
7.000000000000000000e+00 -3.467164070879240871e-06
8.000000000000000000e+00 -6.023603159826069243e-06
9.000000000000000000e+00 9.107249819324121610e-06
1.000000000000000000e+01 1.668094547351513148e-06
1.100000000000000000e+01 1.975363817469080603e-06
1.200000000000000000e+01 5.791765853685357948e-06
1.300000000000000000e+01 5.530628642083749991e-04
1.400000000000000000e+01 -5.657397298264170493e-06
1.500000000000000000e+01 3.551724333458078939e-05
1.600000000000000000e+01 5.575822526286922055e-06
1.700000000000000000e+01 -1.246002019995827869e-06
1.800000000000000000e+01 1.934383126333590679e-05
1.900000000000000000e+01 -7.718373817445024198e-06
1.000000000000000000e+00 8.734428626069492323e-06
2.000000000000000000e+00 -8.345069103583035002e-06
3.000000000000000000e+00 -8.192830561251612770e-06
4.000000000000000000e+00 -8.316502898546241431e-06
5.000000000000000000e+00 -7.247224739484800895e-06
6.000000000000000000e+00 -7.319391994314594109e-06
7.000000000000000000e+00 -6.261669187365781697e-06
8.000000000000000000e+00 -6.280183524765567413e-06
9.000000000000000000e+00 3.749260715204987529e-07
1.000000000000000000e+01 5.365721309993755403e-06
1.100000000000000000e+01 -3.113759305709769800e-06
1.200000000000000000e+01 -4.403491245596508622e-07
1.300000000000000000e+01 2.547791905377044510e-05
1.400000000000000000e+01 -4.688465988775585671e-06
1.500000000000000000e+01 2.687671805318864001e-05
1.600000000000000000e+01 -5.011328540740304856e-07
1.700000000000000000e+01 7.674214330561079744e-07
1.800000000000000000e+01 1.769863263671312938e-05
1.900000000000000000e+01 -8.345069103583035002e-06
1.000000000000000000e+00 1.617921122565085291e-06
2.000000000000000000e+00 -9.316792598526343663e-06
3.000000000000000000e+00 -9.316792598526343663e-06
4.000000000000000000e+00 -9.264385425376137412e-06
5.000000000000000000e+00 -8.135096757387777860e-06
6.000000000000000000e+00 -8.493269716179932145e-06
7.000000000000000000e+00 1.753793162461893014e-06
8.000000000000000000e+00 -7.656430257049451520e-06
9.000000000000000000e+00 -3.738693367176339197e-06
1.000000000000000000e+01 1.325214173511387026e-07
1.100000000000000000e+01 2.555180457657237528e-05
1.200000000000000000e+01 -3.177979571168425313e-06
1.300000000000000000e+01 -1.599192001668781819e-06
1.400000000000000000e+01 -6.505620282710065716e-06
1.500000000000000000e+01 2.706508317963426117e-05
1.600000000000000000e+01 -3.314152307960357344e-06
1.700000000000000000e+01 -3.625803161406876518e-06
1.800000000000000000e+01 5.031947756405960091e-06
1.900000000000000000e+01 -9.316792598526343663e-06
1.000000000000000000e+00 9.636347484644698216e-06
2.000000000000000000e+00 -9.169150423020391966e-06
3.000000000000000000e+00 -9.078339960692900985e-06
4.000000000000000000e+00 -9.052394114313618573e-06
5.000000000000000000e+00 -8.208552713196674646e-06
6.000000000000000000e+00 -8.379477419725096966e-06
7.000000000000000000e+00 2.750216759504685125e-05
8.000000000000000000e+00 -7.684523938393905985e-06
9.000000000000000000e+00 2.787241138634327170e-05
1.000000000000000000e+01 1.658042679714506139e-06
1.100000000000000000e+01 -2.776978783170733527e-06
1.200000000000000000e+01 2.609018088894249844e-06
1.300000000000000000e+01 1.140873015873015723e-03
1.400000000000000000e+01 -3.899222552473325760e-06
1.500000000000000000e+01 6.590549972902914010e-05
1.600000000000000000e+01 -3.145160652900590804e-06
1.700000000000000000e+01 -3.666654982444455916e-06
1.800000000000000000e+01 3.816707028781331885e-05
1.900000000000000000e+01 -9.169150423020391966e-06
1.000000000000000000e+00 1.160303404885448214e-05
2.000000000000000000e+00 -8.135440410982206608e-06
3.000000000000000000e+00 -7.781949732414127503e-06
4.000000000000000000e+00 -8.135440410982206608e-06
5.000000000000000000e+00 -7.245248731316842368e-06
6.000000000000000000e+00 -6.998419537119227323e-06
7.000000000000000000e+00 -5.253518411413147680e-06
8.000000000000000000e+00 -6.400891849808257859e-06
9.000000000000000000e+00 -4.335748530794970402e-06
1.000000000000000000e+01 -3.299461116798577902e-06
1.100000000000000000e+01 3.634995895057814197e-06
1.200000000000000000e+01 -4.005411513151450716e-06
1.300000000000000000e+01 1.080813278568696452e-03
1.400000000000000000e+01 -5.475303849916852813e-06
1.500000000000000000e+01 4.863901148730869644e-06
1.600000000000000000e+01 7.578850458107423941e-07
1.700000000000000000e+01 -3.667943683423559487e-06
1.800000000000000000e+01 4.008946849504124564e-05
1.900000000000000000e+01 -8.135440410982206608e-06
1.000000000000000000e+00 1.242024229640328616e-05
2.000000000000000000e+00 -1.166648109372567509e-05
3.000000000000000000e+00 -1.150913070417714259e-05
4.000000000000000000e+00 -1.165445321792070956e-05
5.000000000000000000e+00 -1.100958724797734009e-05
6.000000000000000000e+00 -1.050033557773495848e-05
7.000000000000000000e+00 -9.542573010065269021e-06
8.000000000000000000e+00 -9.433162296939385984e-06
9.000000000000000000e+00 2.332308214661155501e-05
1.000000000000000000e+01 -3.186570911029115224e-06
1.100000000000000000e+01 -6.030132578120193439e-06
1.200000000000000000e+01 3.672432658500769724e-05
1.300000000000000000e+01 -1.446352065547111873e-07
1.400000000000000000e+01 -9.116657336471577680e-06
1.500000000000000000e+01 -1.918403234192707835e-06
1.600000000000000000e+01 2.658160552897394844e-06
1.700000000000000000e+01 2.625260016900883634e-05
1.800000000000000000e+01 4.943813496445075153e-05
1.900000000000000000e+01 -1.166648109372567509e-05
1.000000000000000000e+00 -2.152302461899984844e-06
2.000000000000000000e+00 -1.384503009890006750e-05
3.000000000000000000e+00 -1.352732235085176197e-05
4.000000000000000000e+00 -1.382849176966823947e-05
5.000000000000000000e+00 -8.368265721206897591e-06
6.000000000000000000e+00 -1.160311996225308848e-05
7.000000000000000000e+00 -9.995035923828492235e-06
8.000000000000000000e+00 -9.943058317671319378e-06
9.000000000000000000e+00 -7.969670508370198573e-06
1.000000000000000000e+01 -4.046134464091120179e-06
1.100000000000000000e+01 -9.963290923043243753e-06
1.200000000000000000e+01 -5.476592550895956385e-06
1.300000000000000000e+01 -1.088239246133982947e-05
1.400000000000000000e+01 -8.924683847284464825e-06
1.500000000000000000e+01 -1.273365437452124632e-06
1.600000000000000000e+01 -5.056776728603353305e-06
1.700000000000000000e+01 -8.685457988863560003e-06
1.800000000000000000e+01 -6.049591962904656307e-07
1.900000000000000000e+01 -1.384503009890006750e-05
1.000000000000000000e+00 6.744502487536542636e-06
2.000000000000000000e+00 -8.887741085883499735e-06
3.000000000000000000e+00 -8.887741085883499735e-06
4.000000000000000000e+00 -8.802472037766154110e-06
5.000000000000000000e+00 -7.584778482611299733e-06
6.000000000000000000e+00 -7.462351889596471474e-06
7.000000000000000000e+00 -5.707570723050599197e-06
8.000000000000000000e+00 -7.349891250820043037e-06
9.000000000000000000e+00 -4.297431155016293707e-06
1.000000000000000000e+01 -1.903368389436500704e-06
1.100000000000000000e+01 -4.053007535979671430e-06
1.200000000000000000e+01 1.056992543060654498e-06
1.300000000000000000e+01 -9.874456468883711722e-07
1.400000000000000000e+01 -6.839050182703433126e-06
1.500000000000000000e+01 2.291782864538282144e-06
1.600000000000000000e+01 2.642571566720173474e-05
1.700000000000000000e+01 2.754370672327328349e-05
1.800000000000000000e+01 5.833562722107613439e-06
1.900000000000000000e+01 -8.887741085883499735e-06
1.000000000000000000e+00 2.704145699501736349e-05
2.000000000000000000e+00 -1.364712858520907991e-05
3.000000000000000000e+00 -1.303581179742170393e-05
4.000000000000000000e+00 -1.362547840876014161e-05
5.000000000000000000e+00 -1.193135210163073929e-05
6.000000000000000000e+00 -1.156329910199879152e-05
7.000000000000000000e+00 -1.176773003398390331e-05
8.000000000000000000e+00 -1.091675782078258741e-05
9.000000000000000000e+00 -8.794482091695713662e-06
1.000000000000000000e+01 -4.478923209573363618e-06
1.100000000000000000e+01 -5.499918038617728484e-06
1.200000000000000000e+01 -8.450527800373000984e-06
1.300000000000000000e+01 2.331887239007981893e-05
1.400000000000000000e+01 -1.093346797681162982e-05
1.500000000000000000e+01 -6.624352599584797635e-06
1.600000000000000000e+01 -9.594507659523137861e-06
1.700000000000000000e+01 -8.060523927396991877e-06
1.800000000000000000e+01 1.346606609764504297e-06
1.900000000000000000e+01 -1.364712858520907991e-05
1.000000000000000000e+00 4.472823358272274510e-06
2.000000000000000000e+00 -1.292906439965263438e-05
3.000000000000000000e+00 -1.292906439965263438e-05
4.000000000000000000e+00 -1.292906439965263438e-05
5.000000000000000000e+00 -1.185132377082841429e-05
6.000000000000000000e+00 -1.134482132934145250e-05
7.000000000000000000e+00 -9.456230044465338216e-06
8.000000000000000000e+00 -1.023713988110272893e-05
9.000000000000000000e+00 -2.224641543526992433e-06
1.000000000000000000e+01 -6.619455535864204064e-06
1.100000000000000000e+01 -7.858069003579839465e-06
1.200000000000000000e+01 -6.092763445704621921e-06
1.300000000000000000e+01 1.574497140286613929e-03
1.400000000000000000e+01 -6.106552546181028439e-06
1.500000000000000000e+01 2.562238243352794019e-06
1.600000000000000000e+01 -2.501067903544683483e-06
1.700000000000000000e+01 -7.698270082171010181e-06
1.800000000000000000e+01 -1.057422110053688951e-06
1.900000000000000000e+01 -1.292906439965263438e-05
1.000000000000000000e+00 7.628422489103603394e-06
2.000000000000000000e+00 -9.428737756911131519e-06
3.000000000000000000e+00 -9.040495108606563394e-06
4.000000000000000000e+00 -9.401374339454833485e-06
5.000000000000000000e+00 -8.485408640207400360e-06
6.000000000000000000e+00 -8.512299533971359289e-06
7.000000000000000000e+00 -7.182403080235897189e-06
8.000000000000000000e+00 -7.320251128300663439e-06
9.000000000000000000e+00 -5.485570501050377128e-08
1.000000000000000000e+01 2.626888075804484197e-06
1.100000000000000000e+01 2.497502497502497500e-06
1.200000000000000000e+01 4.467496727558646982e-09
1.300000000000000000e+01 -4.317191236695879823e-06
1.400000000000000000e+01 -4.832499801540049063e-06
1.500000000000000000e+01 7.443579812000864198e-06
1.600000000000000000e+01 -1.722477728669678985e-06
1.700000000000000000e+01 -5.373023948875341742e-07
1.800000000000000000e+01 1.164805266972449572e-05
1.900000000000000000e+01 -9.428737756911131519e-06
1.000000000000000000e+00 -1.572301107904822891e-06
2.000000000000000000e+00 -8.601091031431588573e-06
3.000000000000000000e+00 -8.371272690158138127e-06
4.000000000000000000e+00 -8.548683858281380627e-06
5.000000000000000000e+00 -7.778083629476816789e-06
6.000000000000000000e+00 -7.565748664819871743e-06
7.000000000000000000e+00 -4.134582307956920715e-06
8.000000000000000000e+00 -7.030250451303082145e-06
9.000000000000000000e+00 -2.324558826106813483e-06
1.000000000000000000e+01 -2.389251615257806831e-06
1.100000000000000000e+01 -3.662488182612021318e-06
1.200000000000000000e+01 6.860184878760729842e-08
1.300000000000000000e+01 5.219499712533767289e-04
1.400000000000000000e+01 -4.883360533515331876e-06
1.500000000000000000e+01 6.193582818969815047e-06
1.600000000000000000e+01 -4.458561734103529733e-06
1.700000000000000000e+01 5.124906053698623126e-06
1.800000000000000000e+01 4.335490790599149688e-06
1.900000000000000000e+01 -8.601091031431588573e-06
1.000000000000000000e+00 1.647947855378195748e-06
2.000000000000000000e+00 -7.968338850691790984e-06
3.000000000000000000e+00 -7.728382728382728037e-06
4.000000000000000000e+00 -7.870612359776446430e-06
5.000000000000000000e+00 -6.961261992221743841e-06
6.000000000000000000e+00 -6.574222131497672948e-06
7.000000000000000000e+00 2.531244984805356010e-05
8.000000000000000000e+00 -6.174553001178387903e-06
9.000000000000000000e+00 -1.053942617410109520e-06
1.000000000000000000e+01 -2.040658000410322143e-06
1.100000000000000000e+01 -4.411996672058591028e-06
1.200000000000000000e+01 -2.242597443835833550e-06
1.300000000000000000e+01 2.551142527922713456e-05
1.400000000000000000e+01 -4.507403501211550002e-06
1.500000000000000000e+01 -2.415455201832910380e-07
1.600000000000000000e+01 -4.170923675567638037e-06
1.700000000000000000e+01 -5.953325999765628215e-06
1.800000000000000000e+01 4.007602304815926787e-06
1.900000000000000000e+01 -7.968338850691790984e-06
1.000000000000000000e+00 1.582009321947402422e-06
2.000000000000000000e+00 -9.556490980639585896e-06
3.000000000000000000e+00 -9.517099687378324021e-06
4.000000000000000000e+00 -9.506875992944103485e-06
5.000000000000000000e+00 -7.670563011120285092e-06
6.000000000000000000e+00 -8.535667978392436252e-06
7.000000000000000000e+00 -3.789339315655104889e-06
8.000000000000000000e+00 -7.750934995517038840e-06
9.000000000000000000e+00 -4.204988338115272947e-06
1.000000000000000000e+01 -4.158595102867548617e-06
1.100000000000000000e+01 -3.198641743533384353e-06
1.200000000000000000e+01 -4.370973024223797680e-06
1.300000000000000000e+01 5.226029989961877972e-04
1.400000000000000000e+01 -5.653874848921288528e-06
1.500000000000000000e+01 -7.775162573924183386e-08
1.600000000000000000e+01 2.486372416712973724e-05
1.700000000000000000e+01 -6.579892415805727814e-06
1.800000000000000000e+01 3.146664137376211073e-05
1.900000000000000000e+01 -9.556490980639585896e-06
1.000000000000000000e+00 2.813960205601072402e-05
2.000000000000000000e+00 -1.486718475882562474e-05
3.000000000000000000e+00 -1.461399797313109902e-05
4.000000000000000000e+00 -1.485064642959379670e-05
5.000000000000000000e+00 -1.412055436823238563e-05
6.000000000000000000e+00 -1.303323439546349679e-05
7.000000000000000000e+00 -1.196855260322752509e-05
8.000000000000000000e+00 -1.321455462322335233e-05
9.000000000000000000e+00 2.782726389537534947e-05
1.000000000000000000e+01 -6.979604502824316876e-06
1.100000000000000000e+01 -2.092893346763315715e-06
1.200000000000000000e+01 2.244951470957662768e-05
1.300000000000000000e+01 -1.100228460909575375e-05
1.400000000000000000e+01 -1.226246233986172027e-05
1.500000000000000000e+01 -3.997636350577526965e-06
1.600000000000000000e+01 -5.842368845464820046e-06
1.700000000000000000e+01 2.191577772073127992e-05
1.800000000000000000e+01 -3.104179961765101050e-06
1.900000000000000000e+01 -1.486718475882562474e-05
1.000000000000000000e+00 -2.013810063345667020e-07
2.000000000000000000e+00 -1.011479920148650786e-05
3.000000000000000000e+00 -1.011479920148650786e-05
4.000000000000000000e+00 -1.008623299644971429e-05
5.000000000000000000e+00 -8.828331970746830181e-06
6.000000000000000000e+00 -8.081486796657074377e-06
7.000000000000000000e+00 -6.502613313758824332e-06
8.000000000000000000e+00 -8.081615666754984734e-06
9.000000000000000000e+00 -1.980561578084797635e-06
1.000000000000000000e+01 -1.224523670344103728e-06
1.100000000000000000e+01 -3.431595923855985693e-06
1.200000000000000000e+01 -3.245120892179715447e-06
1.300000000000000000e+01 -7.100699438160738394e-06
1.400000000000000000e+01 -7.247310652883408082e-06
1.500000000000000000e+01 -2.729683457237636697e-06
1.600000000000000000e+01 -6.324772578642547590e-06
1.700000000000000000e+01 -6.616319696815052323e-06
1.800000000000000000e+01 1.456575759981332567e-06
1.900000000000000000e+01 -1.011479920148650786e-05
1.000000000000000000e+00 4.587732528908998885e-06
2.000000000000000000e+00 -8.918669909381982057e-06
3.000000000000000000e+00 -8.798906631723968128e-06
4.000000000000000000e+00 -8.858530530357154378e-06
5.000000000000000000e+00 -8.053092418417495181e-06
6.000000000000000000e+00 -7.798831715240382592e-06
7.000000000000000000e+00 -5.380197717659017724e-06
8.000000000000000000e+00 -7.372658301450870537e-06
9.000000000000000000e+00 1.061116386193785502e-06
1.000000000000000000e+01 -7.073679674298868473e-07
1.100000000000000000e+01 -1.898127672121480079e-06
1.200000000000000000e+01 -2.468850379067097166e-06
1.300000000000000000e+01 -3.773831947206560135e-06
1.400000000000000000e+01 -4.676008545977585894e-06
1.500000000000000000e+01 3.533145561009337791e-06
1.600000000000000000e+01 1.460527776317249800e-09
1.700000000000000000e+01 -3.070974433203535046e-06
1.800000000000000000e+01 5.457219079510100493e-06
1.900000000000000000e+01 -8.918669909381982057e-06
1.000000000000000000e+00 3.307996612950173099e-05
2.000000000000000000e+00 -9.694124245207835449e-06
3.000000000000000000e+00 -9.682096369402869913e-06
4.000000000000000000e+00 -9.694124245207835449e-06
5.000000000000000000e+00 -4.840403834211883171e-06
6.000000000000000000e+00 -8.064733683928729645e-06
7.000000000000000000e+00 -6.134732140924090939e-06
8.000000000000000000e+00 -8.140036777807675448e-06
9.000000000000000000e+00 -1.645800020413023482e-06
1.000000000000000000e+01 2.197192212672088483e-06
1.100000000000000000e+01 -2.045812804326736005e-06
1.200000000000000000e+01 -4.208768527653976474e-06
1.300000000000000000e+01 3.163095074859780421e-05
1.400000000000000000e+01 -7.164576050024966430e-06
1.500000000000000000e+01 9.869774188659636966e-06
1.600000000000000000e+01 2.499087599706794724e-05
1.700000000000000000e+01 -6.387446402926278395e-06
1.800000000000000000e+01 1.076058444479497007e-04
1.900000000000000000e+01 -9.694124245207835449e-06
1.000000000000000000e+00 1.072216397293796509e-05
2.000000000000000000e+00 -8.199918416636682412e-06
3.000000000000000000e+00 -7.957685589264535360e-06
4.000000000000000000e+00 -8.199918416636682412e-06
5.000000000000000000e+00 -6.404714996046264556e-06
6.000000000000000000e+00 -6.985403657230282100e-06
7.000000000000000000e+00 -5.775871874943081698e-06
8.000000000000000000e+00 -6.275930811534526474e-06
9.000000000000000000e+00 -5.718825378268101955e-07
1.000000000000000000e+01 2.107455667827184641e-07
1.100000000000000000e+01 8.816175224843954289e-06
1.200000000000000000e+01 2.920557254922579929e-05
1.300000000000000000e+01 5.240932957651223524e-04
1.400000000000000000e+01 -3.388939921447661295e-06
1.500000000000000000e+01 7.123122835197137993e-06
1.600000000000000000e+01 4.253958975321204420e-06
1.700000000000000000e+01 -2.070083339433184621e-06
1.800000000000000000e+01 5.602272254749034522e-04
1.900000000000000000e+01 -8.199918416636682412e-06
1.000000000000000000e+00 3.993082940451361295e-06
2.000000000000000000e+00 -9.624405522238339020e-06
3.000000000000000000e+00 -9.624405522238339020e-06
4.000000000000000000e+00 -9.612377646433373484e-06
5.000000000000000000e+00 -8.660156492973829378e-06
6.000000000000000000e+00 -7.996002965043212056e-06
7.000000000000000000e+00 -5.728619505709288885e-06
8.000000000000000000e+00 -7.333267008189608662e-06
9.000000000000000000e+00 -3.909102593313119242e-06
1.000000000000000000e+01 -2.697637759557263907e-06
1.100000000000000000e+01 1.147888918786751396e-06
1.200000000000000000e+01 -1.529645105496498494e-06
1.300000000000000000e+01 -2.705541792229098438e-06
1.400000000000000000e+01 -7.353327786764318663e-06
1.500000000000000000e+01 2.783594114863464461e-08
1.600000000000000000e+01 -4.327071277535673305e-06
1.700000000000000000e+01 -5.224952206376354956e-06
1.800000000000000000e+01 3.654240496345759309e-06
1.900000000000000000e+01 -9.624405522238339020e-06
1.000000000000000000e+00 5.531920779598797680e-06
2.000000000000000000e+00 -9.602153951999152948e-06
3.000000000000000000e+00 -9.602153951999152948e-06
4.000000000000000000e+00 -9.462158068969212950e-06
5.000000000000000000e+00 -8.531544135259304824e-06
6.000000000000000000e+00 -4.966954270359842858e-06
7.000000000000000000e+00 -4.496836153182901564e-06
8.000000000000000000e+00 -7.945271103165838753e-06
9.000000000000000000e+00 -3.054951584363348862e-06
1.000000000000000000e+01 -4.195580820967817830e-07
1.100000000000000000e+01 -5.407432265017403707e-06
1.200000000000000000e+01 -6.677962560315501117e-06
1.300000000000000000e+01 -1.934855650025928260e-06
1.400000000000000000e+01 -4.418654960450625582e-06
1.500000000000000000e+01 3.289624032658088014e-06
1.600000000000000000e+01 -1.974934250476045938e-06
1.700000000000000000e+01 -3.732378732378732121e-06
1.800000000000000000e+01 1.677759804694789085e-06
1.900000000000000000e+01 -9.602153951999152948e-06
1.000000000000000000e+00 1.003511452427860991e-05
2.000000000000000000e+00 -7.154309398891441876e-06
3.000000000000000000e+00 -7.154309398891441876e-06
4.000000000000000000e+00 -7.142281523086476341e-06
5.000000000000000000e+00 -6.098476686711980804e-06
6.000000000000000000e+00 -5.952810519373986787e-06
7.000000000000000000e+00 -4.702985353140151162e-06
8.000000000000000000e+00 -6.234391683308091698e-06
9.000000000000000000e+00 -1.385439465934821786e-06
1.000000000000000000e+01 2.033570145025253349e-07
1.100000000000000000e+01 2.798371219423850693e-06
1.200000000000000000e+01 4.585369910447309287e-06
1.300000000000000000e+01 2.858764042974569277e-05
1.400000000000000000e+01 5.263054798658512837e-07
1.500000000000000000e+01 3.454204034699390278e-05
1.600000000000000000e+01 -1.942501942501942500e-06
1.700000000000000000e+01 -3.015560291102086113e-08
1.800000000000000000e+01 7.890114701260210985e-06
1.900000000000000000e+01 -7.154309398891441876e-06
1.000000000000000000e+00 3.819262952389887358e-05
2.000000000000000000e+00 -8.826184135781658127e-06
3.000000000000000000e+00 -8.826184135781658127e-06
4.000000000000000000e+00 -8.809645806549830092e-06
5.000000000000000000e+00 -7.409815846348354019e-06
6.000000000000000000e+00 -7.084805459418462144e-06
7.000000000000000000e+00 -7.702651665499962323e-06
8.000000000000000000e+00 2.170391527976666974e-05
9.000000000000000000e+00 2.746896206648528313e-05
1.000000000000000000e+01 8.608135930117354198e-06
1.100000000000000000e+01 2.716689055698343313e-05
1.200000000000000000e+01 -2.504504439488959532e-06
1.300000000000000000e+01 5.557153544769643573e-05
1.400000000000000000e+01 2.410944748406048643e-05
1.500000000000000000e+01 -1.832103225292079777e-06
1.600000000000000000e+01 -4.918456156846249644e-06
1.700000000000000000e+01 5.353263867195755626e-06
1.800000000000000000e+01 9.380682097400362565e-05
1.900000000000000000e+01 -8.826184135781658127e-06
1.000000000000000000e+00 3.484432663999226948e-05
2.000000000000000000e+00 -9.694167201907139466e-06
3.000000000000000000e+00 -9.632739121903208216e-06
4.000000000000000000e+00 -9.694167201907139466e-06
5.000000000000000000e+00 -8.351813305373675895e-06
6.000000000000000000e+00 -8.908746911842886252e-06
7.000000000000000000e+00 -6.602358769541431430e-06
8.000000000000000000e+00 -8.274534203326772413e-06
9.000000000000000000e+00 2.892540895636870661e-05
1.000000000000000000e+01 3.163116553209432344e-06
1.100000000000000000e+01 6.472483484867384699e-05
1.200000000000000000e+01 -3.920056551635498751e-06
1.300000000000000000e+01 1.127292040604734047e-04
1.400000000000000000e+01 -5.179375148415395938e-06
1.500000000000000000e+01 1.211529268804810598e-05
1.600000000000000000e+01 8.160913733669151396e-07
1.700000000000000000e+01 3.989388664311264426e-07
1.800000000000000000e+01 1.058646375983837259e-05
1.900000000000000000e+01 -9.694167201907139466e-06
1.000000000000000000e+00 3.534833759291963046e-05
2.000000000000000000e+00 -8.512557274167180003e-06
3.000000000000000000e+00 -8.512557274167180003e-06
4.000000000000000000e+00 -8.462942286471697591e-06
5.000000000000000000e+00 -7.339710513085125671e-06
6.000000000000000000e+00 -8.163061568634323662e-06
7.000000000000000000e+00 -5.081519787402140179e-06
8.000000000000000000e+00 -7.642469329775830627e-06
9.000000000000000000e+00 1.405414331110925447e-06
1.000000000000000000e+01 -1.608857259012057757e-06
1.100000000000000000e+01 2.394793029467951764e-06
1.200000000000000000e+01 -1.170097532326634297e-06
1.300000000000000000e+01 5.423468000867381011e-05
1.400000000000000000e+01 -3.834143153028601341e-06
1.500000000000000000e+01 4.642845974115323483e-06
1.600000000000000000e+01 -1.248235768359607322e-06
1.700000000000000000e+01 -2.303638913546034152e-06
1.800000000000000000e+01 3.655602223713678777e-05
1.900000000000000000e+01 -8.512557274167180003e-06
1.000000000000000000e+00 5.755424486074640626e-06
2.000000000000000000e+00 -1.051167614635106822e-05
3.000000000000000000e+00 -1.051167614635106822e-05
4.000000000000000000e+00 -1.051167614635106822e-05
5.000000000000000000e+00 -9.218206973624928932e-06
6.000000000000000000e+00 -9.324267064205144377e-06
7.000000000000000000e+00 -6.709535734303536072e-06
8.000000000000000000e+00 -8.315987418154600002e-06
9.000000000000000000e+00 -1.618135906061602623e-06
1.000000000000000000e+01 -2.630711222042491317e-06
1.100000000000000000e+01 -2.174038551747529911e-07
1.200000000000000000e+01 -1.396479337655808058e-06
1.300000000000000000e+01 -2.229323823751068036e-06
1.400000000000000000e+01 -8.413069558580394465e-06
1.500000000000000000e+01 -3.130856072032542434e-06
1.600000000000000000e+01 -2.970369843434858617e-06
1.700000000000000000e+01 -5.643822981284281519e-06
1.800000000000000000e+01 7.115089932427393528e-06
1.900000000000000000e+01 -1.051167614635106822e-05
1.000000000000000000e+00 3.106929190520521719e-06
2.000000000000000000e+00 -7.862923110601129019e-06
3.000000000000000000e+00 -7.862923110601129019e-06
4.000000000000000000e+00 -7.850895234796163483e-06
5.000000000000000000e+00 -6.033311373868649198e-06
6.000000000000000000e+00 -6.833336941696074243e-06
7.000000000000000000e+00 -5.074560802114980895e-06
8.000000000000000000e+00 -6.167121492198891207e-06
9.000000000000000000e+00 -2.113297778932453617e-06
1.000000000000000000e+01 -1.276544233200579755e-06
1.100000000000000000e+01 -3.527174579806158617e-06
1.200000000000000000e+01 -3.097306889876548952e-06
1.300000000000000000e+01 1.048103771013987563e-03
1.400000000000000000e+01 -5.742623389682212948e-06
1.500000000000000000e+01 -9.596526624390399558e-07
1.600000000000000000e+01 -2.896870930926658237e-06
1.700000000000000000e+01 -1.634158754901788806e-06
1.800000000000000000e+01 4.336478794683128528e-06
1.900000000000000000e+01 -7.862923110601129019e-06
1.000000000000000000e+00 7.440443972951712457e-06
2.000000000000000000e+00 -6.871138837083109510e-06
3.000000000000000000e+00 -6.871138837083109510e-06
4.000000000000000000e+00 -6.871138837083109510e-06
5.000000000000000000e+00 -6.240835188203608707e-06
6.000000000000000000e+00 -6.212268983166815983e-06
7.000000000000000000e+00 -4.467367857460736340e-06
8.000000000000000000e+00 -5.680465045790122725e-06
9.000000000000000000e+00 -1.197074339489199989e-06
1.000000000000000000e+01 -1.355670473317532043e-06
1.100000000000000000e+01 2.955145989201716733e-05
1.200000000000000000e+01 1.035600106807537121e-06
1.300000000000000000e+01 1.581101475064323287e-03
1.400000000000000000e+01 -3.017579255969348684e-06
1.500000000000000000e+01 1.971497714531769889e-06
1.600000000000000000e+01 -1.410311394831518594e-06
1.700000000000000000e+01 5.375171783840514008e-07
1.800000000000000000e+01 3.783411291151229054e-05
1.900000000000000000e+01 -6.871138837083109510e-06
1.000000000000000000e+00 1.083939280533707759e-05
2.000000000000000000e+00 -8.848865273013879288e-06
3.000000000000000000e+00 -8.832326943782051252e-06
4.000000000000000000e+00 -8.808271192172120181e-06
5.000000000000000000e+00 -6.718728467954473751e-06
6.000000000000000000e+00 -7.351480648694270493e-06
7.000000000000000000e+00 -6.288130514136705537e-06
8.000000000000000000e+00 -7.774389353336720449e-06
9.000000000000000000e+00 -3.726278881077642590e-06
1.000000000000000000e+01 3.669661951395697300e-06
1.100000000000000000e+01 1.790821837261465715e-06
1.200000000000000000e+01 -5.013905942698511999e-07
1.300000000000000000e+01 1.050448132878473249e-03
1.400000000000000000e+01 -6.790938679483570983e-06
1.500000000000000000e+01 6.448273089139961876e-06
1.600000000000000000e+01 -4.258813082342493974e-06
1.700000000000000000e+01 -3.907727978935408484e-06
1.800000000000000000e+01 5.709847428113681608e-06
1.900000000000000000e+01 -8.848865273013879288e-06
1.000000000000000000e+00 -2.811430056012099086e-06
2.000000000000000000e+00 -1.231435403262028509e-05
3.000000000000000000e+00 -1.231435403262028509e-05
4.000000000000000000e+00 -1.230232615681531956e-05
5.000000000000000000e+00 -1.031884352317788688e-05
6.000000000000000000e+00 -1.070549677360822839e-05
7.000000000000000000e+00 -1.065575291581483393e-05
8.000000000000000000e+00 -9.973643487575374646e-06
9.000000000000000000e+00 -7.072562800116979064e-06
1.000000000000000000e+01 2.645922189265842420e-05
1.100000000000000000e+01 -8.401943773460799735e-06
1.200000000000000000e+01 -5.701470871749509242e-06
1.300000000000000000e+01 5.759608468586795713e-04
1.400000000000000000e+01 -8.939675735341368575e-06
1.500000000000000000e+01 -6.071113269255683618e-06
1.600000000000000000e+01 4.158208492573817439e-07
1.700000000000000000e+01 -5.470234959399045716e-06
1.800000000000000000e+01 2.926901959409699224e-05
1.900000000000000000e+01 -1.231435403262028509e-05
1.000000000000000000e+00 5.539167574771289813e-05
2.000000000000000000e+00 -1.081159982088774616e-05
3.000000000000000000e+00 -1.068242902608227616e-05
4.000000000000000000e+00 -1.081159982088774616e-05
5.000000000000000000e+00 -9.496952995405007680e-06
6.000000000000000000e+00 -9.089336875714583663e-06
7.000000000000000000e+00 -7.985478573713866788e-06
8.000000000000000000e+00 -8.809946503444954823e-06
9.000000000000000000e+00 -2.948161229894975715e-06
1.000000000000000000e+01 -1.333891426770683594e-06
1.100000000000000000e+01 -5.567016402929715447e-06
1.200000000000000000e+01 -3.158391316286052724e-06
1.300000000000000000e+01 5.789509338270948120e-04
1.400000000000000000e+01 -8.424324213797897858e-06
1.500000000000000000e+01 -1.913549127171417858e-06
1.600000000000000000e+01 -5.608770314652666921e-06
1.700000000000000000e+01 1.583426893024416139e-06
1.800000000000000000e+01 5.680164348894998840e-06
1.900000000000000000e+01 -1.081159982088774616e-05
1.000000000000000000e+00 1.740807352262460349e-05
2.000000000000000000e+00 -9.719726437992690806e-06
3.000000000000000000e+00 -9.719726437992690806e-06
4.000000000000000000e+00 -9.613193823720137950e-06
5.000000000000000000e+00 -8.654872818959504735e-06
6.000000000000000000e+00 -8.347689462240544467e-06
7.000000000000000000e+00 -6.326233106418864689e-06
8.000000000000000000e+00 -8.219463714819750985e-06
9.000000000000000000e+00 4.849811351359338394e-07
1.000000000000000000e+01 -5.653531195326859991e-07
1.100000000000000000e+01 -4.502248697295136564e-06
1.200000000000000000e+01 -4.125045920711555135e-06
1.300000000000000000e+01 3.782371739028085394e-05
1.400000000000000000e+01 2.262696883439917420e-05
1.500000000000000000e+01 6.033311373868649198e-06
1.600000000000000000e+01 5.261637227581499332e-06
1.700000000000000000e+01 -4.478493642580329376e-06
1.800000000000000000e+01 1.401286192307864125e-05
1.900000000000000000e+01 -9.719726437992690806e-06
1.000000000000000000e+00 4.116540494249472517e-07
2.000000000000000000e+00 -9.032934729529156341e-06
3.000000000000000000e+00 -8.992555432183913931e-06
4.000000000000000000e+00 -9.032934729529156341e-06
5.000000000000000000e+00 -7.950211123585736341e-06
6.000000000000000000e+00 -7.440014405958678216e-06
7.000000000000000000e+00 -1.085515791398144264e-06
8.000000000000000000e+00 -7.139618207729662011e-06
9.000000000000000000e+00 -2.819591828879754331e-06
1.000000000000000000e+01 -3.896816977312332992e-06
1.100000000000000000e+01 -4.867165857877931742e-06
1.200000000000000000e+01 -2.949278104076865336e-06
1.300000000000000000e+01 -6.214588644929201564e-06
1.400000000000000000e+01 -5.380799111449265493e-06
1.500000000000000000e+01 -1.070352076544026987e-06
1.600000000000000000e+01 -4.245410592159817680e-06
1.700000000000000000e+01 1.661908782651816641e-06
1.800000000000000000e+01 9.171985565174418128e-06
1.900000000000000000e+01 -9.032934729529156341e-06
1.000000000000000000e+00 3.396929867518102590e-06
2.000000000000000000e+00 -7.553248265322567949e-06
3.000000000000000000e+00 -7.496330638745499198e-06
4.000000000000000000e+00 -6.806231264435598617e-06
5.000000000000000000e+00 -6.620787193542610805e-06
6.000000000000000000e+00 -6.560647814517783126e-06
7.000000000000000000e+00 -4.828848482099255894e-06
8.000000000000000000e+00 -5.339646593516561787e-06
9.000000000000000000e+00 2.054318230788818728e-06
1.000000000000000000e+01 -1.289388286292311027e-06
1.100000000000000000e+01 -2.573578811968904599e-06
1.200000000000000000e+01 -2.571946457395373550e-06
1.300000000000000000e+01 5.241491824309160892e-04
1.400000000000000000e+01 -3.761073807513435626e-06
1.500000000000000000e+01 -1.278820938263662590e-06
1.600000000000000000e+01 -3.798918659599774063e-06
1.700000000000000000e+01 -3.286230453413115559e-06
1.800000000000000000e+01 5.886098765355730894e-06
1.900000000000000000e+01 -7.553248265322567949e-06
1.000000000000000000e+00 1.105018132881909920e-05
2.000000000000000000e+00 -1.134911699927179661e-05
3.000000000000000000e+00 -1.134911699927179661e-05
4.000000000000000000e+00 -1.126384795115445268e-05
5.000000000000000000e+00 -1.019761971774355670e-05
6.000000000000000000e+00 -1.014272105603374795e-05
7.000000000000000000e+00 -1.028538025442050143e-05
8.000000000000000000e+00 -9.333459797856082056e-06
9.000000000000000000e+00 -7.175916618641075951e-07
1.000000000000000000e+01 -4.916823802272717747e-07
1.100000000000000000e+01 -5.594637560581832501e-06
1.200000000000000000e+01 -1.449960428288601607e-06
1.300000000000000000e+01 -2.594670551326897880e-06
1.400000000000000000e+01 -3.254571366026474264e-06
1.500000000000000000e+01 -3.944327086741947367e-06
1.600000000000000000e+01 -7.482971105262126921e-06
1.700000000000000000e+01 6.692653751477280136e-07
1.800000000000000000e+01 3.654755976737400737e-06
1.900000000000000000e+01 -1.134911699927179661e-05
1.000000000000000000e+00 -4.850670485345407089e-07
2.000000000000000000e+00 -1.529408843650329492e-05
3.000000000000000000e+00 -1.511328368913508081e-05
4.000000000000000000e+00 -1.529408843650329492e-05
5.000000000000000000e+00 -1.345154673328047875e-05
6.000000000000000000e+00 -1.443018625681164268e-05
7.000000000000000000e+00 -1.243849889360725116e-05
8.000000000000000000e+00 -1.388008276553168125e-05
9.000000000000000000e+00 -6.526325411774327502e-06
1.000000000000000000e+01 3.105082052450473126e-06
1.100000000000000000e+01 -1.023494908943825286e-05
1.200000000000000000e+01 -8.428405100231725269e-06
1.300000000000000000e+01 1.976051124657935643e-05
1.400000000000000000e+01 -7.209981281188711073e-06
1.500000000000000000e+01 -8.317018378937882859e-06
1.600000000000000000e+01 2.270063957370458768e-05
1.700000000000000000e+01 -1.169315720399311563e-05
1.800000000000000000e+01 8.036124522192632057e-06
1.900000000000000000e+01 -1.529408843650329492e-05
1.000000000000000000e+00 2.615805247384194331e-06
2.000000000000000000e+00 -1.156548989366326759e-05
3.000000000000000000e+00 -1.125048841767107956e-05
4.000000000000000000e+00 -1.153060905382886652e-05
5.000000000000000000e+00 -1.035612993817328072e-05
6.000000000000000000e+00 -8.436996440092415180e-06
7.000000000000000000e+00 -8.840617586747616432e-06
8.000000000000000000e+00 -1.008215211001588688e-05
9.000000000000000000e+00 -6.171546032227146519e-06
1.000000000000000000e+01 1.573890505779050558e-06
1.100000000000000000e+01 -5.882447445914937725e-06
1.200000000000000000e+01 -5.743955047360619689e-06
1.300000000000000000e+01 -1.358204918576435592e-06
1.400000000000000000e+01 -7.866703300139831699e-06
1.500000000000000000e+01 -4.064648801490906742e-06
1.600000000000000000e+01 -3.487396676251165246e-06
1.700000000000000000e+01 -3.289194465665053773e-06
1.800000000000000000e+01 7.599340803675168395e-06
1.900000000000000000e+01 -1.156548989366326759e-05
1.000000000000000000e+00 5.852807323395558127e-06
2.000000000000000000e+00 -7.847458698851886164e-06
3.000000000000000000e+00 -7.727480637697355537e-06
4.000000000000000000e+00 -7.820095281395589824e-06
5.000000000000000000e+00 -7.001598332867682234e-06
6.000000000000000000e+00 -6.107368723467794599e-06
7.000000000000000000e+00 -5.527582152969149555e-06
8.000000000000000000e+00 -6.513524315381899823e-06
9.000000000000000000e+00 -2.432466054757076251e-06
1.000000000000000000e+01 2.822684711229602479e-06
1.100000000000000000e+01 -2.521858946007552456e-06
1.200000000000000000e+01 -2.514899960720394018e-06
1.300000000000000000e+01 1.607938587040754061e-03
1.400000000000000000e+01 -6.359868201973464511e-06
1.500000000000000000e+01 3.102006352780346501e-05
1.600000000000000000e+01 -5.690903523720860381e-07
1.700000000000000000e+01 -1.957107220265114914e-07
1.800000000000000000e+01 4.563290167005336742e-06
1.900000000000000000e+01 -7.847458698851886164e-06
1.000000000000000000e+00 1.063822658249902790e-06
2.000000000000000000e+00 -7.239234793414359600e-06
3.000000000000000000e+00 -7.050912623668041608e-06
4.000000000000000000e+00 -7.143140657072544823e-06
5.000000000000000000e+00 -5.909037642783772769e-06
6.000000000000000000e+00 -5.544721875991225359e-06
7.000000000000000000e+00 -3.547922665569723997e-06
8.000000000000000000e+00 -5.726901237737150225e-06
9.000000000000000000e+00 -3.106714407024004175e-06
1.000000000000000000e+01 -2.257202721599006228e-06
1.100000000000000000e+01 -3.479578556977937479e-06
1.200000000000000000e+01 -2.614044022712753349e-06
1.300000000000000000e+01 -1.658601116805451161e-06
1.400000000000000000e+01 -4.658267429165261475e-06
1.500000000000000000e+01 -9.127439467996743026e-07
1.600000000000000000e+01 -4.102923220570278573e-06
1.700000000000000000e+01 -3.048465122768528259e-06
1.800000000000000000e+01 9.166530064362880806e-07
1.900000000000000000e+01 -7.239234793414359600e-06
1.000000000000000000e+00 1.132046488083639670e-05
2.000000000000000000e+00 -8.461224018499558932e-06
3.000000000000000000e+00 -8.461224018499558932e-06
4.000000000000000000e+00 -8.461224018499558932e-06
5.000000000000000000e+00 -6.865769249670177681e-06
6.000000000000000000e+00 -3.744879131876035492e-06
7.000000000000000000e+00 -6.765894923789660225e-06
8.000000000000000000e+00 -7.030164537904475805e-06
9.000000000000000000e+00 -1.828494862550589989e-06
1.000000000000000000e+01 1.013176709771136886e-06
1.100000000000000000e+01 2.508194419959125724e-05
1.200000000000000000e+01 3.282278437077198505e-06
1.300000000000000000e+01 1.105455045470525328e-03
1.400000000000000000e+01 3.094012111039974296e-05
1.500000000000000000e+01 1.079746706681691090e-05
1.600000000000000000e+01 3.184788208008021724e-05
1.700000000000000000e+01 -4.005669253347271430e-06
1.800000000000000000e+01 1.159473481454905515e-04
1.900000000000000000e+01 -8.461224018499558932e-06
1.000000000000000000e+00 1.156123718043222581e-05
2.000000000000000000e+00 -6.682859624036093841e-06
3.000000000000000000e+00 -6.459055220665127011e-06
4.000000000000000000e+00 -6.682859624036093841e-06
5.000000000000000000e+00 -5.852850280094861297e-06
6.000000000000000000e+00 -5.546096490368936117e-06
7.000000000000000000e+00 -3.648784995534221139e-06
8.000000000000000000e+00 -2.133788124500198706e-06
9.000000000000000000e+00 3.428631911604047479e-06
1.000000000000000000e+01 -1.780383359330727634e-06
1.100000000000000000e+01 -3.032141577033217768e-06
1.200000000000000000e+01 -7.493796193486595649e-07
1.300000000000000000e+01 5.321703580217511300e-04
1.400000000000000000e+01 -4.136429446026968885e-06
1.500000000000000000e+01 2.221806401372964577e-06
1.600000000000000000e+01 3.101026940036227786e-05
1.700000000000000000e+01 -4.286820850288342099e-06
1.800000000000000000e+01 3.538622540170527207e-05
1.900000000000000000e+01 -6.682859624036093841e-06
1.000000000000000000e+00 3.535173117216460376e-05
2.000000000000000000e+00 -7.745264711208983127e-06
3.000000000000000000e+00 -7.721208959599052055e-06
4.000000000000000000e+00 -7.733236835404017591e-06
5.000000000000000000e+00 -6.832950331402343171e-06
6.000000000000000000e+00 -6.698023338890211118e-06
7.000000000000000000e+00 -5.647001777032736430e-06
8.000000000000000000e+00 -6.572589776924141475e-06
9.000000000000000000e+00 2.829858480013278461e-06
1.000000000000000000e+01 1.029629125604357735e-06
1.100000000000000000e+01 -2.955249085280044934e-06
1.200000000000000000e+01 -1.294757873705242009e-06
1.300000000000000000e+01 5.822849321301333037e-05
1.400000000000000000e+01 -4.021348448593030135e-06
1.500000000000000000e+01 3.061884795630925144e-05
1.600000000000000000e+01 4.379564364084487590e-06
1.700000000000000000e+01 -1.946196218642038840e-06
1.800000000000000000e+01 9.553526968387649376e-06
1.900000000000000000e+01 -7.745264711208983127e-06
1.000000000000000000e+00 5.937517934421959153e-06
2.000000000000000000e+00 -9.855727347987409734e-06
3.000000000000000000e+00 -9.855727347987409734e-06
4.000000000000000000e+00 -9.855727347987409734e-06
5.000000000000000000e+00 -9.477450653921241431e-06
6.000000000000000000e+00 -8.384546310242903217e-06
7.000000000000000000e+00 -6.909155515966661474e-06
8.000000000000000000e+00 -8.626993921111566967e-06
9.000000000000000000e+00 1.032421311059081786e-06
1.000000000000000000e+01 -1.056305235871799331e-07
1.100000000000000000e+01 -2.887463413779203014e-06
1.200000000000000000e+01 -1.593092150367692076e-06
1.300000000000000000e+01 -5.728104025317647456e-06
1.400000000000000000e+01 -4.692761658705930626e-06
1.500000000000000000e+01 -2.308578933965930470e-06
1.600000000000000000e+01 -1.148705096073516920e-06
1.700000000000000000e+01 -3.942308121874684823e-06
1.800000000000000000e+01 4.386179695777218974e-06
1.900000000000000000e+01 -9.855727347987409734e-06
1.000000000000000000e+00 2.670575038996091451e-06
2.000000000000000000e+00 -1.413881096543635232e-05
3.000000000000000000e+00 -1.413881096543635232e-05
4.000000000000000000e+00 -1.413881096543635232e-05
5.000000000000000000e+00 -1.226598478920460224e-05
6.000000000000000000e+00 -1.276625850929256456e-05
7.000000000000000000e+00 -1.201236843651704313e-05
8.000000000000000000e+00 -1.254773777993592152e-05
9.000000000000000000e+00 1.981055580126787224e-05
1.000000000000000000e+01 -2.319575848987613572e-06
1.100000000000000000e+01 1.982082245240139679e-05
1.200000000000000000e+01 -5.487116942225300805e-06
1.300000000000000000e+01 -4.807026478853104063e-06
1.400000000000000000e+01 -1.113403280585943089e-05
1.500000000000000000e+01 2.865125930141409840e-05
1.600000000000000000e+01 -9.466453738899558752e-06
1.700000000000000000e+01 -1.782788934491720826e-06
1.800000000000000000e+01 2.580769763432302018e-05
1.900000000000000000e+01 -1.413881096543635232e-05
1.000000000000000000e+00 3.420031980403497019e-05
2.000000000000000000e+00 -9.760621215729574644e-06
3.000000000000000000e+00 -9.575520798431014734e-06
4.000000000000000000e+00 -9.760621215729574644e-06
5.000000000000000000e+00 -8.630559327153752950e-06
6.000000000000000000e+00 -8.554654839484559378e-06
7.000000000000000000e+00 -6.789950675399591296e-06
8.000000000000000000e+00 -8.286175468838006877e-06
9.000000000000000000e+00 -1.091100162307592578e-07
1.000000000000000000e+01 -3.177378177378177121e-06
1.100000000000000000e+01 -3.696466931761049041e-06
1.200000000000000000e+01 -5.318082330466230671e-06
1.300000000000000000e+01 2.373039756940685429e-05
1.400000000000000000e+01 -6.113984055160525136e-06
1.500000000000000000e+01 1.253605355772538304e-06
1.600000000000000000e+01 -5.299095469374106698e-06
1.700000000000000000e+01 -4.639409438171047858e-06
1.800000000000000000e+01 1.196859555992682869e-06
1.900000000000000000e+01 -9.760621215729574644e-06
1.000000000000000000e+00 3.217284951031080680e-05
2.000000000000000000e+00 -7.061780668591813930e-06
3.000000000000000000e+00 -6.976683447271681832e-06
4.000000000000000000e+00 -6.889782044580805582e-06
5.000000000000000000e+00 -6.009599275853145180e-06
6.000000000000000000e+00 -6.105220888502621698e-06
7.000000000000000000e+00 -5.009481402670256475e-06
8.000000000000000000e+00 -5.857145950025206252e-06
9.000000000000000000e+00 1.978413743119625157e-06
1.000000000000000000e+01 2.878657290421995983e-06
1.100000000000000000e+01 -3.243531494305487992e-06
1.200000000000000000e+01 -1.879914031616817824e-06
1.300000000000000000e+01 2.546842562322438268e-05
1.400000000000000000e+01 -5.354380741377644823e-06
1.500000000000000000e+01 1.656453281840278683e-06
1.600000000000000000e+01 -3.016677165283976184e-06
1.700000000000000000e+01 -5.598976187211480415e-07
1.800000000000000000e+01 1.072332380381915831e-05
1.900000000000000000e+01 -7.061780668591813930e-06
1.000000000000000000e+00 2.687886588815381206e-06
2.000000000000000000e+00 -8.654271425169256967e-06
3.000000000000000000e+00 -8.373248698326097501e-06
4.000000000000000000e+00 -8.573512830478773842e-06
5.000000000000000000e+00 -7.382796082486484733e-06
6.000000000000000000e+00 2.166293458863118295e-05
7.000000000000000000e+00 -5.443387022334389957e-06
8.000000000000000000e+00 -6.474090065421333931e-06
9.000000000000000000e+00 -3.020328484724769353e-06
1.000000000000000000e+01 -1.404168586831125469e-06
1.100000000000000000e+01 -4.432057450633301876e-06
1.200000000000000000e+01 9.634758086770468642e-07
1.300000000000000000e+01 5.504075387976316638e-04
1.400000000000000000e+01 -5.315590841906630716e-06
1.500000000000000000e+01 3.266126718139101965e-06
1.600000000000000000e+01 -3.535508179471027389e-06
1.700000000000000000e+01 -4.532962737297102189e-06
1.800000000000000000e+01 1.970466753748487456e-06
1.900000000000000000e+01 -8.654271425169256967e-06
1.000000000000000000e+00 6.156768927666760314e-06
2.000000000000000000e+00 -7.800979550205556340e-06
3.000000000000000000e+00 -7.532886789852734064e-06
4.000000000000000000e+00 -7.788951674400590805e-06
5.000000000000000000e+00 -6.583414865148610627e-06
6.000000000000000000e+00 -6.426150388998686162e-06
7.000000000000000000e+00 -5.898341424657213974e-06
8.000000000000000000e+00 -4.582405898195371073e-06
9.000000000000000000e+00 2.792121019675199134e-05
1.000000000000000000e+01 2.882437479960699510e-06
1.100000000000000000e+01 -3.412136539071523460e-06
1.200000000000000000e+01 -2.997174823800210782e-06
1.300000000000000000e+01 2.593454876736610206e-05
1.400000000000000000e+01 -5.032635063594815894e-06
1.500000000000000000e+01 5.040109529273615125e-07
1.600000000000000000e+01 -2.212613667722026474e-06
1.700000000000000000e+01 -3.660168520849635313e-06
1.800000000000000000e+01 8.856167911895465627e-06
1.900000000000000000e+01 -7.800979550205556340e-06
1.000000000000000000e+00 -9.913547065249850561e-07
2.000000000000000000e+00 -9.073185156776486699e-06
3.000000000000000000e+00 -9.028080622507866787e-06
4.000000000000000000e+00 -9.044833735236211520e-06
5.000000000000000000e+00 -7.728425685082030360e-06
6.000000000000000000e+00 -7.886935905511756074e-06
7.000000000000000000e+00 -6.229108009293767055e-06
8.000000000000000000e+00 -7.096103071335268707e-06
9.000000000000000000e+00 -4.687993465083248260e-06
1.000000000000000000e+01 -3.281891826783467434e-06
1.100000000000000000e+01 -4.019286527026464421e-06
1.200000000000000000e+01 2.719687433309724063e-05
1.300000000000000000e+01 -4.401128627134818706e-06
1.400000000000000000e+01 -5.399055708653231341e-06
1.500000000000000000e+01 -1.171429190005041250e-06
1.600000000000000000e+01 -3.566437002969510559e-06
1.700000000000000000e+01 -5.185346129618574689e-06
1.800000000000000000e+01 3.154392047580901760e-05
1.900000000000000000e+01 -9.073185156776486699e-06
