1.000000000000000000e+00 -2.390385036433175729e-04
2.000000000000000000e+00 2.507979753088734084e-04
3.000000000000000000e+00 -2.391600800516586957e-04
4.000000000000000000e+00 -2.391600800516586957e-04
5.000000000000000000e+00 -2.391600800516586957e-04
6.000000000000000000e+00 -2.390239144743166566e-04
7.000000000000000000e+00 -2.371175963915279732e-04
8.000000000000000000e+00 -2.382105549424697283e-04
9.000000000000000000e+00 -2.389171312792981721e-04
1.000000000000000000e+01 5.934377176101662940e-05
1.100000000000000000e+01 -6.852191737918230687e-05
1.200000000000000000e+01 2.488099389425951519e-05
1.300000000000000000e+01 2.453549367131000261e-04
1.400000000000000000e+01 -2.065426883656395704e-04
1.500000000000000000e+01 4.588073459834514020e-05
1.600000000000000000e+01 6.395690019646205118e-04
1.700000000000000000e+01 9.543985065250314105e-05
1.800000000000000000e+01 -2.385344841622219687e-04
1.900000000000000000e+01 7.554333575635037781e-04
1.000000000000000000e+00 -2.799807035450109179e-04
2.000000000000000000e+00 -7.835185853381296662e-05
3.000000000000000000e+00 -2.800250491775918386e-04
4.000000000000000000e+00 -2.800250491775918386e-04
5.000000000000000000e+00 -2.800250491775918386e-04
6.000000000000000000e+00 -2.800193359365844891e-04
7.000000000000000000e+00 -2.798988137572387810e-04
8.000000000000000000e+00 -2.779517868318381510e-04
9.000000000000000000e+00 -2.798410011994262119e-04
1.000000000000000000e+01 4.420591710683930298e-04
1.100000000000000000e+01 4.335393956368529069e-04
1.200000000000000000e+01 3.633169029878896778e-04
1.300000000000000000e+01 -8.670611960744627530e-07
1.400000000000000000e+01 -1.952755190236499217e-04
1.500000000000000000e+01 -3.765489516888536324e-05
1.600000000000000000e+01 4.538851945365733826e-04
1.700000000000000000e+01 3.383733676599374280e-04
1.800000000000000000e+01 -2.797532167979163058e-04
1.900000000000000000e+01 4.693752492242924193e-04
1.000000000000000000e+00 -2.493912155975596193e-04
2.000000000000000000e+00 2.629316331223478906e-04
3.000000000000000000e+00 -2.493912155975596193e-04
4.000000000000000000e+00 -2.493912155975596193e-04
5.000000000000000000e+00 -2.493912155975596193e-04
6.000000000000000000e+00 -2.493912155975596193e-04
7.000000000000000000e+00 -2.489827188655334748e-04
8.000000000000000000e+00 -2.493912155975596193e-04
9.000000000000000000e+00 -2.493912155975596193e-04
1.000000000000000000e+01 1.358893869173049846e-04
1.100000000000000000e+01 4.291348471196795400e-04
1.200000000000000000e+01 1.287435566935593979e-04
1.300000000000000000e+01 1.992956611078929258e-04
1.400000000000000000e+01 -2.468205292033437697e-04
1.500000000000000000e+01 2.045766056259103641e-05
1.600000000000000000e+01 4.514161243029174626e-04
1.700000000000000000e+01 1.224492260958232222e-04
1.800000000000000000e+01 -2.490769873421548510e-04
1.900000000000000000e+01 3.158784811898099625e-04
1.000000000000000000e+00 -2.575265504568977830e-04
2.000000000000000000e+00 3.469682308148442501e-04
3.000000000000000000e+00 -2.575587894597249853e-04
4.000000000000000000e+00 -2.575587894597249853e-04
5.000000000000000000e+00 -2.575587894597249853e-04
6.000000000000000000e+00 -2.575587894597249853e-04
7.000000000000000000e+00 -2.575587894597249853e-04
8.000000000000000000e+00 -1.918769857877252708e-04
9.000000000000000000e+00 -2.575363445843389769e-04
1.000000000000000000e+01 2.919927488044034986e-04
1.100000000000000000e+01 -4.074450299434284058e-05
1.200000000000000000e+01 4.045566320422683835e-04
1.300000000000000000e+01 1.574630866689622291e-04
1.400000000000000000e+01 -2.554983498992854343e-04
1.500000000000000000e+01 1.347380978062024510e-04
1.600000000000000000e+01 1.356582456700233135e-04
1.700000000000000000e+01 2.951749906347361243e-04
1.800000000000000000e+01 -1.925607995230096058e-04
1.900000000000000000e+01 2.417288600730225134e-04
1.000000000000000000e+00 -2.570754321589106004e-04
2.000000000000000000e+00 -2.540647131046020410e-06
3.000000000000000000e+00 -2.578086314215216179e-04
4.000000000000000000e+00 -2.577958057784438678e-04
5.000000000000000000e+00 -2.578086314215216179e-04
6.000000000000000000e+00 -2.578011497963929484e-04
7.000000000000000000e+00 -2.577936681712642789e-04
8.000000000000000000e+00 -2.570893978591507942e-04
9.000000000000000000e+00 -2.578086314215216179e-04
1.000000000000000000e+01 -7.547357866403522800e-05
1.100000000000000000e+01 2.527993197225123032e-04
1.200000000000000000e+01 4.591018330721091884e-04
1.300000000000000000e+01 6.724249755117592329e-05
1.400000000000000000e+01 -1.572538439794793146e-04
1.500000000000000000e+01 2.678605356305143077e-04
1.600000000000000000e+01 4.055467586495546456e-04
1.700000000000000000e+01 2.811906771856300638e-04
1.800000000000000000e+01 -2.572330223900302546e-04
1.900000000000000000e+01 4.822918337047703481e-04
1.000000000000000000e+00 -2.946749375916290418e-04
2.000000000000000000e+00 6.458187784628259282e-04
3.000000000000000000e+00 -2.947142695637341384e-04
4.000000000000000000e+00 -2.947142695637341384e-04
5.000000000000000000e+00 -2.947142695637341384e-04
6.000000000000000000e+00 -2.926589311113368523e-04
7.000000000000000000e+00 -2.944276553065316320e-04
8.000000000000000000e+00 -2.939188077481289635e-04
9.000000000000000000e+00 -2.939270529676940124e-04
1.000000000000000000e+01 1.598819719432855758e-04
1.100000000000000000e+01 3.234569842760638122e-05
1.200000000000000000e+01 2.906421529572910116e-04
1.300000000000000000e+01 3.229893268740029427e-04
1.400000000000000000e+01 -3.000296870047250642e-05
1.500000000000000000e+01 -1.361078690842686383e-04
1.600000000000000000e+01 1.473399523598193902e-04
1.700000000000000000e+01 4.557377518225432444e-04
1.800000000000000000e+01 -2.345448443733005504e-04
1.900000000000000000e+01 6.066829948305057780e-05
1.000000000000000000e+00 -3.000813737358277696e-04
2.000000000000000000e+00 4.568094455937170045e-04
3.000000000000000000e+00 -3.008824517427881253e-04
4.000000000000000000e+00 -3.008824517427881253e-04
5.000000000000000000e+00 -3.008824517427881253e-04
6.000000000000000000e+00 -3.004290652599898555e-04
7.000000000000000000e+00 -3.008824517427881253e-04
8.000000000000000000e+00 -2.972471028868509980e-04
9.000000000000000000e+00 -2.984638917261888801e-04
1.000000000000000000e+01 1.505622772754702701e-04
1.100000000000000000e+01 4.604730228479805409e-04
1.200000000000000000e+01 2.418640348113685235e-04
1.300000000000000000e+01 1.171378902971617310e-04
1.400000000000000000e+01 -2.000333757098885618e-04
1.500000000000000000e+01 1.718351674209094493e-04
1.600000000000000000e+01 -9.298785904427386232e-05
1.700000000000000000e+01 1.942855633745379531e-04
1.800000000000000000e+01 -2.319253963098923598e-04
1.900000000000000000e+01 5.237386603566976471e-04
1.000000000000000000e+00 -2.566373014558134260e-04
2.000000000000000000e+00 6.071122809769930124e-04
3.000000000000000000e+00 -2.568590568246275924e-04
4.000000000000000000e+00 -2.568590568246275924e-04
5.000000000000000000e+00 -2.568590568246275924e-04
6.000000000000000000e+00 -2.568216486989841909e-04
7.000000000000000000e+00 -2.446041548638432572e-04
8.000000000000000000e+00 -2.547716834137247447e-04
9.000000000000000000e+00 -2.547348738180916193e-04
1.000000000000000000e+01 -3.574122509018081724e-05
1.100000000000000000e+01 1.036466774556164426e-04
1.200000000000000000e+01 -5.226566221548779344e-06
1.300000000000000000e+01 -1.444770669916573718e-04
1.400000000000000000e+01 -2.558981168930994296e-04
1.500000000000000000e+01 4.002510580060754343e-04
1.600000000000000000e+01 5.109029094990001282e-04
1.700000000000000000e+01 -1.360607374968965009e-04
1.800000000000000000e+01 -1.776211650867358524e-04
1.900000000000000000e+01 5.926522373193879268e-04
1.000000000000000000e+00 -2.934399476893239820e-04
2.000000000000000000e+00 6.073641929768798043e-04
3.000000000000000000e+00 -2.936419107589341199e-04
4.000000000000000000e+00 -2.936419107589341199e-04
5.000000000000000000e+00 -2.936419107589341199e-04
6.000000000000000000e+00 -2.931135039805273521e-04
7.000000000000000000e+00 -2.935689309065425169e-04
8.000000000000000000e+00 -2.936290851158563698e-04
9.000000000000000000e+00 -2.921751381524556623e-04
1.000000000000000000e+01 9.477852577811743428e-05
1.100000000000000000e+01 1.398045900895274446e-04
1.200000000000000000e+01 -1.929662647842578626e-05
1.300000000000000000e+01 6.770663992785181653e-05
1.400000000000000000e+01 -2.906352451297194994e-04
1.500000000000000000e+01 1.209080001145061169e-04
1.600000000000000000e+01 4.734882788590004973e-04
1.700000000000000000e+01 2.951179240341823547e-04
1.800000000000000000e+01 -2.833065194799153975e-04
1.900000000000000000e+01 6.150680511460556799e-04
1.000000000000000000e+00 -2.182584628958705701e-04
2.000000000000000000e+00 2.764122048914122360e-04
3.000000000000000000e+00 -2.190754563599228591e-04
4.000000000000000000e+00 -2.190754563599228591e-04
5.000000000000000000e+00 -2.190754563599228591e-04
6.000000000000000000e+00 -2.190575004596140036e-04
7.000000000000000000e+00 -2.186220698771246165e-04
8.000000000000000000e+00 -2.169445146281407766e-04
9.000000000000000000e+00 -2.189976474585845394e-04
1.000000000000000000e+01 -2.542898224740204128e-05
1.100000000000000000e+01 -1.173741758812490770e-04
1.200000000000000000e+01 -1.007468331116220215e-05
1.300000000000000000e+01 -8.233633310119176346e-05
1.400000000000000000e+01 -1.326930527197337417e-04
1.500000000000000000e+01 9.228418407608495410e-05
1.600000000000000000e+01 6.484370991367292879e-04
1.700000000000000000e+01 -1.700334036413995368e-04
1.800000000000000000e+01 -1.534147644737407588e-04
1.900000000000000000e+01 1.103289640532051146e-03
1.000000000000000000e+00 -2.632626529739054162e-04
2.000000000000000000e+00 3.821020585672766745e-04
3.000000000000000000e+00 -2.699410236228642944e-04
4.000000000000000000e+00 -2.699410236228642944e-04
5.000000000000000000e+00 -2.699410236228642944e-04
6.000000000000000000e+00 -2.699410236228642944e-04
7.000000000000000000e+00 -2.698632147215260018e-04
8.000000000000000000e+00 -1.972781200776078275e-04
9.000000000000000000e+00 -2.682162596431983750e-04
1.000000000000000000e+01 3.353255513070133660e-04
1.100000000000000000e+01 2.043983304742752276e-04
1.200000000000000000e+01 3.624126987721813521e-05
1.300000000000000000e+01 3.626525764952455671e-04
1.400000000000000000e+01 -1.075378270501175701e-04
1.500000000000000000e+01 -1.197246756952995519e-04
1.600000000000000000e+01 6.960169782225042326e-05
1.700000000000000000e+01 2.916364573947611291e-04
1.800000000000000000e+01 -2.665366211988540179e-04
1.900000000000000000e+01 3.264830695698046946e-04
1.000000000000000000e+00 -2.607173290044624450e-04
2.000000000000000000e+00 3.288618415579837350e-04
3.000000000000000000e+00 -2.607429025594477576e-04
4.000000000000000000e+00 -2.607429025594477576e-04
5.000000000000000000e+00 -2.607429025594477576e-04
6.000000000000000000e+00 -2.607300769163700075e-04
7.000000000000000000e+00 -2.607371893184404080e-04
8.000000000000000000e+00 -2.498384339343909179e-04
9.000000000000000000e+00 -2.603044793269068810e-04
1.000000000000000000e+01 1.908648771426946125e-04
1.100000000000000000e+01 1.820404144369754725e-04
1.200000000000000000e+01 3.003715004667198928e-04
1.300000000000000000e+01 2.752119975264213396e-05
1.400000000000000000e+01 -2.145843701876801288e-04
1.500000000000000000e+01 1.735934515091954453e-04
1.600000000000000000e+01 2.215592177112422336e-04
1.700000000000000000e+01 2.744591397610610778e-04
1.800000000000000000e+01 -2.047549090714542881e-04
1.900000000000000000e+01 3.070091991161574417e-04
1.000000000000000000e+00 -2.392245315557197543e-04
2.000000000000000000e+00 -1.084481333248397370e-04
3.000000000000000000e+00 -2.392735216257182301e-04
4.000000000000000000e+00 -2.392735216257182301e-04
5.000000000000000000e+00 -2.392735216257182301e-04
6.000000000000000000e+00 -2.392735216257182301e-04
7.000000000000000000e+00 -2.392286318749461320e-04
8.000000000000000000e+00 -2.389862680296411031e-04
9.000000000000000000e+00 -2.387611663339511833e-04
1.000000000000000000e+01 2.152533300157299879e-04
1.100000000000000000e+01 1.353333977277181238e-04
1.200000000000000000e+01 2.931614334356557553e-04
1.300000000000000000e+01 4.849795759807454319e-04
1.400000000000000000e+01 -1.968744378663403666e-04
1.500000000000000000e+01 1.759160729691911017e-04
1.600000000000000000e+01 3.866238891729324419e-04
1.700000000000000000e+01 2.719055603199210694e-04
1.800000000000000000e+01 -1.891128865998871358e-04
1.900000000000000000e+01 1.499196280772971607e-04
1.000000000000000000e+00 -2.608038367901931707e-04
2.000000000000000000e+00 2.014668579343653946e-04
3.000000000000000000e+00 -2.616675155950484678e-04
4.000000000000000000e+00 -2.616675155950484678e-04
5.000000000000000000e+00 -2.616675155950484678e-04
6.000000000000000000e+00 -2.612590188630223233e-04
7.000000000000000000e+00 -2.616451678836250990e-04
8.000000000000000000e+00 -2.333405638612340023e-04
9.000000000000000000e+00 -2.594207835689047001e-04
1.000000000000000000e+01 3.374200407917706283e-05
1.100000000000000000e+01 -5.714073194029786610e-05
1.200000000000000000e+01 -1.607324058900878487e-05
1.300000000000000000e+01 1.409890025800454995e-04
1.400000000000000000e+01 -1.249442807750091608e-04
1.500000000000000000e+01 4.315495609121087366e-04
1.600000000000000000e+01 5.064193261598788675e-04
1.700000000000000000e+01 -1.023003304925692718e-04
1.800000000000000000e+01 -2.615892079187015756e-04
1.900000000000000000e+01 9.378031440317730191e-04
1.000000000000000000e+00 -2.595298697262132912e-04
2.000000000000000000e+00 4.413174217295738329e-04
3.000000000000000000e+00 -2.595647839768138029e-04
4.000000000000000000e+00 -2.595647839768138029e-04
5.000000000000000000e+00 -2.595647839768138029e-04
6.000000000000000000e+00 -2.593760190121385074e-04
7.000000000000000000e+00 -2.591288636879523371e-04
8.000000000000000000e+00 -2.300178427715908805e-04
9.000000000000000000e+00 -2.571138035846569359e-04
1.000000000000000000e+01 1.209851117949601516e-04
1.100000000000000000e+01 6.731118137954366103e-05
1.200000000000000000e+01 8.559602120948761508e-05
1.300000000000000000e+01 1.129031337236705506e-04
1.400000000000000000e+01 -2.244748350213186436e-04
1.500000000000000000e+01 1.685790387293229441e-04
1.600000000000000000e+01 4.840641922050518747e-04
1.700000000000000000e+01 1.497483537190372183e-04
1.800000000000000000e+01 -1.852345390583336106e-04
1.900000000000000000e+01 3.692068303709000938e-04
1.000000000000000000e+00 -2.692173759113425618e-04
2.000000000000000000e+00 1.390944160130274732e-04
3.000000000000000000e+00 -2.692398207867286244e-04
4.000000000000000000e+00 -2.692398207867286244e-04
5.000000000000000000e+00 -2.692398207867286244e-04
6.000000000000000000e+00 -2.688042153091063560e-04
7.000000000000000000e+00 -2.691724861605704908e-04
8.000000000000000000e+00 -2.653072292315880295e-04
9.000000000000000000e+00 -2.686938616623381305e-04
1.000000000000000000e+01 6.646482081090400885e-04
1.100000000000000000e+01 3.129806091721000537e-04
1.200000000000000000e+01 4.803059238750771254e-04
1.300000000000000000e+01 5.791091131788203344e-04
1.400000000000000000e+01 -2.679193852050885645e-04
1.500000000000000000e+01 -1.345533519307096017e-04
1.600000000000000000e+01 -3.666314193717145947e-05
1.700000000000000000e+01 1.078015507721867490e-04
1.800000000000000000e+01 -5.800965208106975034e-05
1.900000000000000000e+01 -1.130521603278744180e-04
1.000000000000000000e+00 -2.652758474051392069e-04
2.000000000000000000e+00 3.638713488989197783e-04
3.000000000000000000e+00 -2.655709227002145401e-04
4.000000000000000000e+00 -2.655709227002145401e-04
5.000000000000000000e+00 -2.655709227002145401e-04
6.000000000000000000e+00 -2.654943108588967999e-04
7.000000000000000000e+00 -2.653517110839441018e-04
8.000000000000000000e+00 -2.648706425881696899e-04
9.000000000000000000e+00 -2.654075240074040389e-04
1.000000000000000000e+01 2.741422015907036625e-04
1.100000000000000000e+01 1.587253805789318357e-04
1.200000000000000000e+01 1.160323596383619000e-04
1.300000000000000000e+01 -1.057535371603542104e-05
1.400000000000000000e+01 -2.175787732374768243e-04
1.500000000000000000e+01 1.624674194096384903e-04
1.600000000000000000e+01 7.439190783500289426e-04
1.700000000000000000e+01 6.322975587500036839e-05
1.800000000000000000e+01 -2.453855978580269563e-04
1.900000000000000000e+01 2.830048323600692730e-04
1.000000000000000000e+00 -2.570604988518239800e-04
2.000000000000000000e+00 -1.950972096491167509e-05
3.000000000000000000e+00 -2.570829437272100426e-04
4.000000000000000000e+00 -2.570829437272100426e-04
5.000000000000000000e+00 -2.570829437272100426e-04
6.000000000000000000e+00 -2.570686606246916145e-04
7.000000000000000000e+00 -2.570530172266953105e-04
8.000000000000000000e+00 -2.565564368281541218e-04
9.000000000000000000e+00 -2.570829437272100426e-04
1.000000000000000000e+01 5.002780685357629447e-04
1.100000000000000000e+01 2.479497867957164902e-04
1.200000000000000000e+01 2.442752793005631071e-04
1.300000000000000000e+01 1.839065315759907016e-04
1.400000000000000000e+01 -2.543749160717033854e-04
1.500000000000000000e+01 1.178926749767823275e-04
1.600000000000000000e+01 3.158447679421166020e-04
1.700000000000000000e+01 5.986007618101095917e-04
1.800000000000000000e+01 -2.542779328339638467e-04
1.900000000000000000e+01 2.306820332118930523e-05
1.000000000000000000e+00 -2.238776678299625662e-04
2.000000000000000000e+00 2.084699403916136457e-04
3.000000000000000000e+00 -2.238776678299625662e-04
4.000000000000000000e+00 -2.238776678299625662e-04
5.000000000000000000e+00 -2.238776678299625662e-04
6.000000000000000000e+00 -2.238776678299625662e-04
7.000000000000000000e+00 -2.238776678299625662e-04
8.000000000000000000e+00 -2.238776678299625662e-04
9.000000000000000000e+00 -2.238776678299625662e-04
1.000000000000000000e+01 -1.501213134363532555e-04
1.100000000000000000e+01 1.589456181795979417e-04
1.200000000000000000e+01 9.466706525295419709e-05
1.300000000000000000e+01 5.152693845699665048e-05
1.400000000000000000e+01 -2.206096939737534101e-04
1.500000000000000000e+01 3.413520818521864402e-04
1.600000000000000000e+01 3.307317902882674597e-04
1.700000000000000000e+01 8.118549460372362163e-06
1.800000000000000000e+01 -2.018508832599254048e-04
1.900000000000000000e+01 8.557102066666260644e-04
1.000000000000000000e+00 -2.849411427610989847e-04
2.000000000000000000e+00 2.345607398360216871e-04
3.000000000000000000e+00 -2.850356677505819312e-04
4.000000000000000000e+00 -2.850356677505819312e-04
5.000000000000000000e+00 -2.850356677505819312e-04
6.000000000000000000e+00 -2.850207045003245922e-04
7.000000000000000000e+00 -2.845104576665483478e-04
8.000000000000000000e+00 -2.846271710185557867e-04
9.000000000000000000e+00 -2.850356677505819312e-04
1.000000000000000000e+01 4.803086919565227706e-04
1.100000000000000000e+01 7.512005057077101276e-05
1.200000000000000000e+01 3.530092365481922695e-04
1.300000000000000000e+01 5.178649991206730639e-04
1.400000000000000000e+01 -2.494737578014171050e-04
1.500000000000000000e+01 4.625882071302413542e-05
1.600000000000000000e+01 7.355877203258329199e-05
1.700000000000000000e+01 3.096837921649563488e-04
1.800000000000000000e+01 -2.820090783269337009e-04
1.900000000000000000e+01 2.210710273879759049e-04
1.000000000000000000e+00 -2.589943094979332166e-04
2.000000000000000000e+00 1.962656169790984997e-04
3.000000000000000000e+00 -2.591110228499406555e-04
4.000000000000000000e+00 -2.591110228499406555e-04
5.000000000000000000e+00 -2.591110228499406555e-04
6.000000000000000000e+00 -2.591110228499406555e-04
7.000000000000000000e+00 -2.590995963679259564e-04
8.000000000000000000e+00 -2.585984994645181044e-04
9.000000000000000000e+00 -2.586949084632380268e-04
1.000000000000000000e+01 6.558578614124392961e-05
1.100000000000000000e+01 1.572049264924545143e-04
1.200000000000000000e+01 2.999776348045519059e-04
1.300000000000000000e+01 2.004491561972326634e-05
1.400000000000000000e+01 -1.844291580171470617e-04
1.500000000000000000e+01 -2.354745657909151048e-05
1.600000000000000000e+01 7.915450765355187520e-04
1.700000000000000000e+01 1.027824156688848030e-04
1.800000000000000000e+01 -2.417337015510507572e-04
1.900000000000000000e+01 5.292589457532396189e-04
1.000000000000000000e+00 -2.482494222942508116e-04
2.000000000000000000e+00 7.485703202362759164e-04
3.000000000000000000e+00 -2.543663989994628203e-04
4.000000000000000000e+00 -2.543663989994628203e-04
5.000000000000000000e+00 -2.543663989994628203e-04
6.000000000000000000e+00 -2.543663989994628203e-04
7.000000000000000000e+00 -2.543663989994628203e-04
8.000000000000000000e+00 -2.539579022674366758e-04
9.000000000000000000e+00 -2.543663989994628203e-04
1.000000000000000000e+01 9.993643324454587029e-05
1.100000000000000000e+01 1.154189082858444435e-04
1.200000000000000000e+01 6.319015517221032656e-06
1.300000000000000000e+01 -5.734278898565673625e-05
1.400000000000000000e+01 -2.483175050829218447e-04
1.500000000000000000e+01 4.364838545958887807e-04
1.600000000000000000e+01 1.440948571607552633e-04
1.700000000000000000e+01 -2.192356800452144468e-04
1.800000000000000000e+01 -2.348493329137692795e-04
1.900000000000000000e+01 7.349830133891651360e-04
1.000000000000000000e+00 -2.729725473530848550e-04
2.000000000000000000e+00 3.211964709977385246e-04
3.000000000000000000e+00 -2.729820694214304196e-04
4.000000000000000000e+00 -2.729820694214304196e-04
5.000000000000000000e+00 -2.729820694214304196e-04
6.000000000000000000e+00 -2.729237127454267001e-04
7.000000000000000000e+00 -2.729371796706583485e-04
8.000000000000000000e+00 -2.729060774861948209e-04
9.000000000000000000e+00 -2.728186707286199726e-04
1.000000000000000000e+01 1.089881662252757661e-04
1.100000000000000000e+01 6.218249368430909933e-05
1.200000000000000000e+01 1.980744583301437094e-04
1.300000000000000000e+01 2.694719192641758165e-04
1.400000000000000000e+01 -2.696330446263271816e-04
1.500000000000000000e+01 5.036949906663622635e-04
1.600000000000000000e+01 3.555525308836426836e-04
1.700000000000000000e+01 3.821897082372742433e-05
1.800000000000000000e+01 -2.689128135139392129e-04
1.900000000000000000e+01 4.667236257860977967e-04
1.000000000000000000e+00 -2.567085202611832243e-04
2.000000000000000000e+00 3.879950618808108878e-04
3.000000000000000000e+00 -2.617361723476588657e-04
4.000000000000000000e+00 -2.617361723476588657e-04
5.000000000000000000e+00 -2.617361723476588657e-04
6.000000000000000000e+00 -2.617361723476588657e-04
7.000000000000000000e+00 -2.617361723476588657e-04
8.000000000000000000e+00 -2.617361723476588657e-04
9.000000000000000000e+00 -2.617361723476588657e-04
1.000000000000000000e+01 2.976072619957754149e-04
1.100000000000000000e+01 3.134380633657925155e-04
1.200000000000000000e+01 1.932284345777323211e-04
1.300000000000000000e+01 1.637523278957432995e-04
1.400000000000000000e+01 -1.372419302063579004e-04
1.500000000000000000e+01 9.027260292380381141e-05
1.600000000000000000e+01 1.706643533781773784e-05
1.700000000000000000e+01 2.187178326161499898e-04
1.800000000000000000e+01 -2.533083483561093612e-04
1.900000000000000000e+01 2.769617007477889986e-04
1.000000000000000000e+00 -2.779100074194698513e-04
2.000000000000000000e+00 1.214054012096642401e-04
3.000000000000000000e+00 -2.787927847728354576e-04
4.000000000000000000e+00 -2.787927847728354576e-04
5.000000000000000000e+00 -2.787927847728354576e-04
6.000000000000000000e+00 -2.787927847728354576e-04
7.000000000000000000e+00 -2.787927847728354576e-04
8.000000000000000000e+00 -2.787538803221662571e-04
9.000000000000000000e+00 -2.787927847728354576e-04
1.000000000000000000e+01 1.651892952386562971e-04
1.100000000000000000e+01 3.164575664607914367e-04
1.200000000000000000e+01 5.224674110952034350e-04
1.300000000000000000e+01 3.677178396789654541e-04
1.400000000000000000e+01 -7.689053397352582750e-05
1.500000000000000000e+01 -3.124277895077080526e-05
1.600000000000000000e+01 1.936160939871556480e-05
1.700000000000000000e+01 5.324943757790309403e-04
1.800000000000000000e+01 -2.767036157719017270e-04
1.900000000000000000e+01 8.132031155349615076e-05
1.000000000000000000e+00 -2.621412149087968906e-04
2.000000000000000000e+00 8.394808522462086150e-05
3.000000000000000000e+00 -2.622433390918034132e-04
4.000000000000000000e+00 -2.622433390918034132e-04
5.000000000000000000e+00 -2.622433390918034132e-04
6.000000000000000000e+00 -2.621655301904651206e-04
7.000000000000000000e+00 -2.622433390918034132e-04
8.000000000000000000e+00 -2.620334001563742938e-04
9.000000000000000000e+00 -2.621984493410312879e-04
1.000000000000000000e+01 2.091199925656458730e-04
1.100000000000000000e+01 2.267932835573973520e-04
1.200000000000000000e+01 4.043927543373756041e-04
1.300000000000000000e+01 4.010270452247278062e-06
1.400000000000000000e+01 -2.621475742901562380e-04
1.500000000000000000e+01 3.248361453690019429e-04
1.600000000000000000e+01 2.759353959403052750e-04
1.700000000000000000e+01 2.298758570715103515e-04
1.800000000000000000e+01 -2.524549793034436143e-04
1.900000000000000000e+01 4.937363157849102013e-04
1.000000000000000000e+00 -2.846838556848096144e-04
2.000000000000000000e+00 2.658642572407541845e-04
3.000000000000000000e+00 -2.950272704399890941e-04
4.000000000000000000e+00 -2.950272704399890941e-04
5.000000000000000000e+00 -2.950272704399890941e-04
6.000000000000000000e+00 -2.939379458212527268e-04
7.000000000000000000e+00 -2.950144447969113440e-04
8.000000000000000000e+00 -2.913522961767795382e-04
9.000000000000000000e+00 -2.949973439394743620e-04
1.000000000000000000e+01 5.452467545928078255e-04
1.100000000000000000e+01 2.950027068448900659e-04
1.200000000000000000e+01 2.276553845956070718e-04
1.300000000000000000e+01 4.006405376052698847e-04
1.400000000000000000e+01 -2.874225395421909409e-04
1.500000000000000000e+01 -2.563772857115730140e-04
1.600000000000000000e+01 3.712106463655230810e-04
1.700000000000000000e+01 4.331515042036528963e-04
1.800000000000000000e+01 -2.321023594758624695e-04
1.900000000000000000e+01 3.530584862737364942e-05
1.000000000000000000e+00 -2.643480436619386181e-04
2.000000000000000000e+00 8.872942201284534757e-05
3.000000000000000000e+00 -2.653982937930711113e-04
4.000000000000000000e+00 -2.653982937930711113e-04
5.000000000000000000e+00 -2.653982937930711113e-04
6.000000000000000000e+00 -2.648400431035178985e-04
7.000000000000000000e+00 -2.652755951409606935e-04
8.000000000000000000e+00 -2.651349405885414473e-04
9.000000000000000000e+00 -2.635418532111403057e-04
1.000000000000000000e+01 3.536231395665974950e-04
1.100000000000000000e+01 4.189848823899441650e-04
1.200000000000000000e+01 1.857485378855398036e-04
1.300000000000000000e+01 5.148663687197207713e-04
1.400000000000000000e+01 -1.370254145410358670e-04
1.500000000000000000e+01 4.308125423152005030e-06
1.600000000000000000e+01 1.046335065332153956e-04
1.700000000000000000e+01 2.563553967899158599e-04
1.800000000000000000e+01 -2.597401407517000663e-04
1.900000000000000000e+01 1.127375169516868085e-04
1.000000000000000000e+00 -2.590984661331582548e-04
2.000000000000000000e+00 -1.464448743610440669e-04
3.000000000000000000e+00 -2.595736562091886346e-04
4.000000000000000000e+00 -2.595736562091886346e-04
5.000000000000000000e+00 -2.595736562091886346e-04
6.000000000000000000e+00 -2.595586929589312956e-04
7.000000000000000000e+00 -2.595736562091886346e-04
8.000000000000000000e+00 -2.584583952900061697e-04
9.000000000000000000e+00 -2.591651594771624901e-04
1.000000000000000000e+01 3.646210822786354337e-04
1.100000000000000000e+01 3.604183819813788639e-04
1.200000000000000000e+01 5.348642964953213711e-04
1.300000000000000000e+01 4.872002539096646398e-04
1.400000000000000000e+01 -4.093509965458334593e-05
1.500000000000000000e+01 -8.580277839419320706e-05
1.600000000000000000e+01 -1.032421597419397671e-04
1.700000000000000000e+01 3.348431059555550182e-04
1.800000000000000000e+01 -2.051120049338119012e-04
1.900000000000000000e+01 1.415377001285229028e-04
1.000000000000000000e+00 -2.785498922739568207e-04
2.000000000000000000e+00 7.330924346257229650e-04
3.000000000000000000e+00 -2.793474335126745365e-04
4.000000000000000000e+00 -2.793474335126745365e-04
5.000000000000000000e+00 -2.793474335126745365e-04
6.000000000000000000e+00 -2.793474335126745365e-04
7.000000000000000000e+00 -2.789389367806483920e-04
8.000000000000000000e+00 -2.793474335126745365e-04
9.000000000000000000e+00 -2.793474335126745365e-04
1.000000000000000000e+01 1.417308771038197635e-04
1.100000000000000000e+01 3.079478556208498715e-04
1.200000000000000000e+01 4.376332566636696362e-04
1.300000000000000000e+01 2.120666988328303475e-04
1.400000000000000000e+01 -2.045386638509636877e-04
1.500000000000000000e+01 -6.923456282833842751e-05
1.600000000000000000e+01 3.533076682729049739e-05
1.700000000000000000e+01 1.496024340336842191e-04
1.800000000000000000e+01 -2.341471366183176580e-04
1.900000000000000000e+01 2.459354713488656077e-05
1.000000000000000000e+00 -2.559156459417392298e-04
2.000000000000000000e+00 -6.481860564695020420e-06
3.000000000000000000e+00 -2.566532629258548321e-04
4.000000000000000000e+00 -2.566532629258548321e-04
5.000000000000000000e+00 -2.566532629258548321e-04
6.000000000000000000e+00 -2.545584078898233149e-04
7.000000000000000000e+00 -2.566090533228216719e-04
8.000000000000000000e+00 -2.563040206648478756e-04
9.000000000000000000e+00 -2.566532629258548321e-04
1.000000000000000000e+01 4.007981347386946011e-04
1.100000000000000000e+01 4.591345000990537878e-04
1.200000000000000000e+01 2.693213185021579078e-04
1.300000000000000000e+01 3.769746259264921415e-04
1.400000000000000000e+01 -1.503373747472215702e-04
1.500000000000000000e+01 -6.334552472552726788e-05
1.600000000000000000e+01 1.487523327464249112e-05
1.700000000000000000e+01 2.773952717676746583e-04
1.800000000000000000e+01 -1.822325679601771796e-04
1.900000000000000000e+01 1.660010390176627564e-04
1.000000000000000000e+00 -2.721921721967621513e-04
2.000000000000000000e+00 3.144668948724836308e-04
3.000000000000000000e+00 -2.724814866404883591e-04
4.000000000000000000e+00 -2.724814866404883591e-04
5.000000000000000000e+00 -2.724814866404883591e-04
6.000000000000000000e+00 -2.722675121618080003e-04
7.000000000000000000e+00 -2.722629551719568859e-04
8.000000000000000000e+00 -2.718428279135943473e-04
9.000000000000000000e+00 -2.704390029803576366e-04
1.000000000000000000e+01 5.352760438180604702e-05
1.100000000000000000e+01 4.378171131801702185e-04
1.200000000000000000e+01 4.089458414183540680e-04
1.300000000000000000e+01 4.174664772367840172e-04
1.400000000000000000e+01 -1.937373750357325095e-04
1.500000000000000000e+01 -1.106299462331293679e-04
1.600000000000000000e+01 4.415964274573902629e-05
1.700000000000000000e+01 5.231256207248748645e-04
1.800000000000000000e+01 -2.497887988291214775e-04
1.900000000000000000e+01 -2.997117341853719190e-05
1.000000000000000000e+00 -2.859808664008903992e-04
2.000000000000000000e+00 1.260044436364608170e-03
3.000000000000000000e+00 -2.859808664008903992e-04
4.000000000000000000e+00 -2.859808664008903992e-04
5.000000000000000000e+00 -2.859808664008903992e-04
6.000000000000000000e+00 -2.859808664008903992e-04
7.000000000000000000e+00 -2.859713443325448347e-04
8.000000000000000000e+00 -2.859475197288882816e-04
9.000000000000000000e+00 -2.859808664008903992e-04
1.000000000000000000e+01 -1.471651270619620308e-05
1.100000000000000000e+01 -6.900482773367530814e-05
1.200000000000000000e+01 -4.311177394459469233e-05
1.300000000000000000e+01 -1.467512234947769437e-04
1.400000000000000000e+01 -2.163342367052411479e-04
1.500000000000000000e+01 -2.665493798115174001e-05
1.600000000000000000e+01 4.672091738602281944e-04
1.700000000000000000e+01 8.580720391659162039e-05
1.800000000000000000e+01 -2.859514840185668717e-04
1.900000000000000000e+01 5.591221723779738785e-04
1.000000000000000000e+00 -2.534924588092002861e-04
2.000000000000000000e+00 1.065732453631480369e-04
3.000000000000000000e+00 -2.536929663626490508e-04
4.000000000000000000e+00 -2.536929663626490508e-04
5.000000000000000000e+00 -2.536929663626490508e-04
6.000000000000000000e+00 -2.536786832601306226e-04
7.000000000000000000e+00 -2.532844696306229063e-04
8.000000000000000000e+00 -2.534257136444159077e-04
9.000000000000000000e+00 -2.535382327520330713e-04
1.000000000000000000e+01 -8.516041132499856158e-05
1.100000000000000000e+01 1.409808525090997129e-04
1.200000000000000000e+01 2.178097785775958556e-04
1.300000000000000000e+01 -1.479451620821809496e-04
1.400000000000000000e+01 -2.484814363349425645e-04
1.500000000000000000e+01 3.753912193843333294e-04
1.600000000000000000e+01 8.590125436809293051e-04
1.700000000000000000e+01 4.365963418684942125e-05
1.800000000000000000e+01 -1.640405526906275392e-04
1.900000000000000000e+01 6.397412585827987139e-04
1.000000000000000000e+00 -2.589370052100473910e-04
2.000000000000000000e+00 8.151216979795111880e-05
3.000000000000000000e+00 -2.591483951273196502e-04
4.000000000000000000e+00 -2.591483951273196502e-04
5.000000000000000000e+00 -2.591483951273196502e-04
6.000000000000000000e+00 -2.591483951273196502e-04
7.000000000000000000e+00 -2.590987443423747156e-04
8.000000000000000000e+00 -2.590436523755180608e-04
9.000000000000000000e+00 -2.589149684233047182e-04
1.000000000000000000e+01 2.269219603484066376e-04
1.100000000000000000e+01 5.288263167086398452e-05
1.200000000000000000e+01 2.509441238661280901e-04
1.300000000000000000e+01 -3.344771599526799154e-05
1.400000000000000000e+01 -2.170077594117539581e-04
1.500000000000000000e+01 5.845453566546672877e-04
1.600000000000000000e+01 3.825343133607293669e-04
1.700000000000000000e+01 2.145019919965344548e-06
1.800000000000000000e+01 -1.843108212088633913e-04
1.900000000000000000e+01 6.371137621855233781e-04
1.000000000000000000e+00 -2.883771495735810400e-04
2.000000000000000000e+00 3.256675067504869749e-04
3.000000000000000000e+00 -2.883771495735810400e-04
4.000000000000000000e+00 -2.883771495735810400e-04
5.000000000000000000e+00 -2.883771495735810400e-04
6.000000000000000000e+00 -2.719923905417631887e-04
7.000000000000000000e+00 -2.867723409834782946e-04
8.000000000000000000e+00 -2.883771495735810400e-04
9.000000000000000000e+00 -2.883322598228089148e-04
1.000000000000000000e+01 1.634747385528168722e-04
1.100000000000000000e+01 3.844744363999160806e-06
1.200000000000000000e+01 -3.241141051960670340e-05
1.300000000000000000e+01 -5.479455569686952579e-05
1.400000000000000000e+01 6.967484006346645267e-06
1.500000000000000000e+01 5.020492211546471843e-04
1.600000000000000000e+01 4.607509282309673010e-04
1.700000000000000000e+01 -4.247599190771749784e-05
1.800000000000000000e+01 -2.836113543666093722e-04
1.900000000000000000e+01 7.567660032450103510e-04
1.000000000000000000e+00 -2.645118040737806371e-04
2.000000000000000000e+00 4.222509837919483414e-04
3.000000000000000000e+00 -2.672351156206216366e-04
4.000000000000000000e+00 -2.672351156206216366e-04
5.000000000000000000e+00 -2.672351156206216366e-04
6.000000000000000000e+00 -2.668266188885954921e-04
7.000000000000000000e+00 -2.670989500432795704e-04
8.000000000000000000e+00 -2.626608500169442650e-04
9.000000000000000000e+00 -2.651926319604909141e-04
1.000000000000000000e+01 1.296842203467019040e-04
1.100000000000000000e+01 3.102592854031911099e-04
1.200000000000000000e+01 1.107204771182528216e-04
1.300000000000000000e+01 -1.306094183331596534e-04
1.400000000000000000e+01 -1.278748843486256497e-04
1.500000000000000000e+01 2.781481630904889565e-04
1.600000000000000000e+01 8.696528637389798900e-05
1.700000000000000000e+01 3.107142268904278530e-04
1.800000000000000000e+01 -2.508653198390611242e-04
1.900000000000000000e+01 4.919504927071435352e-04
1.000000000000000000e+00 -2.387490842200622263e-04
2.000000000000000000e+00 5.153384129830634961e-04
3.000000000000000000e+00 -2.482559172563070021e-04
4.000000000000000000e+00 -2.482559172563070021e-04
5.000000000000000000e+00 -2.482559172563070021e-04
6.000000000000000000e+00 -2.482559172563070021e-04
7.000000000000000000e+00 -2.452524936646481167e-04
8.000000000000000000e+00 -2.457028126811436125e-04
9.000000000000000000e+00 -2.482110275055349311e-04
1.000000000000000000e+01 -1.017992137587360085e-05
1.100000000000000000e+01 3.299481713966979880e-04
1.200000000000000000e+01 -1.067725254665427011e-04
1.300000000000000000e+01 5.260575737987738980e-05
1.400000000000000000e+01 -3.388810869592810829e-06
1.500000000000000000e+01 2.601828704500700113e-04
1.600000000000000000e+01 1.480631310557752902e-04
1.700000000000000000e+01 7.521393668062699924e-06
1.800000000000000000e+01 -2.270140871909475419e-04
1.900000000000000000e+01 4.264466521089299816e-04
1.000000000000000000e+00 -2.863527887158204906e-04
2.000000000000000000e+00 5.234462697964732507e-04
3.000000000000000000e+00 -2.912771943755202873e-04
4.000000000000000000e+00 -2.912771943755202873e-04
5.000000000000000000e+00 -2.912771943755202873e-04
6.000000000000000000e+00 -2.902997200524577021e-04
7.000000000000000000e+00 -2.904896241026558973e-04
8.000000000000000000e+00 -2.908818653037205989e-04
9.000000000000000000e+00 -2.888262139833634203e-04
1.000000000000000000e+01 2.944940605133816486e-04
1.100000000000000000e+01 1.356445857325343110e-04
1.200000000000000000e+01 8.974144317510865805e-06
1.300000000000000000e+01 -6.382936060309146969e-05
1.400000000000000000e+01 -1.118306063721272110e-04
1.500000000000000000e+01 -1.134559275274219676e-05
1.600000000000000000e+01 4.032570403096431746e-04
1.700000000000000000e+01 9.218601997004699327e-05
1.800000000000000000e+01 -2.854629741005156886e-04
1.900000000000000000e+01 7.909558979678660588e-04
1.000000000000000000e+00 -2.611480974061207135e-04
2.000000000000000000e+00 4.248496200595398842e-04
3.000000000000000000e+00 -2.617028135945904032e-04
4.000000000000000000e+00 -2.617028135945904032e-04
5.000000000000000000e+00 -2.617028135945904032e-04
6.000000000000000000e+00 -2.615277435665791907e-04
7.000000000000000000e+00 -2.616474495686381733e-04
8.000000000000000000e+00 -2.450633619061191220e-04
9.000000000000000000e+00 -2.617028135945904032e-04
1.000000000000000000e+01 1.544453452508988498e-04
1.100000000000000000e+01 -4.768125628097947009e-05
1.200000000000000000e+01 2.043655483738807815e-04
1.300000000000000000e+01 2.665129838017409720e-04
1.400000000000000000e+01 -1.341754239735475627e-04
1.500000000000000000e+01 2.548820173697364578e-04
1.600000000000000000e+01 2.357383858631663821e-04
1.700000000000000000e+01 2.187827862321281699e-04
1.800000000000000000e+01 -2.542558760005940010e-04
1.900000000000000000e+01 2.764669468881025458e-04
1.000000000000000000e+00 -2.454463288743895483e-04
2.000000000000000000e+00 3.487429238716682170e-04
3.000000000000000000e+00 -2.454463288743895483e-04
4.000000000000000000e+00 -2.454463288743895483e-04
5.000000000000000000e+00 -2.454463288743895483e-04
6.000000000000000000e+00 -2.454463288743895483e-04
7.000000000000000000e+00 -2.454463288743895483e-04
8.000000000000000000e+00 -2.454463288743895483e-04
9.000000000000000000e+00 -2.454463288743895483e-04
1.000000000000000000e+01 7.234285075689530402e-05
1.100000000000000000e+01 2.436401446032087660e-04
1.200000000000000000e+01 -7.459500223262176147e-05
1.300000000000000000e+01 1.254828508783195737e-04
1.400000000000000000e+01 -1.791695257554811892e-04
1.500000000000000000e+01 3.376860768844351440e-04
1.600000000000000000e+01 5.897840152568833115e-04
1.700000000000000000e+01 8.197112476855424447e-05
1.800000000000000000e+01 -1.915618963134864080e-04
1.900000000000000000e+01 1.890324089292965955e-04
1.000000000000000000e+00 -3.102336583683131368e-04
2.000000000000000000e+00 2.642551336247173262e-04
3.000000000000000000e+00 -3.106146771316848341e-04
4.000000000000000000e+00 -3.106146771316848341e-04
5.000000000000000000e+00 -3.106146771316848341e-04
6.000000000000000000e+00 -3.100670221722651881e-04
7.000000000000000000e+00 -3.103428900951919604e-04
8.000000000000000000e+00 -3.101102374640799181e-04
9.000000000000000000e+00 -3.083791448716427953e-04
1.000000000000000000e+01 2.899465681767684566e-04
1.100000000000000000e+01 4.923179744941881802e-04
1.200000000000000000e+01 7.010734057670803916e-04
1.300000000000000000e+01 7.730482898033408596e-04
1.400000000000000000e+01 -1.834383812053889387e-04
1.500000000000000000e+01 -2.792163595814065253e-04
1.600000000000000000e+01 -1.361049714419800905e-04
1.700000000000000000e+01 2.889977037800191099e-04
1.800000000000000000e+01 -3.054017955532570727e-04
1.900000000000000000e+01 -8.987852827629489686e-05
1.000000000000000000e+00 -2.870078789458549396e-04
2.000000000000000000e+00 6.469992895067843666e-05
3.000000000000000000e+00 -2.870498829269345223e-04
4.000000000000000000e+00 -2.870498829269345223e-04
5.000000000000000000e+00 -2.870498829269345223e-04
6.000000000000000000e+00 -2.869974843451241647e-04
7.000000000000000000e+00 -2.870189847867926896e-04
8.000000000000000000e+00 -2.865510172319904263e-04
9.000000000000000000e+00 -2.870067615602837712e-04
1.000000000000000000e+01 2.979428056519253147e-04
1.100000000000000000e+01 5.314014386655118230e-04
1.200000000000000000e+01 3.036047327060547533e-04
1.300000000000000000e+01 2.799514787741820467e-04
1.400000000000000000e+01 -2.839503680627137607e-04
1.500000000000000000e+01 2.183222345794329060e-04
1.600000000000000000e+01 2.979782017335030160e-04
1.700000000000000000e+01 2.649143812093306951e-04
1.800000000000000000e+01 -2.852570815017801747e-04
1.900000000000000000e+01 1.821643782829406564e-04
1.000000000000000000e+00 -2.661655229540936139e-04
2.000000000000000000e+00 3.211673058003037227e-04
3.000000000000000000e+00 -2.661655229540936139e-04
4.000000000000000000e+00 -2.661655229540936139e-04
5.000000000000000000e+00 -2.661655229540936139e-04
6.000000000000000000e+00 -2.657570262220674694e-04
7.000000000000000000e+00 -2.661655229540936139e-04
8.000000000000000000e+00 -2.661655229540936139e-04
9.000000000000000000e+00 -2.660877140527553213e-04
1.000000000000000000e+01 2.892265704281957932e-04
1.100000000000000000e+01 3.074637344986932107e-04
1.200000000000000000e+01 1.582521073458895849e-04
1.300000000000000000e+01 2.033614098081332222e-04
1.400000000000000000e+01 -2.647260582793348215e-04
1.500000000000000000e+01 3.077677605380133409e-04
1.600000000000000000e+01 4.642493669518952680e-05
1.700000000000000000e+01 2.562838414070353534e-04
1.800000000000000000e+01 -2.627407523724603080e-04
1.900000000000000000e+01 3.043121225848264004e-04
1.000000000000000000e+00 -2.691342233833286823e-04
2.000000000000000000e+00 4.526378090504684214e-04
3.000000000000000000e+00 -2.695427201153548268e-04
4.000000000000000000e+00 -2.695427201153548268e-04
5.000000000000000000e+00 -2.695427201153548268e-04
6.000000000000000000e+00 -2.693344316717722546e-04
7.000000000000000000e+00 -2.695427201153548268e-04
8.000000000000000000e+00 -2.695427201153548268e-04
9.000000000000000000e+00 -2.695427201153548268e-04
1.000000000000000000e+01 1.216801331514491091e-04
1.100000000000000000e+01 2.217888188228737880e-04
1.200000000000000000e+01 1.720914660363751295e-04
1.300000000000000000e+01 1.150880018315435498e-04
1.400000000000000000e+01 -2.634571662356832949e-04
1.500000000000000000e+01 7.273686848776314063e-05
1.600000000000000000e+01 3.947866001756147707e-04
1.700000000000000000e+01 8.128759517574473076e-05
1.800000000000000000e+01 -1.967415198631742158e-04
1.900000000000000000e+01 4.535875210383456401e-04
1.000000000000000000e+00 -3.372396767481502773e-04
2.000000000000000000e+00 1.670987087577040101e-03
3.000000000000000000e+00 -3.379170132098004652e-04
4.000000000000000000e+00 -3.379170132098004652e-04
5.000000000000000000e+00 -3.379170132098004652e-04
6.000000000000000000e+00 -3.377830921199970432e-04
7.000000000000000000e+00 -3.378626013906827754e-04
8.000000000000000000e+00 -3.369652144638840942e-04
9.000000000000000000e+00 -3.379170132098004652e-04
1.000000000000000000e+01 1.009060688514591740e-04
1.100000000000000000e+01 1.146417723501353302e-05
1.200000000000000000e+01 2.765452935438964411e-04
1.300000000000000000e+01 -2.414344357835956033e-04
1.400000000000000000e+01 -2.939527608421867730e-04
1.500000000000000000e+01 2.248505279746008511e-04
1.600000000000000000e+01 3.339772780472357932e-04
1.700000000000000000e+01 2.517444946886547051e-05
1.800000000000000000e+01 -3.131925659976081628e-04
1.900000000000000000e+01 1.665357861046934829e-04
1.000000000000000000e+00 -2.606327135746438258e-04
2.000000000000000000e+00 2.505436254383444964e-04
3.000000000000000000e+00 -2.606506694749527084e-04
4.000000000000000000e+00 -2.606506694749527084e-04
5.000000000000000000e+00 -2.606506694749527084e-04
6.000000000000000000e+00 -2.606207429744379221e-04
7.000000000000000000e+00 -2.602421727429265639e-04
8.000000000000000000e+00 -2.605728605736143616e-04
9.000000000000000000e+00 -2.604872707821422073e-04
1.000000000000000000e+01 2.797018321375462991e-04
1.100000000000000000e+01 2.902977013263592534e-04
1.200000000000000000e+01 6.909406835802040197e-05
1.300000000000000000e+01 2.461887238840484559e-04
1.400000000000000000e+01 -2.563750527425885466e-04
1.500000000000000000e+01 -5.910117503330139933e-05
1.600000000000000000e+01 3.328869991401152721e-04
1.700000000000000000e+01 1.520247995730653436e-04
1.800000000000000000e+01 -1.033085324137298646e-04
1.900000000000000000e+01 3.805670362035372422e-04
1.000000000000000000e+00 -2.430941569948668821e-04
2.000000000000000000e+00 2.057859021360572860e-04
3.000000000000000000e+00 -2.432452858224662872e-04
4.000000000000000000e+00 -2.432452858224662872e-04
5.000000000000000000e+00 -2.432452858224662872e-04
6.000000000000000000e+00 -2.411411535712752177e-04
7.000000000000000000e+00 -2.431779511963081265e-04
8.000000000000000000e+00 -2.428008772898224588e-04
9.000000000000000000e+00 -2.425246012782523238e-04
1.000000000000000000e+01 2.783419280377093263e-04
1.100000000000000000e+01 2.645840061934492363e-04
1.200000000000000000e+01 2.721184213152801480e-04
1.300000000000000000e+01 3.324768196339012295e-04
1.400000000000000000e+01 -1.857606680437308584e-04
1.500000000000000000e+01 -8.237661990064521866e-05
1.600000000000000000e+01 3.058382562134637022e-04
1.700000000000000000e+01 1.610778465643915617e-04
1.800000000000000000e+01 -2.391672786807336637e-04
1.900000000000000000e+01 2.093737334665918813e-04
1.000000000000000000e+00 -2.368445488856375141e-04
2.000000000000000000e+00 -5.854778211610793859e-06
3.000000000000000000e+00 -2.370487972516505863e-04
4.000000000000000000e+00 -2.370487972516505863e-04
5.000000000000000000e+00 -2.370487972516505863e-04
6.000000000000000000e+00 -2.370196189136487266e-04
7.000000000000000000e+00 -2.367540212215804454e-04
8.000000000000000000e+00 -2.369745251185549335e-04
9.000000000000000000e+00 -2.367475824896514989e-04
1.000000000000000000e+01 6.237212496338925100e-05
1.100000000000000000e+01 1.427960364692886549e-04
1.200000000000000000e+01 1.241018647487920738e-04
1.300000000000000000e+01 2.760261407007382948e-04
1.400000000000000000e+01 -2.055524023974126049e-04
1.500000000000000000e+01 4.426612559104148845e-04
1.600000000000000000e+01 5.438319786171358318e-04
1.700000000000000000e+01 8.339737018656441416e-05
1.800000000000000000e+01 -2.349771352535180041e-04
1.900000000000000000e+01 3.991988835912580174e-04
1.000000000000000000e+00 -2.688756806896997181e-04
2.000000000000000000e+00 3.658375295749810769e-04
3.000000000000000000e+00 -2.741088280797098495e-04
4.000000000000000000e+00 -2.741088280797098495e-04
5.000000000000000000e+00 -2.741088280797098495e-04
6.000000000000000000e+00 -2.740976056420167911e-04
7.000000000000000000e+00 -2.740639383289377243e-04
8.000000000000000000e+00 -2.731216276439800048e-04
9.000000000000000000e+00 -2.737916071742536460e-04
1.000000000000000000e+01 1.846108520515225002e-04
1.100000000000000000e+01 4.288044353663192994e-04
1.200000000000000000e+01 -2.681984404347273338e-05
1.300000000000000000e+01 8.734919825112967160e-04
1.400000000000000000e+01 -2.705767528564581299e-04
1.500000000000000000e+01 -2.813044811010182044e-05
1.600000000000000000e+01 3.629122911244652577e-05
1.700000000000000000e+01 2.972153179993381584e-04
1.800000000000000000e+01 -2.584192440510254488e-04
1.900000000000000000e+01 -2.278591662392946162e-05
