1.000000000000000000e+00 -1.546980796980796779e-03
2.000000000000000000e+00 -1.524225774225774132e-03
3.000000000000000000e+00 -1.373931623931623925e-03
4.000000000000000000e+00 -1.645077145077144956e-03
5.000000000000000000e+00 -1.540182040182040170e-03
6.000000000000000000e+00 -7.947052947052946070e-04
7.000000000000000000e+00 -1.722749472749472580e-03
8.000000000000000000e+00 -1.612526362526362422e-03
9.000000000000000000e+00 -2.215839715839715838e-04
1.000000000000000000e+01 -1.045843045843045799e-03
1.100000000000000000e+01 -1.324120324120323924e-03
1.200000000000000000e+01 -5.319402819402818368e-04
1.300000000000000000e+01 -1.785658785658785505e-03
1.000000000000000000e+00 -2.079254079254078992e-03
2.000000000000000000e+00 -1.958152958152957913e-03
3.000000000000000000e+00 -1.920024420024419969e-03
4.000000000000000000e+00 -1.857226107226107132e-03
5.000000000000000000e+00 -1.699827949827949691e-03
6.000000000000000000e+00 -1.146631146631146630e-03
7.000000000000000000e+00 -2.121878121878121529e-03
8.000000000000000000e+00 -2.042624042624042579e-03
9.000000000000000000e+00 -4.926462426462426296e-04
1.000000000000000000e+01 -1.778166278166278067e-03
1.100000000000000000e+01 -1.454573204573204534e-03
1.200000000000000000e+01 -1.443029193029192860e-03
1.300000000000000000e+01 -2.213286713286713187e-03
1.000000000000000000e+00 -2.027417027417027090e-03
2.000000000000000000e+00 -2.069236319236319142e-03
3.000000000000000000e+00 -1.916916416916416817e-03
4.000000000000000000e+00 -2.098484848484848207e-03
5.000000000000000000e+00 -1.894327894327894196e-03
6.000000000000000000e+00 -1.307525807525807427e-03
7.000000000000000000e+00 -2.197469197469197316e-03
8.000000000000000000e+00 -1.999750249750249353e-03
9.000000000000000000e+00 -2.851592851592851265e-04
1.000000000000000000e+01 -1.822816072816072722e-03
1.100000000000000000e+01 -1.377428127428127281e-03
1.200000000000000000e+01 -1.501415251415251333e-03
1.300000000000000000e+01 -2.249750249750249575e-03
1.000000000000000000e+00 -1.600316350316350212e-03
2.000000000000000000e+00 -1.778915528915528833e-03
3.000000000000000000e+00 -1.557775557775557687e-03
4.000000000000000000e+00 -1.470224220224220163e-03
5.000000000000000000e+00 -1.805722055722055715e-03
6.000000000000000000e+00 -1.030358530358530195e-03
7.000000000000000000e+00 -1.868964368964368909e-03
8.000000000000000000e+00 -1.695165945165945072e-03
9.000000000000000000e+00 -7.127594627594626775e-04
1.000000000000000000e+01 -1.524114774114774043e-03
1.100000000000000000e+01 -1.149600399600399399e-03
1.200000000000000000e+01 -1.146880896880896668e-03
1.300000000000000000e+01 -1.947163947163947119e-03
1.000000000000000000e+00 -1.113164613164613088e-03
2.000000000000000000e+00 -1.169053169053169009e-03
3.000000000000000000e+00 -1.010933510933510878e-03
4.000000000000000000e+00 -1.182761682761682750e-03
5.000000000000000000e+00 -1.128232878232878194e-03
6.000000000000000000e+00 -2.521645021645021263e-04
7.000000000000000000e+00 -1.176850926850926638e-03
8.000000000000000000e+00 -1.155067155067154936e-03
9.000000000000000000e+00 -4.340659340659340547e-04
1.000000000000000000e+01 -6.689699189699188772e-04
1.100000000000000000e+01 -8.238705738705737669e-04
1.200000000000000000e+01 -3.024753024753024750e-04
1.300000000000000000e+01 -1.360889110889110720e-03
1.000000000000000000e+00 -1.613053613053613009e-03
2.000000000000000000e+00 -1.818903318903318869e-03
3.000000000000000000e+00 -1.646658896658896500e-03
4.000000000000000000e+00 -1.825452325452325440e-03
5.000000000000000000e+00 -1.699217449217449091e-03
6.000000000000000000e+00 -1.070623820623820563e-03
7.000000000000000000e+00 -1.851010101010100830e-03
8.000000000000000000e+00 -1.855339105339105180e-03
9.000000000000000000e+00 8.633033633033632484e-05
1.000000000000000000e+01 -1.560606060606060507e-03
1.100000000000000000e+01 -9.247141747141746429e-04
1.200000000000000000e+01 -7.100954600954599918e-04
1.300000000000000000e+01 -2.009962259962259738e-03
1.000000000000000000e+00 -1.624958374958374811e-03
2.000000000000000000e+00 -1.670995670995670907e-03
3.000000000000000000e+00 -1.577450327450327259e-03
4.000000000000000000e+00 -1.688200688200688004e-03
5.000000000000000000e+00 -1.380008880008879845e-03
6.000000000000000000e+00 -1.033688533688533525e-03
7.000000000000000000e+00 -1.727799977799977620e-03
8.000000000000000000e+00 -1.703019203019202855e-03
9.000000000000000000e+00 4.128926628926628435e-04
1.000000000000000000e+01 -1.132534132534132468e-03
1.100000000000000000e+01 -1.064435564435564337e-03
1.200000000000000000e+01 -9.629259629259629251e-04
1.300000000000000000e+01 -1.816655566655566573e-03
1.000000000000000000e+00 -2.022116772116772012e-03
2.000000000000000000e+00 -2.210178710178709819e-03
3.000000000000000000e+00 -2.061577311577311462e-03
4.000000000000000000e+00 -2.209512709512709283e-03
5.000000000000000000e+00 -1.978354978354978071e-03
6.000000000000000000e+00 -1.659812409812409795e-03
7.000000000000000000e+00 -2.323981573981573779e-03
8.000000000000000000e+00 -2.233405483405483116e-03
9.000000000000000000e+00 -2.365412365412365193e-04
1.000000000000000000e+01 -1.764346764346764237e-03
1.100000000000000000e+01 -1.573260073260073074e-03
1.200000000000000000e+01 -1.396575646575646482e-03
1.300000000000000000e+01 -2.380008880008879866e-03
1.000000000000000000e+00 -2.182733932733932694e-03
2.000000000000000000e+00 -2.236763236763236740e-03
3.000000000000000000e+00 -1.886696636696636592e-03
4.000000000000000000e+00 -2.177516927516927412e-03
5.000000000000000000e+00 -2.093961593961593537e-03
6.000000000000000000e+00 -1.580142080142080130e-03
7.000000000000000000e+00 -2.176212676212675983e-03
8.000000000000000000e+00 -2.244477744477744140e-03
9.000000000000000000e+00 -6.490731490731489913e-05
1.000000000000000000e+01 -1.784215784215784128e-03
1.100000000000000000e+01 -1.502525252525252443e-03
1.200000000000000000e+01 -1.653929403929403760e-03
1.300000000000000000e+01 -2.368520368520368128e-03
1.000000000000000000e+00 -2.130980130980130588e-03
2.000000000000000000e+00 -1.853729603729603560e-03
3.000000000000000000e+00 -2.000693750693750654e-03
4.000000000000000000e+00 -1.980880230880230700e-03
5.000000000000000000e+00 -2.031107781107780764e-03
6.000000000000000000e+00 -1.193611943611943595e-03
7.000000000000000000e+00 -2.143301143301142887e-03
8.000000000000000000e+00 -2.147546897546897225e-03
9.000000000000000000e+00 1.529026529026529025e-04
1.000000000000000000e+01 -1.942113442113442079e-03
1.100000000000000000e+01 -1.649739149739149575e-03
1.200000000000000000e+01 -1.188505938505938402e-03
1.300000000000000000e+01 -2.282412032412031982e-03
1.000000000000000000e+00 -2.168220668220667818e-03
2.000000000000000000e+00 -2.234765234765234698e-03
3.000000000000000000e+00 -2.029220779220779029e-03
4.000000000000000000e+00 -2.200632700632700403e-03
5.000000000000000000e+00 -2.047591297591297172e-03
6.000000000000000000e+00 -1.520562770562770534e-03
7.000000000000000000e+00 -2.145881895881895669e-03
8.000000000000000000e+00 -1.944166944166944057e-03
9.000000000000000000e+00 -6.013431013431013019e-05
1.000000000000000000e+01 -1.889554889554889488e-03
1.100000000000000000e+01 -1.492451992451992440e-03
1.200000000000000000e+01 -1.301282051282051265e-03
1.300000000000000000e+01 -2.315989565989565614e-03
1.000000000000000000e+00 -1.738317238317238196e-03
2.000000000000000000e+00 -1.655316905316905202e-03
3.000000000000000000e+00 -1.803030303030302844e-03
4.000000000000000000e+00 -1.752886002886002792e-03
5.000000000000000000e+00 -1.809496059496059402e-03
6.000000000000000000e+00 -1.138528138528138375e-03
7.000000000000000000e+00 -1.913003663003662964e-03
8.000000000000000000e+00 -1.838689088689088530e-03
9.000000000000000000e+00 3.291153291153290608e-05
1.000000000000000000e+01 -1.414252414252414230e-03
1.100000000000000000e+01 -1.427960927960927754e-03
1.200000000000000000e+01 -9.302919302919302694e-04
1.300000000000000000e+01 -1.984459984459984068e-03
1.000000000000000000e+00 -1.352924852924852848e-03
2.000000000000000000e+00 -1.328643578643578594e-03
3.000000000000000000e+00 -1.320873570873570824e-03
4.000000000000000000e+00 -1.335081585081585075e-03
5.000000000000000000e+00 -1.333749583749583570e-03
6.000000000000000000e+00 -4.599567099567099292e-04
7.000000000000000000e+00 -1.495365745365745272e-03
8.000000000000000000e+00 -1.269175269175269087e-03
9.000000000000000000e+00 -4.806304806304805894e-05
1.000000000000000000e+01 -1.008602508602508569e-03
1.100000000000000000e+01 -8.825618825618825394e-04
1.200000000000000000e+01 -5.439560439560439447e-04
1.300000000000000000e+01 -1.573010323010322819e-03
1.000000000000000000e+00 -1.690975690975690887e-03
2.000000000000000000e+00 -1.738095238095238018e-03
3.000000000000000000e+00 -1.776362526362526345e-03
4.000000000000000000e+00 -1.747363747363747319e-03
5.000000000000000000e+00 -1.787046287046286947e-03
6.000000000000000000e+00 -1.267510267510267314e-03
7.000000000000000000e+00 -1.875846375846375747e-03
8.000000000000000000e+00 -1.856504606504606443e-03
9.000000000000000000e+00 2.076812076812076593e-04
1.000000000000000000e+01 -1.595876345876345772e-03
1.100000000000000000e+01 -9.562104562104561120e-04
1.200000000000000000e+01 -8.708236208236207632e-04
1.300000000000000000e+01 -2.006132756132756115e-03
1.000000000000000000e+00 -1.443556443556443447e-03
2.000000000000000000e+00 -1.582778332778332631e-03
3.000000000000000000e+00 -1.493117993117992976e-03
4.000000000000000000e+00 -1.658480408480408289e-03
5.000000000000000000e+00 -1.564740814740814539e-03
6.000000000000000000e+00 -1.109446109446109337e-03
7.000000000000000000e+00 -1.731102231102231090e-03
8.000000000000000000e+00 -1.678710178710178524e-03
9.000000000000000000e+00 -2.675380175380175324e-04
1.000000000000000000e+01 -1.320623820623820568e-03
1.100000000000000000e+01 -1.052780552780552574e-03
1.200000000000000000e+01 -9.388389388389387731e-04
1.300000000000000000e+01 -1.837273837273837229e-03
1.000000000000000000e+00 -1.391247641247641111e-03
2.000000000000000000e+00 -1.473415473415473327e-03
3.000000000000000000e+00 -1.382645132645132563e-03
4.000000000000000000e+00 -1.433510933510933304e-03
5.000000000000000000e+00 -1.324564324564324498e-03
6.000000000000000000e+00 -6.812631812631812084e-04
7.000000000000000000e+00 -1.485708735708735550e-03
8.000000000000000000e+00 -1.473776223776223672e-03
9.000000000000000000e+00 1.563714063714063713e-04
1.000000000000000000e+01 -1.122127872127871981e-03
1.100000000000000000e+01 -5.785325785325784887e-04
1.200000000000000000e+01 -5.193695193695192823e-04
1.300000000000000000e+01 -1.622211122211122004e-03
1.000000000000000000e+00 -1.847041847041847040e-03
2.000000000000000000e+00 -1.824758574758574611e-03
3.000000000000000000e+00 -1.899794649794649733e-03
4.000000000000000000e+00 -1.863386613386613282e-03
5.000000000000000000e+00 -1.861111111111110909e-03
6.000000000000000000e+00 -1.235292485292485264e-03
7.000000000000000000e+00 -1.969807969807969676e-03
8.000000000000000000e+00 -2.045149295149294773e-03
9.000000000000000000e+00 1.845931845931845822e-04
1.000000000000000000e+01 -1.622710622710622514e-03
1.100000000000000000e+01 -9.473581973581973086e-04
1.200000000000000000e+01 -1.238400488400488199e-03
1.300000000000000000e+01 -2.087246087246087158e-03
1.000000000000000000e+00 -1.408175158175158093e-03
2.000000000000000000e+00 -1.497974247974247913e-03
3.000000000000000000e+00 -1.415861915861915850e-03
4.000000000000000000e+00 -1.301726051726051622e-03
5.000000000000000000e+00 -1.320318570318570160e-03
6.000000000000000000e+00 -7.469197469197468324e-04
7.000000000000000000e+00 -1.543734043734043678e-03
8.000000000000000000e+00 -1.434038184038183891e-03
9.000000000000000000e+00 -4.017094017094016765e-04
1.000000000000000000e+01 -8.078310578310578249e-04
1.100000000000000000e+01 -1.014069264069263889e-03
1.200000000000000000e+01 -7.680097680097679224e-04
1.300000000000000000e+01 -1.612776112776112677e-03
1.000000000000000000e+00 -1.536907536907536776e-03
2.000000000000000000e+00 -1.701520701520701324e-03
3.000000000000000000e+00 -1.349789099789099620e-03
4.000000000000000000e+00 -1.589160839160838959e-03
5.000000000000000000e+00 -1.375568875568875405e-03
6.000000000000000000e+00 -7.164779664779664286e-04
7.000000000000000000e+00 -1.727855477855477773e-03
8.000000000000000000e+00 -1.697691197691197484e-03
9.000000000000000000e+00 1.006771006771006743e-04
1.000000000000000000e+01 -1.339105339105339017e-03
1.100000000000000000e+01 -1.121628371628371470e-03
1.200000000000000000e+01 -7.740037740037739381e-04
1.300000000000000000e+01 -1.816738816738816585e-03
1.000000000000000000e+00 -1.889083139083139054e-03
2.000000000000000000e+00 -2.041736041736041431e-03
3.000000000000000000e+00 -1.786047286047285926e-03
4.000000000000000000e+00 -1.962870462870462684e-03
5.000000000000000000e+00 -1.824314574314574253e-03
6.000000000000000000e+00 -1.280885780885780787e-03
7.000000000000000000e+00 -2.048063048063048040e-03
8.000000000000000000e+00 -1.975219225219225060e-03
9.000000000000000000e+00 -4.811299811299810862e-04
1.000000000000000000e+01 -1.702047952047951911e-03
1.100000000000000000e+01 -1.392884892884892808e-03
1.200000000000000000e+01 -1.242784992784992703e-03
1.300000000000000000e+01 -2.154234654234653962e-03
1.000000000000000000e+00 -1.724386724386724277e-03
2.000000000000000000e+00 -1.857031857031857030e-03
3.000000000000000000e+00 -1.698246198246198147e-03
4.000000000000000000e+00 -1.766594516594516533e-03
5.000000000000000000e+00 -1.771367521367521241e-03
6.000000000000000000e+00 -1.247696747696747576e-03
7.000000000000000000e+00 -1.931596181596181502e-03
8.000000000000000000e+00 -1.854173604173604134e-03
9.000000000000000000e+00 -2.827727827727827590e-05
1.000000000000000000e+01 -1.452713952713952658e-03
1.100000000000000000e+01 -1.128982128982128959e-03
1.200000000000000000e+01 -1.122044622044621968e-03
1.300000000000000000e+01 -2.029165279165278876e-03
1.000000000000000000e+00 -1.967504717504717227e-03
2.000000000000000000e+00 -1.791292041292041285e-03
3.000000000000000000e+00 -1.846958596958596811e-03
4.000000000000000000e+00 -1.920079920079919905e-03
5.000000000000000000e+00 -1.743922743922743900e-03
6.000000000000000000e+00 -1.172965922965922862e-03
7.000000000000000000e+00 -2.069069819069818683e-03
8.000000000000000000e+00 -2.005577755577755451e-03
9.000000000000000000e+00 3.373848373848373412e-04
1.000000000000000000e+01 -1.765068265068264926e-03
1.100000000000000000e+01 -1.387584637584637513e-03
1.200000000000000000e+01 -1.156510156510156314e-03
1.300000000000000000e+01 -2.156759906759906590e-03
1.000000000000000000e+00 -1.713564213564213509e-03
2.000000000000000000e+00 -1.874569874569874395e-03
3.000000000000000000e+00 -1.668220668220668024e-03
4.000000000000000000e+00 -1.887806637806637702e-03
5.000000000000000000e+00 -1.824314574314574253e-03
6.000000000000000000e+00 -1.278610278610278414e-03
7.000000000000000000e+00 -1.929320679320679129e-03
8.000000000000000000e+00 -1.813242313242313230e-03
9.000000000000000000e+00 -5.497280497280496734e-05
1.000000000000000000e+01 -1.477133977133977078e-03
1.100000000000000000e+01 -1.201825951825951722e-03
1.200000000000000000e+01 -5.775613275613275446e-04
1.300000000000000000e+01 -1.981518481518481159e-03
1.000000000000000000e+00 -1.353035853035852937e-03
2.000000000000000000e+00 -1.272699522699522520e-03
3.000000000000000000e+00 -8.710733710733710184e-04
4.000000000000000000e+00 -1.243034743034742958e-03
5.000000000000000000e+00 -1.107753357753357704e-03
6.000000000000000000e+00 -3.436008436008435897e-04
7.000000000000000000e+00 -1.363802863802863769e-03
8.000000000000000000e+00 -1.286685536685536592e-03
9.000000000000000000e+00 6.860916860916860694e-04
1.000000000000000000e+01 -1.082806082806082697e-03
1.100000000000000000e+01 -7.283827283827283387e-04
1.200000000000000000e+01 -1.894771894771894608e-04
1.300000000000000000e+01 -1.470113220113220074e-03
1.000000000000000000e+00 -1.244089244089243915e-03
2.000000000000000000e+00 -1.262376512376512262e-03
3.000000000000000000e+00 -1.193056943056942931e-03
4.000000000000000000e+00 -1.350233100233100194e-03
5.000000000000000000e+00 -1.255161505161505155e-03
6.000000000000000000e+00 -4.938117438117437842e-04
7.000000000000000000e+00 -1.386113886113886058e-03
8.000000000000000000e+00 -1.326839826839826654e-03
9.000000000000000000e+00 -9.393384393384393376e-05
1.000000000000000000e+01 -1.061799311799311619e-03
1.100000000000000000e+01 -7.419247419247418374e-04
1.200000000000000000e+01 -7.995060495060494999e-04
1.300000000000000000e+01 -1.535908535908535755e-03
1.000000000000000000e+00 -2.242757242757242430e-03
2.000000000000000000e+00 -2.204711954711954282e-03
3.000000000000000000e+00 -1.972721722721722509e-03
4.000000000000000000e+00 -2.149184149184149139e-03
5.000000000000000000e+00 -2.066100566100565698e-03
6.000000000000000000e+00 -1.441475191475191393e-03
7.000000000000000000e+00 -2.229437229437229110e-03
8.000000000000000000e+00 -2.145992895992895975e-03
9.000000000000000000e+00 -6.521256521256521251e-05
1.000000000000000000e+01 -1.881923631923631884e-03
1.100000000000000000e+01 -7.628482628482627934e-04
1.200000000000000000e+01 1.185203685203685148e-04
1.300000000000000000e+01 -2.342213342213341973e-03
1.000000000000000000e+00 -1.093462093462093439e-03
2.000000000000000000e+00 -1.231546231546231437e-03
3.000000000000000000e+00 -1.099567099567099436e-03
4.000000000000000000e+00 -1.209068709068708905e-03
5.000000000000000000e+00 -1.220668220668220515e-03
6.000000000000000000e+00 -6.278443778443777625e-04
7.000000000000000000e+00 -1.417221667221667215e-03
8.000000000000000000e+00 -1.270146520146520032e-03
9.000000000000000000e+00 -5.446220446220445890e-04
1.000000000000000000e+01 -7.228327228327227887e-04
1.100000000000000000e+01 -9.269341769341768629e-04
1.200000000000000000e+01 -5.328560328560328447e-04
1.300000000000000000e+01 -1.468115218115218033e-03
1.000000000000000000e+00 -1.589660339660339469e-03
2.000000000000000000e+00 -1.711593961593961544e-03
3.000000000000000000e+00 -1.314879564879564700e-03
4.000000000000000000e+00 -1.530081030081029874e-03
5.000000000000000000e+00 -1.528638028638028496e-03
6.000000000000000000e+00 -7.521367521367521144e-04
7.000000000000000000e+00 -1.799922299922299910e-03
8.000000000000000000e+00 -1.595127095127095006e-03
9.000000000000000000e+00 -3.256465756465756192e-04
1.000000000000000000e+01 -1.343267843267843126e-03
1.100000000000000000e+01 -1.107642357642357614e-03
1.200000000000000000e+01 -8.956598956598955724e-04
1.300000000000000000e+01 -1.825646575646575542e-03
1.000000000000000000e+00 -2.097347097347097237e-03
2.000000000000000000e+00 -2.097291597291597084e-03
3.000000000000000000e+00 -2.050283050283050260e-03
4.000000000000000000e+00 -2.198273948273948234e-03
5.000000000000000000e+00 -2.121905871905871606e-03
6.000000000000000000e+00 -1.421467421467421336e-03
7.000000000000000000e+00 -2.335692085692085262e-03
8.000000000000000000e+00 -2.230158730158729799e-03
9.000000000000000000e+00 -1.363081363081362972e-04
1.000000000000000000e+01 -1.866217116217116102e-03
1.100000000000000000e+01 -1.648074148074148019e-03
1.200000000000000000e+01 -1.786907536907536781e-03
1.300000000000000000e+01 -2.405455655455655383e-03
1.000000000000000000e+00 -1.230741480741480735e-03
2.000000000000000000e+00 -1.324037074037073911e-03
3.000000000000000000e+00 -1.209401709401709390e-03
4.000000000000000000e+00 -1.330946830946830826e-03
5.000000000000000000e+00 -1.271783771783771728e-03
6.000000000000000000e+00 -5.981240981240980477e-04
7.000000000000000000e+00 -1.427933177933177894e-03
8.000000000000000000e+00 -1.299450549450549249e-03
9.000000000000000000e+00 -1.029526029526029525e-04
1.000000000000000000e+01 -9.925907425907423785e-04
1.100000000000000000e+01 -6.099456099456099451e-04
1.200000000000000000e+01 -6.605894105894105075e-04
1.300000000000000000e+01 -1.550949050949050785e-03
1.000000000000000000e+00 -1.622932622932622910e-03
2.000000000000000000e+00 -1.610916860916860802e-03
3.000000000000000000e+00 -1.639332889332889304e-03
4.000000000000000000e+00 -1.589660339660339469e-03
5.000000000000000000e+00 -1.628787878787878651e-03
6.000000000000000000e+00 -8.041403041403040420e-04
7.000000000000000000e+00 -1.709429459429459260e-03
8.000000000000000000e+00 -1.661560661560661364e-03
9.000000000000000000e+00 1.602009102009101845e-04
1.000000000000000000e+01 -1.348845598845598752e-03
1.100000000000000000e+01 -9.602619602619602394e-04
1.200000000000000000e+01 -7.241092241092240327e-04
1.300000000000000000e+01 -1.813797313797313676e-03
1.000000000000000000e+00 -1.693778443778443631e-03
2.000000000000000000e+00 -1.719252969252969224e-03
3.000000000000000000e+00 -1.657314907314907243e-03
4.000000000000000000e+00 -1.720584970584970513e-03
5.000000000000000000e+00 -1.457708957708957545e-03
6.000000000000000000e+00 -7.527195027195026375e-04
7.000000000000000000e+00 -1.791125541125541043e-03
8.000000000000000000e+00 -1.726939726939726765e-03
9.000000000000000000e+00 -5.057165057165056944e-04
1.000000000000000000e+01 -1.213231213231213230e-03
1.100000000000000000e+01 -1.103119103119102945e-03
1.200000000000000000e+01 -7.194194694194693375e-04
1.300000000000000000e+01 -1.889499389499389335e-03
1.000000000000000000e+00 -1.458374958374958298e-03
2.000000000000000000e+00 -1.534965034965034888e-03
3.000000000000000000e+00 -1.455128205128204981e-03
4.000000000000000000e+00 -1.480824730824730753e-03
5.000000000000000000e+00 -1.342463092463092424e-03
6.000000000000000000e+00 -6.682206682206682201e-04
7.000000000000000000e+00 -1.536241536241536240e-03
8.000000000000000000e+00 -1.520562770562770534e-03
9.000000000000000000e+00 -4.460261960261960095e-04
1.000000000000000000e+01 -1.486735486735486647e-03
1.100000000000000000e+01 -1.055139305139304959e-03
1.200000000000000000e+01 -8.188755688755687719e-04
1.300000000000000000e+01 -1.692973692973692929e-03
1.000000000000000000e+00 -1.696969696969696795e-03
2.000000000000000000e+00 -1.781218781218781065e-03
3.000000000000000000e+00 -1.643800643800643604e-03
4.000000000000000000e+00 -1.652958152958152816e-03
5.000000000000000000e+00 -1.373598623598623440e-03
6.000000000000000000e+00 -9.055389055389054731e-04
7.000000000000000000e+00 -1.877039627039626870e-03
8.000000000000000000e+00 -1.757242757242757220e-03
9.000000000000000000e+00 -2.686202686202685929e-05
1.000000000000000000e+01 -1.559745809745809652e-03
1.100000000000000000e+01 -1.227577977577977431e-03
1.200000000000000000e+01 -9.913142413142412429e-04
1.300000000000000000e+01 -1.934204684204684143e-03
1.000000000000000000e+00 -1.767149517149516980e-03
2.000000000000000000e+00 -1.876762126762126755e-03
3.000000000000000000e+00 -1.844405594405594323e-03
4.000000000000000000e+00 -1.869019869019868845e-03
5.000000000000000000e+00 -1.670884670884670818e-03
6.000000000000000000e+00 -8.966311466311466249e-04
7.000000000000000000e+00 -1.984959484959484578e-03
8.000000000000000000e+00 -1.849927849927849796e-03
9.000000000000000000e+00 4.473581973581973524e-04
1.000000000000000000e+01 -1.571761571761571760e-03
1.100000000000000000e+01 -1.244533244533244489e-03
1.200000000000000000e+01 -1.096375846375846272e-03
1.300000000000000000e+01 -2.041347541347541227e-03
1.000000000000000000e+00 -1.867882117882117875e-03
2.000000000000000000e+00 -1.880230880230880034e-03
3.000000000000000000e+00 -1.861666111666111572e-03
4.000000000000000000e+00 -1.927822177822177815e-03
5.000000000000000000e+00 -1.894993894993894949e-03
6.000000000000000000e+00 -1.340298590298590140e-03
7.000000000000000000e+00 -1.991425241425241136e-03
8.000000000000000000e+00 -1.967310467310467124e-03
9.000000000000000000e+00 -1.567876567876567875e-04
1.000000000000000000e+01 -1.429154179154179093e-03
1.100000000000000000e+01 -1.389943389943389899e-03
1.200000000000000000e+01 -1.095626595626595506e-03
1.300000000000000000e+01 -2.100288600288600146e-03
1.000000000000000000e+00 -1.576007326007325881e-03
2.000000000000000000e+00 -1.498418248418248271e-03
3.000000000000000000e+00 -1.427905427905427817e-03
4.000000000000000000e+00 -1.587218337218337071e-03
5.000000000000000000e+00 -1.494616494616494507e-03
6.000000000000000000e+00 -9.855699855699853740e-04
7.000000000000000000e+00 -1.751637251637251516e-03
8.000000000000000000e+00 -1.538295038295038218e-03
9.000000000000000000e+00 -1.616439116439116438e-04
1.000000000000000000e+01 -1.206016206016205907e-03
1.100000000000000000e+01 -8.695748695748694874e-04
1.200000000000000000e+01 -1.021783771783771723e-03
1.300000000000000000e+01 -1.789793539793539754e-03
1.000000000000000000e+00 -1.812520812520812324e-03
2.000000000000000000e+00 -1.645548895548895390e-03
3.000000000000000000e+00 -1.758352758352758330e-03
4.000000000000000000e+00 -1.784215784215784128e-03
5.000000000000000000e+00 -1.736652236652236640e-03
6.000000000000000000e+00 -1.372682872682872649e-03
7.000000000000000000e+00 -1.988428238428238074e-03
8.000000000000000000e+00 -1.888555888555888468e-03
9.000000000000000000e+00 -1.691364191364191363e-04
1.000000000000000000e+01 -1.357031857031857020e-03
1.100000000000000000e+01 -1.178321678321678310e-03
1.200000000000000000e+01 -1.333166833166833046e-03
1.300000000000000000e+01 -2.051670551670551484e-03
1.000000000000000000e+00 -1.946442446442446430e-03
2.000000000000000000e+00 -2.015484515484515429e-03
3.000000000000000000e+00 -1.848762348762348750e-03
4.000000000000000000e+00 -1.950049950049949875e-03
5.000000000000000000e+00 -1.807553557553557514e-03
6.000000000000000000e+00 -1.290071040071039859e-03
7.000000000000000000e+00 -2.023004773004772727e-03
8.000000000000000000e+00 -1.980130980130979934e-03
9.000000000000000000e+00 -9.343434343434342342e-05
1.000000000000000000e+01 -1.527999777999777820e-03
1.100000000000000000e+01 -1.553252303252303235e-03
1.200000000000000000e+01 -1.132811632811632800e-03
1.300000000000000000e+01 -2.130258630258629899e-03
1.000000000000000000e+00 -1.293789543789543610e-03
2.000000000000000000e+00 -1.465090465090464894e-03
3.000000000000000000e+00 -1.328893328893328849e-03
4.000000000000000000e+00 -1.356060606060605859e-03
5.000000000000000000e+00 -1.402403152403152364e-03
6.000000000000000000e+00 -7.137584637584636982e-04
7.000000000000000000e+00 -1.389499389499389325e-03
8.000000000000000000e+00 -1.432844932844932768e-03
9.000000000000000000e+00 -4.575979575979575976e-04
1.000000000000000000e+01 -1.124930624930624724e-03
1.100000000000000000e+01 -6.976634476634476032e-04
1.200000000000000000e+01 -7.557442557442556677e-04
1.300000000000000000e+01 -1.613220113220113034e-03
1.000000000000000000e+00 -1.150987900987900841e-03
2.000000000000000000e+00 -1.335497835497835356e-03
3.000000000000000000e+00 -1.303946053946053842e-03
4.000000000000000000e+00 -1.256410256410256214e-03
5.000000000000000000e+00 -1.205461205461205460e-03
6.000000000000000000e+00 -4.642579642579642576e-04
7.000000000000000000e+00 -1.387112887112887079e-03
8.000000000000000000e+00 -1.324203574203574154e-03
9.000000000000000000e+00 -6.168553668553667518e-04
1.000000000000000000e+01 -9.335109335109335101e-04
1.100000000000000000e+01 -7.737262737262737148e-04
1.200000000000000000e+01 -7.024087024087023430e-04
1.300000000000000000e+01 -1.480408480408480255e-03
1.000000000000000000e+00 -1.504967254967254841e-03
2.000000000000000000e+00 -1.384004884004883928e-03
3.000000000000000000e+00 -1.418109668109667930e-03
4.000000000000000000e+00 -1.482073482073482029e-03
5.000000000000000000e+00 -1.500249750249750070e-03
6.000000000000000000e+00 -8.777333777333776784e-04
7.000000000000000000e+00 -1.583111333111332899e-03
8.000000000000000000e+00 -1.362720612720612519e-03
9.000000000000000000e+00 3.840603840603840465e-05
1.000000000000000000e+01 -1.312409812409812224e-03
1.100000000000000000e+01 -1.052586302586302472e-03
1.200000000000000000e+01 -9.240481740481739986e-04
1.300000000000000000e+01 -1.691031191031190824e-03
1.000000000000000000e+00 -1.726717726717726586e-03
2.000000000000000000e+00 -1.643134643134643068e-03
3.000000000000000000e+00 -1.593434343434343373e-03
4.000000000000000000e+00 -1.553502053502053490e-03
5.000000000000000000e+00 -1.610583860583860534e-03
6.000000000000000000e+00 -1.119325119325119237e-03
7.000000000000000000e+00 -1.843711843711843710e-03
8.000000000000000000e+00 -1.791985791985791898e-03
9.000000000000000000e+00 1.378621378621378458e-04
1.000000000000000000e+01 -1.407453657453657404e-03
1.100000000000000000e+01 -9.538239538239537581e-04
1.200000000000000000e+01 -6.793484293484292882e-04
1.300000000000000000e+01 -1.897907647907647781e-03
1.000000000000000000e+00 -1.175269175269175095e-03
2.000000000000000000e+00 -1.356171606171606165e-03
3.000000000000000000e+00 -1.239288489288489130e-03
4.000000000000000000e+00 -1.363442113442113425e-03
5.000000000000000000e+00 -1.287490287490287294e-03
6.000000000000000000e+00 -5.390720390720390390e-04
7.000000000000000000e+00 -1.436674436674436608e-03
8.000000000000000000e+00 -1.394522144522144505e-03
9.000000000000000000e+00 -6.143856143856143038e-05
1.000000000000000000e+01 -1.003108003108002955e-03
1.100000000000000000e+01 -1.036158286158286000e-03
1.200000000000000000e+01 -5.516983016983016382e-04
1.300000000000000000e+01 -1.546647796647796511e-03
1.000000000000000000e+00 -1.095709845709845519e-03
2.000000000000000000e+00 -1.268870018870018679e-03
3.000000000000000000e+00 -1.160089910089909899e-03
4.000000000000000000e+00 -1.165473415473415424e-03
5.000000000000000000e+00 -1.175352425352425324e-03
6.000000000000000000e+00 -5.982905982905982901e-04
7.000000000000000000e+00 -1.309801309801309800e-03
8.000000000000000000e+00 -1.167332667332667299e-03
9.000000000000000000e+00 -3.457653457653457650e-04
1.000000000000000000e+01 -9.606782106782106286e-04
1.100000000000000000e+01 -7.082362082362082248e-04
1.200000000000000000e+01 -6.605616605616605394e-04
1.300000000000000000e+01 -1.404845154845154763e-03
1.000000000000000000e+00 -1.927877677877677751e-03
2.000000000000000000e+00 -1.849900099900099720e-03
3.000000000000000000e+00 -1.924658674658674511e-03
4.000000000000000000e+00 -1.918664668664668603e-03
5.000000000000000000e+00 -1.856310356310356124e-03
6.000000000000000000e+00 -1.136502386502386474e-03
7.000000000000000000e+00 -1.996114996114995831e-03
8.000000000000000000e+00 -1.946026196026195932e-03
9.000000000000000000e+00 -5.488955488955488951e-04
1.000000000000000000e+01 -1.607004107004106949e-03
1.100000000000000000e+01 -1.533438783438783280e-03
1.200000000000000000e+01 -1.390914640914640843e-03
1.300000000000000000e+01 -2.139055389055388983e-03
1.000000000000000000e+00 -1.807747807747807616e-03
2.000000000000000000e+00 -1.919746919746919637e-03
3.000000000000000000e+00 -1.902347652347652221e-03
4.000000000000000000e+00 -1.807803307803307769e-03
5.000000000000000000e+00 -1.837717837717837586e-03
6.000000000000000000e+00 -8.700188700188699531e-04
7.000000000000000000e+00 -1.991369741369740983e-03
8.000000000000000000e+00 -1.921911421911421704e-03
9.000000000000000000e+00 -6.217948717948717022e-04
1.000000000000000000e+01 -1.535131535131535130e-03
1.100000000000000000e+01 -1.210872460872460844e-03
1.200000000000000000e+01 -1.064990564990564784e-03
1.300000000000000000e+01 -2.078338328338328201e-03
1.000000000000000000e+00 -2.624514374514374474e-03
2.000000000000000000e+00 -2.761849261849261706e-03
3.000000000000000000e+00 -2.668858918858918721e-03
4.000000000000000000e+00 -2.587690087690087525e-03
5.000000000000000000e+00 -2.629370629370629195e-03
6.000000000000000000e+00 -2.151542901542901308e-03
7.000000000000000000e+00 -2.833333333333333103e-03
8.000000000000000000e+00 -2.733238983238983101e-03
9.000000000000000000e+00 -2.179487179487179268e-04
1.000000000000000000e+01 -2.509851259851259443e-03
1.100000000000000000e+01 -2.112942612942612930e-03
1.200000000000000000e+01 -1.988289488289488125e-03
1.300000000000000000e+01 -2.906093906093905853e-03
1.000000000000000000e+00 -2.023393273393273364e-03
2.000000000000000000e+00 -2.034493284493284464e-03
3.000000000000000000e+00 -2.059718059718059369e-03
4.000000000000000000e+00 -2.025696525696525380e-03
5.000000000000000000e+00 -2.059440559440559038e-03
6.000000000000000000e+00 -1.593406593406593297e-03
7.000000000000000000e+00 -2.189033189033188793e-03
8.000000000000000000e+00 -2.151182151182151180e-03
9.000000000000000000e+00 4.606504606504606162e-06
1.000000000000000000e+01 -1.812076812076811967e-03
1.100000000000000000e+01 -1.455100455100454904e-03
1.200000000000000000e+01 -1.269563769563769508e-03
1.300000000000000000e+01 -2.275613275613275373e-03
1.000000000000000000e+00 -1.432345432345432257e-03
2.000000000000000000e+00 -1.432373182373182334e-03
3.000000000000000000e+00 -1.428599178599178430e-03
4.000000000000000000e+00 -1.423576423576423467e-03
5.000000000000000000e+00 -1.409479409479409305e-03
6.000000000000000000e+00 -5.966255966255966251e-04
7.000000000000000000e+00 -1.589660339660339469e-03
8.000000000000000000e+00 -1.563186813186813072e-03
9.000000000000000000e+00 -3.284493284493284165e-04
1.000000000000000000e+01 -1.276973026973026934e-03
1.100000000000000000e+01 -9.708902208902207972e-04
1.200000000000000000e+01 -6.043678543678543185e-04
1.300000000000000000e+01 -1.682706182706182607e-03
