1.000000000000000000e+00 2.371794871794871684e-04
2.000000000000000000e+00 2.531635031635031470e-04
3.000000000000000000e+00 3.480963480963480744e-04
4.000000000000000000e+00 4.881229881229881090e-05
5.000000000000000000e+00 2.416472416472416308e-04
6.000000000000000000e+00 1.407398157398157251e-03
7.000000000000000000e+00 1.161616161616161561e-04
8.000000000000000000e+00 1.812909312909312745e-04
9.000000000000000000e+00 1.292984792984792908e-03
1.000000000000000000e+01 3.856116106116106064e-03
1.100000000000000000e+01 8.989898989898989024e-04
1.200000000000000000e+01 7.294649794649793722e-04
1.300000000000000000e+01 0.000000000000000000e+00
1.000000000000000000e+00 1.829004329004328949e-04
2.000000000000000000e+00 3.473193473193472865e-04
3.000000000000000000e+00 2.578810078810078645e-04
4.000000000000000000e+00 3.089133089133089022e-04
5.000000000000000000e+00 4.838772338772338389e-04
6.000000000000000000e+00 2.902847152847152536e-03
7.000000000000000000e+00 1.092241092241092186e-04
8.000000000000000000e+00 3.932733932733932622e-04
9.000000000000000000e+00 1.278332778332778299e-03
1.000000000000000000e+01 2.462814962814962542e-03
1.100000000000000000e+01 3.997086247086246817e-03
1.200000000000000000e+01 6.252913752913752746e-04
1.300000000000000000e+01 0.000000000000000000e+00
1.000000000000000000e+00 4.282939282939282719e-04
2.000000000000000000e+00 1.897824397824397606e-04
3.000000000000000000e+00 3.071650571650571160e-04
4.000000000000000000e+00 5.011655011655011109e-05
5.000000000000000000e+00 5.277777777777777285e-04
6.000000000000000000e+00 6.437506937506937491e-03
7.000000000000000000e+00 4.434454434454434180e-05
8.000000000000000000e+00 5.170107670107670049e-04
9.000000000000000000e+00 1.168387168387168256e-03
1.000000000000000000e+01 1.134143634143634088e-03
1.100000000000000000e+01 5.493978243978243914e-03
1.200000000000000000e+01 4.329559329559329447e-04
1.300000000000000000e+01 0.000000000000000000e+00
1.000000000000000000e+00 2.355977355977355975e-04
2.000000000000000000e+00 1.438561438561438343e-04
3.000000000000000000e+00 3.144078144078144075e-04
4.000000000000000000e+00 2.399544899544899434e-04
5.000000000000000000e+00 1.046176046176046175e-04
6.000000000000000000e+00 1.144513819513819433e-02
7.000000000000000000e+00 1.577311577311577093e-04
8.000000000000000000e+00 6.537074037074036689e-04
9.000000000000000000e+00 4.588467088467088192e-04
1.000000000000000000e+01 9.899544899544898777e-04
1.100000000000000000e+01 5.368659118659118573e-03
1.200000000000000000e+01 5.921855921855921851e-04
1.300000000000000000e+01 0.000000000000000000e+00
1.000000000000000000e+00 4.630092130092129817e-04
2.000000000000000000e+00 1.640026640026640025e-04
3.000000000000000000e+00 3.752636252636252470e-04
4.000000000000000000e+00 1.073371073371073343e-04
5.000000000000000000e+00 4.955044955044954173e-04
6.000000000000000000e+00 7.092296592296591651e-03
7.000000000000000000e+00 2.630147630147629712e-04
8.000000000000000000e+00 2.672605172605172549e-04
9.000000000000000000e+00 1.155760905760905548e-03
1.000000000000000000e+01 5.330974580974580553e-03
1.100000000000000000e+01 1.105894105894105828e-03
1.200000000000000000e+01 9.316516816516816346e-04
1.300000000000000000e+01 0.000000000000000000e+00
1.000000000000000000e+00 5.987345987345986473e-04
2.000000000000000000e+00 2.307692307692307636e-04
3.000000000000000000e+00 3.362470862470862088e-04
4.000000000000000000e+00 3.729603729603729465e-05
5.000000000000000000e+00 4.448884448884448772e-04
6.000000000000000000e+00 2.676767676767676657e-03
7.000000000000000000e+00 1.303418803418803309e-04
8.000000000000000000e+00 2.199467199467199411e-04
9.000000000000000000e+00 1.063963813963813903e-03
1.000000000000000000e+01 2.647435897435897363e-03
1.100000000000000000e+01 3.638306138306138249e-03
1.200000000000000000e+01 6.335053835053834018e-04
1.300000000000000000e+01 0.000000000000000000e+00
1.000000000000000000e+00 1.964146964146963983e-04
2.000000000000000000e+00 7.128982128982128163e-05
3.000000000000000000e+00 2.276334776334776170e-04
4.000000000000000000e+00 5.891330891330891055e-05
5.000000000000000000e+00 3.189588189588189369e-04
6.000000000000000000e+00 6.291985791985791124e-03
7.000000000000000000e+00 5.516705516705516430e-05
8.000000000000000000e+00 2.030469530469530359e-04
9.000000000000000000e+00 1.002830502830502624e-03
1.000000000000000000e+01 4.179209679209678653e-03
1.100000000000000000e+01 1.255883005883005844e-03
1.200000000000000000e+01 7.478354978354977318e-04
1.300000000000000000e+01 0.000000000000000000e+00
1.000000000000000000e+00 5.573593073593072775e-04
2.000000000000000000e+00 2.367077367077367075e-04
3.000000000000000000e+00 2.024642024642024586e-04
4.000000000000000000e+00 5.230880230880230876e-05
5.000000000000000000e+00 6.722166722166721944e-04
6.000000000000000000e+00 4.258352758352758165e-03
7.000000000000000000e+00 3.069153069153068608e-05
8.000000000000000000e+00 2.459207459207459097e-04
9.000000000000000000e+00 1.513958263958263811e-03
1.000000000000000000e+01 1.221250971250971038e-03
1.100000000000000000e+01 1.841020091020090840e-03
1.200000000000000000e+01 5.826673326673326289e-04
1.300000000000000000e+01 0.000000000000000000e+00
1.000000000000000000e+00 3.740981240981240924e-04
2.000000000000000000e+00 1.036463536463536463e-04
3.000000000000000000e+00 3.629703629703629700e-04
4.000000000000000000e+00 3.535353535353535215e-05
5.000000000000000000e+00 5.335775335775335337e-04
6.000000000000000000e+00 3.711566211566211509e-03
7.000000000000000000e+00 2.043789543789543788e-04
8.000000000000000000e+00 2.643745143745143363e-04
9.000000000000000000e+00 1.974192474192473963e-03
1.000000000000000000e+01 1.937673437673437639e-03
1.100000000000000000e+01 1.659090909090908889e-03
1.200000000000000000e+01 5.892995892995892123e-04
1.300000000000000000e+01 0.000000000000000000e+00
1.000000000000000000e+00 1.870629370629370574e-04
2.000000000000000000e+00 6.085581085581085305e-05
3.000000000000000000e+00 1.561494061494061384e-04
4.000000000000000000e+00 1.535131535131535022e-04
5.000000000000000000e+00 4.027361527361527195e-04
6.000000000000000000e+00 5.424353424353423742e-03
7.000000000000000000e+00 8.810633810633810626e-05
8.000000000000000000e+00 2.064879564879564824e-04
9.000000000000000000e+00 1.364524364524364458e-03
1.000000000000000000e+01 1.334942834942834909e-03
1.100000000000000000e+01 1.919552669552669535e-03
1.200000000000000000e+01 6.259851259851258870e-04
1.300000000000000000e+01 0.000000000000000000e+00
1.000000000000000000e+00 1.548174048174047956e-04
2.000000000000000000e+00 1.181041181041180986e-04
3.000000000000000000e+00 1.645854145854145799e-04
4.000000000000000000e+00 7.930957930957930680e-05
5.000000000000000000e+00 3.734043734043733715e-04
6.000000000000000000e+00 3.274281274281273888e-03
7.000000000000000000e+00 8.941058941058939967e-05
8.000000000000000000e+00 4.984459984459984347e-04
9.000000000000000000e+00 1.210955710955710857e-03
1.000000000000000000e+01 9.164724164724164391e-04
1.100000000000000000e+01 3.474802974802974377e-03
1.200000000000000000e+01 9.522699522699521824e-04
1.300000000000000000e+01 0.000000000000000000e+00
1.000000000000000000e+00 2.626817626817626490e-04
2.000000000000000000e+00 5.949605949605949465e-05
3.000000000000000000e+00 2.693417693417693090e-04
4.000000000000000000e+00 1.323398823398823181e-04
5.000000000000000000e+00 2.976467976467976140e-04
6.000000000000000000e+00 2.591020091020090638e-03
7.000000000000000000e+00 2.855477855477855340e-05
8.000000000000000000e+00 2.167554667554667499e-04
9.000000000000000000e+00 1.866383616383616344e-03
1.000000000000000000e+01 1.431790431790431594e-03
1.100000000000000000e+01 1.754634254634254579e-03
1.200000000000000000e+01 8.202908202908202901e-04
1.300000000000000000e+01 0.000000000000000000e+00
1.000000000000000000e+00 3.653846153846153464e-04
2.000000000000000000e+00 1.612276612276612072e-05
3.000000000000000000e+00 7.167832167832167555e-05
4.000000000000000000e+00 1.369463869463869463e-04
5.000000000000000000e+00 2.898212898212897994e-04
6.000000000000000000e+00 6.006216006216005994e-03
7.000000000000000000e+00 1.136363636363636363e-04
8.000000000000000000e+00 7.185869685869685592e-04
9.000000000000000000e+00 1.216255966255966152e-03
1.000000000000000000e+01 1.237762237762237739e-03
1.100000000000000000e+01 3.012293262293262285e-03
1.200000000000000000e+01 7.424242424242423477e-04
1.300000000000000000e+01 0.000000000000000000e+00
1.000000000000000000e+00 2.363192363192363136e-04
2.000000000000000000e+00 1.498223998223998006e-04
3.000000000000000000e+00 2.798312798312798094e-04
4.000000000000000000e+00 5.638805638805638394e-05
5.000000000000000000e+00 1.457431457431457322e-04
6.000000000000000000e+00 3.622238872238872122e-03
7.000000000000000000e+00 1.105838605838605838e-04
8.000000000000000000e+00 1.595349095349095131e-04
9.000000000000000000e+00 1.395659895659895474e-03
1.000000000000000000e+01 1.801920301920301734e-03
1.100000000000000000e+01 1.136002886002885964e-03
1.200000000000000000e+01 8.030580530580530086e-04
1.300000000000000000e+01 0.000000000000000000e+00
1.000000000000000000e+00 4.648407148407148349e-04
2.000000000000000000e+00 6.163281163281162734e-05
3.000000000000000000e+00 6.279831279831279555e-05
4.000000000000000000e+00 6.105006105006105001e-05
5.000000000000000000e+00 3.656343656343656015e-04
6.000000000000000000e+00 3.388805638805638537e-03
7.000000000000000000e+00 1.089743589743589634e-04
8.000000000000000000e+00 2.435064935064935063e-04
9.000000000000000000e+00 1.131562881562881524e-03
1.000000000000000000e+01 3.805361305361304979e-03
1.100000000000000000e+01 1.661921411921411709e-03
1.200000000000000000e+01 4.773837273837273671e-04
1.300000000000000000e+01 0.000000000000000000e+00
1.000000000000000000e+00 3.700466200466200192e-04
2.000000000000000000e+00 7.925407925407924859e-05
3.000000000000000000e+00 1.835664335664335663e-04
4.000000000000000000e+00 1.557886557886557668e-04
5.000000000000000000e+00 2.055167055167055111e-04
6.000000000000000000e+00 1.362665112665112583e-03
7.000000000000000000e+00 1.468531468531468422e-04
8.000000000000000000e+00 2.026029526029525974e-04
9.000000000000000000e+00 9.320124320124319791e-04
1.000000000000000000e+01 1.596930846930846729e-03
1.100000000000000000e+01 2.045260295260295080e-03
1.200000000000000000e+01 4.048174048174047737e-04
1.300000000000000000e+01 0.000000000000000000e+00
1.000000000000000000e+00 3.995448995448995012e-04
2.000000000000000000e+00 1.353923853923853706e-04
3.000000000000000000e+00 2.946775446775446285e-04
4.000000000000000000e+00 4.517704517704517430e-05
5.000000000000000000e+00 3.406870906870906488e-04
6.000000000000000000e+00 2.784937284937284620e-03
7.000000000000000000e+00 1.764346764346764183e-04
8.000000000000000000e+00 5.846930846930846519e-05
9.000000000000000000e+00 1.238206238206238097e-03
1.000000000000000000e+01 2.051254301254301204e-03
1.100000000000000000e+01 2.138028638028637886e-03
1.200000000000000000e+01 7.956765456765456596e-04
1.300000000000000000e+01 0.000000000000000000e+00
1.000000000000000000e+00 1.597291597291597236e-04
2.000000000000000000e+00 7.206682206682205592e-05
3.000000000000000000e+00 2.578810078810078645e-04
4.000000000000000000e+00 1.743256743256743147e-04
5.000000000000000000e+00 5.265290265290264527e-04
6.000000000000000000e+00 3.966838716838716299e-03
7.000000000000000000e+00 5.522255522255522251e-05
8.000000000000000000e+00 2.741980241980241924e-04
9.000000000000000000e+00 9.064824064824064491e-04
1.000000000000000000e+01 6.684509934509933783e-03
1.100000000000000000e+01 1.871572871572871550e-03
1.200000000000000000e+01 7.317959817959817899e-04
1.300000000000000000e+01 0.000000000000000000e+00
1.000000000000000000e+00 3.644133644133644022e-04
2.000000000000000000e+00 7.264957264957264680e-05
3.000000000000000000e+00 1.870629370629370574e-04
4.000000000000000000e+00 8.352758352758352751e-05
5.000000000000000000e+00 4.941724941724941287e-04
6.000000000000000000e+00 4.396464646464645805e-03
7.000000000000000000e+00 1.085858585858585831e-04
8.000000000000000000e+00 1.730769230769230659e-04
9.000000000000000000e+00 1.155982905982905944e-03
1.000000000000000000e+01 9.766899766899764940e-04
1.100000000000000000e+01 1.811577311577311456e-03
1.200000000000000000e+01 7.127039627039626329e-04
1.300000000000000000e+01 0.000000000000000000e+00
1.000000000000000000e+00 3.227605727605727549e-04
2.000000000000000000e+00 2.329614829614829613e-04
3.000000000000000000e+00 3.058053058053058050e-04
4.000000000000000000e+00 4.390054390054389644e-05
5.000000000000000000e+00 7.518592518592517827e-04
6.000000000000000000e+00 2.890886890886890798e-03
7.000000000000000000e+00 1.317016317016316961e-04
8.000000000000000000e+00 3.432123432123431687e-04
9.000000000000000000e+00 1.230935730935730837e-03
1.000000000000000000e+01 1.742979242979242815e-03
1.100000000000000000e+01 4.922161172161172021e-03
1.200000000000000000e+01 8.613331113331112836e-04
1.300000000000000000e+01 0.000000000000000000e+00
1.000000000000000000e+00 3.436008436008435897e-04
2.000000000000000000e+00 1.641969141969141859e-04
3.000000000000000000e+00 2.189477189477189475e-04
4.000000000000000000e+00 9.665334665334665055e-05
5.000000000000000000e+00 2.620157620157620047e-04
6.000000000000000000e+00 2.269702519702519478e-03
7.000000000000000000e+00 5.042180042180041769e-05
8.000000000000000000e+00 3.581696081696081314e-04
9.000000000000000000e+00 9.739149739149738274e-04
1.000000000000000000e+01 1.173271173271173270e-03
1.100000000000000000e+01 2.103230103230103055e-03
1.200000000000000000e+01 7.323232323232322684e-04
1.300000000000000000e+01 0.000000000000000000e+00
1.000000000000000000e+00 1.020368520368520259e-04
2.000000000000000000e+00 6.843156843156842609e-05
3.000000000000000000e+00 2.177822177822177658e-04
4.000000000000000000e+00 1.850371850371850208e-04
5.000000000000000000e+00 2.711455211455211399e-04
6.000000000000000000e+00 3.634504384504384268e-03
7.000000000000000000e+00 6.526806526806525717e-05
8.000000000000000000e+00 1.851204351204351149e-04
9.000000000000000000e+00 1.025363525363525308e-03
1.000000000000000000e+01 1.601842601842601820e-03
1.100000000000000000e+01 1.764402264402264390e-03
1.200000000000000000e+01 6.742701742701741720e-04
1.300000000000000000e+01 0.000000000000000000e+00
1.000000000000000000e+00 1.963036963036962818e-04
2.000000000000000000e+00 8.275058275058273967e-05
3.000000000000000000e+00 3.627206127206127149e-04
4.000000000000000000e+00 8.952158952158951609e-05
5.000000000000000000e+00 2.234432234432234322e-04
6.000000000000000000e+00 1.984099234099233940e-03
7.000000000000000000e+00 2.983127983127983125e-05
8.000000000000000000e+00 3.306138306138305919e-04
9.000000000000000000e+00 1.027361527361527350e-03
1.000000000000000000e+01 1.925324675324675263e-03
1.100000000000000000e+01 2.223359973359973190e-03
1.200000000000000000e+01 1.129537129537129406e-03
1.300000000000000000e+01 0.000000000000000000e+00
1.000000000000000000e+00 1.553169053169053059e-04
2.000000000000000000e+00 1.486568986568986459e-04
3.000000000000000000e+00 1.474913974913974913e-04
4.000000000000000000e+00 4.148629148629148626e-05
5.000000000000000000e+00 4.871794871794871465e-04
6.000000000000000000e+00 3.896908646908646585e-03
7.000000000000000000e+00 2.233877233877233875e-05
8.000000000000000000e+00 3.154623154623154187e-04
9.000000000000000000e+00 1.186480186480186284e-03
1.000000000000000000e+01 1.565961815961815955e-03
1.100000000000000000e+01 1.720473970473970424e-03
1.200000000000000000e+01 6.137473637473637089e-04
1.300000000000000000e+01 0.000000000000000000e+00
1.000000000000000000e+00 2.692030192030191974e-04
2.000000000000000000e+00 2.580197580197579762e-04
3.000000000000000000e+00 1.306471306471306308e-04
4.000000000000000000e+00 1.260683760683760520e-04
5.000000000000000000e+00 2.208902208902208900e-04
6.000000000000000000e+00 2.164058164058163709e-03
7.000000000000000000e+00 9.168609168609167788e-05
8.000000000000000000e+00 2.181429681429681374e-04
9.000000000000000000e+00 1.488372738372738344e-03
1.000000000000000000e+01 1.086163836163836103e-03
1.100000000000000000e+01 1.910506160506160412e-03
1.200000000000000000e+01 4.597069597069596740e-04
1.300000000000000000e+01 0.000000000000000000e+00
1.000000000000000000e+00 2.148407148407148297e-04
2.000000000000000000e+00 1.289821289821289658e-04
3.000000000000000000e+00 3.053613053613053394e-04
4.000000000000000000e+00 4.797979797979797840e-05
5.000000000000000000e+00 2.894327894327894325e-04
6.000000000000000000e+00 1.103341103341103340e-03
7.000000000000000000e+00 8.877233877233876413e-05
8.000000000000000000e+00 2.948717948717948390e-04
9.000000000000000000e+00 1.496114996114996038e-03
1.000000000000000000e+01 1.105089355089354910e-03
1.100000000000000000e+01 2.440170940170939985e-03
1.200000000000000000e+01 6.202408702408702349e-04
1.300000000000000000e+01 0.000000000000000000e+00
1.000000000000000000e+00 3.575313575313575094e-04
2.000000000000000000e+00 1.785714285714285713e-04
3.000000000000000000e+00 1.732711732711732493e-04
4.000000000000000000e+00 1.589244089244089134e-04
5.000000000000000000e+00 3.879453879453879451e-04
6.000000000000000000e+00 3.375957375957375651e-03
7.000000000000000000e+00 4.098679098679098269e-05
8.000000000000000000e+00 1.534299034299034081e-04
9.000000000000000000e+00 7.477522477522477191e-04
1.000000000000000000e+01 3.585497835497835403e-03
1.100000000000000000e+01 1.879675879675879588e-03
1.200000000000000000e+01 9.949772449772448409e-04
1.300000000000000000e+01 0.000000000000000000e+00
1.000000000000000000e+00 3.692418692418692090e-04
2.000000000000000000e+00 1.655566655566655511e-04
3.000000000000000000e+00 3.450993450993450665e-04
4.000000000000000000e+00 2.991452991452991450e-04
5.000000000000000000e+00 4.343989343989343769e-04
6.000000000000000000e+00 3.206543456543456318e-03
7.000000000000000000e+00 7.400932400932399842e-05
8.000000000000000000e+00 4.036519036519036190e-04
9.000000000000000000e+00 1.229381729381729370e-03
1.000000000000000000e+01 9.592629592629592188e-04
1.100000000000000000e+01 1.661227661227661096e-03
1.200000000000000000e+01 9.395049395049394174e-04
1.300000000000000000e+01 0.000000000000000000e+00
1.000000000000000000e+00 2.750305250305250249e-04
2.000000000000000000e+00 2.275224775224775006e-04
3.000000000000000000e+00 2.541902541902541900e-04
4.000000000000000000e+00 1.181596181596181568e-04
5.000000000000000000e+00 3.566433566433566322e-04
6.000000000000000000e+00 1.767343767343767299e-03
7.000000000000000000e+00 7.392607392607391788e-05
8.000000000000000000e+00 2.740037740037739819e-04
9.000000000000000000e+00 1.946026196026195932e-03
1.000000000000000000e+01 1.893523143523143494e-03
1.100000000000000000e+01 9.576257076257075219e-04
1.200000000000000000e+01 5.498945498945498073e-04
1.300000000000000000e+01 0.000000000000000000e+00
1.000000000000000000e+00 4.130036630036629870e-04
2.000000000000000000e+00 7.756132756132756126e-05
3.000000000000000000e+00 1.327561327561327343e-04
4.000000000000000000e+00 7.509157509157508609e-05
5.000000000000000000e+00 3.632201132201131710e-04
6.000000000000000000e+00 7.214396714396714184e-03
7.000000000000000000e+00 5.982905982905982359e-05
8.000000000000000000e+00 4.354256854256854199e-04
9.000000000000000000e+00 9.578477078477078089e-04
1.000000000000000000e+01 3.362748362748362637e-03
1.100000000000000000e+01 1.804972804972804950e-03
1.200000000000000000e+01 6.744366744366744144e-04
1.300000000000000000e+01 0.000000000000000000e+00
1.000000000000000000e+00 3.260073260073259637e-04
2.000000000000000000e+00 1.790709290709290545e-04
3.000000000000000000e+00 1.959151959151959150e-04
4.000000000000000000e+00 2.384004884004883949e-04
5.000000000000000000e+00 1.247641247641247586e-04
6.000000000000000000e+00 2.983766233766233476e-03
7.000000000000000000e+00 5.730380730380730376e-05
8.000000000000000000e+00 2.697857697857697747e-04
9.000000000000000000e+00 1.448745698745698652e-03
1.000000000000000000e+01 1.144494394494394423e-03
1.100000000000000000e+01 1.064269064269064095e-03
1.200000000000000000e+01 6.341158841158841099e-04
1.300000000000000000e+01 0.000000000000000000e+00
1.000000000000000000e+00 1.298146298146297983e-04
2.000000000000000000e+00 1.917804417804417749e-04
3.000000000000000000e+00 3.230380730380730324e-04
4.000000000000000000e+00 7.420357420357419538e-05
5.000000000000000000e+00 4.384781884781884724e-04
6.000000000000000000e+00 4.830863580863580670e-03
7.000000000000000000e+00 8.119658119658119109e-05
8.000000000000000000e+00 3.113830613830613774e-04
9.000000000000000000e+00 1.285159285159284985e-03
1.000000000000000000e+01 2.559052059052058844e-03
1.100000000000000000e+01 1.630924630924630858e-03
1.200000000000000000e+01 7.954545454545453725e-04
1.300000000000000000e+01 0.000000000000000000e+00
1.000000000000000000e+00 1.486568986568986459e-04
2.000000000000000000e+00 7.728382728382728376e-05
3.000000000000000000e+00 1.952769452769452659e-04
4.000000000000000000e+00 7.245532245532244984e-05
5.000000000000000000e+00 2.743367743367743040e-04
6.000000000000000000e+00 1.035675435675435622e-02
7.000000000000000000e+00 1.805694305694305584e-04
8.000000000000000000e+00 3.976856476856476799e-04
9.000000000000000000e+00 6.285103785103784068e-04
1.000000000000000000e+01 4.759129759129759126e-04
1.100000000000000000e+01 3.833361083361083201e-03
1.200000000000000000e+01 9.660339660339659681e-04
1.300000000000000000e+01 0.000000000000000000e+00
1.000000000000000000e+00 1.375846375846375683e-04
2.000000000000000000e+00 1.083916083916083861e-04
3.000000000000000000e+00 1.416638916638916638e-04
4.000000000000000000e+00 1.064491064491064436e-04
5.000000000000000000e+00 5.577478077478076985e-04
6.000000000000000000e+00 4.405511155511155144e-03
7.000000000000000000e+00 1.709401709401709197e-05
8.000000000000000000e+00 1.430236430236430018e-04
9.000000000000000000e+00 1.027250527250527044e-03
1.000000000000000000e+01 6.770174270174269789e-04
1.100000000000000000e+01 8.252303252303251320e-04
1.200000000000000000e+01 8.403818403818403594e-04
1.300000000000000000e+01 0.000000000000000000e+00
1.000000000000000000e+00 1.999944499944499834e-04
2.000000000000000000e+00 2.342657342657342547e-04
3.000000000000000000e+00 1.774614274614274613e-04
4.000000000000000000e+00 6.371406371406370859e-05
5.000000000000000000e+00 2.599622599622599187e-04
6.000000000000000000e+00 4.287157287157286438e-03
7.000000000000000000e+00 6.765456765456765180e-05
8.000000000000000000e+00 1.519591519591519536e-04
9.000000000000000000e+00 1.545843045843045809e-03
1.000000000000000000e+01 2.587329337329336964e-03
1.100000000000000000e+01 1.765595515595515513e-03
1.200000000000000000e+01 5.521145521145520273e-04
1.300000000000000000e+01 0.000000000000000000e+00
1.000000000000000000e+00 2.096514596514596513e-04
2.000000000000000000e+00 1.070041070041069986e-04
3.000000000000000000e+00 1.512376512376512375e-04
4.000000000000000000e+00 5.844155844155843609e-05
5.000000000000000000e+00 8.513708513708513430e-05
6.000000000000000000e+00 2.024198024198023849e-03
7.000000000000000000e+00 4.881229881229881090e-05
8.000000000000000000e+00 1.982461982461982243e-04
9.000000000000000000e+00 1.253219003219003050e-03
1.000000000000000000e+01 2.466894216894216854e-03
1.100000000000000000e+01 1.086080586080585874e-03
1.200000000000000000e+01 6.447996447996447123e-04
1.300000000000000000e+01 0.000000000000000000e+00
1.000000000000000000e+00 3.818126318126317635e-04
2.000000000000000000e+00 1.694971694971694808e-04
3.000000000000000000e+00 1.804584304584304420e-04
4.000000000000000000e+00 2.112054612054611999e-04
5.000000000000000000e+00 4.155289155289155069e-04
6.000000000000000000e+00 3.227799977799977651e-03
7.000000000000000000e+00 5.358530358530357984e-05
8.000000000000000000e+00 1.497668997668997559e-04
9.000000000000000000e+00 1.012681762681762665e-03
1.000000000000000000e+01 2.891025641025640747e-03
1.100000000000000000e+01 9.991952491952491022e-04
1.200000000000000000e+01 7.304917304917304694e-04
1.300000000000000000e+01 0.000000000000000000e+00
1.000000000000000000e+00 2.422854922854922799e-04
2.000000000000000000e+00 1.394716394716394661e-04
3.000000000000000000e+00 2.004662004662004443e-04
4.000000000000000000e+00 6.934731934731933913e-05
5.000000000000000000e+00 3.058053058053058050e-04
6.000000000000000000e+00 1.280747030747030621e-03
7.000000000000000000e+00 1.806526806526806322e-05
8.000000000000000000e+00 1.724941724941724886e-04
9.000000000000000000e+00 1.792402042402042395e-03
1.000000000000000000e+01 1.240093240093240049e-03
1.100000000000000000e+01 3.858058608058607952e-03
1.200000000000000000e+01 6.925574425574425189e-04
1.300000000000000000e+01 0.000000000000000000e+00
1.000000000000000000e+00 2.336829836829836774e-04
2.000000000000000000e+00 6.782106782106781288e-05
3.000000000000000000e+00 3.930236430236430070e-04
4.000000000000000000e+00 2.611000111000110510e-04
5.000000000000000000e+00 3.083860583860583695e-04
6.000000000000000000e+00 4.739982239982239165e-03
7.000000000000000000e+00 9.801309801309800217e-05
8.000000000000000000e+00 3.617216117216116942e-04
9.000000000000000000e+00 1.315684315684315618e-03
1.000000000000000000e+01 2.315739815739815358e-03
1.100000000000000000e+01 5.864690864690863927e-04
1.200000000000000000e+01 7.805805305805304769e-04
1.300000000000000000e+01 0.000000000000000000e+00
1.000000000000000000e+00 2.884892884892884565e-04
2.000000000000000000e+00 2.451992451992451665e-04
3.000000000000000000e+00 1.474636474636474418e-04
4.000000000000000000e+00 3.056665556665556392e-04
5.000000000000000000e+00 2.023254523254523199e-04
6.000000000000000000e+00 3.002886002886002818e-03
7.000000000000000000e+00 3.979908979908979797e-04
8.000000000000000000e+00 1.956654456654456599e-04
9.000000000000000000e+00 1.328116328116328007e-03
1.000000000000000000e+01 1.767732267732267720e-03
1.100000000000000000e+01 2.863858363858363520e-03
1.200000000000000000e+01 7.629870129870129592e-04
1.300000000000000000e+01 0.000000000000000000e+00
1.000000000000000000e+00 4.352314352314352094e-04
2.000000000000000000e+00 1.433566433566433511e-04
3.000000000000000000e+00 3.225108225108224997e-04
4.000000000000000000e+00 1.627539127539127538e-04
5.000000000000000000e+00 2.881840381840381567e-04
6.000000000000000000e+00 3.719863469863469649e-03
7.000000000000000000e+00 1.466588966588966588e-04
8.000000000000000000e+00 2.176157176157176047e-04
9.000000000000000000e+00 7.692862692862692748e-04
1.000000000000000000e+01 1.811882561882561865e-03
1.100000000000000000e+01 2.562853812853812824e-03
1.200000000000000000e+01 6.210456210456210451e-04
1.300000000000000000e+01 0.000000000000000000e+00
1.000000000000000000e+00 2.298534798534798370e-04
2.000000000000000000e+00 2.244699744699744481e-04
3.000000000000000000e+00 1.307858807858807695e-04
4.000000000000000000e+00 1.841491841491841436e-04
5.000000000000000000e+00 1.759906759906759797e-04
6.000000000000000000e+00 2.338827838827838707e-03
7.000000000000000000e+00 3.382450882450881960e-04
8.000000000000000000e+00 4.876789876789876569e-04
9.000000000000000000e+00 1.550810300810300619e-03
1.000000000000000000e+01 9.488289488289487631e-04
1.100000000000000000e+01 2.528610278610278223e-03
1.200000000000000000e+01 7.113164613164612996e-04
1.300000000000000000e+01 0.000000000000000000e+00
1.000000000000000000e+00 2.071262071262071043e-04
2.000000000000000000e+00 1.983294483294483184e-04
3.000000000000000000e+00 1.049506049506049397e-04
4.000000000000000000e+00 1.757964257964257963e-04
5.000000000000000000e+00 2.975912975912975694e-04
6.000000000000000000e+00 1.400654900654900578e-03
7.000000000000000000e+00 5.361305361305360894e-05
8.000000000000000000e+00 2.410644910644910534e-04
9.000000000000000000e+00 1.011377511377511236e-03
1.000000000000000000e+01 2.889527139527139216e-03
1.100000000000000000e+01 1.387001887001886990e-03
1.200000000000000000e+01 6.217948717948717022e-04
1.300000000000000000e+01 0.000000000000000000e+00
1.000000000000000000e+00 2.048784548784548620e-04
2.000000000000000000e+00 1.858419358419358309e-04
3.000000000000000000e+00 1.023421023421023393e-04
4.000000000000000000e+00 1.703019203019202909e-04
5.000000000000000000e+00 2.166444666444666334e-04
6.000000000000000000e+00 1.468115218115218033e-03
7.000000000000000000e+00 7.184482184482183663e-05
8.000000000000000000e+00 9.515484515484514663e-05
9.000000000000000000e+00 8.630813630813630698e-04
1.000000000000000000e+01 9.503829503829503388e-04
1.100000000000000000e+01 5.511433011433010832e-04
1.200000000000000000e+01 6.170773670773670389e-04
1.300000000000000000e+01 0.000000000000000000e+00
1.000000000000000000e+00 3.520923520923520487e-04
2.000000000000000000e+00 1.777944277944277834e-04
3.000000000000000000e+00 3.118825618825618335e-04
4.000000000000000000e+00 2.240259740259740095e-04
5.000000000000000000e+00 2.445887445887445668e-04
6.000000000000000000e+00 2.046647796647796304e-03
7.000000000000000000e+00 7.392607392607391788e-05
8.000000000000000000e+00 3.512321012321011938e-04
9.000000000000000000e+00 6.824286824286823630e-04
1.000000000000000000e+01 1.670607170607170486e-03
1.100000000000000000e+01 1.044566544566544446e-03
1.200000000000000000e+01 6.180763680763680596e-04
1.300000000000000000e+01 0.000000000000000000e+00
1.000000000000000000e+00 5.736208236208236149e-04
2.000000000000000000e+00 1.115551115551115550e-04
3.000000000000000000e+00 1.993561993561993343e-04
4.000000000000000000e+00 1.133033633033633006e-04
5.000000000000000000e+00 5.328282828282827682e-04
6.000000000000000000e+00 3.407536907536907241e-03
7.000000000000000000e+00 1.653624153624153406e-04
8.000000000000000000e+00 3.295038295038294819e-04
9.000000000000000000e+00 1.373654123654123593e-03
1.000000000000000000e+01 3.091741591741591338e-03
1.100000000000000000e+01 1.609751359751359539e-03
1.200000000000000000e+01 4.290154290154290151e-04
1.300000000000000000e+01 0.000000000000000000e+00
1.000000000000000000e+00 3.599733599733599622e-04
2.000000000000000000e+00 1.086968586968586859e-04
3.000000000000000000e+00 2.676767676767676440e-04
4.000000000000000000e+00 2.833277833277833275e-04
5.000000000000000000e+00 2.657897657897657462e-04
6.000000000000000000e+00 1.665223665223665179e-03
7.000000000000000000e+00 1.414696414696414533e-04
8.000000000000000000e+00 1.593406593406593297e-04
9.000000000000000000e+00 1.075147075147075016e-03
1.000000000000000000e+01 8.843933843933843384e-04
1.100000000000000000e+01 1.194333444333444284e-03
1.200000000000000000e+01 5.136252636252635218e-04
1.300000000000000000e+01 0.000000000000000000e+00
1.000000000000000000e+00 6.322843822843822025e-04
2.000000000000000000e+00 1.454933954933954770e-04
3.000000000000000000e+00 1.645299145299145081e-04
4.000000000000000000e+00 9.090909090909090359e-05
5.000000000000000000e+00 2.587412587412587194e-04
6.000000000000000000e+00 2.455905205905205627e-03
7.000000000000000000e+00 6.565656565656565109e-05
8.000000000000000000e+00 1.620601620601620600e-04
9.000000000000000000e+00 1.992812742812742795e-03
1.000000000000000000e+01 3.016566766566766266e-03
1.100000000000000000e+01 3.720335220335220083e-03
1.200000000000000000e+01 5.251137751137750428e-04
1.300000000000000000e+01 0.000000000000000000e+00
1.000000000000000000e+00 3.021145521145520763e-04
2.000000000000000000e+00 5.386280386280385734e-05
3.000000000000000000e+00 2.416472416472416308e-04
4.000000000000000000e+00 1.718281718281718172e-04
5.000000000000000000e+00 2.659285159285159120e-04
6.000000000000000000e+00 1.810273060273060244e-03
7.000000000000000000e+00 7.167832167832167555e-05
8.000000000000000000e+00 1.830391830391830336e-04
9.000000000000000000e+00 1.348540348540348344e-03
1.000000000000000000e+01 1.211788211788211635e-03
1.100000000000000000e+01 1.800227550227550101e-03
1.200000000000000000e+01 6.493783993783993182e-04
1.300000000000000000e+01 0.000000000000000000e+00
1.000000000000000000e+00 3.013375513375512885e-04
2.000000000000000000e+00 1.497946497946497783e-04
3.000000000000000000e+00 1.673049173049172831e-04
4.000000000000000000e+00 8.358308358308357217e-05
5.000000000000000000e+00 2.453657453657453547e-04
6.000000000000000000e+00 5.778915528915528482e-03
7.000000000000000000e+00 5.230880230880230876e-05
8.000000000000000000e+00 3.974636474636474470e-04
9.000000000000000000e+00 1.188117438117437981e-03
1.000000000000000000e+01 1.568431568431568430e-03
1.100000000000000000e+01 1.113331113331113330e-03
1.200000000000000000e+01 6.326173826173825789e-04
1.300000000000000000e+01 0.000000000000000000e+00
