1.000000000000000000e+00 -6.484903984903983868e-04
2.000000000000000000e+00 -5.345487845487844778e-04
3.000000000000000000e+00 -4.879009879009878897e-04
4.000000000000000000e+00 -9.021534021534020984e-04
5.000000000000000000e+00 -6.973581973581973034e-04
6.000000000000000000e+00 1.593961593961593960e-03
7.000000000000000000e+00 -9.196636696636696032e-04
8.000000000000000000e+00 -5.594960594960594847e-04
9.000000000000000000e+00 6.131063381063380467e-03
1.000000000000000000e+01 1.675019425019424850e-03
1.100000000000000000e+01 2.384837384837384618e-04
1.200000000000000000e+01 1.102147852147852001e-03
1.300000000000000000e+01 -1.062049062049061875e-03
1.000000000000000000e+00 -9.987234987234986684e-04
2.000000000000000000e+00 -5.782273282273281889e-04
3.000000000000000000e+00 -8.165168165168164944e-04
4.000000000000000000e+00 -3.929403929403929401e-04
5.000000000000000000e+00 -4.845154845154844609e-05
6.000000000000000000e+00 2.449744699744699477e-03
7.000000000000000000e+00 -1.061022311022310994e-03
8.000000000000000000e+00 -8.596958596958596951e-04
9.000000000000000000e+00 8.572094572094571957e-03
1.000000000000000000e+01 1.685814185814185813e-04
1.100000000000000000e+01 1.257964257964257898e-03
1.200000000000000000e+01 -6.715506715506714823e-06
1.300000000000000000e+01 -1.315878565878565720e-03
1.000000000000000000e+00 -9.178321678321678043e-04
2.000000000000000000e+00 -1.155788655788655625e-03
3.000000000000000000e+00 -1.034243534243534188e-03
4.000000000000000000e+00 -1.413974913974913898e-03
5.000000000000000000e+00 -6.464368964368964092e-04
6.000000000000000000e+00 1.872821622821622609e-03
7.000000000000000000e+00 -1.503690753690753489e-03
8.000000000000000000e+00 -7.859085359085358482e-04
9.000000000000000000e+00 1.034718059718059587e-02
1.000000000000000000e+01 1.665556665556665447e-04
1.100000000000000000e+01 1.257131757131757120e-03
1.200000000000000000e+01 -5.216450216450215470e-04
1.300000000000000000e+01 -1.595376845376845262e-03
1.000000000000000000e+00 -1.328144078144078083e-03
2.000000000000000000e+00 -1.565295815295815202e-03
3.000000000000000000e+00 -1.307581307581307580e-03
4.000000000000000000e+00 -7.775835275835275232e-04
5.000000000000000000e+00 -1.708097458097457971e-03
6.000000000000000000e+00 1.441641691641691635e-03
7.000000000000000000e+00 -1.779970029970029790e-03
8.000000000000000000e+00 -9.684482184482183986e-04
9.000000000000000000e+00 4.946997446997446722e-03
1.000000000000000000e+01 -4.663392163392163117e-04
1.100000000000000000e+01 1.200355200355200267e-03
1.200000000000000000e+01 -5.616328116328115835e-04
1.300000000000000000e+01 -1.925491175491175289e-03
1.000000000000000000e+00 -9.436396936396935576e-04
2.000000000000000000e+00 -1.262543012543012504e-03
3.000000000000000000e+00 -8.834776334776334389e-04
4.000000000000000000e+00 -1.465617715617715481e-03
5.000000000000000000e+00 -1.002303252303252254e-03
6.000000000000000000e+00 1.566933066933066899e-03
7.000000000000000000e+00 -1.304972804972804939e-03
8.000000000000000000e+00 -1.251998001998001851e-03
9.000000000000000000e+00 5.277500277500276520e-04
1.000000000000000000e+01 8.596958596958596951e-04
1.100000000000000000e+01 2.731435231435231270e-04
1.200000000000000000e+01 2.506937506937506718e-04
1.300000000000000000e+01 -1.671300921300921099e-03
1.000000000000000000e+00 -5.229492729492728675e-04
2.000000000000000000e+00 -9.298479298479298038e-04
3.000000000000000000e+00 -6.386946386946386073e-04
4.000000000000000000e+00 -1.037934287934287863e-03
5.000000000000000000e+00 -5.782828282828282335e-04
6.000000000000000000e+00 6.617271617271616941e-04
7.000000000000000000e+00 -9.434731934731934236e-04
8.000000000000000000e+00 -8.485958485958485951e-04
9.000000000000000000e+00 8.943611943611942672e-03
1.000000000000000000e+01 1.024253524253524198e-04
1.100000000000000000e+01 1.908674658674658613e-03
1.200000000000000000e+01 6.524309024309024249e-04
1.300000000000000000e+01 -1.265512265512265489e-03
1.000000000000000000e+00 -1.067432567432567399e-03
2.000000000000000000e+00 -1.150099900099899909e-03
3.000000000000000000e+00 -8.994338994338993681e-04
4.000000000000000000e+00 -1.215007215007214876e-03
5.000000000000000000e+00 -9.901764901764900564e-04
6.000000000000000000e+00 7.615440115440114729e-04
7.000000000000000000e+00 -1.240315240315240227e-03
8.000000000000000000e+00 -1.206071706071706060e-03
9.000000000000000000e+00 9.465784215784214806e-03
1.000000000000000000e+01 2.092629592629592574e-04
1.100000000000000000e+01 -2.960650460650460160e-04
1.200000000000000000e+01 -1.597846597846597683e-04
1.300000000000000000e+01 -1.414640914640914434e-03
1.000000000000000000e+00 -4.014874014874014437e-04
2.000000000000000000e+00 -6.985514485514485346e-04
3.000000000000000000e+00 -6.083638583638582929e-04
4.000000000000000000e+00 -8.311133311133310584e-04
5.000000000000000000e+00 -2.201964701964701963e-04
6.000000000000000000e+00 1.143606393606393492e-03
7.000000000000000000e+00 -1.035825285825285732e-03
8.000000000000000000e+00 -6.447163947163946996e-04
9.000000000000000000e+00 1.415512265512265493e-02
1.000000000000000000e+01 7.843822843822843491e-04
1.100000000000000000e+01 1.575924075924075868e-03
1.200000000000000000e+01 1.571484071484071320e-04
1.300000000000000000e+01 -1.123154623154623078e-03
1.000000000000000000e+00 -6.352813852813852646e-04
2.000000000000000000e+00 -8.256743256743255977e-04
3.000000000000000000e+00 -4.130314130314130094e-04
4.000000000000000000e+00 -6.745476745476745037e-04
5.000000000000000000e+00 -5.650460650460650347e-04
6.000000000000000000e+00 1.265318015318015171e-03
7.000000000000000000e+00 -8.149350649350648422e-04
8.000000000000000000e+00 -8.570318570318570094e-04
9.000000000000000000e+00 1.418437118437118269e-02
1.000000000000000000e+01 9.910922410922410643e-04
1.100000000000000000e+01 1.512598512598512445e-03
1.200000000000000000e+01 -1.869519369519369409e-04
1.300000000000000000e+01 -1.158591408591408585e-03
1.000000000000000000e+00 -8.190975690975690589e-04
2.000000000000000000e+00 -7.547175047175046789e-04
3.000000000000000000e+00 -5.397935397935397280e-04
4.000000000000000000e+00 -7.926240426240425529e-04
5.000000000000000000e+00 -6.865356865356865351e-04
6.000000000000000000e+00 1.926878676878676731e-03
7.000000000000000000e+00 -9.377844377844377077e-04
8.000000000000000000e+00 -8.803141303141302429e-04
9.000000000000000000e+00 1.227480852480852466e-02
1.000000000000000000e+01 -2.909867909867909540e-04
1.100000000000000000e+01 3.476523476523476087e-04
1.200000000000000000e+01 -2.539127539127539125e-05
1.300000000000000000e+01 -1.212232212232212209e-03
1.000000000000000000e+00 -8.226773226773226441e-04
2.000000000000000000e+00 -9.962259962259961167e-04
3.000000000000000000e+00 -8.278943278943278177e-04
4.000000000000000000e+00 -9.927849927849926974e-04
5.000000000000000000e+00 -4.398101898101897610e-04
6.000000000000000000e+00 7.772782772782772234e-04
7.000000000000000000e+00 -9.948662448662447515e-04
8.000000000000000000e+00 -4.020701520701520210e-04
9.000000000000000000e+00 1.557586857586857471e-02
1.000000000000000000e+01 -2.420079920079920024e-04
1.100000000000000000e+01 8.376900876900875972e-04
1.200000000000000000e+01 4.588744588744588415e-04
1.300000000000000000e+01 -1.180153180153180109e-03
1.000000000000000000e+00 -3.420468420468420140e-04
2.000000000000000000e+00 -6.627816627816627594e-04
3.000000000000000000e+00 -5.266400266400265420e-04
4.000000000000000000e+00 -5.173992673992673175e-04
5.000000000000000000e+00 -6.302863802863802696e-04
6.000000000000000000e+00 1.438478188478188331e-03
7.000000000000000000e+00 -9.350094350094349327e-04
8.000000000000000000e+00 -6.519869019869019592e-04
9.000000000000000000e+00 1.064682539682539585e-02
1.000000000000000000e+01 7.671772671772671441e-04
1.100000000000000000e+01 6.500721500721500391e-04
1.200000000000000000e+01 5.896325896325895887e-04
1.300000000000000000e+01 -1.028721278721278715e-03
1.000000000000000000e+00 -8.552003552003551020e-04
2.000000000000000000e+00 -1.236541236541236540e-03
3.000000000000000000e+00 -1.158702408702408674e-03
4.000000000000000000e+00 -9.961427461427461039e-04
5.000000000000000000e+00 -9.859862359862358715e-04
6.000000000000000000e+00 1.939782439782439770e-03
7.000000000000000000e+00 -1.272505272505272417e-03
8.000000000000000000e+00 -5.758963258963258796e-04
9.000000000000000000e+00 4.614496614496614232e-03
1.000000000000000000e+01 2.657342657342657015e-04
1.100000000000000000e+01 3.534521034521034138e-04
1.200000000000000000e+01 1.282051282051282050e-04
1.300000000000000000e+01 -1.396520146520146329e-03
1.000000000000000000e+00 -3.780386280386280220e-04
2.000000000000000000e+00 -5.873570873570873241e-04
3.000000000000000000e+00 -4.125319125319124990e-04
4.000000000000000000e+00 -6.518481518481517934e-04
5.000000000000000000e+00 -7.080142080142079377e-04
6.000000000000000000e+00 7.876845376845376025e-04
7.000000000000000000e+00 -6.688866688866688644e-04
8.000000000000000000e+00 -5.754800754800753820e-04
9.000000000000000000e+00 1.210791985791985666e-02
1.000000000000000000e+01 1.163558663558663531e-04
1.100000000000000000e+01 1.305749805749805564e-03
1.200000000000000000e+01 6.443833943833943232e-04
1.300000000000000000e+01 -9.887057387057386019e-04
1.000000000000000000e+00 -5.536685536685536030e-04
2.000000000000000000e+00 -8.823953823953822970e-04
3.000000000000000000e+00 -6.724664224664224496e-04
4.000000000000000000e+00 -9.405871905871905593e-04
5.000000000000000000e+00 -7.570485070485069882e-04
6.000000000000000000e+00 8.419635919635919032e-04
7.000000000000000000e+00 -1.000138750138749970e-03
8.000000000000000000e+00 -8.251470751470751193e-04
9.000000000000000000e+00 5.249861249861249510e-03
1.000000000000000000e+01 7.539405039405038369e-04
1.100000000000000000e+01 7.945387945387944731e-04
1.200000000000000000e+01 5.896880896880896876e-05
1.300000000000000000e+01 -1.244477744477744336e-03
1.000000000000000000e+00 -3.916083916083915972e-04
2.000000000000000000e+00 -6.299256299256299251e-04
3.000000000000000000e+00 -5.468697968697967772e-04
4.000000000000000000e+00 -5.930458430458430399e-04
5.000000000000000000e+00 -3.838938838938838719e-04
6.000000000000000000e+00 1.191031191031191030e-03
7.000000000000000000e+00 -5.974303474303473268e-04
8.000000000000000000e+00 -5.724553224553223518e-04
9.000000000000000000e+00 5.529331779331778975e-03
1.000000000000000000e+01 2.256909756909756745e-04
1.100000000000000000e+01 1.440836940836940716e-03
1.200000000000000000e+01 5.502553002553001518e-04
1.300000000000000000e+01 -8.969641469641468929e-04
1.000000000000000000e+00 -4.487179487179487176e-04
2.000000000000000000e+00 -7.236652236652235670e-04
3.000000000000000000e+00 -6.657231657231656684e-04
4.000000000000000000e+00 -7.261072261072260741e-04
5.000000000000000000e+00 -5.159840159840159077e-04
6.000000000000000000e+00 6.476578976578976085e-04
7.000000000000000000e+00 -8.819236319236318632e-04
8.000000000000000000e+00 -1.026390276390276189e-03
9.000000000000000000e+00 9.926184926184924984e-03
1.000000000000000000e+01 3.972416472416472142e-04
1.100000000000000000e+01 1.442890442890442694e-03
1.200000000000000000e+01 5.072427572427571935e-04
1.300000000000000000e+01 -1.105866355866355752e-03
1.000000000000000000e+00 -1.125013875013874953e-03
2.000000000000000000e+00 -1.308968808968808805e-03
3.000000000000000000e+00 -1.086552336552336524e-03
4.000000000000000000e+00 -1.026279276279276099e-03
5.000000000000000000e+00 -7.511932511932511384e-04
6.000000000000000000e+00 1.076035076035075947e-03
7.000000000000000000e+00 -1.387667887667887526e-03
8.000000000000000000e+00 -1.024003774003773943e-03
9.000000000000000000e+00 5.588050838050837715e-03
1.000000000000000000e+01 1.219252969252969214e-03
1.100000000000000000e+01 3.196803196803196394e-05
1.200000000000000000e+01 -3.644133644133644022e-04
1.300000000000000000e+01 -1.513514263514263453e-03
1.000000000000000000e+00 -5.347985347985347330e-04
2.000000000000000000e+00 -7.724497724497723624e-04
3.000000000000000000e+00 -6.400266400266400044e-04
4.000000000000000000e+00 -6.721334221334220732e-04
5.000000000000000000e+00 -2.225274725274725056e-04
6.000000000000000000e+00 1.566849816849816670e-03
7.000000000000000000e+00 -9.879287379287377598e-04
8.000000000000000000e+00 -8.645798645798644924e-04
9.000000000000000000e+00 8.275002775002773814e-03
1.000000000000000000e+01 1.935564435564435563e-04
1.100000000000000000e+01 6.622821622821622491e-04
1.200000000000000000e+01 5.386002886002884968e-04
1.300000000000000000e+01 -1.115995115995115907e-03
1.000000000000000000e+00 -1.017843267843267794e-03
2.000000000000000000e+00 -1.218420468420468219e-03
3.000000000000000000e+00 -1.029664779664779583e-03
4.000000000000000000e+00 -1.112221112221112220e-03
5.000000000000000000e+00 -7.034632034632034084e-04
6.000000000000000000e+00 1.223276723276723156e-03
7.000000000000000000e+00 -1.264124764124764048e-03
8.000000000000000000e+00 -1.084942834942834904e-03
9.000000000000000000e+00 1.014607614607614464e-02
1.000000000000000000e+01 -1.729659229659229495e-04
1.100000000000000000e+01 9.283216783216783046e-04
1.200000000000000000e+01 -1.695526695526695525e-04
1.300000000000000000e+01 -1.482045732045731952e-03
1.000000000000000000e+00 -3.552558552558552447e-04
2.000000000000000000e+00 -5.447607947607947549e-04
3.000000000000000000e+00 -4.363136863136862970e-04
4.000000000000000000e+00 -4.786047286047285664e-04
5.000000000000000000e+00 -3.929681429681429624e-04
6.000000000000000000e+00 1.068875568875568777e-03
7.000000000000000000e+00 -8.632756132756131719e-04
8.000000000000000000e+00 -4.586524586524586087e-04
9.000000000000000000e+00 1.040237540237540226e-02
1.000000000000000000e+01 5.406260406260406147e-04
1.100000000000000000e+01 1.310689310689310515e-03
1.200000000000000000e+01 6.337551337551336570e-04
1.300000000000000000e+01 -9.617049617049616174e-04
1.000000000000000000e+00 -6.908646908646907774e-04
2.000000000000000000e+00 -6.178821178821178491e-04
3.000000000000000000e+00 -6.032856032856032851e-04
4.000000000000000000e+00 -5.340492840492839675e-04
5.000000000000000000e+00 -2.841047841047840612e-04
6.000000000000000000e+00 1.224081474081474075e-03
7.000000000000000000e+00 -8.990453990453989470e-04
8.000000000000000000e+00 -6.487123987123986739e-04
9.000000000000000000e+00 1.277208902208902194e-02
1.000000000000000000e+01 -1.037851037851037850e-04
1.100000000000000000e+01 8.369963369963369848e-04
1.200000000000000000e+01 6.108613608613608446e-04
1.300000000000000000e+01 -1.020729270729270549e-03
1.000000000000000000e+00 -6.286213786213786046e-04
2.000000000000000000e+00 -7.246087246087245430e-04
3.000000000000000000e+00 -1.734654234654234599e-04
4.000000000000000000e+00 -8.412975912975912589e-04
5.000000000000000000e+00 -6.272616272616272394e-04
6.000000000000000000e+00 7.564380064380063886e-04
7.000000000000000000e+00 -9.449994449994449227e-04
8.000000000000000000e+00 -4.894827394827394335e-04
9.000000000000000000e+00 1.031335331335331285e-02
1.000000000000000000e+01 4.173881673881673824e-04
1.100000000000000000e+01 1.309940059940059749e-03
1.200000000000000000e+01 1.072427572427572286e-03
1.300000000000000000e+01 -1.004856254856254742e-03
1.000000000000000000e+00 -8.640248640248639374e-04
2.000000000000000000e+00 -7.109002109002108020e-04
3.000000000000000000e+00 -5.092130092130091584e-04
4.000000000000000000e+00 -7.389277389277388837e-04
5.000000000000000000e+00 -8.932733932733931913e-05
6.000000000000000000e+00 9.790209790209790201e-04
7.000000000000000000e+00 -8.738761238761238699e-04
8.000000000000000000e+00 -6.723831723831723284e-04
9.000000000000000000e+00 5.233877233877233179e-03
1.000000000000000000e+01 1.039238539238539238e-04
1.100000000000000000e+01 7.023254523254522218e-04
1.200000000000000000e+01 6.836496836496835624e-04
1.300000000000000000e+01 -1.042402042402042379e-03
1.000000000000000000e+00 -4.686424686424685987e-04
2.000000000000000000e+00 -9.820734820734819913e-05
3.000000000000000000e+00 -5.578588078588077879e-04
4.000000000000000000e+00 -5.646298146298145372e-04
5.000000000000000000e+00 -4.119769119769119440e-04
6.000000000000000000e+00 1.603202353202353185e-03
7.000000000000000000e+00 -6.212398712398711472e-04
8.000000000000000000e+00 -5.079087579087578378e-04
9.000000000000000000e+00 4.967587967587967085e-03
1.000000000000000000e+01 4.916472416472416089e-04
1.100000000000000000e+01 1.255411255411255410e-03
1.200000000000000000e+01 4.431679431679431676e-04
1.300000000000000000e+01 -9.012654012654011670e-04
1.000000000000000000e+00 -6.416361416361416247e-04
2.000000000000000000e+00 -6.053946053946053073e-04
3.000000000000000000e+00 -1.759629259629259574e-04
4.000000000000000000e+00 -5.636863136863136696e-04
5.000000000000000000e+00 -4.360084360084359972e-04
6.000000000000000000e+00 7.990342990342989577e-04
7.000000000000000000e+00 -7.303529803529803036e-04
8.000000000000000000e+00 -3.469585969585969420e-04
9.000000000000000000e+00 1.409709734709734680e-02
1.000000000000000000e+01 6.552336552336551680e-04
1.100000000000000000e+01 1.953962703962703728e-03
1.200000000000000000e+01 1.292096792096791976e-03
1.300000000000000000e+01 -9.050394050394049627e-04
1.000000000000000000e+00 -5.061050061050060070e-04
2.000000000000000000e+00 -8.871128871128870687e-04
3.000000000000000000e+00 -5.268620268620268290e-04
4.000000000000000000e+00 -8.686868686868686644e-04
5.000000000000000000e+00 -7.347929847929847436e-04
6.000000000000000000e+00 1.628982128982128970e-03
7.000000000000000000e+00 -1.153152403152403124e-03
8.000000000000000000e+00 -6.706626706626706187e-04
9.000000000000000000e+00 2.717976467976467893e-03
1.000000000000000000e+01 9.384781884781884286e-04
1.100000000000000000e+01 5.482572982572982189e-04
1.200000000000000000e+01 1.710234210234210070e-04
1.300000000000000000e+01 -1.236652236652236629e-03
1.000000000000000000e+00 -4.218281718281718224e-04
2.000000000000000000e+00 -8.191808191808191801e-04
3.000000000000000000e+00 -5.074092574092573275e-04
4.000000000000000000e+00 -2.791375291375290885e-04
5.000000000000000000e+00 -4.572649572649572212e-04
6.000000000000000000e+00 1.367410367410367214e-03
7.000000000000000000e+00 -9.847929847929847488e-04
8.000000000000000000e+00 -5.442335442335441680e-04
9.000000000000000000e+00 8.562243312243311699e-03
1.000000000000000000e+01 3.303085803085802920e-04
1.100000000000000000e+01 5.556388056388055679e-04
1.200000000000000000e+01 3.204295704295703913e-04
1.300000000000000000e+01 -1.079032079032079009e-03
1.000000000000000000e+00 -4.558774558774558337e-04
2.000000000000000000e+00 -4.014596514596514214e-04
3.000000000000000000e+00 -2.799700299700299210e-04
4.000000000000000000e+00 -5.554445554445553573e-04
5.000000000000000000e+00 -3.324730824730824674e-04
6.000000000000000000e+00 1.597069597069596895e-03
7.000000000000000000e+00 -8.372738372738372081e-04
8.000000000000000000e+00 -5.229492729492728675e-04
9.000000000000000000e+00 1.506848706848706691e-02
1.000000000000000000e+01 1.015845265845265752e-03
1.100000000000000000e+01 4.988622488622488239e-04
1.200000000000000000e+01 -3.260628260628260625e-05
1.300000000000000000e+01 -9.643412143412143350e-04
1.000000000000000000e+00 -8.682706182706181669e-04
2.000000000000000000e+00 -9.960317460317460146e-04
3.000000000000000000e+00 -1.040348540348540185e-03
4.000000000000000000e+00 -1.080780330780330579e-03
5.000000000000000000e+00 -8.865856365856364819e-04
6.000000000000000000e+00 1.886419136419136260e-03
7.000000000000000000e+00 -1.178765678765678667e-03
8.000000000000000000e+00 -8.016705516705515669e-04
9.000000000000000000e+00 3.800699300699300360e-03
1.000000000000000000e+01 1.883394383394383284e-04
1.100000000000000000e+01 7.489454989454988419e-04
1.200000000000000000e+01 -1.652236652236652018e-04
1.300000000000000000e+01 -1.450355200355200273e-03
1.000000000000000000e+00 -3.836441336441336167e-04
2.000000000000000000e+00 -5.196747696747695822e-04
3.000000000000000000e+00 -5.273892773892773075e-04
4.000000000000000000e+00 -3.778166278166277892e-04
5.000000000000000000e+00 -4.920912420912420746e-04
6.000000000000000000e+00 1.525224775224775153e-03
7.000000000000000000e+00 -7.441447441447440574e-04
8.000000000000000000e+00 -5.617160617160617047e-04
9.000000000000000000e+00 8.806166056166055134e-03
1.000000000000000000e+01 5.244477744477743985e-04
1.100000000000000000e+01 8.668553668553667570e-04
1.200000000000000000e+01 2.739760239760239595e-04
1.300000000000000000e+01 -9.269064269064268948e-04
1.000000000000000000e+00 -9.610944610944610177e-04
2.000000000000000000e+00 -8.598068598068597844e-04
3.000000000000000000e+00 -7.877677877677877237e-04
4.000000000000000000e+00 -8.482628482628482187e-04
5.000000000000000000e+00 -5.430680430680430134e-04
6.000000000000000000e+00 2.377122877122877110e-03
7.000000000000000000e+00 -1.103951603951603940e-03
8.000000000000000000e+00 -7.491119991119990842e-04
9.000000000000000000e+00 7.119408369408369158e-03
1.000000000000000000e+01 1.163031413031413025e-03
1.100000000000000000e+01 5.105727605727605235e-04
1.200000000000000000e+01 4.961982461982461382e-04
1.300000000000000000e+01 -1.255355755355755257e-03
1.000000000000000000e+00 -1.238317238317238186e-03
2.000000000000000000e+00 -1.473748473748473595e-03
3.000000000000000000e+00 -1.368131868131868120e-03
4.000000000000000000e+00 -1.299728049728049581e-03
5.000000000000000000e+00 -8.538406038406037369e-04
6.000000000000000000e+00 1.392496392496392387e-03
7.000000000000000000e+00 -1.328643578643578594e-03
8.000000000000000000e+00 -1.237678987678987510e-03
9.000000000000000000e+00 6.219225219225218808e-03
1.000000000000000000e+01 -1.041153291153291104e-03
1.100000000000000000e+01 6.654734154734154132e-04
1.200000000000000000e+01 -4.181929181929181926e-04
1.300000000000000000e+01 -1.706265956265956172e-03
1.000000000000000000e+00 -6.449661449661449547e-04
2.000000000000000000e+00 -8.232045732045731225e-04
3.000000000000000000e+00 -5.601620601620601290e-04
4.000000000000000000e+00 -4.023476523476522985e-04
5.000000000000000000e+00 1.506549006549006331e-04
6.000000000000000000e+00 2.020868020868020736e-03
7.000000000000000000e+00 -9.413919413919413694e-04
8.000000000000000000e+00 -6.604784104784104182e-04
9.000000000000000000e+00 9.163197913197912783e-03
1.000000000000000000e+01 -2.519702519702519429e-05
1.100000000000000000e+01 6.559829059829059335e-04
1.200000000000000000e+01 4.600122100122099739e-04
1.300000000000000000e+01 -9.991952491952491022e-04
1.000000000000000000e+00 -7.346264846264846096e-04
2.000000000000000000e+00 -7.108724608724608339e-04
3.000000000000000000e+00 -7.615162615162615048e-04
4.000000000000000000e+00 -9.659229659229658788e-04
5.000000000000000000e+00 -7.605450105450104522e-04
6.000000000000000000e+00 2.244505494505494216e-03
7.000000000000000000e+00 -1.103951603951603940e-03
8.000000000000000000e+00 -6.968031968031967484e-04
9.000000000000000000e+00 1.191389166389166324e-02
1.000000000000000000e+01 1.733821733821733658e-04
1.100000000000000000e+01 3.494283494283494172e-04
1.200000000000000000e+01 -5.031080031080030805e-05
1.300000000000000000e+01 -1.163503163503163459e-03
1.000000000000000000e+00 -3.930513930513930294e-04
2.000000000000000000e+00 -5.843878343878343385e-04
3.000000000000000000e+00 -2.211399711399711181e-04
4.000000000000000000e+00 -5.782550782550781570e-04
5.000000000000000000e+00 -5.766455766455766451e-04
6.000000000000000000e+00 9.533522033522033243e-04
7.000000000000000000e+00 -6.825951825951824970e-04
8.000000000000000000e+00 -5.566378066378065885e-04
9.000000000000000000e+00 1.217152292152292106e-02
1.000000000000000000e+01 1.187590187590187394e-03
1.100000000000000000e+01 9.923409923409923401e-04
1.200000000000000000e+01 6.970251970251969270e-04
1.300000000000000000e+01 -8.628593628593627827e-04
1.000000000000000000e+00 -5.364635364635363980e-04
2.000000000000000000e+00 -6.972749472749471822e-04
3.000000000000000000e+00 -4.391719391719391390e-04
4.000000000000000000e+00 -6.498501498501497520e-04
5.000000000000000000e+00 -4.812687312687312521e-04
6.000000000000000000e+00 9.340659340659340651e-04
7.000000000000000000e+00 -9.937284937284935650e-04
8.000000000000000000e+00 -6.751581751581751034e-04
9.000000000000000000e+00 6.627650127650127135e-03
1.000000000000000000e+01 9.220779220779220338e-04
1.100000000000000000e+01 1.146631146631146630e-03
1.200000000000000000e+01 3.123820623820623438e-04
1.300000000000000000e+01 -1.079614829614829533e-03
1.000000000000000000e+00 -5.439560439560439447e-04
2.000000000000000000e+00 -5.116550116550115570e-04
3.000000000000000000e+00 -6.537906537906537901e-04
4.000000000000000000e+00 -4.239926739926739435e-04
5.000000000000000000e+00 -1.853701853701853700e-04
6.000000000000000000e+00 6.905871905871905541e-04
7.000000000000000000e+00 -9.316516816516816346e-04
8.000000000000000000e+00 -7.273559773559773499e-04
9.000000000000000000e+00 8.998057498057496564e-03
1.000000000000000000e+01 1.420301920301920290e-03
1.100000000000000000e+01 1.852231102231102029e-03
1.200000000000000000e+01 3.570873570873570437e-04
1.300000000000000000e+01 -1.049506049506049397e-03
1.000000000000000000e+00 -6.859251859251858270e-04
2.000000000000000000e+00 -9.835997335997334091e-04
3.000000000000000000e+00 -4.055944055944055615e-04
4.000000000000000000e+00 -7.336829836829836336e-04
5.000000000000000000e+00 -3.096070596070595688e-04
6.000000000000000000e+00 1.328338328338328185e-03
7.000000000000000000e+00 -9.656177156177155789e-04
8.000000000000000000e+00 -7.290209790209790149e-04
9.000000000000000000e+00 1.189912864912864854e-02
1.000000000000000000e+01 8.860861360861360799e-04
1.100000000000000000e+01 1.281773781773781556e-04
1.200000000000000000e+01 4.323454323454323451e-04
1.300000000000000000e+01 -1.142995892995892892e-03
1.000000000000000000e+00 -4.113386613386613220e-04
2.000000000000000000e+00 -8.589466089466089296e-04
3.000000000000000000e+00 -7.228882228882228334e-04
4.000000000000000000e+00 -5.012210012210012097e-04
5.000000000000000000e+00 -8.749861249861249799e-04
6.000000000000000000e+00 1.273726273726273617e-03
7.000000000000000000e+00 -6.776001776001775020e-04
8.000000000000000000e+00 -8.379675879675879289e-04
9.000000000000000000e+00 4.445859695859695308e-03
1.000000000000000000e+01 3.616938616938616719e-04
1.100000000000000000e+01 1.521534021534021478e-03
1.200000000000000000e+01 2.212509712509712345e-04
1.300000000000000000e+01 -1.192834942834942753e-03
1.000000000000000000e+00 -4.838494838494838165e-04
2.000000000000000000e+00 -7.385669885669885392e-04
3.000000000000000000e+00 -6.342268842268841992e-04
4.000000000000000000e+00 -7.937062937062936948e-04
5.000000000000000000e+00 -5.724275724275723837e-04
6.000000000000000000e+00 1.556526806526806412e-03
7.000000000000000000e+00 -9.450549450549449674e-04
8.000000000000000000e+00 -7.590465090465090296e-04
9.000000000000000000e+00 3.605477855477855383e-03
1.000000000000000000e+01 6.434676434676434237e-04
1.100000000000000000e+01 9.840992340992339195e-04
1.200000000000000000e+01 1.258741258741258686e-04
1.300000000000000000e+01 -1.137917637917637776e-03
1.000000000000000000e+00 -5.621323121323120939e-04
2.000000000000000000e+00 -5.638528138528138035e-04
3.000000000000000000e+00 -6.869241869241868477e-04
4.000000000000000000e+00 -6.144688644688643979e-04
5.000000000000000000e+00 -6.699689199689198979e-04
6.000000000000000000e+00 1.262792762792762759e-03
7.000000000000000000e+00 -7.157564657564657396e-04
8.000000000000000000e+00 -1.558719058719058609e-04
9.000000000000000000e+00 6.267066267066266627e-03
1.000000000000000000e+01 8.166833166833166555e-05
1.100000000000000000e+01 8.562826062826062439e-04
1.200000000000000000e+01 3.281718281718281390e-04
1.300000000000000000e+01 -1.054445554445554347e-03
1.000000000000000000e+00 -3.827838827838827619e-04
2.000000000000000000e+00 -4.364801864801864310e-04
3.000000000000000000e+00 -5.795315795315795094e-04
4.000000000000000000e+00 4.323176823176822685e-04
5.000000000000000000e+00 -1.932234432234432070e-04
6.000000000000000000e+00 1.282911532911532905e-03
7.000000000000000000e+00 -8.253690753690752979e-04
8.000000000000000000e+00 -6.128871128871128541e-04
9.000000000000000000e+00 8.188977688977687464e-03
1.000000000000000000e+01 1.016011766011765995e-03
1.100000000000000000e+01 1.274891774891774880e-03
1.200000000000000000e+01 4.600677100677100185e-04
1.300000000000000000e+01 -9.265734265734265184e-04
1.000000000000000000e+00 -3.593628593628593625e-05
2.000000000000000000e+00 -2.175324675324675106e-04
3.000000000000000000e+00 -2.407592407592407536e-04
4.000000000000000000e+00 -3.334443334443334115e-04
5.000000000000000000e+00 -1.693584193584193420e-04
6.000000000000000000e+00 1.656621156621156414e-03
7.000000000000000000e+00 -4.950327450327449835e-04
8.000000000000000000e+00 -3.408535908535908370e-04
9.000000000000000000e+00 5.150238650238649941e-03
1.000000000000000000e+01 1.051448551448551285e-03
1.100000000000000000e+01 4.923409923409923297e-04
1.200000000000000000e+01 8.793706293706292669e-04
1.300000000000000000e+01 -6.619769119769119492e-04
1.000000000000000000e+00 -1.748251748251748250e-04
2.000000000000000000e+00 -5.646853146853145818e-04
3.000000000000000000e+00 -9.362859362859362038e-05
4.000000000000000000e+00 -4.556277056277055785e-04
5.000000000000000000e+00 -5.051892551892551075e-04
6.000000000000000000e+00 1.205572205572205549e-03
7.000000000000000000e+00 -7.045732045732045184e-04
8.000000000000000000e+00 -2.244699744699744481e-04
9.000000000000000000e+00 3.081057831057830952e-03
1.000000000000000000e+01 5.653790653790653027e-04
1.100000000000000000e+01 1.008352758352758314e-03
1.200000000000000000e+01 1.936119436119436009e-04
1.300000000000000000e+01 -8.614163614163614048e-04
1.000000000000000000e+00 -6.089743589743588925e-04
2.000000000000000000e+00 -8.055555555555554519e-04
3.000000000000000000e+00 -7.903485403485402882e-04
4.000000000000000000e+00 -7.897380397380396886e-04
5.000000000000000000e+00 -3.245365745365745092e-04
6.000000000000000000e+00 2.159756909756909652e-03
7.000000000000000000e+00 -1.015123765123765063e-03
8.000000000000000000e+00 -7.247474747474747089e-04
9.000000000000000000e+00 8.129120879120878621e-03
1.000000000000000000e+01 8.316683316683316134e-04
1.100000000000000000e+01 5.910755910755910751e-04
1.200000000000000000e+01 -1.590631590631590522e-04
1.300000000000000000e+01 -1.257437007437007311e-03
1.000000000000000000e+00 -1.915029415029414974e-04
2.000000000000000000e+00 -3.787601287601287110e-04
3.000000000000000000e+00 -1.759074259074258856e-04
4.000000000000000000e+00 -9.715284715284714734e-05
5.000000000000000000e+00 -2.388999888999888781e-04
6.000000000000000000e+00 2.361860361860361468e-03
7.000000000000000000e+00 -5.552503052503051468e-04
8.000000000000000000e+00 -3.819236319236319070e-04
9.000000000000000000e+00 9.705350205350205331e-03
1.000000000000000000e+01 6.955821955821955491e-04
1.100000000000000000e+01 1.427738927738927575e-03
1.200000000000000000e+01 4.921189921189920427e-04
1.300000000000000000e+01 -7.655955155955154919e-04
1.000000000000000000e+00 -5.763125763125762687e-04
2.000000000000000000e+00 -1.020285270285270192e-03
3.000000000000000000e+00 -1.061965811965811862e-03
4.000000000000000000e+00 -9.802142302142301429e-04
5.000000000000000000e+00 -8.069430569430568936e-04
6.000000000000000000e+00 5.603008103008102949e-04
7.000000000000000000e+00 -1.189532689532689499e-03
8.000000000000000000e+00 -1.030469530469530284e-03
9.000000000000000000e+00 2.163702963702963597e-02
1.000000000000000000e+01 -3.056388056388056169e-04
1.100000000000000000e+01 6.565101565101564120e-04
1.200000000000000000e+01 -2.533855033855033799e-04
1.300000000000000000e+01 -1.352702852702852669e-03
1.000000000000000000e+00 -4.169996669996669614e-04
2.000000000000000000e+00 -6.122766122766122544e-04
3.000000000000000000e+00 -4.501054501054501051e-04
4.000000000000000000e+00 -5.911033411033410432e-04
5.000000000000000000e+00 -4.856254856254856251e-04
6.000000000000000000e+00 9.729159729159729151e-04
7.000000000000000000e+00 -8.405760905760905699e-04
8.000000000000000000e+00 -6.269008769008768949e-04
9.000000000000000000e+00 1.316250416250416139e-02
1.000000000000000000e+01 4.117826617826617335e-04
1.100000000000000000e+01 8.255633255633255084e-04
1.200000000000000000e+01 6.360028860028859535e-04
1.300000000000000000e+01 -9.493284493284492734e-04
1.000000000000000000e+00 -6.403596403596402723e-04
2.000000000000000000e+00 -8.963258963258963251e-04
3.000000000000000000e+00 -6.605061605061604947e-04
4.000000000000000000e+00 -6.792096792096791224e-04
5.000000000000000000e+00 -5.704850704850703870e-04
6.000000000000000000e+00 2.193750693750693564e-03
7.000000000000000000e+00 -1.091769341769341590e-03
8.000000000000000000e+00 -8.603341103341102629e-04
9.000000000000000000e+00 4.927960927960927176e-03
1.000000000000000000e+01 6.093906093906093359e-05
1.100000000000000000e+01 7.990342990342989577e-04
1.200000000000000000e+01 7.882117882117881894e-04
1.300000000000000000e+01 -1.198329448329448150e-03
