1.000000000000000000e+00 -4.176669540706893905e-04
2.000000000000000000e+00 -6.315988581261394079e-04
3.000000000000000000e+00 -3.911180655286057399e-04
4.000000000000000000e+00 2.093401648691816731e-04
5.000000000000000000e+00 -6.291685495176103883e-04
6.000000000000000000e+00 -6.161338989252862497e-04
7.000000000000000000e+00 -1.648260708090291016e-04
8.000000000000000000e+00 1.820528057840193649e-03
9.000000000000000000e+00 -6.514591277932675704e-04
1.000000000000000000e+01 -6.518187745265708894e-04
1.100000000000000000e+01 -6.100763479027992119e-04
1.200000000000000000e+01 -6.412323641711302523e-04
1.300000000000000000e+01 -5.544145575985344378e-04
1.400000000000000000e+01 -5.401711780805064931e-04
1.500000000000000000e+01 -6.533828828892223294e-04
1.600000000000000000e+01 -6.554949561228062089e-04
1.700000000000000000e+01 -6.458459934759139829e-04
1.800000000000000000e+01 -6.494101210254535524e-04
1.900000000000000000e+01 -6.510808724135587738e-04
2.000000000000000000e+01 -6.395030854050465664e-04
2.100000000000000000e+01 1.735374524143475181e-03
2.200000000000000000e+01 -6.193140627407853725e-04
2.300000000000000000e+01 4.943629747964957931e-03
2.400000000000000000e+01 2.886001826720850649e-03
2.500000000000000000e+01 -6.067813889044913235e-04
2.600000000000000000e+01 -6.051558607995362674e-04
2.700000000000000000e+01 -4.842579261777731287e-04
2.800000000000000000e+01 2.336598354829546014e-03
2.900000000000000000e+01 -6.077721000813475277e-04
3.000000000000000000e+01 -6.437049817188868900e-04
1.000000000000000000e+00 -3.061485633500921717e-04
2.000000000000000000e+00 -6.466668869399940563e-04
3.000000000000000000e+00 -4.832691424272449898e-05
4.000000000000000000e+00 2.098531468220971486e-04
5.000000000000000000e+00 -6.233035348874033229e-04
6.000000000000000000e+00 -6.676439344098070074e-04
7.000000000000000000e+00 8.671686520746230327e-05
8.000000000000000000e+00 1.222923828674746770e-03
9.000000000000000000e+00 -6.821916714976788195e-04
1.000000000000000000e+01 -6.868328486151178058e-04
1.100000000000000000e+01 -5.678865780250025135e-04
1.200000000000000000e+01 -6.528801436277872862e-04
1.300000000000000000e+01 -6.561144843073577404e-04
1.400000000000000000e+01 -3.565094528271485789e-04
1.500000000000000000e+01 -6.798688588084540697e-04
1.600000000000000000e+01 -6.805460392133659249e-04
1.700000000000000000e+01 -6.700600596109445358e-04
1.800000000000000000e+01 -6.832470501242718115e-04
1.900000000000000000e+01 -6.852679238645120567e-04
2.000000000000000000e+01 -6.655303028473880155e-04
2.100000000000000000e+01 3.667259296038884349e-03
2.200000000000000000e+01 -6.531514462291511045e-04
2.300000000000000000e+01 3.532861813176461918e-03
2.400000000000000000e+01 1.962871176480442386e-03
2.500000000000000000e+01 -6.242247012324172312e-04
2.600000000000000000e+01 -6.325755588781036476e-04
2.700000000000000000e+01 -4.889919754819384247e-04
2.800000000000000000e+01 2.965511383897082628e-03
2.900000000000000000e+01 -6.330545945608113652e-04
3.000000000000000000e+01 -6.727660721993729883e-04
1.000000000000000000e+00 -3.229589428979758774e-04
2.000000000000000000e+00 -5.771272429536893718e-04
3.000000000000000000e+00 -5.563316938779457662e-05
4.000000000000000000e+00 -1.485918701289374092e-04
5.000000000000000000e+00 -6.742722270373468878e-04
6.000000000000000000e+00 -6.769969510756998791e-04
7.000000000000000000e+00 -2.097805705300484307e-04
8.000000000000000000e+00 7.780471894662024110e-04
9.000000000000000000e+00 -6.716723968391730701e-04
1.000000000000000000e+01 -6.840623024700772346e-04
1.100000000000000000e+01 -6.562871917045569325e-04
1.200000000000000000e+01 -6.721943090775841460e-04
1.300000000000000000e+01 -6.494793034224056972e-04
1.400000000000000000e+01 -3.426776424670191458e-04
1.500000000000000000e+01 -6.847741782088205033e-04
1.600000000000000000e+01 -6.720474626243908879e-04
1.700000000000000000e+01 -6.720711631023880374e-04
1.800000000000000000e+01 -6.869512480129338558e-04
1.900000000000000000e+01 -6.787323086425701936e-04
2.000000000000000000e+01 -6.486752685962391416e-04
2.100000000000000000e+01 3.369368723292520684e-03
2.200000000000000000e+01 -6.132736867227503962e-04
2.300000000000000000e+01 4.702306041992196026e-03
2.400000000000000000e+01 3.066599658516720901e-03
2.500000000000000000e+01 -6.384498050647619515e-04
2.600000000000000000e+01 -6.434447527128353810e-04
2.700000000000000000e+01 -3.579443381378152877e-04
2.800000000000000000e+01 2.018589983928709662e-03
2.900000000000000000e+01 -6.575118895639374319e-04
3.000000000000000000e+01 -6.774639316059820294e-04
1.000000000000000000e+00 -1.500062691506102465e-04
2.000000000000000000e+00 -6.209039578591791413e-04
3.000000000000000000e+00 2.579992611534612365e-04
4.000000000000000000e+00 -5.026257168941388126e-04
5.000000000000000000e+00 -6.710476366950119537e-04
6.000000000000000000e+00 -5.000122164163323200e-04
7.000000000000000000e+00 1.210387865550318156e-04
8.000000000000000000e+00 8.092052929033547977e-04
9.000000000000000000e+00 -6.737838308874780253e-04
1.000000000000000000e+01 -6.793076381554131495e-04
1.100000000000000000e+01 -6.590931193424792852e-04
1.200000000000000000e+01 -6.705985076501807954e-04
1.300000000000000000e+01 -5.847174717054623482e-04
1.400000000000000000e+01 -2.250627557126297568e-04
1.500000000000000000e+01 -6.764784613669303339e-04
1.600000000000000000e+01 -6.687816991786996569e-04
1.700000000000000000e+01 -6.590996398494638987e-04
1.800000000000000000e+01 -6.737642966800377236e-04
1.900000000000000000e+01 -6.784051300478409659e-04
2.000000000000000000e+01 -6.759220140198782733e-04
2.100000000000000000e+01 1.890534679799229416e-03
2.200000000000000000e+01 -6.198662246551005705e-04
2.300000000000000000e+01 4.903564136111011364e-03
2.400000000000000000e+01 2.055149523520964899e-03
2.500000000000000000e+01 -6.409612533185592761e-04
2.600000000000000000e+01 -5.932770045479489503e-04
2.700000000000000000e+01 -4.178087937455243674e-04
2.800000000000000000e+01 3.476087915107712797e-03
2.900000000000000000e+01 -6.507068260197018846e-04
3.000000000000000000e+01 -6.507525258175255812e-04
1.000000000000000000e+00 -3.763997781778844615e-04
2.000000000000000000e+00 -6.558800855076004190e-04
3.000000000000000000e+00 1.036709750266799070e-04
4.000000000000000000e+00 -2.341794354441317837e-04
5.000000000000000000e+00 -6.771971072591430156e-04
6.000000000000000000e+00 -6.382120668149749744e-04
7.000000000000000000e+00 -2.558005033100177244e-04
8.000000000000000000e+00 9.688284663977744880e-04
9.000000000000000000e+00 -6.756635641897250615e-04
1.000000000000000000e+01 -6.871368999908016939e-04
1.100000000000000000e+01 -6.666746818912118108e-04
1.200000000000000000e+01 -6.651908390270590580e-04
1.300000000000000000e+01 -6.600202215403615626e-04
1.400000000000000000e+01 -1.036563355806041154e-04
1.500000000000000000e+01 -6.805543225274741188e-04
1.600000000000000000e+01 -6.802160231034319084e-04
1.700000000000000000e+01 -6.631247622070735688e-04
1.800000000000000000e+01 -6.808871588842985417e-04
1.900000000000000000e+01 -6.761952302836575805e-04
2.000000000000000000e+01 -6.786682466266912928e-04
2.100000000000000000e+01 3.018129699318292114e-03
2.200000000000000000e+01 -6.069325230464138205e-04
2.300000000000000000e+01 3.978216596729733032e-03
2.400000000000000000e+01 3.266402548531209885e-03
2.500000000000000000e+01 -6.191803597644201769e-04
2.600000000000000000e+01 -5.941576334472696780e-04
2.700000000000000000e+01 -3.860697105755076745e-04
2.800000000000000000e+01 2.493141670672647560e-03
2.900000000000000000e+01 -6.583427739296901027e-04
3.000000000000000000e+01 -6.500529584354053977e-04
1.000000000000000000e+00 -4.975204649023579236e-04
2.000000000000000000e+00 -6.174148617065141351e-04
3.000000000000000000e+00 -1.450125947393153861e-04
4.000000000000000000e+00 -4.906058583514980292e-04
5.000000000000000000e+00 -6.504603017327495202e-04
6.000000000000000000e+00 -6.247941119193475097e-04
7.000000000000000000e+00 -3.966691678925687642e-04
8.000000000000000000e+00 1.332637835232311063e-03
9.000000000000000000e+00 -6.436615049146765999e-04
1.000000000000000000e+01 -6.512563538332922152e-04
1.100000000000000000e+01 -6.080433381247385546e-04
1.200000000000000000e+01 -6.329171338012043674e-04
1.300000000000000000e+01 -5.165600354368238322e-04
1.400000000000000000e+01 2.531812539698540454e-04
1.500000000000000000e+01 -6.463102181183980012e-04
1.600000000000000000e+01 -6.452334811643140608e-04
1.700000000000000000e+01 -6.381589220402796286e-04
1.800000000000000000e+01 -6.527510749037968409e-04
1.900000000000000000e+01 -6.357322972093569155e-04
2.000000000000000000e+01 -6.527665705969536289e-04
2.100000000000000000e+01 2.675184492485655277e-03
2.200000000000000000e+01 -5.936972740843073516e-04
2.300000000000000000e+01 4.700906922680258074e-03
2.400000000000000000e+01 3.729984777592389340e-03
2.500000000000000000e+01 -5.876123646390780985e-04
2.600000000000000000e+01 -6.038347305997653980e-04
2.700000000000000000e+01 -4.628932095505125500e-04
2.800000000000000000e+01 1.067555482750182257e-03
2.900000000000000000e+01 -6.208458829054133536e-04
3.000000000000000000e+01 -6.026910625053107486e-04
1.000000000000000000e+00 -3.446365471195910043e-04
2.000000000000000000e+00 -6.235070461210244584e-04
3.000000000000000000e+00 -1.173077420647680253e-04
4.000000000000000000e+00 -2.604555587330219116e-04
5.000000000000000000e+00 -6.459198365596591175e-04
6.000000000000000000e+00 -5.994247666860474250e-04
7.000000000000000000e+00 -3.373343968347177618e-04
8.000000000000000000e+00 1.492630385449499790e-03
9.000000000000000000e+00 -6.729606745468096930e-04
1.000000000000000000e+01 -6.775954675214327207e-04
1.100000000000000000e+01 -6.389505192284275058e-04
1.200000000000000000e+01 -6.370065538107941728e-04
1.300000000000000000e+01 -5.694551225799169896e-04
1.400000000000000000e+01 -5.180089458018585216e-04
1.500000000000000000e+01 -6.746502399359538635e-04
1.600000000000000000e+01 -6.746365364239994547e-04
1.700000000000000000e+01 -6.703675300046396234e-04
1.800000000000000000e+01 -6.765013062733485133e-04
1.900000000000000000e+01 -6.690010781064536106e-04
2.000000000000000000e+01 -6.483148234241969780e-04
2.100000000000000000e+01 2.426871464214754893e-03
2.200000000000000000e+01 -5.952841301672596357e-04
2.300000000000000000e+01 4.920368506647475326e-03
2.400000000000000000e+01 2.764225816828157992e-03
2.500000000000000000e+01 -5.943832067409560377e-04
2.600000000000000000e+01 -5.664733143228891776e-04
2.700000000000000000e+01 -5.193874020631590854e-04
2.800000000000000000e+01 2.590603865200597714e-03
2.900000000000000000e+01 -6.495720739620929138e-04
3.000000000000000000e+01 -6.576486585654141596e-04
1.000000000000000000e+00 -3.765286055072186353e-04
2.000000000000000000e+00 -6.421816954408349340e-04
3.000000000000000000e+00 -2.815938786301534010e-04
4.000000000000000000e+00 -1.855169145161802491e-04
5.000000000000000000e+00 -6.791213471442475707e-04
6.000000000000000000e+00 -6.798324492360878967e-04
7.000000000000000000e+00 3.050721982605970950e-06
8.000000000000000000e+00 2.947910942520630320e-03
9.000000000000000000e+00 -6.798865775403768394e-04
1.000000000000000000e+01 -6.937957658773513192e-04
1.100000000000000000e+01 -6.752124368098833072e-04
1.200000000000000000e+01 -6.557085306943782714e-04
1.300000000000000000e+01 -6.764442406610441565e-04
1.400000000000000000e+01 -1.646229693836172791e-04
1.500000000000000000e+01 -6.954892255818054952e-04
1.600000000000000000e+01 -6.873499398763029469e-04
1.700000000000000000e+01 -6.878077244890100405e-04
1.800000000000000000e+01 -6.984439362976356492e-04
1.900000000000000000e+01 -6.979985790007041738e-04
2.000000000000000000e+01 -6.715693930312882946e-04
2.100000000000000000e+01 2.607399186806023603e-03
2.200000000000000000e+01 -6.370123374804439326e-04
2.300000000000000000e+01 3.146826210611166665e-03
2.400000000000000000e+01 3.633091191652927220e-03
2.500000000000000000e+01 -6.392518920024287035e-04
2.600000000000000000e+01 -6.538965207616668097e-04
2.700000000000000000e+01 -5.903955677758371571e-04
2.800000000000000000e+01 2.015656239880950825e-03
2.900000000000000000e+01 -6.406322845505706349e-04
3.000000000000000000e+01 -6.823541034304772155e-04
1.000000000000000000e+00 -2.044181035851680244e-04
2.000000000000000000e+00 -6.286661236465765400e-04
3.000000000000000000e+00 2.569631144295538038e-04
4.000000000000000000e+00 -2.155314000630503487e-04
5.000000000000000000e+00 -6.611855106476512318e-04
6.000000000000000000e+00 -6.512955465106201559e-04
7.000000000000000000e+00 -1.711249898150503542e-04
8.000000000000000000e+00 2.868136430676440987e-03
9.000000000000000000e+00 -6.648158083198566024e-04
1.000000000000000000e+01 -6.616800207569254692e-04
1.100000000000000000e+01 -6.583007521158353329e-04
1.200000000000000000e+01 -6.633006290518156508e-04
1.300000000000000000e+01 -6.559216382786171992e-04
1.400000000000000000e+01 -3.784326250738647909e-04
1.500000000000000000e+01 -6.744361830833264316e-04
1.600000000000000000e+01 -6.775914990440730585e-04
1.700000000000000000e+01 -6.618883887832416194e-04
1.800000000000000000e+01 -6.773278883032585618e-04
1.900000000000000000e+01 -6.704252971742467914e-04
2.000000000000000000e+01 -6.533220916105433873e-04
2.100000000000000000e+01 2.817603305643351028e-03
2.200000000000000000e+01 -6.065866790565163083e-04
2.300000000000000000e+01 4.573027810959285309e-03
2.400000000000000000e+01 2.215148938572140697e-03
2.500000000000000000e+01 -6.134359545553552890e-04
2.600000000000000000e+01 -6.313772416048904143e-04
2.700000000000000000e+01 -4.985723954583549423e-04
2.800000000000000000e+01 1.157844840664628075e-03
2.900000000000000000e+01 -6.718938283839073810e-04
3.000000000000000000e+01 -6.629920194626558226e-04
1.000000000000000000e+00 -3.714851648952696510e-04
2.000000000000000000e+00 -6.369425723014883597e-04
3.000000000000000000e+00 7.136579721600767791e-05
4.000000000000000000e+00 -1.948810220482958535e-04
5.000000000000000000e+00 -6.621477173754847277e-04
6.000000000000000000e+00 -6.752750212845405652e-04
7.000000000000000000e+00 -3.415417867340242290e-04
8.000000000000000000e+00 8.553930460374713348e-04
9.000000000000000000e+00 -6.818030244021060183e-04
1.000000000000000000e+01 -6.760990258779937508e-04
1.100000000000000000e+01 -5.775874320914898240e-04
1.200000000000000000e+01 -6.675751606529315004e-04
1.300000000000000000e+01 -6.414758592552078590e-04
1.400000000000000000e+01 -2.359285481595281802e-04
1.500000000000000000e+01 -6.696423728002226820e-04
1.600000000000000000e+01 -6.814549568626342233e-04
1.700000000000000000e+01 -6.762791512277723915e-04
1.800000000000000000e+01 -6.760408703713720194e-04
1.900000000000000000e+01 -6.820717811326319074e-04
2.000000000000000000e+01 -6.571804420313977517e-04
2.100000000000000000e+01 2.227289361959604568e-03
2.200000000000000000e+01 -6.385710729135685160e-04
2.300000000000000000e+01 5.626601228753040120e-03
2.400000000000000000e+01 3.241659629050289322e-03
2.500000000000000000e+01 -5.800771687442877718e-04
2.600000000000000000e+01 -5.921681314672440051e-04
2.700000000000000000e+01 -4.093114804400117064e-04
2.800000000000000000e+01 1.840909545614304987e-03
2.900000000000000000e+01 -6.293914576484960091e-04
3.000000000000000000e+01 -6.440549678882420172e-04
1.000000000000000000e+00 -3.288016611921328221e-04
2.000000000000000000e+00 -6.716656046987241457e-04
3.000000000000000000e+00 -3.166802581582980262e-04
4.000000000000000000e+00 -1.873195325549318756e-04
5.000000000000000000e+00 -6.885030143357577645e-04
6.000000000000000000e+00 -6.787026674942886776e-04
7.000000000000000000e+00 8.391334420380127919e-04
8.000000000000000000e+00 3.126106660045104967e-03
9.000000000000000000e+00 -6.810211774237550199e-04
1.000000000000000000e+01 -6.948287058103034142e-04
1.100000000000000000e+01 -6.688818034168861554e-04
1.200000000000000000e+01 -6.649716585029098476e-04
1.300000000000000000e+01 -6.722083462929162026e-04
1.400000000000000000e+01 -2.877743024684541726e-04
1.500000000000000000e+01 -6.946908357795227159e-04
1.600000000000000000e+01 -6.936859505912291958e-04
1.700000000000000000e+01 -6.465090612861182969e-04
1.800000000000000000e+01 -7.004704034826286221e-04
1.900000000000000000e+01 -6.843543100406267177e-04
2.000000000000000000e+01 -6.494606118125956272e-04
2.100000000000000000e+01 1.464776322718960378e-03
2.200000000000000000e+01 -6.546338239756462367e-04
2.300000000000000000e+01 1.764105372836609212e-03
2.400000000000000000e+01 1.227074911428431732e-03
2.500000000000000000e+01 -6.682295971766882012e-04
2.600000000000000000e+01 -6.398441456181803641e-04
2.700000000000000000e+01 -3.200004864520395917e-04
2.800000000000000000e+01 5.823376218316560909e-03
2.900000000000000000e+01 -6.782023400935781191e-04
3.000000000000000000e+01 -6.910190942347652467e-04
1.000000000000000000e+00 -4.770846171494292861e-04
2.000000000000000000e+00 -6.101153773836078117e-04
3.000000000000000000e+00 -2.169402658529528179e-04
4.000000000000000000e+00 -6.931013760390445245e-05
5.000000000000000000e+00 -6.598546184574911400e-04
6.000000000000000000e+00 -6.438732713555019721e-04
7.000000000000000000e+00 -4.544930775853722499e-04
8.000000000000000000e+00 1.832656673789943543e-03
9.000000000000000000e+00 -6.359465594524091759e-04
1.000000000000000000e+01 -6.645819766350289509e-04
1.100000000000000000e+01 -6.423368555335979288e-04
1.200000000000000000e+01 -6.454812578587907929e-04
1.300000000000000000e+01 -6.491361570344296493e-04
1.400000000000000000e+01 -3.079480410126984999e-04
1.500000000000000000e+01 -6.565151995183958217e-04
1.600000000000000000e+01 -6.570589993791562224e-04
1.700000000000000000e+01 -6.144664987279706324e-04
1.800000000000000000e+01 -6.584253717458856195e-04
1.900000000000000000e+01 -6.552037511949297547e-04
2.000000000000000000e+01 -6.552299009783437008e-04
2.100000000000000000e+01 2.690066045986782162e-03
2.200000000000000000e+01 -5.989199545362252925e-04
2.300000000000000000e+01 4.822470820492016919e-03
2.400000000000000000e+01 2.468951376814429964e-03
2.500000000000000000e+01 -6.309752799068518020e-04
2.600000000000000000e+01 -5.555449842241520948e-04
2.700000000000000000e+01 -2.793963618162902595e-04
2.800000000000000000e+01 2.083915965744604498e-03
2.900000000000000000e+01 -6.400577245336844332e-04
3.000000000000000000e+01 -6.423456098289945975e-04
1.000000000000000000e+00 -1.024843869444027651e-04
2.000000000000000000e+00 -6.360934336210108528e-04
3.000000000000000000e+00 2.933593741664569405e-05
4.000000000000000000e+00 2.318022781685634610e-04
5.000000000000000000e+00 -6.708473725446506422e-04
6.000000000000000000e+00 -6.844998251206889850e-04
7.000000000000000000e+00 -3.610439265131282281e-04
8.000000000000000000e+00 9.024701535948341687e-04
9.000000000000000000e+00 -6.917172304137470060e-04
1.000000000000000000e+01 -6.829634406041041727e-04
1.100000000000000000e+01 -6.302441398135294253e-04
1.200000000000000000e+01 -6.734280645082464049e-04
1.300000000000000000e+01 -6.399575197352814224e-04
1.400000000000000000e+01 -4.010028472090613355e-04
1.500000000000000000e+01 -6.729530929015549445e-04
1.600000000000000000e+01 -6.921814302522596475e-04
1.700000000000000000e+01 -6.856012190813438704e-04
1.800000000000000000e+01 -6.914823033662262277e-04
1.900000000000000000e+01 -6.915203879055601506e-04
2.000000000000000000e+01 -6.441603246249570820e-04
2.100000000000000000e+01 2.404138058434071926e-03
2.200000000000000000e+01 -6.531648204415944599e-04
2.300000000000000000e+01 4.111189706075389465e-03
2.400000000000000000e+01 3.966724589967119026e-03
2.500000000000000000e+01 -6.003488990006759915e-04
2.600000000000000000e+01 -6.221400255854295843e-04
2.700000000000000000e+01 -5.812823157078487752e-04
2.800000000000000000e+01 2.345745506419686342e-03
2.900000000000000000e+01 -6.365334708513196299e-04
3.000000000000000000e+01 -6.749571638847553850e-04
1.000000000000000000e+00 -6.421552924084738927e-04
2.000000000000000000e+00 -6.352753937730958684e-04
3.000000000000000000e+00 -1.647540550990954540e-04
4.000000000000000000e+00 -4.888734240620117629e-04
5.000000000000000000e+00 -6.631756958962151160e-04
6.000000000000000000e+00 -6.607079423450746549e-04
7.000000000000000000e+00 -6.611451934910931563e-05
8.000000000000000000e+00 3.205768076428437696e-03
9.000000000000000000e+00 -6.664217639515214496e-04
1.000000000000000000e+01 -6.730956795374809379e-04
1.100000000000000000e+01 -6.407373226135973506e-04
1.200000000000000000e+01 -6.367818119296889557e-04
1.300000000000000000e+01 -6.497901219076569540e-04
1.400000000000000000e+01 -3.700912370913784491e-04
1.500000000000000000e+01 -6.744909562105472949e-04
1.600000000000000000e+01 -6.740502262295875119e-04
1.700000000000000000e+01 -6.678167225647994474e-04
1.800000000000000000e+01 -6.705103824318726577e-04
1.900000000000000000e+01 -6.716666342009608610e-04
2.000000000000000000e+01 -6.677154367663622669e-04
2.100000000000000000e+01 1.879952388849132202e-03
2.200000000000000000e+01 -6.187451297966264354e-04
2.300000000000000000e+01 2.742358348362759074e-03
2.400000000000000000e+01 2.444611076655626904e-03
2.500000000000000000e+01 -6.185223753359908420e-04
2.600000000000000000e+01 -6.042834187651050046e-04
2.700000000000000000e+01 -2.434214086108124891e-04
2.800000000000000000e+01 4.074450779582153466e-03
2.900000000000000000e+01 -6.468954055767777616e-04
3.000000000000000000e+01 -6.584258142470687759e-04
1.000000000000000000e+00 -4.874623682619179518e-04
2.000000000000000000e+00 -6.352281702029317694e-04
3.000000000000000000e+00 1.319604299102422021e-04
4.000000000000000000e+00 -4.723367890834098454e-04
5.000000000000000000e+00 -6.424727393054766988e-04
6.000000000000000000e+00 -6.632704295405910137e-04
7.000000000000000000e+00 2.997519028996808131e-04
8.000000000000000000e+00 1.536862001943263426e-03
9.000000000000000000e+00 -6.733655896760881113e-04
1.000000000000000000e+01 -6.691733418608661246e-04
1.100000000000000000e+01 -6.564707976356189394e-04
1.200000000000000000e+01 -6.611615757742564598e-04
1.300000000000000000e+01 -5.716027945218220795e-04
1.400000000000000000e+01 -4.765340218668663108e-04
1.500000000000000000e+01 -6.628672643691890104e-04
1.600000000000000000e+01 -6.727159098355037573e-04
1.700000000000000000e+01 -6.601659358492479148e-04
1.800000000000000000e+01 -6.711717270299516784e-04
1.900000000000000000e+01 -6.695041790595789239e-04
2.000000000000000000e+01 -6.467804670643835995e-04
2.100000000000000000e+01 3.051773663345393184e-03
2.200000000000000000e+01 -6.253629917127800052e-04
2.300000000000000000e+01 3.816209942878008837e-03
2.400000000000000000e+01 2.451521644811950704e-03
2.500000000000000000e+01 -5.766705526281898928e-04
2.600000000000000000e+01 -6.367100310745739790e-04
2.700000000000000000e+01 -4.866837627384486427e-04
2.800000000000000000e+01 2.886229242344477957e-03
2.900000000000000000e+01 -6.413956704434055529e-04
3.000000000000000000e+01 -6.305606613613057342e-04
1.000000000000000000e+00 -3.761711385759283614e-04
2.000000000000000000e+00 -6.145973776576253711e-04
3.000000000000000000e+00 5.017733989499514793e-04
4.000000000000000000e+00 1.313309560962716842e-04
5.000000000000000000e+00 -6.453786652165955122e-04
6.000000000000000000e+00 -6.499850198629302618e-04
7.000000000000000000e+00 -5.411333483617144320e-04
8.000000000000000000e+00 1.861905354215162263e-03
9.000000000000000000e+00 -6.595696618245979869e-04
1.000000000000000000e+01 -6.598173653861445602e-04
1.100000000000000000e+01 -6.387961316794202576e-04
1.200000000000000000e+01 -6.444626747660866985e-04
1.300000000000000000e+01 -6.172322642968194580e-04
1.400000000000000000e+01 -5.356032162306209208e-04
1.500000000000000000e+01 -6.462310283620978672e-04
1.600000000000000000e+01 -6.607409858639879318e-04
1.700000000000000000e+01 -6.560748777190478134e-04
1.800000000000000000e+01 -6.603954592895758084e-04
1.900000000000000000e+01 -6.583941698724942978e-04
2.000000000000000000e+01 -6.361276969373557029e-04
2.100000000000000000e+01 3.523546466382102872e-03
2.200000000000000000e+01 -5.617345155779432256e-04
2.300000000000000000e+01 3.865070912066750648e-03
2.400000000000000000e+01 2.748630041192308415e-03
2.500000000000000000e+01 -5.704994627927249600e-04
2.600000000000000000e+01 -5.077005123185287811e-04
2.700000000000000000e+01 -3.841954170385115160e-04
2.800000000000000000e+01 1.108240287178932680e-03
2.900000000000000000e+01 -6.175321001831953534e-04
3.000000000000000000e+01 -6.390306247344078273e-04
1.000000000000000000e+00 -2.727562336130746608e-04
2.000000000000000000e+00 -6.029029594483133279e-04
3.000000000000000000e+00 -2.637567261694083237e-04
4.000000000000000000e+00 -1.517567573475997965e-05
5.000000000000000000e+00 -6.331100301575852927e-04
6.000000000000000000e+00 -6.095075999709234377e-04
7.000000000000000000e+00 -3.133420258520193467e-04
8.000000000000000000e+00 2.279619533748797420e-03
9.000000000000000000e+00 -6.679852650281558430e-04
1.000000000000000000e+01 -6.788171330799853617e-04
1.100000000000000000e+01 -6.522511222592923845e-04
1.200000000000000000e+01 -6.703708644855527980e-04
1.300000000000000000e+01 -6.715384488576539058e-04
1.400000000000000000e+01 -5.473957352296115672e-04
1.500000000000000000e+01 -6.794962757882564092e-04
1.600000000000000000e+01 -6.767350583706528526e-04
1.700000000000000000e+01 -6.609745799315137720e-04
1.800000000000000000e+01 -6.766990148613459934e-04
1.900000000000000000e+01 -6.766440822876727780e-04
2.000000000000000000e+01 -6.490743953110939988e-04
2.100000000000000000e+01 3.149429573074429521e-03
2.200000000000000000e+01 -5.656406739503837397e-04
2.300000000000000000e+01 2.271298480540730191e-03
2.400000000000000000e+01 3.671033887838318251e-03
2.500000000000000000e+01 -6.039234101711748277e-04
2.600000000000000000e+01 -6.185551374281874444e-04
2.700000000000000000e+01 -5.815565102521223469e-04
2.800000000000000000e+01 2.927483673869892000e-03
2.900000000000000000e+01 -6.644639039600681602e-04
3.000000000000000000e+01 -6.709478421388732558e-04
1.000000000000000000e+00 -2.003087312168664962e-04
2.000000000000000000e+00 -5.894416920345562977e-04
3.000000000000000000e+00 2.620881989528229140e-04
4.000000000000000000e+00 -5.156287406080307034e-04
5.000000000000000000e+00 -6.466085207768116619e-04
6.000000000000000000e+00 -6.342657702952496368e-04
7.000000000000000000e+00 -4.276298559908362721e-04
8.000000000000000000e+00 1.506722190194871407e-03
9.000000000000000000e+00 -6.535193806585431813e-04
1.000000000000000000e+01 -6.451646591183905549e-04
1.100000000000000000e+01 -6.062951798566788885e-04
1.200000000000000000e+01 -6.366143427129541260e-04
1.300000000000000000e+01 -6.264581462770642305e-04
1.400000000000000000e+01 -3.601745319109673094e-04
1.500000000000000000e+01 -6.488554519523499417e-04
1.600000000000000000e+01 -6.580271789294599464e-04
1.700000000000000000e+01 -6.541436424722103489e-04
1.800000000000000000e+01 -6.571541478015562217e-04
1.900000000000000000e+01 -6.526701541451487365e-04
2.000000000000000000e+01 -6.524283315238016108e-04
2.100000000000000000e+01 1.572321542155475033e-03
2.200000000000000000e+01 -5.700523103256200557e-04
2.300000000000000000e+01 5.679591242505045885e-03
2.400000000000000000e+01 2.634748166351893756e-03
2.500000000000000000e+01 -5.830167132540172662e-04
2.600000000000000000e+01 -5.182132570411228769e-04
2.700000000000000000e+01 -5.098239698843147483e-04
2.800000000000000000e+01 2.217412791837966059e-03
2.900000000000000000e+01 -6.280715773537160623e-04
3.000000000000000000e+01 -6.407797722082186594e-04
1.000000000000000000e+00 -2.985998788222255819e-04
2.000000000000000000e+00 -5.859601215758262907e-04
3.000000000000000000e+00 -3.763880485164254846e-04
4.000000000000000000e+00 -2.804120018803992766e-04
5.000000000000000000e+00 -6.659156882189776801e-04
6.000000000000000000e+00 -6.735783452213695921e-04
7.000000000000000000e+00 -3.374682557025796632e-04
8.000000000000000000e+00 2.860773991746713880e-03
9.000000000000000000e+00 -6.615037221835377151e-04
1.000000000000000000e+01 -6.792404549303367916e-04
1.100000000000000000e+01 -6.682315125820165787e-04
1.200000000000000000e+01 -6.700315694450181261e-04
1.300000000000000000e+01 -5.002260009169032630e-04
1.400000000000000000e+01 2.192435168072013241e-04
1.500000000000000000e+01 -6.863623086206205271e-04
1.600000000000000000e+01 -6.790484560458270999e-04
1.700000000000000000e+01 -6.604432025118236408e-04
1.800000000000000000e+01 -6.838335345276285501e-04
1.900000000000000000e+01 -6.773773259072877594e-04
2.000000000000000000e+01 -6.643843123447732693e-04
2.100000000000000000e+01 1.828617931105507846e-03
2.200000000000000000e+01 -6.001129989056151011e-04
2.300000000000000000e+01 2.887441104392751527e-03
2.400000000000000000e+01 2.714132612639591578e-03
2.500000000000000000e+01 -6.253712530275802248e-04
2.600000000000000000e+01 -4.475629766637245939e-04
2.700000000000000000e+01 -6.104611809373125184e-04
2.800000000000000000e+01 3.529683023941954361e-03
2.900000000000000000e+01 -6.588149078851948367e-04
3.000000000000000000e+01 -6.649419008710203078e-04
1.000000000000000000e+00 -3.166159804076727606e-04
2.000000000000000000e+00 -5.768852117305649013e-04
3.000000000000000000e+00 2.253573327637275811e-05
4.000000000000000000e+00 1.707807858096145235e-04
5.000000000000000000e+00 -6.124754801113428465e-04
6.000000000000000000e+00 -6.043995186602831634e-04
7.000000000000000000e+00 -2.707757955303845775e-04
8.000000000000000000e+00 1.701765251035768393e-03
9.000000000000000000e+00 -6.249478873806373330e-04
1.000000000000000000e+01 -6.315521656927759742e-04
1.100000000000000000e+01 -5.373306274416096619e-04
1.200000000000000000e+01 -6.105472192604004386e-04
1.300000000000000000e+01 -6.111117555070955890e-04
1.400000000000000000e+01 -2.825544837797422512e-04
1.500000000000000000e+01 -6.304454263974167095e-04
1.600000000000000000e+01 -6.336548003297149236e-04
1.700000000000000000e+01 -6.276652414590965477e-04
1.800000000000000000e+01 -6.333146549770757782e-04
1.900000000000000000e+01 -6.330606893963450915e-04
2.000000000000000000e+01 -6.319614020146274280e-04
2.100000000000000000e+01 2.604201395344204854e-03
2.200000000000000000e+01 -5.906759592500671063e-04
2.300000000000000000e+01 4.469621655601039613e-03
2.400000000000000000e+01 2.643078151308709579e-03
2.500000000000000000e+01 -5.876297586428613079e-04
2.600000000000000000e+01 -5.696263060862091646e-04
2.700000000000000000e+01 -3.259700972038276400e-04
2.800000000000000000e+01 1.105208733724913827e-03
2.900000000000000000e+01 -5.840652929833716530e-04
3.000000000000000000e+01 -6.203781563062062479e-04
1.000000000000000000e+00 2.079032281065787627e-05
2.000000000000000000e+00 -5.837232847751278172e-04
3.000000000000000000e+00 -3.708474955397327239e-04
4.000000000000000000e+00 -6.300818705679860272e-05
5.000000000000000000e+00 -6.475352814032877971e-04
6.000000000000000000e+00 -6.512431968058559261e-04
7.000000000000000000e+00 -1.686420373572798562e-04
8.000000000000000000e+00 2.044475941062024772e-03
9.000000000000000000e+00 -6.482489787411731003e-04
1.000000000000000000e+01 -6.673911074585141268e-04
1.100000000000000000e+01 -6.616993368747371663e-04
1.200000000000000000e+01 -6.714346242356641859e-04
1.300000000000000000e+01 -5.708664596343732654e-04
1.400000000000000000e+01 -5.571118568875760855e-04
1.500000000000000000e+01 -6.787501966636803408e-04
1.600000000000000000e+01 -6.687168777697917194e-04
1.700000000000000000e+01 -6.320289009784380973e-04
1.800000000000000000e+01 -6.781375596292541679e-04
1.900000000000000000e+01 -6.781848375775815889e-04
2.000000000000000000e+01 -6.403983101191758126e-04
2.100000000000000000e+01 2.002485877757003829e-03
2.200000000000000000e+01 -6.196463838501509473e-04
2.300000000000000000e+01 3.093267636177813792e-03
2.400000000000000000e+01 4.484730289864312380e-03
2.500000000000000000e+01 -6.468876890587225851e-04
2.600000000000000000e+01 -5.349546414471926994e-04
2.700000000000000000e+01 -2.537521428157895145e-04
2.800000000000000000e+01 1.931776981732151802e-03
2.900000000000000000e+01 -6.377745277082988483e-04
3.000000000000000000e+01 -6.626304090954027257e-04
1.000000000000000000e+00 -3.777419169948455224e-04
2.000000000000000000e+00 -5.861902416751969954e-04
3.000000000000000000e+00 4.532520106742969125e-05
4.000000000000000000e+00 -1.770965187289283958e-04
5.000000000000000000e+00 -6.774461841872496046e-04
6.000000000000000000e+00 -6.528602872409613837e-04
7.000000000000000000e+00 -2.296025422866480967e-04
8.000000000000000000e+00 1.844496769779533241e-03
9.000000000000000000e+00 -6.665200423683398292e-04
1.000000000000000000e+01 -6.777339750519424232e-04
1.100000000000000000e+01 -5.491533031446719408e-04
1.200000000000000000e+01 -6.564374887418200763e-04
1.300000000000000000e+01 -6.456814534065267877e-04
1.400000000000000000e+01 -5.680632429457851788e-04
1.500000000000000000e+01 -6.759007544352802020e-04
1.600000000000000000e+01 -6.612104427426839523e-04
1.700000000000000000e+01 -6.680387777783439304e-04
1.800000000000000000e+01 -6.755152936842166072e-04
1.900000000000000000e+01 -6.586215186032493962e-04
2.000000000000000000e+01 -6.718244669381793219e-04
2.100000000000000000e+01 3.462198211249030086e-03
2.200000000000000000e+01 -6.036414193788198958e-04
2.300000000000000000e+01 4.496990650359088820e-03
2.400000000000000000e+01 3.824610440754477609e-03
2.500000000000000000e+01 -6.801391765312497567e-04
2.600000000000000000e+01 -6.349099480934589004e-04
2.700000000000000000e+01 -4.275618729533988793e-04
2.800000000000000000e+01 3.676663688666429591e-04
2.900000000000000000e+01 -6.045991474603908383e-04
3.000000000000000000e+01 -6.700365545772201314e-04
1.000000000000000000e+00 -5.509741723169571176e-04
2.000000000000000000e+00 -6.333320309215495145e-04
3.000000000000000000e+00 -4.254632947709900085e-04
4.000000000000000000e+00 -2.174448658673559646e-04
5.000000000000000000e+00 -6.570795751230096293e-04
6.000000000000000000e+00 -5.902179038450840404e-04
7.000000000000000000e+00 1.126565858220267936e-04
8.000000000000000000e+00 2.053274859381186337e-03
9.000000000000000000e+00 -6.699607488187045694e-04
1.000000000000000000e+01 -6.759035664502831059e-04
1.100000000000000000e+01 -6.488165487143993061e-04
1.200000000000000000e+01 -6.654031022446376276e-04
1.300000000000000000e+01 -6.465620088445956769e-04
1.400000000000000000e+01 -3.656090561290310857e-04
1.500000000000000000e+01 -6.682272046952939968e-04
1.600000000000000000e+01 -6.736533224638019401e-04
1.700000000000000000e+01 -6.584761906020124332e-04
1.800000000000000000e+01 -6.717892680858616712e-04
1.900000000000000000e+01 -6.704134903016077110e-04
2.000000000000000000e+01 -6.646651382527291908e-04
2.100000000000000000e+01 1.703179940719778311e-03
2.200000000000000000e+01 -6.362828774875646564e-04
2.300000000000000000e+01 3.483977285452152881e-03
2.400000000000000000e+01 2.448063236126740878e-03
2.500000000000000000e+01 -6.182061178044277218e-04
2.600000000000000000e+01 -5.894052589491179930e-04
2.700000000000000000e+01 -2.625098254634269587e-04
2.800000000000000000e+01 4.350137745157097932e-03
2.900000000000000000e+01 -6.603155242828639450e-04
3.000000000000000000e+01 -6.538812795244617736e-04
1.000000000000000000e+00 -4.209133115690206106e-04
2.000000000000000000e+00 -6.570175729928938837e-04
3.000000000000000000e+00 -2.294112524006587531e-04
4.000000000000000000e+00 -2.205126304002025174e-04
5.000000000000000000e+00 -6.607143080287450516e-04
6.000000000000000000e+00 -6.883278527127069477e-04
7.000000000000000000e+00 -3.274884045041422239e-04
8.000000000000000000e+00 1.749101314163511913e-03
9.000000000000000000e+00 -6.885020677756681232e-04
1.000000000000000000e+01 -6.969665488324244210e-04
1.100000000000000000e+01 -6.765069206359266554e-04
1.200000000000000000e+01 -6.183657816433799645e-04
1.300000000000000000e+01 -6.637643544076984566e-04
1.400000000000000000e+01 -3.314827263873684087e-04
1.500000000000000000e+01 -6.932107966665916219e-04
1.600000000000000000e+01 -6.948069526926755777e-04
1.700000000000000000e+01 -6.071753960145469470e-04
1.800000000000000000e+01 -6.943921569983767033e-04
1.900000000000000000e+01 -6.974013869997297338e-04
2.000000000000000000e+01 -6.822990241252053405e-04
2.100000000000000000e+01 2.259339719178190056e-03
2.200000000000000000e+01 -6.470399562124285429e-04
2.300000000000000000e+01 4.159908515345950297e-03
2.400000000000000000e+01 3.551854073124908161e-03
2.500000000000000000e+01 -6.287984882097696687e-04
2.600000000000000000e+01 -5.544312879932847965e-04
2.700000000000000000e+01 -5.684818536184748630e-04
2.800000000000000000e+01 2.907701592015566293e-03
2.900000000000000000e+01 -6.250018283219173788e-04
3.000000000000000000e+01 -6.815402414563776889e-04
1.000000000000000000e+00 -2.576753984676493541e-04
2.000000000000000000e+00 -6.151767643929461227e-04
3.000000000000000000e+00 6.077324162038527558e-05
4.000000000000000000e+00 -4.083920868628935217e-05
5.000000000000000000e+00 -6.722733483470299653e-04
6.000000000000000000e+00 -6.523809306235277142e-04
7.000000000000000000e+00 7.887347378423939818e-04
8.000000000000000000e+00 3.613042588478651562e-03
9.000000000000000000e+00 -6.741488635808660619e-04
1.000000000000000000e+01 -6.667150687043639371e-04
1.100000000000000000e+01 -6.595918190320316024e-04
1.200000000000000000e+01 -6.718838909289439731e-04
1.300000000000000000e+01 -6.644697916975391208e-04
1.400000000000000000e+01 -4.098924335155546971e-04
1.500000000000000000e+01 -6.560774974963636853e-04
1.600000000000000000e+01 -6.731757115732312511e-04
1.700000000000000000e+01 -6.622778980810006952e-04
1.800000000000000000e+01 -6.743833800222790234e-04
1.900000000000000000e+01 -6.716276490442306315e-04
2.000000000000000000e+01 -6.668904463174512654e-04
2.100000000000000000e+01 9.018765925106283663e-04
2.200000000000000000e+01 -6.241645154999233159e-04
2.300000000000000000e+01 3.078745593196791520e-03
2.400000000000000000e+01 4.664257365596653857e-04
2.500000000000000000e+01 -6.377128515576475530e-04
2.600000000000000000e+01 -6.439657100561689508e-04
2.700000000000000000e+01 -4.295385110735334619e-04
2.800000000000000000e+01 4.703604668122030909e-03
2.900000000000000000e+01 -6.654446737679448184e-04
3.000000000000000000e+01 -6.516450938207244770e-04
1.000000000000000000e+00 -2.688597528843813937e-04
2.000000000000000000e+00 -6.443864407153932633e-04
3.000000000000000000e+00 1.462744693235573960e-04
4.000000000000000000e+00 -6.763549316825277812e-04
5.000000000000000000e+00 -6.648297938432136314e-04
6.000000000000000000e+00 -6.821046249732123966e-04
7.000000000000000000e+00 6.226721539596242420e-04
8.000000000000000000e+00 2.460852083343101435e-03
9.000000000000000000e+00 -6.917151376863643446e-04
1.000000000000000000e+01 -6.998266148637132932e-04
1.100000000000000000e+01 -6.885843778579771183e-04
1.200000000000000000e+01 -6.814672765860722414e-04
1.300000000000000000e+01 -6.599153786419181258e-04
1.400000000000000000e+01 -5.394852541900426336e-04
1.500000000000000000e+01 -6.987883665568849888e-04
1.600000000000000000e+01 -7.004807579578031448e-04
1.700000000000000000e+01 -6.602818484162791554e-04
1.800000000000000000e+01 -7.013009122580744987e-04
1.900000000000000000e+01 -7.018528996517838306e-04
2.000000000000000000e+01 -6.646808698010933051e-04
2.100000000000000000e+01 1.669903612798027308e-03
2.200000000000000000e+01 -6.501422602070114657e-04
2.300000000000000000e+01 2.412149469796988788e-03
2.400000000000000000e+01 2.627170580763792812e-03
2.500000000000000000e+01 -6.464566155635362386e-04
2.600000000000000000e+01 -6.872656864574218849e-04
2.700000000000000000e+01 -5.157144513167909216e-04
2.800000000000000000e+01 4.923482894652416245e-03
2.900000000000000000e+01 -6.792763451941461958e-04
3.000000000000000000e+01 -6.927204621115264213e-04
1.000000000000000000e+00 -3.518515057986904503e-04
2.000000000000000000e+00 -6.180570437294134094e-04
3.000000000000000000e+00 -4.535538783093730794e-04
4.000000000000000000e+00 -2.612534654617880913e-05
5.000000000000000000e+00 -6.724714504562115088e-04
6.000000000000000000e+00 -6.862352563495955141e-04
7.000000000000000000e+00 -2.359442855933993556e-04
8.000000000000000000e+00 2.272351213687526152e-03
9.000000000000000000e+00 -6.784803595537191234e-04
1.000000000000000000e+01 -6.871755649813779182e-04
1.100000000000000000e+01 -6.511504544590298411e-04
1.200000000000000000e+01 -6.512953382751494056e-04
1.300000000000000000e+01 -6.591834312665717510e-04
1.400000000000000000e+01 6.459571012976591804e-05
1.500000000000000000e+01 -6.818674452647482042e-04
1.600000000000000000e+01 -6.886554123869428846e-04
1.700000000000000000e+01 -6.819014899966958356e-04
1.800000000000000000e+01 -6.859662863834741029e-04
1.900000000000000000e+01 -6.825073241383335272e-04
2.000000000000000000e+01 -6.802491442885208678e-04
2.100000000000000000e+01 2.656263818254102783e-03
2.200000000000000000e+01 -5.965778009818147737e-04
2.300000000000000000e+01 2.879351236627759100e-03
2.400000000000000000e+01 2.543150922502086971e-03
2.500000000000000000e+01 -6.478754144784597052e-04
2.600000000000000000e+01 -5.627202668153774697e-04
2.700000000000000000e+01 -5.209174986842835106e-04
2.800000000000000000e+01 3.712041911191296152e-03
2.900000000000000000e+01 -6.698167786730563171e-04
3.000000000000000000e+01 -6.726837506938662106e-04
1.000000000000000000e+00 -5.993718516236427180e-04
2.000000000000000000e+00 -6.554501860739815481e-04
3.000000000000000000e+00 -1.538618244494000084e-04
4.000000000000000000e+00 -4.464770394233879766e-04
5.000000000000000000e+00 -7.052830510162204532e-04
6.000000000000000000e+00 -7.041467227064788668e-04
7.000000000000000000e+00 1.017509304049174908e-04
8.000000000000000000e+00 2.461091634144098230e-03
9.000000000000000000e+00 -7.128238807234669365e-04
1.000000000000000000e+01 -7.174300375607939057e-04
1.100000000000000000e+01 -6.339889096557550612e-04
1.200000000000000000e+01 -7.052320715347418613e-04
1.300000000000000000e+01 -6.037747972744167977e-04
1.400000000000000000e+01 -3.359249937152704747e-04
1.500000000000000000e+01 -7.072763251824080825e-04
1.600000000000000000e+01 -7.167312366248258185e-04
1.700000000000000000e+01 -7.098889867118255174e-04
1.800000000000000000e+01 -7.199045981809959992e-04
1.900000000000000000e+01 -7.212606367784138960e-04
2.000000000000000000e+01 -6.960448962246280858e-04
2.100000000000000000e+01 1.872775334434745005e-03
2.200000000000000000e+01 -6.625734619107578665e-04
2.300000000000000000e+01 4.753364661973740954e-03
2.400000000000000000e+01 2.753046573232837378e-03
2.500000000000000000e+01 -6.339720213044862862e-04
2.600000000000000000e+01 -6.922018454172499139e-04
2.700000000000000000e+01 -6.080778203871778408e-04
2.800000000000000000e+01 3.275021111697131067e-03
2.900000000000000000e+01 -6.918698320380696400e-04
3.000000000000000000e+01 -7.093259293730132427e-04
1.000000000000000000e+00 -1.192611004441031713e-04
2.000000000000000000e+00 -6.532682143285430121e-04
3.000000000000000000e+00 4.928069632383795052e-04
4.000000000000000000e+00 -3.188274391048567932e-04
5.000000000000000000e+00 -6.515351602669728313e-04
6.000000000000000000e+00 -6.613065827646411911e-04
7.000000000000000000e+00 -5.109636434197128204e-04
8.000000000000000000e+00 1.707612289075435092e-03
9.000000000000000000e+00 -6.283933765636145856e-04
1.000000000000000000e+01 -6.794795821473214280e-04
1.100000000000000000e+01 -5.784539812431360468e-04
1.200000000000000000e+01 -6.767086323240030944e-04
1.300000000000000000e+01 -6.650523940734310744e-04
1.400000000000000000e+01 -4.218905091864274116e-04
1.500000000000000000e+01 -6.778779460306214770e-04
1.600000000000000000e+01 -6.778340607336841295e-04
1.700000000000000000e+01 -6.808444717231055664e-04
1.800000000000000000e+01 -6.800395703664800784e-04
1.900000000000000000e+01 -6.689293759843841078e-04
2.000000000000000000e+01 -6.582017486203029779e-04
2.100000000000000000e+01 2.640816057770993541e-03
2.200000000000000000e+01 -6.559316762365593762e-04
2.300000000000000000e+01 4.536860768197142381e-03
2.400000000000000000e+01 2.874398359346729253e-03
2.500000000000000000e+01 -6.404200020636205935e-04
2.600000000000000000e+01 -6.340643606008322273e-04
2.700000000000000000e+01 -2.158036320365649648e-04
2.800000000000000000e+01 1.746180186522018271e-03
2.900000000000000000e+01 -6.205676825047633542e-04
3.000000000000000000e+01 -6.553254397360695023e-04
1.000000000000000000e+00 -4.154642924484362276e-04
2.000000000000000000e+00 -5.980182203457638443e-04
3.000000000000000000e+00 2.059084802766365026e-04
4.000000000000000000e+00 1.460219105947264159e-04
5.000000000000000000e+00 -6.351261593277657876e-04
6.000000000000000000e+00 -6.336776718176661931e-04
7.000000000000000000e+00 2.374452571782002049e-04
8.000000000000000000e+00 9.670061046330263822e-04
9.000000000000000000e+00 -6.399761004831256176e-04
1.000000000000000000e+01 -6.447948045203632725e-04
1.100000000000000000e+01 -5.476848925041901241e-04
1.200000000000000000e+01 -6.447578685618166874e-04
1.300000000000000000e+01 -6.222098647850462854e-04
1.400000000000000000e+01 -4.129563196034889867e-04
1.500000000000000000e+01 -6.408387891827530209e-04
1.600000000000000000e+01 -6.400171640260096748e-04
1.700000000000000000e+01 -6.173211762868293121e-04
1.800000000000000000e+01 -6.435894290275600811e-04
1.900000000000000000e+01 -6.310665279193326035e-04
2.000000000000000000e+01 -6.233576858904124477e-04
2.100000000000000000e+01 4.183246947020161782e-03
2.200000000000000000e+01 -5.867255741465708533e-04
2.300000000000000000e+01 2.496926041662782172e-03
2.400000000000000000e+01 3.412364454420559103e-03
2.500000000000000000e+01 -5.286817897436565678e-04
2.600000000000000000e+01 -4.039210470555204069e-04
2.700000000000000000e+01 -4.188531180896356816e-04
2.800000000000000000e+01 1.094434769033412287e-03
2.900000000000000000e+01 -6.306804093202727710e-04
3.000000000000000000e+01 -6.028910043418433300e-04
1.000000000000000000e+00 -3.376588571392007739e-04
2.000000000000000000e+00 -6.231387873002903598e-04
3.000000000000000000e+00 -2.078020394630211080e-04
4.000000000000000000e+00 8.438870613848547251e-05
5.000000000000000000e+00 -6.794306553786937704e-04
6.000000000000000000e+00 -5.817389513749076117e-04
7.000000000000000000e+00 9.973149607231323005e-05
8.000000000000000000e+00 3.578310249535845890e-03
9.000000000000000000e+00 -6.784129826770058302e-04
1.000000000000000000e+01 -6.830861479060716798e-04
1.100000000000000000e+01 -6.624527277995905655e-04
1.200000000000000000e+01 -6.784850505576694264e-04
1.300000000000000000e+01 -6.695980152367082524e-04
1.400000000000000000e+01 -6.380513228480201755e-04
1.500000000000000000e+01 -6.735186569108779194e-04
1.600000000000000000e+01 -6.734048928026348333e-04
1.700000000000000000e+01 -6.717478842497885076e-04
1.800000000000000000e+01 -6.804439466441446682e-04
1.900000000000000000e+01 -6.749935119499746346e-04
2.000000000000000000e+01 -6.644228572702317063e-04
2.100000000000000000e+01 2.960072451192078281e-03
2.200000000000000000e+01 -6.465015712128707953e-04
2.300000000000000000e+01 2.197346886533190369e-03
2.400000000000000000e+01 2.623722449264280498e-03
2.500000000000000000e+01 -5.849699627987036809e-04
2.600000000000000000e+01 -6.470074350213689783e-04
2.700000000000000000e+01 -4.204816312078043421e-04
2.800000000000000000e+01 2.530546189317957415e-03
2.900000000000000000e+01 -6.633000176114218919e-04
3.000000000000000000e+01 -6.589144009008128999e-04
1.000000000000000000e+00 1.115974617241507707e-04
2.000000000000000000e+00 -6.327234745733686331e-04
3.000000000000000000e+00 2.561895287878964076e-05
4.000000000000000000e+00 -6.104395701143374136e-04
5.000000000000000000e+00 -6.666062612905238657e-04
6.000000000000000000e+00 -6.853131281605948782e-04
7.000000000000000000e+00 -4.934492787062072809e-04
8.000000000000000000e+00 2.657821662205368980e-03
9.000000000000000000e+00 -6.892472929621830868e-04
1.000000000000000000e+01 -6.905482444981599207e-04
1.100000000000000000e+01 -6.666918835603397649e-04
1.200000000000000000e+01 -6.702534649735668055e-04
1.300000000000000000e+01 -6.791050294365398457e-04
1.400000000000000000e+01 -4.478652269251112250e-04
1.500000000000000000e+01 -6.900729565011327633e-04
1.600000000000000000e+01 -6.965950232484441253e-04
1.700000000000000000e+01 -6.823836843994241256e-04
1.800000000000000000e+01 -6.891035258144178775e-04
1.900000000000000000e+01 -6.995970407582077256e-04
2.000000000000000000e+01 -6.853900084366612230e-04
2.100000000000000000e+01 1.988955273483689837e-03
2.200000000000000000e+01 -6.520173021894398822e-04
2.300000000000000000e+01 5.007297729229320989e-03
2.400000000000000000e+01 1.940225478025020892e-03
2.500000000000000000e+01 -6.252929664326678906e-04
2.600000000000000000e+01 -6.223957905102188957e-04
2.700000000000000000e+01 -4.517917856572433626e-04
2.800000000000000000e+01 3.015871587499835069e-03
2.900000000000000000e+01 -6.723943428491010923e-04
3.000000000000000000e+01 -6.744826407091321363e-04
1.000000000000000000e+00 -3.386999607544756820e-04
2.000000000000000000e+00 -6.336394145264893831e-04
3.000000000000000000e+00 -4.455784991330965979e-05
4.000000000000000000e+00 1.570825469820213744e-04
5.000000000000000000e+00 -6.443760580394589793e-04
6.000000000000000000e+00 -6.423046242452675738e-04
7.000000000000000000e+00 -3.663438415815198444e-04
8.000000000000000000e+00 2.049926342812757440e-03
9.000000000000000000e+00 -6.549056426834150638e-04
1.000000000000000000e+01 -6.637236645925104336e-04
1.100000000000000000e+01 -6.374136949162952743e-04
1.200000000000000000e+01 -6.600723795450187236e-04
1.300000000000000000e+01 -5.605939502403596694e-04
1.400000000000000000e+01 3.538890848059630056e-05
1.500000000000000000e+01 -6.535411765225613212e-04
1.600000000000000000e+01 -6.647965631297720300e-04
1.700000000000000000e+01 -6.544236455074790718e-04
1.800000000000000000e+01 -6.562662323619885586e-04
1.900000000000000000e+01 -6.354275404373872652e-04
2.000000000000000000e+01 -6.481248179643451591e-04
2.100000000000000000e+01 2.215827221689126332e-03
2.200000000000000000e+01 -6.007925097568316388e-04
2.300000000000000000e+01 4.159232941157709612e-03
2.400000000000000000e+01 3.477819032655990374e-03
2.500000000000000000e+01 -6.447767021313764854e-04
2.600000000000000000e+01 -5.607588847200178006e-04
2.700000000000000000e+01 -6.125976473841534360e-04
2.800000000000000000e+01 1.284512791901697886e-03
2.900000000000000000e+01 -5.824448412068594823e-04
3.000000000000000000e+01 -6.462741030123951222e-04
1.000000000000000000e+00 -5.822209574681504922e-04
2.000000000000000000e+00 -6.268084394820453396e-04
3.000000000000000000e+00 4.316506835799905207e-04
4.000000000000000000e+00 -8.902233939316109279e-05
5.000000000000000000e+00 -6.527904434982464716e-04
6.000000000000000000e+00 -6.537043595437634289e-04
7.000000000000000000e+00 2.272723938877545613e-05
8.000000000000000000e+00 1.681151966625239573e-03
9.000000000000000000e+00 -6.738928971739135488e-04
1.000000000000000000e+01 -6.759126922121994280e-04
1.100000000000000000e+01 -6.552838492830779940e-04
1.200000000000000000e+01 -6.334936264119670575e-04
1.300000000000000000e+01 -6.438208804378478707e-04
1.400000000000000000e+01 -4.276232702200573441e-04
1.500000000000000000e+01 -6.615660723681853796e-04
1.600000000000000000e+01 -6.745738720906277203e-04
1.700000000000000000e+01 -6.620382409585805553e-04
1.800000000000000000e+01 -6.745667516637171958e-04
1.900000000000000000e+01 -6.718571240102757776e-04
2.000000000000000000e+01 -6.594676805976296390e-04
2.100000000000000000e+01 2.589515002481647832e-03
2.200000000000000000e+01 -6.470901567573372672e-04
2.300000000000000000e+01 3.770653506258275431e-03
2.400000000000000000e+01 1.876422473434007695e-03
2.500000000000000000e+01 -6.235072294899664507e-04
2.600000000000000000e+01 -5.710164722716290671e-04
2.700000000000000000e+01 -5.735060036745405921e-04
2.800000000000000000e+01 3.649915005835998889e-03
2.900000000000000000e+01 -6.452656087504399316e-04
3.000000000000000000e+01 -6.580651400973047379e-04
1.000000000000000000e+00 -6.328348285521510485e-05
2.000000000000000000e+00 -6.244613269723395949e-04
3.000000000000000000e+00 -4.635720726209857623e-04
4.000000000000000000e+00 5.571289942634600117e-05
5.000000000000000000e+00 -6.788361786027062366e-04
6.000000000000000000e+00 -6.810418696185397899e-04
7.000000000000000000e+00 -1.360794085788079625e-04
8.000000000000000000e+00 3.010205546373855619e-03
9.000000000000000000e+00 -7.052530158553399139e-04
1.000000000000000000e+01 -7.088653455194056591e-04
1.100000000000000000e+01 -6.897625778827383121e-04
1.200000000000000000e+01 -6.936975209970678170e-04
1.300000000000000000e+01 -6.826699271652808629e-04
1.400000000000000000e+01 -2.644645825212508616e-04
1.500000000000000000e+01 -7.082930687242640485e-04
1.600000000000000000e+01 -7.127040585155636904e-04
1.700000000000000000e+01 -6.893723742950381593e-04
1.800000000000000000e+01 -7.086787883716862049e-04
1.900000000000000000e+01 -7.007097350138509874e-04
2.000000000000000000e+01 -6.991858209643426851e-04
2.100000000000000000e+01 2.678631223385212999e-03
2.200000000000000000e+01 -6.397849692307286742e-04
2.300000000000000000e+01 2.843128401246495553e-03
2.400000000000000000e+01 2.895269685597855625e-03
2.500000000000000000e+01 -6.746915773916382399e-04
2.600000000000000000e+01 -6.650610071346193869e-04
2.700000000000000000e+01 -3.549011289137240653e-04
2.800000000000000000e+01 2.804305631410048804e-03
2.900000000000000000e+01 -6.683367817536747671e-04
3.000000000000000000e+01 -6.957469854678693250e-04
1.000000000000000000e+00 -1.295820909747044073e-04
2.000000000000000000e+00 -6.206885984406749351e-04
3.000000000000000000e+00 -1.512626582024504047e-04
4.000000000000000000e+00 3.597030601625759386e-04
5.000000000000000000e+00 -6.612355362789671233e-04
6.000000000000000000e+00 -6.710120540637665035e-04
7.000000000000000000e+00 -1.266689568925358038e-04
8.000000000000000000e+00 1.589259301508767373e-03
9.000000000000000000e+00 -6.642529430410729074e-04
1.000000000000000000e+01 -6.859198057249033583e-04
1.100000000000000000e+01 -6.595486731380095606e-04
1.200000000000000000e+01 -6.770510142944165819e-04
1.300000000000000000e+01 -6.574884329354001126e-04
1.400000000000000000e+01 -4.493814738499064690e-04
1.500000000000000000e+01 -6.850202954356831306e-04
1.600000000000000000e+01 -6.765779201378070229e-04
1.700000000000000000e+01 -6.539022333022001922e-04
1.800000000000000000e+01 -6.838476799056035114e-04
1.900000000000000000e+01 -6.829238605731432305e-04
2.000000000000000000e+01 -6.690395358220970487e-04
2.100000000000000000e+01 2.139730818041446058e-03
2.200000000000000000e+01 -6.115319691868562144e-04
2.300000000000000000e+01 3.023761972632479575e-03
2.400000000000000000e+01 3.514120833709481143e-03
2.500000000000000000e+01 -6.286253587815189862e-04
2.600000000000000000e+01 -5.574138594277455337e-04
2.700000000000000000e+01 -3.430788647314671745e-04
2.800000000000000000e+01 3.018316979886803263e-03
2.900000000000000000e+01 -6.777172813490609004e-04
3.000000000000000000e+01 -6.459875284557111503e-04
1.000000000000000000e+00 -4.410235424123382661e-04
2.000000000000000000e+00 -6.732738468054641316e-04
3.000000000000000000e+00 7.649130939374461596e-05
4.000000000000000000e+00 -3.040978383556450768e-04
5.000000000000000000e+00 -6.722876502930663937e-04
6.000000000000000000e+00 -6.935714758783841473e-04
7.000000000000000000e+00 -1.519037814646103876e-04
8.000000000000000000e+00 3.245635879901462642e-03
9.000000000000000000e+00 -6.677527399022982566e-04
1.000000000000000000e+01 -7.078855930059516381e-04
1.100000000000000000e+01 -6.811560397548376954e-04
1.200000000000000000e+01 -6.704863660248727144e-04
1.300000000000000000e+01 -6.328176642883715257e-04
1.400000000000000000e+01 -3.742120375240174908e-04
1.500000000000000000e+01 -7.053361369259989518e-04
1.600000000000000000e+01 -7.102533090813139193e-04
1.700000000000000000e+01 -7.040633350315554477e-04
1.800000000000000000e+01 -7.104925909647737126e-04
1.900000000000000000e+01 -7.001903110173163421e-04
2.000000000000000000e+01 -6.970806259199108321e-04
2.100000000000000000e+01 1.684473061927221947e-03
2.200000000000000000e+01 -6.484907870727482778e-04
2.300000000000000000e+01 4.077248674920637070e-03
2.400000000000000000e+01 2.731015483682808047e-03
2.500000000000000000e+01 -6.764694708645968427e-04
2.600000000000000000e+01 -6.583142862799127660e-04
2.700000000000000000e+01 -3.632987840247327402e-04
2.800000000000000000e+01 2.728923732928309042e-03
2.900000000000000000e+01 -6.388080033049593201e-04
3.000000000000000000e+01 -6.850156032404096373e-04
1.000000000000000000e+00 -4.822630415377237006e-04
2.000000000000000000e+00 -6.172425314638831529e-04
3.000000000000000000e+00 1.979462011528133783e-04
4.000000000000000000e+00 -1.195115084963804071e-04
5.000000000000000000e+00 -6.668977221764974851e-04
6.000000000000000000e+00 -6.567552029710097602e-04
7.000000000000000000e+00 -1.539082217437663788e-04
8.000000000000000000e+00 2.463924425507428920e-03
9.000000000000000000e+00 -6.570602148069229010e-04
1.000000000000000000e+01 -6.717677524157003631e-04
1.100000000000000000e+01 -6.262998725444031325e-04
1.200000000000000000e+01 -6.514604143383900684e-04
1.300000000000000000e+01 -4.851746557955896534e-04
1.400000000000000000e+01 -1.123933120421405054e-04
1.500000000000000000e+01 -6.718968898143458553e-04
1.600000000000000000e+01 -6.654967133716906168e-04
1.700000000000000000e+01 -6.631452748533355878e-04
1.800000000000000000e+01 -6.678097255672615484e-04
1.900000000000000000e+01 -6.693338958566206944e-04
2.000000000000000000e+01 -6.604630359417113265e-04
2.100000000000000000e+01 1.197789535958839044e-03
2.200000000000000000e+01 -5.993121147719424491e-04
2.300000000000000000e+01 2.962796933583845826e-03
2.400000000000000000e+01 2.502017991108907661e-03
2.500000000000000000e+01 -6.468420557744805318e-04
2.600000000000000000e+01 -4.464318654255928511e-04
2.700000000000000000e+01 -3.320625489887863357e-04
2.800000000000000000e+01 3.854557289554072334e-03
2.900000000000000000e+01 -6.283392517028893280e-04
3.000000000000000000e+01 -6.533015515647156790e-04
1.000000000000000000e+00 -3.581518090345916735e-04
2.000000000000000000e+00 -6.316998283092714302e-04
3.000000000000000000e+00 3.646634987334609304e-04
4.000000000000000000e+00 2.849665741920468778e-04
5.000000000000000000e+00 -6.377294481002248596e-04
6.000000000000000000e+00 -5.585156623381417858e-04
7.000000000000000000e+00 -3.799110480592218331e-04
8.000000000000000000e+00 2.752639343785201996e-03
9.000000000000000000e+00 -6.649347320214364686e-04
1.000000000000000000e+01 -6.554709712093498243e-04
1.100000000000000000e+01 -6.149851074886035973e-04
1.200000000000000000e+01 -6.320171949894566729e-04
1.300000000000000000e+01 -6.504860097577646163e-04
1.400000000000000000e+01 -2.292588761933711191e-04
1.500000000000000000e+01 -6.574083906036122310e-04
1.600000000000000000e+01 -6.630759137708141723e-04
1.700000000000000000e+01 -6.623413334160438990e-04
1.800000000000000000e+01 -6.620990273666413741e-04
1.900000000000000000e+01 -6.518037475204702808e-04
2.000000000000000000e+01 -6.541149523336622527e-04
2.100000000000000000e+01 2.580444598839810085e-03
2.200000000000000000e+01 -6.036136195094908216e-04
2.300000000000000000e+01 3.259967122193041175e-03
2.400000000000000000e+01 2.921756581098852376e-03
2.500000000000000000e+01 -6.012606537237176821e-04
2.600000000000000000e+01 -6.228928994851607240e-04
2.700000000000000000e+01 -5.234529230780488821e-04
2.800000000000000000e+01 1.400042224936534022e-03
2.900000000000000000e+01 -6.384082907058897301e-04
3.000000000000000000e+01 -6.453518985287008333e-04
1.000000000000000000e+00 -1.663892034197841593e-04
2.000000000000000000e+00 -6.351755591068323136e-04
3.000000000000000000e+00 -2.054660156520326901e-04
4.000000000000000000e+00 -2.497710046689850111e-04
5.000000000000000000e+00 -6.633437934093566008e-04
6.000000000000000000e+00 -5.098511868564944375e-04
7.000000000000000000e+00 -2.611588629913641837e-04
8.000000000000000000e+00 2.140287114709446201e-03
9.000000000000000000e+00 -6.680151743329685188e-04
1.000000000000000000e+01 -6.842361736784770493e-04
1.100000000000000000e+01 -6.461883622458105105e-04
1.200000000000000000e+01 -6.712126707488557872e-04
1.300000000000000000e+01 -6.686660332240525759e-04
1.400000000000000000e+01 1.083972352968027150e-05
1.500000000000000000e+01 -6.861311046203131528e-04
1.600000000000000000e+01 -6.768061244382615185e-04
1.700000000000000000e+01 -6.682248872513271275e-04
1.800000000000000000e+01 -6.878022114763276051e-04
1.900000000000000000e+01 -6.758423602234323122e-04
2.000000000000000000e+01 -6.817061826416680875e-04
2.100000000000000000e+01 1.463965979354394254e-03
2.200000000000000000e+01 -6.335863475388957755e-04
2.300000000000000000e+01 3.257800392026888314e-03
2.400000000000000000e+01 3.686102598195056985e-03
2.500000000000000000e+01 -6.260000525509802063e-04
2.600000000000000000e+01 -5.149927555162354346e-04
2.700000000000000000e+01 -4.405732350027553586e-04
2.800000000000000000e+01 3.067375778752863200e-03
2.900000000000000000e+01 -6.550811839266667148e-04
3.000000000000000000e+01 -6.719909143708442537e-04
1.000000000000000000e+00 -5.038887463320204608e-04
2.000000000000000000e+00 -6.100632197780010181e-04
3.000000000000000000e+00 -5.727375041469954197e-05
4.000000000000000000e+00 -4.791317588222902585e-04
5.000000000000000000e+00 -6.623411947057224582e-04
6.000000000000000000e+00 -5.972386324601602426e-04
7.000000000000000000e+00 -4.251133764521888598e-05
8.000000000000000000e+00 2.071156906732575086e-03
9.000000000000000000e+00 -6.753514946131452873e-04
1.000000000000000000e+01 -6.773350128660525623e-04
1.100000000000000000e+01 -5.454515868823672136e-04
1.200000000000000000e+01 -6.621101590836680475e-04
1.300000000000000000e+01 -6.481003833544425694e-04
1.400000000000000000e+01 6.706730456233127389e-04
1.500000000000000000e+01 -6.782554022626800924e-04
1.600000000000000000e+01 -6.792487964471929452e-04
1.700000000000000000e+01 -6.660686325688068175e-04
1.800000000000000000e+01 -6.721860546468200193e-04
1.900000000000000000e+01 -6.714607800870817621e-04
2.000000000000000000e+01 -6.668551332728249025e-04
2.100000000000000000e+01 9.141815004348708643e-04
2.200000000000000000e+01 -6.560087679371328544e-04
2.300000000000000000e+01 4.408763207168987265e-03
2.400000000000000000e+01 2.434230489578802746e-03
2.500000000000000000e+01 -6.306114245714878816e-04
2.600000000000000000e+01 -6.001671996248474431e-04
2.700000000000000000e+01 -5.655116306456070118e-04
2.800000000000000000e+01 3.435380877416354013e-03
2.900000000000000000e+01 -6.408575308234483415e-04
3.000000000000000000e+01 -6.631069505638369568e-04
1.000000000000000000e+00 -4.814900680212922659e-04
2.000000000000000000e+00 -6.213348501223985541e-04
3.000000000000000000e+00 -2.682347201139176473e-05
4.000000000000000000e+00 -8.809330632958284617e-05
5.000000000000000000e+00 -6.920672468621487643e-04
6.000000000000000000e+00 -6.840351866316639459e-04
7.000000000000000000e+00 3.654200469871992686e-04
8.000000000000000000e+00 1.821960814793449146e-03
9.000000000000000000e+00 -6.943042840766972500e-04
1.000000000000000000e+01 -6.968361424306445838e-04
1.100000000000000000e+01 -6.895094576978056961e-04
1.200000000000000000e+01 -6.902928151746736503e-04
1.300000000000000000e+01 -6.895454349150494620e-04
1.400000000000000000e+01 -5.796839013912518952e-04
1.500000000000000000e+01 -6.985112452932964924e-04
1.600000000000000000e+01 -6.969546136064441472e-04
1.700000000000000000e+01 -6.959416608964828820e-04
1.800000000000000000e+01 -6.998201876485728732e-04
1.900000000000000000e+01 -6.999273057274193284e-04
2.000000000000000000e+01 -6.880630448656572390e-04
2.100000000000000000e+01 2.843719402631837354e-03
2.200000000000000000e+01 -6.680730657878172904e-04
2.300000000000000000e+01 3.488287929188111508e-03
2.400000000000000000e+01 2.387364314844682769e-03
2.500000000000000000e+01 -6.553595768840901918e-04
2.600000000000000000e+01 -6.345193977985576043e-04
2.700000000000000000e+01 -1.990495558413878888e-04
2.800000000000000000e+01 3.408260590861500548e-03
2.900000000000000000e+01 -6.832337346953032886e-04
3.000000000000000000e+01 -6.787165924027630188e-04
1.000000000000000000e+00 -5.985086245879615201e-04
2.000000000000000000e+00 -6.471039930356656342e-04
3.000000000000000000e+00 -4.396069356098528222e-04
4.000000000000000000e+00 -3.581836652811121917e-04
5.000000000000000000e+00 -6.879377386221063049e-04
6.000000000000000000e+00 -6.979961489773683003e-04
7.000000000000000000e+00 3.284603024417921875e-04
8.000000000000000000e+00 2.421984575863082335e-03
9.000000000000000000e+00 -6.924496152179409735e-04
1.000000000000000000e+01 -7.007338598675743203e-04
1.100000000000000000e+01 -5.371299107579805476e-04
1.200000000000000000e+01 -6.981033975482420955e-04
1.300000000000000000e+01 -6.877088885724523624e-04
1.400000000000000000e+01 -1.399531408622743526e-04
1.500000000000000000e+01 -7.023595186934901251e-04
1.600000000000000000e+01 -7.023987835649103499e-04
1.700000000000000000e+01 -6.592217441252879546e-04
1.800000000000000000e+01 -7.025460994063791433e-04
1.900000000000000000e+01 -7.030951842373944815e-04
2.000000000000000000e+01 -6.618404446064857618e-04
2.100000000000000000e+01 1.373012121060526031e-03
2.200000000000000000e+01 -6.476826098141348544e-04
2.300000000000000000e+01 4.506591189432254500e-03
2.400000000000000000e+01 1.443683952164157274e-03
2.500000000000000000e+01 -6.313399396283147927e-04
2.600000000000000000e+01 -6.561298514384967260e-04
2.700000000000000000e+01 -5.054078545949232913e-04
2.800000000000000000e+01 4.706949663856787452e-03
2.900000000000000000e+01 -6.706784654780374808e-04
3.000000000000000000e+01 -6.747473220159452226e-04
1.000000000000000000e+00 -2.012671622662342858e-04
2.000000000000000000e+00 -5.453537793220333873e-04
3.000000000000000000e+00 1.211354623364293794e-04
4.000000000000000000e+00 4.627689040525547804e-04
5.000000000000000000e+00 -6.679748588401882015e-04
6.000000000000000000e+00 -6.630744754800584713e-04
7.000000000000000000e+00 -2.297464259115577774e-04
8.000000000000000000e+00 1.065952829183332675e-03
9.000000000000000000e+00 -6.628146584431062046e-04
1.000000000000000000e+01 -6.646881577336113045e-04
1.100000000000000000e+01 -6.385656102202116099e-04
1.200000000000000000e+01 -6.605580901619073457e-04
1.300000000000000000e+01 -6.382192862611463886e-04
1.400000000000000000e+01 -6.020720371287959465e-05
1.500000000000000000e+01 -6.688308064475934154e-04
1.600000000000000000e+01 -6.632899997411075650e-04
1.700000000000000000e+01 -6.637158097021499982e-04
1.800000000000000000e+01 -6.701849062707205705e-04
1.900000000000000000e+01 -6.628436613853905561e-04
2.000000000000000000e+01 -6.634235771415515712e-04
2.100000000000000000e+01 3.651044271609356958e-03
2.200000000000000000e+01 -5.648192193886489992e-04
2.300000000000000000e+01 3.625939193774032308e-03
2.400000000000000000e+01 3.266311003704457355e-03
2.500000000000000000e+01 -6.519022357238725982e-04
2.600000000000000000e+01 -6.085786425100578800e-04
2.700000000000000000e+01 -5.058290689171915724e-04
2.800000000000000000e+01 9.810841341527536986e-04
2.900000000000000000e+01 -5.863280000223910528e-04
3.000000000000000000e+01 -6.670638508174264606e-04
1.000000000000000000e+00 2.554648253734942203e-04
2.000000000000000000e+00 -6.260287840167619300e-04
3.000000000000000000e+00 6.063499219166426949e-04
4.000000000000000000e+00 -1.088395151619449828e-04
5.000000000000000000e+00 -6.284933557945342848e-04
6.000000000000000000e+00 -6.348248595424726580e-04
7.000000000000000000e+00 -5.767231458913194388e-04
8.000000000000000000e+00 1.847527557007464091e-03
9.000000000000000000e+00 -6.640896663083860471e-04
1.000000000000000000e+01 -6.682441791285660595e-04
1.100000000000000000e+01 -6.568704249440743314e-04
1.200000000000000000e+01 -6.617100383845301789e-04
1.300000000000000000e+01 -6.629351826587213947e-04
1.400000000000000000e+01 -4.959813876825804220e-04
1.500000000000000000e+01 -6.674820614269180805e-04
1.600000000000000000e+01 -6.650316576651699998e-04
1.700000000000000000e+01 -6.330505118189567017e-04
1.800000000000000000e+01 -6.680245568199881480e-04
1.900000000000000000e+01 -6.695825891142238211e-04
2.000000000000000000e+01 -6.353093817602710990e-04
2.100000000000000000e+01 4.033076345647992021e-03
2.200000000000000000e+01 -6.176572121740685423e-04
2.300000000000000000e+01 3.560437400262086993e-03
2.400000000000000000e+01 2.315489546464682101e-03
2.500000000000000000e+01 -5.913787116778197999e-04
2.600000000000000000e+01 -6.001934122883367763e-04
2.700000000000000000e+01 -5.381863606365360018e-04
2.800000000000000000e+01 1.290673578634142981e-03
2.900000000000000000e+01 -6.192715771078451418e-04
3.000000000000000000e+01 -6.505307774000289745e-04
1.000000000000000000e+00 -3.189840515515686989e-04
2.000000000000000000e+00 -6.248392396273159000e-04
3.000000000000000000e+00 -2.221123845308837553e-04
4.000000000000000000e+00 -5.708148921887203504e-05
5.000000000000000000e+00 -6.471503485667298239e-04
6.000000000000000000e+00 -6.412776316710243991e-04
7.000000000000000000e+00 -2.156135647912613436e-05
8.000000000000000000e+00 2.172947733215702722e-03
9.000000000000000000e+00 -6.488471596921123203e-04
1.000000000000000000e+01 -6.473688343267304784e-04
1.100000000000000000e+01 -6.442249411661076040e-04
1.200000000000000000e+01 -6.455701320704712457e-04
1.300000000000000000e+01 -5.570625083038174266e-04
1.400000000000000000e+01 -5.353627679227559305e-04
1.500000000000000000e+01 -6.491201620503102288e-04
1.600000000000000000e+01 -6.586527169560832829e-04
1.700000000000000000e+01 -6.299681543327756818e-04
1.800000000000000000e+01 -6.583703112613836653e-04
1.900000000000000000e+01 -6.566471467348351148e-04
2.000000000000000000e+01 -6.179557852312369138e-04
2.100000000000000000e+01 1.882392389851199593e-03
2.200000000000000000e+01 -6.264649027422105991e-04
2.300000000000000000e+01 2.856953694443933531e-03
2.400000000000000000e+01 3.191097736000372571e-03
2.500000000000000000e+01 -6.121543218239930808e-04
2.600000000000000000e+01 -6.156275655678752944e-04
2.700000000000000000e+01 -4.276149183959268422e-04
2.800000000000000000e+01 3.514830234977115928e-03
2.900000000000000000e+01 -6.291552178221403733e-04
3.000000000000000000e+01 -6.451572724129482541e-04
1.000000000000000000e+00 -2.502780130723626824e-04
2.000000000000000000e+00 -6.094063285878416683e-04
3.000000000000000000e+00 -7.488195102748220584e-05
4.000000000000000000e+00 -1.642411744941519312e-04
5.000000000000000000e+00 -6.626245801357855516e-04
6.000000000000000000e+00 -6.755887032653259353e-04
7.000000000000000000e+00 -1.347594351377070642e-04
8.000000000000000000e+00 2.851762425682007312e-03
9.000000000000000000e+00 -6.632147862695770852e-04
1.000000000000000000e+01 -6.786062983136913499e-04
1.100000000000000000e+01 -6.315125586763663257e-04
1.200000000000000000e+01 -6.492585025093380651e-04
1.300000000000000000e+01 -6.457563085619381959e-04
1.400000000000000000e+01 -5.512382205218254198e-04
1.500000000000000000e+01 -6.734298996982265298e-04
1.600000000000000000e+01 -6.762659318985766478e-04
1.700000000000000000e+01 -6.692897577959657299e-04
1.800000000000000000e+01 -6.720528390148190149e-04
1.900000000000000000e+01 -6.714547796982380879e-04
2.000000000000000000e+01 -6.616528207237463294e-04
2.100000000000000000e+01 2.689580410546677826e-03
2.200000000000000000e+01 -5.805351816503469698e-04
2.300000000000000000e+01 3.652717721218244184e-03
2.400000000000000000e+01 2.671501800564188896e-03
2.500000000000000000e+01 -6.114574639359713834e-04
2.600000000000000000e+01 -6.269558937906517370e-04
2.700000000000000000e+01 -4.750783493776131921e-04
2.800000000000000000e+01 2.120307087104491683e-03
2.900000000000000000e+01 -6.343212827819658941e-04
3.000000000000000000e+01 -6.626664253373603991e-04
1.000000000000000000e+00 -3.553805749362510895e-04
2.000000000000000000e+00 -6.322975169351521081e-04
3.000000000000000000e+00 1.159174509213871791e-04
4.000000000000000000e+00 -1.951065570401394774e-04
5.000000000000000000e+00 -6.336294579344022319e-04
6.000000000000000000e+00 -6.713418387345248617e-04
7.000000000000000000e+00 -4.566309318973240891e-04
8.000000000000000000e+00 2.740560249620584577e-03
9.000000000000000000e+00 -6.653141433971987038e-04
1.000000000000000000e+01 -6.828073764306616085e-04
1.100000000000000000e+01 -6.362594382917332236e-04
1.200000000000000000e+01 -6.352007313418290462e-04
1.300000000000000000e+01 -6.550837646492929829e-04
1.400000000000000000e+01 -2.203939107941954502e-04
1.500000000000000000e+01 -6.782982857973472984e-04
1.600000000000000000e+01 -6.716176359325752663e-04
1.700000000000000000e+01 -6.726724626095908523e-04
1.800000000000000000e+01 -6.793210613871251838e-04
1.900000000000000000e+01 -6.744665550051682102e-04
2.000000000000000000e+01 -6.535016051214633708e-04
2.100000000000000000e+01 2.407733319619112869e-03
2.200000000000000000e+01 -6.109554556636983364e-04
2.300000000000000000e+01 4.260463431696911649e-03
2.400000000000000000e+01 3.856092863164380016e-03
2.500000000000000000e+01 -6.291234272519598183e-04
2.600000000000000000e+01 -5.019387228981970909e-04
2.700000000000000000e+01 -5.095560840398674976e-04
2.800000000000000000e+01 6.271796341278964128e-04
2.900000000000000000e+01 -6.488288045282420433e-04
3.000000000000000000e+01 -6.743864468080470673e-04
1.000000000000000000e+00 -2.763843786080820756e-04
2.000000000000000000e+00 -5.972784608428035030e-04
3.000000000000000000e+00 2.756859323400756004e-04
4.000000000000000000e+00 3.195771081927701386e-05
5.000000000000000000e+00 -6.477538762359743392e-04
6.000000000000000000e+00 -5.485696122439124136e-04
7.000000000000000000e+00 -2.493288822342140643e-04
8.000000000000000000e+00 7.551378440824849146e-04
9.000000000000000000e+00 -6.616227535781150047e-04
1.000000000000000000e+01 -6.605750669282293942e-04
1.100000000000000000e+01 -6.074757726520949811e-04
1.200000000000000000e+01 -6.452038433037753443e-04
1.300000000000000000e+01 -6.081234043172893027e-04
1.400000000000000000e+01 -5.216417579509424491e-04
1.500000000000000000e+01 -6.561662340750473417e-04
1.600000000000000000e+01 -6.607563316072452174e-04
1.700000000000000000e+01 -6.566074679031591674e-04
1.800000000000000000e+01 -6.578736721303828257e-04
1.900000000000000000e+01 -6.266392248021967299e-04
2.000000000000000000e+01 -6.591067538727100406e-04
2.100000000000000000e+01 2.560846425717293751e-03
2.200000000000000000e+01 -6.189983157049919324e-04
2.300000000000000000e+01 4.268683783660081818e-03
2.400000000000000000e+01 3.865297038354198033e-03
2.500000000000000000e+01 -6.096266013028403584e-04
2.600000000000000000e+01 -5.590728927016792643e-04
2.700000000000000000e+01 -5.277362146622097778e-04
2.800000000000000000e+01 1.747528573745007162e-03
2.900000000000000000e+01 -6.324022548658859988e-04
3.000000000000000000e+01 -6.422577182501325744e-04
1.000000000000000000e+00 -5.399297707536080456e-04
2.000000000000000000e+00 -6.326990770999116548e-04
3.000000000000000000e+00 2.904027626741633415e-04
4.000000000000000000e+00 -4.577344859028652582e-04
5.000000000000000000e+00 -6.871121842273758985e-04
6.000000000000000000e+00 -5.986423527729652777e-04
7.000000000000000000e+00 6.174645699180770012e-04
8.000000000000000000e+00 1.854562543159875938e-03
9.000000000000000000e+00 -6.989683052976041529e-04
1.000000000000000000e+01 -7.063081252416934276e-04
1.100000000000000000e+01 -6.380801462606623979e-04
1.200000000000000000e+01 -6.966212923978676612e-04
1.300000000000000000e+01 -7.082022703256721187e-04
1.400000000000000000e+01 -7.008367803971120953e-05
1.500000000000000000e+01 -6.865091315470761525e-04
1.600000000000000000e+01 -7.059864104086628102e-04
1.700000000000000000e+01 -6.916830061482370957e-04
1.800000000000000000e+01 -7.080328125230308861e-04
1.900000000000000000e+01 -7.042650407312711462e-04
2.000000000000000000e+01 -6.902485162299890628e-04
2.100000000000000000e+01 2.633973960368037655e-03
2.200000000000000000e+01 -6.638926921651623365e-04
2.300000000000000000e+01 4.660276803933579085e-03
2.400000000000000000e+01 1.059007812654692068e-03
2.500000000000000000e+01 -6.583761851997369614e-04
2.600000000000000000e+01 -4.400386638040303697e-04
2.700000000000000000e+01 -4.413832453229533026e-04
2.800000000000000000e+01 3.026553002909765280e-03
2.900000000000000000e+01 -6.747523761669895186e-04
3.000000000000000000e+01 -6.815727817093198597e-04
