1.000000000000000000e+00 2.534441000000000166e+00
2.000000000000000000e+00 2.066050000000000164e+00
3.000000000000000000e+00 2.221217000000000219e+00
4.000000000000000000e+00 6.399479999999999613e+00
5.000000000000000000e+00 7.970595000000000319e-01
6.000000000000000000e+00 1.057981999999999978e+00
7.000000000000000000e+00 4.596783000000000285e+00
8.000000000000000000e+00 1.838532000000000011e+01
9.000000000000000000e+00 3.545879000000000114e-01
1.000000000000000000e+01 4.828222999999999820e-01
1.100000000000000000e+01 1.471854999999999913e+00
1.200000000000000000e+01 6.319822000000000495e-01
1.300000000000000000e+01 1.268191000000000068e+00
1.400000000000000000e+01 2.145445000000000046e+00
1.500000000000000000e+01 6.163001999999999647e-01
1.600000000000000000e+01 4.945198000000000094e-01
1.700000000000000000e+01 5.676470000000000127e-01
1.800000000000000000e+01 6.846482999999999874e-01
1.900000000000000000e+01 5.696873999999999549e-01
2.000000000000000000e+01 6.966847000000000456e-01
2.100000000000000000e+01 1.908633000000000024e+01
2.200000000000000000e+01 2.524242999999999792e+00
2.300000000000000000e+01 4.448841000000000179e+01
2.400000000000000000e+01 2.759518999999999878e+01
2.500000000000000000e+01 1.884581000000000062e+00
2.600000000000000000e+01 1.399262999999999924e+00
2.700000000000000000e+01 2.840202999999999811e+00
2.800000000000000000e+01 2.523827999999999960e+01
2.900000000000000000e+01 1.708153999999999950e+00
3.000000000000000000e+01 1.095150999999999986e+00
1.000000000000000000e+00 2.944678999999999824e+00
2.000000000000000000e+00 1.792249999999999899e+00
3.000000000000000000e+00 4.262999999999999901e+00
4.000000000000000000e+00 5.607183000000000028e+00
5.000000000000000000e+00 1.331517999999999979e+00
6.000000000000000000e+00 9.355491000000000223e-01
7.000000000000000000e+00 5.652241000000000071e+00
8.000000000000000000e+00 1.352589000000000041e+01
9.000000000000000000e+00 4.887524999999999786e-01
1.000000000000000000e+01 2.542236999999999969e-01
1.100000000000000000e+01 1.174736000000000002e+00
1.200000000000000000e+01 8.573534999999999906e-01
1.300000000000000000e+01 6.797083000000000430e-01
1.400000000000000000e+01 3.634958000000000133e+00
1.500000000000000000e+01 8.231270000000000531e-01
1.600000000000000000e+01 6.682283999999999446e-01
1.700000000000000000e+01 6.496199000000000279e-01
1.800000000000000000e+01 5.840452000000000421e-01
1.900000000000000000e+01 5.758704999999999519e-01
2.000000000000000000e+01 7.963673999999999475e-01
2.100000000000000000e+01 3.233644000000000318e+01
2.200000000000000000e+01 2.900916000000000050e+00
2.300000000000000000e+01 3.041028000000000020e+01
2.400000000000000000e+01 2.016116999999999848e+01
2.500000000000000000e+01 2.444850999999999885e+00
2.600000000000000000e+01 1.459637000000000073e+00
2.700000000000000000e+01 3.495540000000000092e+00
2.800000000000000000e+01 2.723257999999999868e+01
2.900000000000000000e+01 1.708636999999999961e+00
3.000000000000000000e+01 9.403399999999999537e-01
1.000000000000000000e+00 2.465758999999999812e+00
2.000000000000000000e+00 3.864866000000000135e+00
3.000000000000000000e+00 3.998854999999999826e+00
4.000000000000000000e+00 4.189473999999999698e+00
5.000000000000000000e+00 7.133237000000000050e-01
6.000000000000000000e+00 2.401598000000000066e-01
7.000000000000000000e+00 3.843493000000000048e+00
8.000000000000000000e+00 1.082418000000000013e+01
9.000000000000000000e+00 4.493469999999999964e-01
1.000000000000000000e+01 6.571542999999999690e-01
1.100000000000000000e+01 7.146050999999999931e-01
1.200000000000000000e+01 5.427416999999999936e-01
1.300000000000000000e+01 7.931626999999999983e-01
1.400000000000000000e+01 3.088133000000000017e+00
1.500000000000000000e+01 4.488837999999999995e-01
1.600000000000000000e+01 5.953182999999999669e-01
1.700000000000000000e+01 6.020809999999999773e-01
1.800000000000000000e+01 4.818452999999999764e-01
1.900000000000000000e+01 4.228406000000000109e-01
2.000000000000000000e+01 1.098020999999999914e+00
2.100000000000000000e+01 3.110558999999999941e+01
2.200000000000000000e+01 3.356289999999999996e+00
2.300000000000000000e+01 4.120931999999999817e+01
2.400000000000000000e+01 2.893786000000000058e+01
2.500000000000000000e+01 2.036296000000000106e+00
2.600000000000000000e+01 8.460351000000000399e-01
2.700000000000000000e+01 3.407667000000000002e+00
2.800000000000000000e+01 2.111306000000000083e+01
2.900000000000000000e+01 1.159778999999999893e+00
3.000000000000000000e+01 4.600431999999999855e-01
1.000000000000000000e+00 3.850640999999999980e+00
2.000000000000000000e+00 2.380649000000000015e+00
3.000000000000000000e+00 6.240192999999999657e+00
4.000000000000000000e+00 1.396578000000000097e+00
5.000000000000000000e+00 7.526313000000000031e-01
6.000000000000000000e+00 3.266084000000000209e+00
7.000000000000000000e+00 6.486830999999999570e+00
8.000000000000000000e+00 1.186389999999999922e+01
9.000000000000000000e+00 5.937343000000000481e-01
1.000000000000000000e+01 1.692765999999999993e-01
1.100000000000000000e+01 4.767989999999999728e-01
1.200000000000000000e+01 5.911111999999999478e-01
1.300000000000000000e+01 8.610385000000000399e-01
1.400000000000000000e+01 3.888802000000000092e+00
1.500000000000000000e+01 5.049278999999999851e-01
1.600000000000000000e+01 4.886668000000000123e-01
1.700000000000000000e+01 6.694919000000000286e-01
1.800000000000000000e+01 5.654835000000000278e-01
1.900000000000000000e+01 3.138133000000000172e-01
2.000000000000000000e+01 3.480794999999999861e-01
2.100000000000000000e+01 1.962502999999999886e+01
2.200000000000000000e+01 3.360546999999999951e+00
2.300000000000000000e+01 4.190706000000000131e+01
2.400000000000000000e+01 2.184533000000000058e+01
2.500000000000000000e+01 1.870527999999999968e+00
2.600000000000000000e+01 1.985600999999999949e+00
2.700000000000000000e+01 3.978902999999999857e+00
2.800000000000000000e+01 3.339291000000000054e+01
2.900000000000000000e+01 8.427911000000000152e-01
3.000000000000000000e+01 9.447497000000000256e-01
1.000000000000000000e+00 2.448776000000000064e+00
2.000000000000000000e+00 2.090266000000000179e+00
3.000000000000000000e+00 5.029450999999999894e+00
4.000000000000000000e+00 3.414607000000000170e+00
5.000000000000000000e+00 6.662284000000000539e-01
6.000000000000000000e+00 9.958875000000000366e-01
7.000000000000000000e+00 4.074828000000000117e+00
8.000000000000000000e+00 1.235923000000000016e+01
9.000000000000000000e+00 6.000628999999999547e-01
1.000000000000000000e+01 2.615719000000000238e-01
1.100000000000000000e+01 8.625726000000000226e-01
1.200000000000000000e+01 9.020704999999999973e-01
1.300000000000000000e+01 9.867553000000000019e-01
1.400000000000000000e+01 4.890544000000000224e+00
1.500000000000000000e+01 7.808443999999999940e-01
1.600000000000000000e+01 5.597355999999999998e-01
1.700000000000000000e+01 9.799879999999999702e-01
1.800000000000000000e+01 6.490403000000000144e-01
1.900000000000000000e+01 4.424416999999999933e-01
2.000000000000000000e+01 8.076276999999999484e-01
2.100000000000000000e+01 2.798263999999999996e+01
2.200000000000000000e+01 3.552445000000000075e+00
2.300000000000000000e+01 3.465484000000000009e+01
2.400000000000000000e+01 3.185801999999999978e+01
2.500000000000000000e+01 1.837790999999999952e+00
2.600000000000000000e+01 1.937801000000000107e+00
2.700000000000000000e+01 4.262640000000000207e+00
2.800000000000000000e+01 2.457401000000000124e+01
2.900000000000000000e+01 1.443208999999999964e+00
3.000000000000000000e+01 9.512106000000000172e-01
1.000000000000000000e+00 1.666846999999999968e+00
2.000000000000000000e+00 1.513287000000000049e+00
3.000000000000000000e+00 3.745649999999999924e+00
4.000000000000000000e+00 1.544869999999999965e+00
5.000000000000000000e+00 3.922971000000000097e-01
6.000000000000000000e+00 3.323911999999999978e-01
7.000000000000000000e+00 2.301527999999999796e+00
8.000000000000000000e+00 1.376313000000000031e+01
9.000000000000000000e+00 4.459206000000000003e-01
1.000000000000000000e+01 4.766908000000000256e-01
1.100000000000000000e+01 9.213595999999999453e-01
1.200000000000000000e+01 4.775746000000000158e-01
1.300000000000000000e+01 1.428692999999999991e+00
1.400000000000000000e+01 6.616946000000000438e+00
1.500000000000000000e+01 6.758903000000000549e-01
1.600000000000000000e+01 4.489707000000000003e-01
1.700000000000000000e+01 5.280021999999999771e-01
1.800000000000000000e+01 3.546679999999999833e-01
1.900000000000000000e+01 6.443054999999999755e-01
2.000000000000000000e+01 4.421414000000000177e-01
2.100000000000000000e+01 2.633651000000000053e+01
2.200000000000000000e+01 2.429523999999999795e+00
2.300000000000000000e+01 4.199515000000000242e+01
2.400000000000000000e+01 3.340993999999999886e+01
2.500000000000000000e+01 2.147146999999999917e+00
2.600000000000000000e+01 1.180560999999999972e+00
2.700000000000000000e+01 3.221633000000000191e+00
2.800000000000000000e+01 1.568026000000000053e+01
2.900000000000000000e+01 1.626009000000000038e+00
3.000000000000000000e+01 1.499192999999999998e+00
1.000000000000000000e+00 2.266897000000000162e+00
2.000000000000000000e+00 3.417432999999999943e+00
3.000000000000000000e+00 4.008102000000000054e+00
4.000000000000000000e+00 3.378947999999999841e+00
5.000000000000000000e+00 1.148190999999999962e+00
6.000000000000000000e+00 5.810104000000000379e-01
7.000000000000000000e+00 3.936323999999999934e+00
8.000000000000000000e+00 1.674061000000000021e+01
9.000000000000000000e+00 3.700480999999999909e-01
1.000000000000000000e+01 5.025608999999999771e-01
1.100000000000000000e+01 1.282345000000000068e+00
1.200000000000000000e+01 1.138155000000000028e+00
1.300000000000000000e+01 1.402093999999999951e+00
1.400000000000000000e+01 3.325152999999999803e+00
1.500000000000000000e+01 5.804770000000000207e-01
1.600000000000000000e+01 4.724160000000000026e-01
1.700000000000000000e+01 5.693158000000000385e-01
1.800000000000000000e+01 6.163391999999999760e-01
1.900000000000000000e+01 6.225969999999999560e-01
2.000000000000000000e+01 9.969672000000000534e-01
2.100000000000000000e+01 2.312398999999999916e+01
2.200000000000000000e+01 4.715678999999999732e+00
2.300000000000000000e+01 4.074042000000000030e+01
2.400000000000000000e+01 2.554636999999999958e+01
2.500000000000000000e+01 2.501900000000000013e+00
2.600000000000000000e+01 9.877943000000000140e-01
2.700000000000000000e+01 3.735154000000000085e+00
2.800000000000000000e+01 2.526550999999999902e+01
2.900000000000000000e+01 1.162177999999999933e+00
3.000000000000000000e+01 9.413641000000000369e-01
1.000000000000000000e+00 2.440131000000000050e+00
2.000000000000000000e+00 2.413469000000000086e+00
3.000000000000000000e+00 3.094603000000000215e+00
4.000000000000000000e+00 3.877604999999999968e+00
5.000000000000000000e+00 8.401724999999999888e-01
6.000000000000000000e+00 6.776311000000000417e-01
7.000000000000000000e+00 5.711136999999999908e+00
8.000000000000000000e+00 2.731884000000000157e+01
9.000000000000000000e+00 7.453041000000000249e-01
1.000000000000000000e+01 3.653005999999999753e-01
1.100000000000000000e+01 1.090500999999999943e+00
1.200000000000000000e+01 8.621469000000000493e-01
1.300000000000000000e+01 9.169850999999999974e-01
1.400000000000000000e+01 4.854753999999999792e+00
1.500000000000000000e+01 5.128456999999999599e-01
1.600000000000000000e+01 6.555558000000000218e-01
1.700000000000000000e+01 4.693260000000000209e-01
1.800000000000000000e+01 4.578510000000000080e-01
1.900000000000000000e+01 3.384071000000000162e-01
2.000000000000000000e+01 9.531838999999999729e-01
2.100000000000000000e+01 2.336459999999999937e+01
2.200000000000000000e+01 3.246789000000000147e+00
2.300000000000000000e+01 2.734605000000000175e+01
2.400000000000000000e+01 3.206542999999999921e+01
2.500000000000000000e+01 2.169407999999999781e+00
2.600000000000000000e+01 1.028375000000000039e+00
2.700000000000000000e+01 2.947560000000000180e+00
2.800000000000000000e+01 2.074192999999999998e+01
2.900000000000000000e+01 1.630986999999999965e+00
3.000000000000000000e+01 8.329071000000000113e-01
1.000000000000000000e+00 3.404973000000000027e+00
2.000000000000000000e+00 2.778554999999999886e+00
3.000000000000000000e+00 5.866500000000000270e+00
4.000000000000000000e+00 3.631384000000000167e+00
5.000000000000000000e+00 8.870535999999999976e-01
6.000000000000000000e+00 8.661976999999999594e-01
7.000000000000000000e+00 4.497837999999999781e+00
8.000000000000000000e+00 2.424872999999999834e+01
9.000000000000000000e+00 4.174378000000000255e-01
1.000000000000000000e+01 8.321908999999999557e-01
1.100000000000000000e+01 1.646193000000000017e+00
1.200000000000000000e+01 7.983373999999999748e-01
1.300000000000000000e+01 1.100910999999999973e+00
1.400000000000000000e+01 4.693821999999999939e+00
1.500000000000000000e+01 1.021136999999999961e+00
1.600000000000000000e+01 6.752346999999999655e-01
1.700000000000000000e+01 9.058365999999999918e-01
1.800000000000000000e+01 7.113099000000000505e-01
1.900000000000000000e+01 7.583313000000000415e-01
2.000000000000000000e+01 1.082535000000000025e+00
2.100000000000000000e+01 2.484808999999999912e+01
2.200000000000000000e+01 3.472274000000000083e+00
2.300000000000000000e+01 3.731143999999999750e+01
2.400000000000000000e+01 2.183679000000000059e+01
2.500000000000000000e+01 2.070911000000000168e+00
2.600000000000000000e+01 1.314326000000000105e+00
2.700000000000000000e+01 3.070603999999999889e+00
2.800000000000000000e+01 1.542853000000000030e+01
2.900000000000000000e+01 7.467540999999999762e-01
3.000000000000000000e+01 6.368652999999999675e-01
1.000000000000000000e+00 2.494222999999999857e+00
2.000000000000000000e+00 2.045081000000000149e+00
3.000000000000000000e+00 5.178619000000000305e+00
4.000000000000000000e+00 3.690564999999999873e+00
5.000000000000000000e+00 6.597768000000000521e-01
6.000000000000000000e+00 3.682231999999999728e-01
7.000000000000000000e+00 3.936433000000000071e+00
8.000000000000000000e+00 1.236208000000000062e+01
9.000000000000000000e+00 3.021164000000000072e-01
1.000000000000000000e+01 4.080355999999999983e-01
1.100000000000000000e+01 1.366632999999999987e+00
1.200000000000000000e+01 5.508431999999999773e-01
1.300000000000000000e+01 9.896863999999999661e-01
1.400000000000000000e+01 3.887220999999999815e+00
1.500000000000000000e+01 8.412992999999999721e-01
1.600000000000000000e+01 3.542216000000000253e-01
1.700000000000000000e+01 7.489576999999999485e-01
1.800000000000000000e+01 4.888570999999999889e-01
1.900000000000000000e+01 2.459330000000000127e-01
2.000000000000000000e+01 5.296703000000000383e-01
2.100000000000000000e+01 2.123448000000000135e+01
2.200000000000000000e+01 2.622812999999999839e+00
2.300000000000000000e+01 4.791745000000000232e+01
2.400000000000000000e+01 2.875068999999999875e+01
2.500000000000000000e+01 3.244197999999999915e+00
2.600000000000000000e+01 2.011391999999999847e+00
2.700000000000000000e+01 3.957777999999999796e+00
2.800000000000000000e+01 2.046480000000000032e+01
2.900000000000000000e+01 1.607464999999999922e+00
3.000000000000000000e+01 1.033331000000000000e+00
1.000000000000000000e+00 2.629278999999999922e+00
2.000000000000000000e+00 2.204340000000000188e+00
3.000000000000000000e+00 3.189204999999999846e+00
4.000000000000000000e+00 4.263938999999999702e+00
5.000000000000000000e+00 1.070480000000000098e+00
6.000000000000000000e+00 5.946147999999999989e-01
7.000000000000000000e+00 1.044510000000000005e+01
8.000000000000000000e+00 2.739768000000000114e+01
9.000000000000000000e+00 6.687494999999999967e-01
1.000000000000000000e+01 3.605886999999999842e-01
1.100000000000000000e+01 7.720668000000000530e-01
1.200000000000000000e+01 7.645878000000000396e-01
1.300000000000000000e+01 7.166107000000000449e-01
1.400000000000000000e+01 3.413464999999999971e+00
1.500000000000000000e+01 6.232649999999999579e-01
1.600000000000000000e+01 4.996089000000000224e-01
1.700000000000000000e+01 1.199948999999999932e+00
1.800000000000000000e+01 4.156803000000000026e-01
1.900000000000000000e+01 6.340375999999999790e-01
2.000000000000000000e+01 1.328265000000000029e+00
2.100000000000000000e+01 1.653684000000000154e+01
2.200000000000000000e+01 3.442807999999999868e+00
2.300000000000000000e+01 1.824345999999999890e+01
2.400000000000000000e+01 1.500920999999999950e+01
2.500000000000000000e+01 1.875234000000000067e+00
2.600000000000000000e+01 2.064433999999999880e+00
2.700000000000000000e+01 5.039597999999999800e+00
2.800000000000000000e+01 4.710049000000000063e+01
2.900000000000000000e+01 1.213664999999999994e+00
3.000000000000000000e+01 7.837032000000000442e-01
1.000000000000000000e+00 1.895833000000000101e+00
2.000000000000000000e+00 2.339418999999999915e+00
3.000000000000000000e+00 3.487388999999999850e+00
4.000000000000000000e+00 4.348508999999999958e+00
5.000000000000000000e+00 7.206981999999999555e-01
6.000000000000000000e+00 9.572211000000000469e-01
7.000000000000000000e+00 2.465225000000000222e+00
8.000000000000000000e+00 1.914937000000000111e+01
9.000000000000000000e+00 6.605313999999999908e-01
1.000000000000000000e+01 4.718508000000000147e-01
1.100000000000000000e+01 1.162725999999999926e+00
1.200000000000000000e+01 6.645126000000000088e-01
1.300000000000000000e+01 1.023897000000000057e+00
1.400000000000000000e+01 4.038736000000000104e+00
1.500000000000000000e+01 6.181351999999999958e-01
1.600000000000000000e+01 3.912867999999999902e-01
1.700000000000000000e+01 1.067989000000000077e+00
1.800000000000000000e+01 5.910511999999999988e-01
1.900000000000000000e+01 6.625702999999999454e-01
2.000000000000000000e+01 6.236310999999999938e-01
2.100000000000000000e+01 2.586166000000000054e+01
2.200000000000000000e+01 3.192785999999999902e+00
2.300000000000000000e+01 4.197590000000000288e+01
2.400000000000000000e+01 2.464802999999999855e+01
2.500000000000000000e+01 1.867629999999999901e+00
2.600000000000000000e+01 2.674990999999999897e+00
2.700000000000000000e+01 5.373855999999999966e+00
2.800000000000000000e+01 2.186851000000000056e+01
2.900000000000000000e+01 1.299198999999999993e+00
3.000000000000000000e+01 1.146055999999999964e+00
1.000000000000000000e+00 3.982743999999999840e+00
2.000000000000000000e+00 2.849854000000000109e+00
3.000000000000000000e+00 4.942929000000000350e+00
4.000000000000000000e+00 6.524469999999999992e+00
5.000000000000000000e+00 7.954377999999999727e-01
6.000000000000000000e+00 5.034231000000000122e-01
7.000000000000000000e+00 2.906712000000000184e+00
8.000000000000000000e+00 1.224417000000000044e+01
9.000000000000000000e+00 4.587278000000000189e-01
1.000000000000000000e+01 4.947898000000000018e-01
1.100000000000000000e+01 1.254879000000000078e+00
1.200000000000000000e+01 5.831034999999999968e-01
1.300000000000000000e+01 9.804251999999999967e-01
1.400000000000000000e+01 3.722083000000000030e+00
1.500000000000000000e+01 5.586263999999999674e-01
1.600000000000000000e+01 5.134446999999999761e-01
1.700000000000000000e+01 3.987743999999999733e-01
1.800000000000000000e+01 2.947969999999999757e-01
1.900000000000000000e+01 4.417923000000000266e-01
2.000000000000000000e+01 1.195862999999999898e+00
2.100000000000000000e+01 2.385107999999999961e+01
2.200000000000000000e+01 2.369010999999999978e+00
2.300000000000000000e+01 3.596497000000000099e+01
2.400000000000000000e+01 3.565547999999999718e+01
2.500000000000000000e+01 3.168152000000000079e+00
2.600000000000000000e+01 2.522670000000000190e+00
2.700000000000000000e+01 3.147409999999999819e+00
2.800000000000000000e+01 2.403293000000000035e+01
2.900000000000000000e+01 1.635632999999999893e+00
3.000000000000000000e+01 1.015646000000000049e+00
1.000000000000000000e+00 1.048942999999999959e+00
2.000000000000000000e+00 2.568766000000000105e+00
3.000000000000000000e+00 4.059814000000000256e+00
4.000000000000000000e+00 2.031851000000000074e+00
5.000000000000000000e+00 9.590541999999999678e-01
6.000000000000000000e+00 6.877626000000000017e-01
7.000000000000000000e+00 4.581774000000000235e+00
8.000000000000000000e+00 2.954231000000000051e+01
9.000000000000000000e+00 5.695308000000000037e-01
1.000000000000000000e+01 6.174667000000000350e-01
1.100000000000000000e+01 1.060051999999999994e+00
1.200000000000000000e+01 9.860467000000000537e-01
1.300000000000000000e+01 8.551619000000000304e-01
1.400000000000000000e+01 3.443341000000000207e+00
1.500000000000000000e+01 2.604924000000000128e-01
1.600000000000000000e+01 4.108980999999999884e-01
1.700000000000000000e+01 6.544936000000000087e-01
1.800000000000000000e+01 5.745440000000000547e-01
1.900000000000000000e+01 5.242063000000000139e-01
2.000000000000000000e+01 5.118774000000000379e-01
2.100000000000000000e+01 2.015096000000000132e+01
2.200000000000000000e+01 3.899062999999999946e+00
2.300000000000000000e+01 2.682901999999999987e+01
2.400000000000000000e+01 2.322099000000000046e+01
2.500000000000000000e+01 1.497357000000000049e+00
2.600000000000000000e+01 2.116810000000000080e+00
2.700000000000000000e+01 4.795617000000000019e+00
2.800000000000000000e+01 3.718037999999999954e+01
2.900000000000000000e+01 9.385645999999999711e-01
3.000000000000000000e+01 9.189277999999999613e-01
1.000000000000000000e+00 1.803755999999999915e+00
2.000000000000000000e+00 1.999185999999999908e+00
3.000000000000000000e+00 4.974535000000000373e+00
4.000000000000000000e+00 1.671599999999999975e+00
5.000000000000000000e+00 1.035417000000000032e+00
6.000000000000000000e+00 3.274612000000000078e-01
7.000000000000000000e+00 6.892838000000000243e+00
8.000000000000000000e+00 1.815757999999999939e+01
9.000000000000000000e+00 4.214981999999999895e-01
1.000000000000000000e+01 3.238940000000000152e-01
1.100000000000000000e+01 9.529326999999999659e-01
1.200000000000000000e+01 6.154659999999999576e-01
1.300000000000000000e+01 1.031080999999999914e+00
1.400000000000000000e+01 3.143244999999999845e+00
1.500000000000000000e+01 6.388452999999999493e-01
1.600000000000000000e+01 4.949426000000000103e-01
1.700000000000000000e+01 9.293797000000000308e-01
1.800000000000000000e+01 2.658069000000000126e-01
1.900000000000000000e+01 5.448218000000000227e-01
2.000000000000000000e+01 8.699905999999999473e-01
2.100000000000000000e+01 2.748936000000000135e+01
2.200000000000000000e+01 2.619222000000000161e+00
2.300000000000000000e+01 3.509736000000000189e+01
2.400000000000000000e+01 2.487766999999999840e+01
2.500000000000000000e+01 4.204210999999999920e+00
2.600000000000000000e+01 1.369615999999999945e+00
2.700000000000000000e+01 3.372062999999999811e+00
2.800000000000000000e+01 2.844609000000000165e+01
2.900000000000000000e+01 1.676271000000000067e+00
3.000000000000000000e+01 1.172533000000000047e+00
1.000000000000000000e+00 2.569287999999999794e+00
2.000000000000000000e+00 1.812756999999999952e+00
3.000000000000000000e+00 7.097983000000000153e+00
4.000000000000000000e+00 5.331901000000000224e+00
5.000000000000000000e+00 6.595919999999999561e-01
6.000000000000000000e+00 5.320839000000000540e-01
7.000000000000000000e+00 1.425283000000000078e+00
8.000000000000000000e+00 1.910538999999999987e+01
9.000000000000000000e+00 4.072247999999999979e-01
1.000000000000000000e+01 4.794641000000000042e-01
1.100000000000000000e+01 9.456957000000000280e-01
1.200000000000000000e+01 5.418152000000000523e-01
1.300000000000000000e+01 9.955277000000000154e-01
1.400000000000000000e+01 1.723813999999999957e+00
1.500000000000000000e+01 4.667862999999999873e-01
1.600000000000000000e+01 4.026700999999999753e-01
1.700000000000000000e+01 4.788152999999999992e-01
1.800000000000000000e+01 3.194662999999999808e-01
1.900000000000000000e+01 5.022324000000000233e-01
2.000000000000000000e+01 8.058598999999999624e-01
2.100000000000000000e+01 3.365905999999999665e+01
2.200000000000000000e+01 3.341632000000000158e+00
2.300000000000000000e+01 3.702687999999999846e+01
2.400000000000000000e+01 2.817409999999999926e+01
2.500000000000000000e+01 2.870922999999999892e+00
2.600000000000000000e+01 1.749468999999999941e+00
2.700000000000000000e+01 2.948335000000000150e+00
2.800000000000000000e+01 1.669285999999999959e+01
2.900000000000000000e+01 1.215996000000000077e+00
3.000000000000000000e+01 9.257001999999999731e-01
1.000000000000000000e+00 3.477409999999999890e+00
2.000000000000000000e+00 3.425375999999999976e+00
3.000000000000000000e+00 3.297092999999999829e+00
4.000000000000000000e+00 4.700592999999999577e+00
5.000000000000000000e+00 1.141113999999999962e+00
6.000000000000000000e+00 7.035536999999999486e-01
7.000000000000000000e+00 3.588274999999999881e+00
8.000000000000000000e+00 2.054658999999999835e+01
9.000000000000000000e+00 7.280083000000000526e-01
1.000000000000000000e+01 4.379057000000000088e-01
1.100000000000000000e+01 8.874897999999999954e-01
1.200000000000000000e+01 6.270101000000000147e-01
1.300000000000000000e+01 6.734149999999999858e-01
1.400000000000000000e+01 1.811979000000000006e+00
1.500000000000000000e+01 6.344406000000000212e-01
1.600000000000000000e+01 7.231800000000000450e-01
1.700000000000000000e+01 9.013527999999999540e-01
1.800000000000000000e+01 6.463506999999999447e-01
1.900000000000000000e+01 5.196775000000000144e-01
2.000000000000000000e+01 9.822454999999999936e-01
2.100000000000000000e+01 2.771480999999999995e+01
2.200000000000000000e+01 5.022751000000000410e+00
2.300000000000000000e+01 2.225385999999999953e+01
2.400000000000000000e+01 3.247753999999999763e+01
2.500000000000000000e+01 2.634349999999999969e+00
2.600000000000000000e+01 1.996663999999999994e+00
2.700000000000000000e+01 2.716825000000000045e+00
2.800000000000000000e+01 2.813081000000000031e+01
2.900000000000000000e+01 1.024996999999999936e+00
3.000000000000000000e+01 7.397183999999999982e-01
1.000000000000000000e+00 3.682244999999999990e+00
2.000000000000000000e+00 2.749146000000000090e+00
3.000000000000000000e+00 6.553893000000000413e+00
4.000000000000000000e+00 1.781757000000000035e+00
5.000000000000000000e+00 4.846462999999999743e-01
6.000000000000000000e+00 7.402166000000000023e-01
7.000000000000000000e+00 2.346563999999999872e+00
8.000000000000000000e+00 1.590390000000000015e+01
9.000000000000000000e+00 4.224236000000000102e-01
1.000000000000000000e+01 5.236264000000000474e-01
1.100000000000000000e+01 1.345255000000000090e+00
1.200000000000000000e+01 7.205460000000000198e-01
1.300000000000000000e+01 1.009581000000000062e+00
1.400000000000000000e+01 3.459944999999999826e+00
1.500000000000000000e+01 5.485807000000000322e-01
1.600000000000000000e+01 3.977686999999999751e-01
1.700000000000000000e+01 3.707109000000000099e-01
1.800000000000000000e+01 5.832465999999999484e-01
1.900000000000000000e+01 3.043970999999999760e-01
2.000000000000000000e+01 5.473139999999999672e-01
2.100000000000000000e+01 1.783916999999999931e+01
2.200000000000000000e+01 3.197426999999999797e+00
2.300000000000000000e+01 5.109503999999999735e+01
2.400000000000000000e+01 2.595458999999999961e+01
2.500000000000000000e+01 2.001520999999999884e+00
2.600000000000000000e+01 1.431184999999999929e+00
2.700000000000000000e+01 1.749387999999999943e+00
2.800000000000000000e+01 2.315568999999999988e+01
2.900000000000000000e+01 6.361267000000000449e-01
3.000000000000000000e+01 5.243957000000000201e-01
1.000000000000000000e+00 3.066492000000000218e+00
2.000000000000000000e+00 3.329298000000000091e+00
3.000000000000000000e+00 2.475630000000000219e+00
4.000000000000000000e+00 3.134773000000000032e+00
5.000000000000000000e+00 8.122593999999999648e-01
6.000000000000000000e+00 5.214497999999999633e-01
7.000000000000000000e+00 3.615442999999999962e+00
8.000000000000000000e+00 2.557395999999999958e+01
9.000000000000000000e+00 7.762352999999999614e-01
1.000000000000000000e+01 5.359635000000000371e-01
1.100000000000000000e+01 5.800296999999999814e-01
1.200000000000000000e+01 5.567558999999999703e-01
1.300000000000000000e+01 1.208404999999999951e+00
1.400000000000000000e+01 6.521898000000000195e+00
1.500000000000000000e+01 4.222538000000000125e-01
1.600000000000000000e+01 5.082141000000000020e-01
1.700000000000000000e+01 1.027130000000000098e+00
1.800000000000000000e+01 3.833085999999999993e-01
1.900000000000000000e+01 5.723683000000000520e-01
2.000000000000000000e+01 7.228120999999999574e-01
2.100000000000000000e+01 2.003432000000000102e+01
2.200000000000000000e+01 3.548496999999999790e+00
2.300000000000000000e+01 2.722030000000000172e+01
2.400000000000000000e+01 2.652986999999999895e+01
2.500000000000000000e+01 2.089526999999999912e+00
2.600000000000000000e+01 2.795615999999999879e+00
2.700000000000000000e+01 1.819623999999999908e+00
2.800000000000000000e+01 3.329643999999999693e+01
2.900000000000000000e+01 1.425799999999999956e+00
3.000000000000000000e+01 1.124486000000000097e+00
1.000000000000000000e+00 2.744498999999999800e+00
2.000000000000000000e+00 2.556754999999999889e+00
3.000000000000000000e+00 5.123312000000000310e+00
4.000000000000000000e+00 6.355299999999999727e+00
5.000000000000000000e+00 7.691405000000000047e-01
6.000000000000000000e+00 1.077685999999999922e+00
7.000000000000000000e+00 3.471084999999999976e+00
8.000000000000000000e+00 1.829707000000000150e+01
9.000000000000000000e+00 3.218796999999999908e-01
1.000000000000000000e+01 4.412916000000000061e-01
1.100000000000000000e+01 1.502329999999999943e+00
1.200000000000000000e+01 7.764292000000000415e-01
1.300000000000000000e+01 9.988086000000000464e-01
1.400000000000000000e+01 4.557457000000000313e+00
1.500000000000000000e+01 6.439884000000000164e-01
1.600000000000000000e+01 6.705474000000000157e-01
1.700000000000000000e+01 4.569173999999999736e-01
1.800000000000000000e+01 4.527709999999999790e-01
1.900000000000000000e+01 4.438896999999999982e-01
2.000000000000000000e+01 3.716273999999999966e-01
2.100000000000000000e+01 2.595685999999999893e+01
2.200000000000000000e+01 2.515315999999999885e+00
2.300000000000000000e+01 4.283677000000000135e+01
2.400000000000000000e+01 2.728190999999999988e+01
2.500000000000000000e+01 1.890832000000000068e+00
2.600000000000000000e+01 1.523306999999999967e+00
2.700000000000000000e+01 4.046578000000000230e+00
2.800000000000000000e+01 1.740268000000000015e+01
2.900000000000000000e+01 1.432854999999999990e+00
3.000000000000000000e+01 5.202820000000000222e-01
1.000000000000000000e+00 4.841319000000000372e+00
2.000000000000000000e+00 2.403287000000000173e+00
3.000000000000000000e+00 2.151199999999999779e+00
4.000000000000000000e+00 5.748573000000000377e+00
5.000000000000000000e+00 1.115275999999999934e+00
6.000000000000000000e+00 5.300880000000000036e-01
7.000000000000000000e+00 5.206538000000000110e+00
8.000000000000000000e+00 1.922699000000000069e+01
9.000000000000000000e+00 8.451743000000000450e-01
1.000000000000000000e+01 3.504335000000000089e-01
1.100000000000000000e+01 9.562022999999999495e-01
1.200000000000000000e+01 4.663227999999999818e-01
1.300000000000000000e+01 1.383685999999999972e+00
1.400000000000000000e+01 1.985945999999999989e+00
1.500000000000000000e+01 3.574172999999999933e-01
1.600000000000000000e+01 7.322513000000000494e-01
1.700000000000000000e+01 1.309892000000000056e+00
1.800000000000000000e+01 3.924586999999999937e-01
1.900000000000000000e+01 5.034037000000000095e-01
2.000000000000000000e+01 1.349269999999999969e+00
2.100000000000000000e+01 2.118066999999999922e+01
2.200000000000000000e+01 2.864444999999999908e+00
2.300000000000000000e+01 2.766113999999999962e+01
2.400000000000000000e+01 3.724848999999999677e+01
2.500000000000000000e+01 1.404462000000000099e+00
2.600000000000000000e+01 2.469981999999999900e+00
2.700000000000000000e+01 6.221506999999999898e+00
2.800000000000000000e+01 2.219684000000000168e+01
2.900000000000000000e+01 1.828084999999999960e+00
3.000000000000000000e+01 7.255762000000000045e-01
1.000000000000000000e+00 2.627283999999999953e+00
2.000000000000000000e+00 3.589611999999999803e+00
3.000000000000000000e+00 5.763402000000000136e+00
4.000000000000000000e+00 3.544547000000000114e+00
5.000000000000000000e+00 4.781260999999999983e-01
6.000000000000000000e+00 8.224055999999999589e-01
7.000000000000000000e+00 3.982876999999999779e+00
8.000000000000000000e+00 1.867096000000000089e+01
9.000000000000000000e+00 5.388203999999999771e-01
1.000000000000000000e+01 4.328645999999999883e-01
1.100000000000000000e+01 1.290945000000000009e+00
1.200000000000000000e+01 1.143518000000000034e+00
1.300000000000000000e+01 9.939689999999999914e-01
1.400000000000000000e+01 2.112569000000000141e+00
1.500000000000000000e+01 6.654596999999999873e-01
1.600000000000000000e+01 5.516647000000000078e-01
1.700000000000000000e+01 7.232948000000000155e-01
1.800000000000000000e+01 4.959626999999999786e-01
1.900000000000000000e+01 8.061515999999999682e-01
2.000000000000000000e+01 4.871607000000000021e-01
2.100000000000000000e+01 3.128537000000000035e+01
2.200000000000000000e+01 3.918559000000000125e+00
2.300000000000000000e+01 4.105664999999999765e+01
2.400000000000000000e+01 3.374866999999999706e+01
2.500000000000000000e+01 5.374120999999999482e-01
2.600000000000000000e+01 1.140689999999999982e+00
2.700000000000000000e+01 3.812424000000000035e+00
2.800000000000000000e+01 1.075488999999999962e+01
2.900000000000000000e+01 2.189346000000000014e+00
3.000000000000000000e+01 6.758271000000000139e-01
1.000000000000000000e+00 1.856932000000000027e+00
2.000000000000000000e+00 1.778901999999999983e+00
3.000000000000000000e+00 2.234646999999999828e+00
4.000000000000000000e+00 3.284838999999999842e+00
5.000000000000000000e+00 1.236558000000000046e+00
6.000000000000000000e+00 8.034400999999999904e-01
7.000000000000000000e+00 5.735326999999999842e+00
8.000000000000000000e+00 1.907447000000000159e+01
9.000000000000000000e+00 4.942226000000000119e-01
1.000000000000000000e+01 3.394094000000000277e-01
1.100000000000000000e+01 1.004237999999999964e+00
1.200000000000000000e+01 4.562598999999999960e-01
1.300000000000000000e+01 8.590577999999999825e-01
1.400000000000000000e+01 3.488077999999999790e+00
1.500000000000000000e+01 8.383905000000000385e-01
1.600000000000000000e+01 6.468458999999999737e-01
1.700000000000000000e+01 7.165464999999999751e-01
1.800000000000000000e+01 6.205488000000000115e-01
1.900000000000000000e+01 6.950498999999999983e-01
2.000000000000000000e+01 7.813339999999999730e-01
2.100000000000000000e+01 1.776791000000000054e+01
2.200000000000000000e+01 2.892586999999999797e+00
2.300000000000000000e+01 3.041772999999999882e+01
2.400000000000000000e+01 2.267981999999999942e+01
2.500000000000000000e+01 2.250849999999999795e+00
2.600000000000000000e+01 2.910470000000000113e+00
2.700000000000000000e+01 4.928317999999999977e+00
2.800000000000000000e+01 3.919538000000000011e+01
2.900000000000000000e+01 9.095012000000000096e-01
3.000000000000000000e+01 1.066230999999999929e+00
1.000000000000000000e+00 2.137728000000000073e+00
2.000000000000000000e+00 2.310604000000000102e+00
3.000000000000000000e+00 3.629227000000000203e+00
4.000000000000000000e+00 3.387264000000000053e+00
5.000000000000000000e+00 7.748201999999999590e-01
6.000000000000000000e+00 5.822610000000000285e-01
7.000000000000000000e+00 2.664292000000000105e+00
8.000000000000000000e+00 1.727524000000000015e+01
9.000000000000000000e+00 5.301761000000000390e-01
1.000000000000000000e+01 3.782651000000000208e-01
1.100000000000000000e+01 9.293554000000000537e-01
1.200000000000000000e+01 1.303698000000000023e+00
1.300000000000000000e+01 6.735193000000000429e-01
1.400000000000000000e+01 3.627256000000000036e+00
1.500000000000000000e+01 5.745620000000000172e-01
1.600000000000000000e+01 8.760577999999999976e-01
1.700000000000000000e+01 1.140997999999999957e+00
1.800000000000000000e+01 6.482141000000000153e-01
1.900000000000000000e+01 3.782963999999999771e-01
2.000000000000000000e+01 7.081091999999999942e-01
2.100000000000000000e+01 2.254630999999999830e+01
2.200000000000000000e+01 3.730148999999999937e+00
2.300000000000000000e+01 3.597854999999999848e+01
2.400000000000000000e+01 2.970868000000000109e+01
2.500000000000000000e+01 2.302227999999999941e+00
2.600000000000000000e+01 2.271741000000000010e+00
2.700000000000000000e+01 3.094660000000000188e+00
2.800000000000000000e+01 2.839023999999999859e+01
2.900000000000000000e+01 2.034212000000000131e+00
3.000000000000000000e+01 7.575802000000000369e-01
1.000000000000000000e+00 2.982609000000000066e+00
2.000000000000000000e+00 2.816777000000000086e+00
3.000000000000000000e+00 5.535843999999999987e+00
4.000000000000000000e+00 4.229623000000000133e+00
5.000000000000000000e+00 2.397077999999999987e-01
6.000000000000000000e+00 5.724291000000000240e-01
7.000000000000000000e+00 1.130357000000000056e+01
8.000000000000000000e+00 3.358756000000000341e+01
9.000000000000000000e+00 2.048380999999999952e-01
1.000000000000000000e+01 4.116272000000000264e-01
1.100000000000000000e+01 5.046420999999999824e-01
1.200000000000000000e+01 4.044803000000000148e-01
1.300000000000000000e+01 4.013948999999999989e-01
1.400000000000000000e+01 1.949154999999999971e+00
1.500000000000000000e+01 7.723170000000000313e-01
1.600000000000000000e+01 4.142584000000000266e-01
1.700000000000000000e+01 5.000906999999999991e-01
1.800000000000000000e+01 2.932433999999999874e-01
1.900000000000000000e+01 2.336209999999999953e-01
2.000000000000000000e+01 7.083308999999999855e-01
2.100000000000000000e+01 1.379096000000000011e+01
2.200000000000000000e+01 2.378413000000000110e+00
2.300000000000000000e+01 3.215120999999999896e+01
2.400000000000000000e+01 9.765373999999999555e+00
2.500000000000000000e+01 1.206922999999999968e+00
2.600000000000000000e+01 6.652088000000000445e-01
2.700000000000000000e+01 3.147978999999999861e+00
2.800000000000000000e+01 3.931353000000000009e+01
2.900000000000000000e+01 6.290797999999999668e-01
3.000000000000000000e+01 6.323261999999999494e-01
1.000000000000000000e+00 3.011835000000000040e+00
2.000000000000000000e+00 2.932177999999999951e+00
3.000000000000000000e+00 5.054094000000000086e+00
4.000000000000000000e+00 7.859148000000000245e-01
5.000000000000000000e+00 1.043911999999999951e+00
6.000000000000000000e+00 9.195881999999999667e-01
7.000000000000000000e+00 7.951515999999999806e+00
8.000000000000000000e+00 2.196211999999999875e+01
9.000000000000000000e+00 4.428561999999999776e-01
1.000000000000000000e+01 7.663708000000000187e-01
1.100000000000000000e+01 6.550145000000000550e-01
1.200000000000000000e+01 7.272701000000000304e-01
1.300000000000000000e+01 1.149094999999999978e+00
1.400000000000000000e+01 2.383036000000000154e+00
1.500000000000000000e+01 6.920939999999999870e-01
1.600000000000000000e+01 3.986748999999999987e-01
1.700000000000000000e+01 8.473538999999999932e-01
1.800000000000000000e+01 6.652080999999999689e-01
1.900000000000000000e+01 5.070369000000000126e-01
2.000000000000000000e+01 1.028272999999999993e+00
2.100000000000000000e+01 1.606953999999999994e+01
2.200000000000000000e+01 3.510088000000000097e+00
2.300000000000000000e+01 2.089679999999999893e+01
2.400000000000000000e+01 2.337556000000000012e+01
2.500000000000000000e+01 2.017799999999999816e+00
2.600000000000000000e+01 6.885919000000000345e-01
2.700000000000000000e+01 2.906010000000000204e+00
2.800000000000000000e+01 4.072435000000000116e+01
2.900000000000000000e+01 1.012124999999999941e+00
3.000000000000000000e+01 6.417509999999999604e-01
1.000000000000000000e+00 2.300583000000000045e+00
2.000000000000000000e+00 3.301825000000000010e+00
3.000000000000000000e+00 1.933454999999999924e+00
4.000000000000000000e+00 4.668633999999999951e+00
5.000000000000000000e+00 9.769685999999999648e-01
6.000000000000000000e+00 5.213896000000000086e-01
7.000000000000000000e+00 3.913571000000000133e+00
8.000000000000000000e+00 2.118975999999999971e+01
9.000000000000000000e+00 5.342105000000000325e-01
1.000000000000000000e+01 4.433864000000000138e-01
1.100000000000000000e+01 1.530429999999999957e+00
1.200000000000000000e+01 1.002534000000000036e+00
1.300000000000000000e+01 1.263673999999999964e+00
1.400000000000000000e+01 6.706334000000000017e+00
1.500000000000000000e+01 8.678683000000000369e-01
1.600000000000000000e+01 5.701454000000000244e-01
1.700000000000000000e+01 5.779781999999999975e-01
1.800000000000000000e+01 4.622025000000000161e-01
1.900000000000000000e+01 6.744656999999999458e-01
2.000000000000000000e+01 6.267601000000000422e-01
2.100000000000000000e+01 2.382935000000000159e+01
2.200000000000000000e+01 5.136509000000000214e+00
2.300000000000000000e+01 2.555704000000000065e+01
2.400000000000000000e+01 2.330040999999999940e+01
2.500000000000000000e+01 2.344692000000000220e+00
2.600000000000000000e+01 1.607699999999999907e+00
2.700000000000000000e+01 3.105328999999999784e+00
2.800000000000000000e+01 3.284669999999999845e+01
2.900000000000000000e+01 1.313493999999999939e+00
3.000000000000000000e+01 8.043137000000000203e-01
1.000000000000000000e+00 1.341161999999999965e+00
2.000000000000000000e+00 3.138294000000000139e+00
3.000000000000000000e+00 4.168575999999999837e+00
4.000000000000000000e+00 1.938134000000000023e+00
5.000000000000000000e+00 6.842278000000000526e-01
6.000000000000000000e+00 7.599447999999999759e-01
7.000000000000000000e+00 5.676637000000000377e+00
8.000000000000000000e+00 2.315703999999999851e+01
9.000000000000000000e+00 4.129056999999999866e-01
1.000000000000000000e+01 3.771622000000000030e-01
1.100000000000000000e+01 9.818854999999999666e-01
1.200000000000000000e+01 7.573657999999999779e-01
1.300000000000000000e+01 1.503427000000000069e+00
1.400000000000000000e+01 3.078200999999999965e+00
1.500000000000000000e+01 8.232156000000000473e-01
1.600000000000000000e+01 5.790899999999999936e-01
1.700000000000000000e+01 5.732287999999999828e-01
1.800000000000000000e+01 5.117028999999999606e-01
1.900000000000000000e+01 2.976982000000000239e-01
2.000000000000000000e+01 1.064440999999999971e+00
2.100000000000000000e+01 1.874752000000000152e+01
2.200000000000000000e+01 3.060296999999999823e+00
2.300000000000000000e+01 3.913219000000000136e+01
2.400000000000000000e+01 2.535687000000000069e+01
2.500000000000000000e+01 2.311777000000000193e+00
2.600000000000000000e+01 7.386650999999999634e-01
2.700000000000000000e+01 2.740742000000000012e+00
2.800000000000000000e+01 2.967832999999999899e+01
2.900000000000000000e+01 8.182924000000000309e-01
3.000000000000000000e+01 7.376017999999999741e-01
1.000000000000000000e+00 3.525745999999999825e+00
2.000000000000000000e+00 1.789172999999999902e+00
3.000000000000000000e+00 7.673013000000000083e+00
4.000000000000000000e+00 2.897781000000000162e+00
5.000000000000000000e+00 1.020812999999999970e+00
6.000000000000000000e+00 8.162144000000000066e-01
7.000000000000000000e+00 2.888253999999999877e+00
8.000000000000000000e+00 1.775428000000000139e+01
9.000000000000000000e+00 9.269283000000000383e-01
1.000000000000000000e+01 2.729186000000000112e-01
1.100000000000000000e+01 1.259951999999999961e+00
1.200000000000000000e+01 5.105364999999999487e-01
1.300000000000000000e+01 8.676869000000000387e-01
1.400000000000000000e+01 2.840405000000000069e+00
1.500000000000000000e+01 7.708182999999999563e-01
1.600000000000000000e+01 8.557401999999999509e-01
1.700000000000000000e+01 6.253389999999999782e-01
1.800000000000000000e+01 8.374610000000000110e-01
1.900000000000000000e+01 8.202680999999999445e-01
2.000000000000000000e+01 9.396168000000000298e-01
2.100000000000000000e+01 2.671867999999999910e+01
2.200000000000000000e+01 2.364282000000000217e+00
2.300000000000000000e+01 3.994993999999999801e+01
2.400000000000000000e+01 2.698303999999999903e+01
2.500000000000000000e+01 2.010873000000000133e+00
2.600000000000000000e+01 1.714534000000000002e+00
2.700000000000000000e+01 5.272654000000000174e+00
2.800000000000000000e+01 2.145026999999999973e+01
2.900000000000000000e+01 1.811547999999999936e+00
3.000000000000000000e+01 8.039848000000000550e-01
1.000000000000000000e+00 2.216947999999999919e+00
2.000000000000000000e+00 1.963368999999999920e+00
3.000000000000000000e+00 6.213906999999999847e+00
4.000000000000000000e+00 5.767314999999999969e+00
5.000000000000000000e+00 7.470179000000000125e-01
6.000000000000000000e+00 5.247886000000000495e-01
7.000000000000000000e+00 6.400819000000000258e+00
8.000000000000000000e+00 1.214445000000000086e+01
9.000000000000000000e+00 4.044154999999999833e-01
1.000000000000000000e+01 2.917100000000000248e-01
1.100000000000000000e+01 8.322273999999999505e-01
1.200000000000000000e+01 3.125594999999999901e-01
1.300000000000000000e+01 6.349166000000000532e-01
1.400000000000000000e+01 2.165840999999999905e+00
1.500000000000000000e+01 4.244758000000000142e-01
1.600000000000000000e+01 7.373602999999999685e-01
1.700000000000000000e+01 7.533870999999999762e-01
1.800000000000000000e+01 6.067213000000000189e-01
1.900000000000000000e+01 1.157040000000000068e+00
2.000000000000000000e+01 8.109984000000000082e-01
2.100000000000000000e+01 4.079408000000000101e+01
2.200000000000000000e+01 2.713565000000000005e+00
2.300000000000000000e+01 2.581279999999999930e+01
2.400000000000000000e+01 3.397173000000000087e+01
2.500000000000000000e+01 3.916322000000000081e+00
2.600000000000000000e+01 2.641408999999999896e+00
2.700000000000000000e+01 3.716584999999999805e+00
2.800000000000000000e+01 1.624008999999999858e+01
2.900000000000000000e+01 9.811265999999999599e-01
3.000000000000000000e+01 1.343666999999999945e+00
1.000000000000000000e+00 3.164019999999999833e+00
2.000000000000000000e+00 2.316835000000000200e+00
3.000000000000000000e+00 3.655419000000000196e+00
4.000000000000000000e+00 5.961590000000000167e+00
5.000000000000000000e+00 7.971399999999999597e-01
6.000000000000000000e+00 1.139809999999999990e+00
7.000000000000000000e+00 6.810049000000000241e+00
8.000000000000000000e+00 3.229444999999999766e+01
9.000000000000000000e+00 3.649805999999999884e-01
1.000000000000000000e+01 5.932876000000000261e-01
1.100000000000000000e+01 9.284095999999999460e-01
1.200000000000000000e+01 4.522094999999999865e-01
1.300000000000000000e+01 6.361554999999999849e-01
1.400000000000000000e+01 1.555622000000000060e+00
1.500000000000000000e+01 1.030335999999999919e+00
1.600000000000000000e+01 5.058816000000000423e-01
1.700000000000000000e+01 7.208845999999999865e-01
1.800000000000000000e+01 4.780398000000000147e-01
1.900000000000000000e+01 6.712204000000000503e-01
2.000000000000000000e+01 8.945564999999999767e-01
2.100000000000000000e+01 2.730479000000000056e+01
2.200000000000000000e+01 2.746805000000000163e+00
2.300000000000000000e+01 2.292603000000000080e+01
2.400000000000000000e+01 2.478843000000000174e+01
2.500000000000000000e+01 2.947049999999999947e+00
2.600000000000000000e+01 1.013579999999999925e+00
2.700000000000000000e+01 3.175790999999999809e+00
2.800000000000000000e+01 2.584140999999999977e+01
2.900000000000000000e+01 1.007646999999999959e+00
3.000000000000000000e+01 1.036418999999999979e+00
1.000000000000000000e+00 4.968757000000000090e+00
2.000000000000000000e+00 2.417962999999999862e+00
3.000000000000000000e+00 4.685267999999999766e+00
4.000000000000000000e+00 1.114970000000000017e+00
5.000000000000000000e+00 1.079769999999999897e+00
6.000000000000000000e+00 6.454889000000000321e-01
7.000000000000000000e+00 2.485529000000000099e+00
8.000000000000000000e+00 2.238990000000000080e+01
9.000000000000000000e+00 4.082438999999999929e-01
1.000000000000000000e+01 5.236336000000000324e-01
1.100000000000000000e+01 1.011192000000000091e+00
1.200000000000000000e+01 5.520182999999999618e-01
1.300000000000000000e+01 7.927165999999999935e-01
1.400000000000000000e+01 2.793902999999999803e+00
1.500000000000000000e+01 5.317148000000000430e-01
1.600000000000000000e+01 3.693117000000000205e-01
1.700000000000000000e+01 5.799708000000000085e-01
1.800000000000000000e+01 6.671234000000000330e-01
1.900000000000000000e+01 3.356790000000000052e-01
2.000000000000000000e+01 8.722311000000000369e-01
2.100000000000000000e+01 1.900648999999999944e+01
2.200000000000000000e+01 3.006473000000000173e+00
2.300000000000000000e+01 3.960575000000000045e+01
2.400000000000000000e+01 1.789563000000000059e+01
2.500000000000000000e+01 2.522269000000000094e+00
2.600000000000000000e+01 1.600298999999999916e+00
2.700000000000000000e+01 3.077767000000000142e+00
2.800000000000000000e+01 2.684214000000000055e+01
2.900000000000000000e+01 9.388885999999999621e-01
3.000000000000000000e+01 7.559282999999999975e-01
1.000000000000000000e+00 3.218620000000000037e+00
2.000000000000000000e+00 1.866144999999999943e+00
3.000000000000000000e+00 4.711447999999999858e+00
4.000000000000000000e+00 6.077466000000000257e+00
5.000000000000000000e+00 8.634779000000000204e-01
6.000000000000000000e+00 8.477751999999999510e-01
7.000000000000000000e+00 3.607739000000000029e+00
8.000000000000000000e+00 2.167323000000000022e+01
9.000000000000000000e+00 6.080562000000000467e-01
1.000000000000000000e+01 2.551331000000000016e-01
1.100000000000000000e+01 7.414684000000000275e-01
1.200000000000000000e+01 4.850695999999999897e-01
1.300000000000000000e+01 8.561632999999999605e-01
1.400000000000000000e+01 5.403101999999999627e+00
1.500000000000000000e+01 7.126886999999999528e-01
1.600000000000000000e+01 5.927236000000000171e-01
1.700000000000000000e+01 5.389988999999999475e-01
1.800000000000000000e+01 7.240417999999999576e-01
1.900000000000000000e+01 7.616901999999999839e-01
2.000000000000000000e+01 9.972661000000000442e-01
2.100000000000000000e+01 2.357516999999999996e+01
2.200000000000000000e+01 2.604487999999999914e+00
2.300000000000000000e+01 3.581963999999999970e+01
2.400000000000000000e+01 3.127694999999999936e+01
2.500000000000000000e+01 1.961589000000000027e+00
2.600000000000000000e+01 2.053042000000000034e+00
2.700000000000000000e+01 1.341434999999999933e+00
2.800000000000000000e+01 1.732864000000000004e+01
2.900000000000000000e+01 2.190523999999999916e+00
3.000000000000000000e+01 6.612512999999999863e-01
1.000000000000000000e+00 1.284378000000000020e+00
2.000000000000000000e+00 2.804409000000000152e+00
3.000000000000000000e+00 7.001482000000000205e+00
4.000000000000000000e+00 3.764761000000000024e+00
5.000000000000000000e+00 1.057943000000000078e+00
6.000000000000000000e+00 7.682461000000000428e-01
7.000000000000000000e+00 5.703886999999999929e+00
8.000000000000000000e+00 1.823300000000000054e+01
9.000000000000000000e+00 4.393347000000000224e-01
1.000000000000000000e+01 4.568993000000000082e-01
1.100000000000000000e+01 1.010556999999999928e+00
1.200000000000000000e+01 9.249471000000000220e-01
1.300000000000000000e+01 1.176152000000000086e+00
1.400000000000000000e+01 3.220213999999999910e+00
1.500000000000000000e+01 6.380312000000000205e-01
1.600000000000000000e+01 7.458512999999999948e-01
1.700000000000000000e+01 1.005805000000000060e+00
1.800000000000000000e+01 6.119286999999999921e-01
1.900000000000000000e+01 6.368099999999999872e-01
2.000000000000000000e+01 8.703712999999999589e-01
2.100000000000000000e+01 2.423928000000000083e+01
2.200000000000000000e+01 2.934626999999999875e+00
2.300000000000000000e+01 3.336918000000000006e+01
2.400000000000000000e+01 1.946021999999999963e+01
2.500000000000000000e+01 2.555956000000000117e+00
2.600000000000000000e+01 1.539797000000000082e+00
2.700000000000000000e+01 2.900348999999999844e+00
2.800000000000000000e+01 3.333126000000000033e+01
2.900000000000000000e+01 1.465386999999999995e+00
3.000000000000000000e+01 6.850838000000000205e-01
1.000000000000000000e+00 4.112306000000000239e+00
2.000000000000000000e+00 3.045358999999999927e+00
3.000000000000000000e+00 2.476596999999999937e+00
4.000000000000000000e+00 5.629734000000000016e+00
5.000000000000000000e+00 1.142357000000000067e+00
6.000000000000000000e+00 7.032249999999999890e-01
7.000000000000000000e+00 5.109644000000000297e+00
8.000000000000000000e+00 2.594274000000000058e+01
9.000000000000000000e+00 4.592704000000000231e-01
1.000000000000000000e+01 5.280647000000000535e-01
1.100000000000000000e+01 1.252283999999999953e+00
1.200000000000000000e+01 7.162140999999999647e-01
1.300000000000000000e+01 1.188391999999999893e+00
1.400000000000000000e+01 4.265781999999999741e+00
1.500000000000000000e+01 5.288732000000000433e-01
1.600000000000000000e+01 4.069509000000000043e-01
1.700000000000000000e+01 7.565585000000000226e-01
1.800000000000000000e+01 4.750252999999999837e-01
1.900000000000000000e+01 6.426075999999999455e-01
2.000000000000000000e+01 8.929238000000000453e-01
2.100000000000000000e+01 2.418006000000000100e+01
2.200000000000000000e+01 4.212920000000000442e+00
2.300000000000000000e+01 2.622312000000000154e+01
2.400000000000000000e+01 2.582491999999999877e+01
2.500000000000000000e+01 1.706917999999999935e+00
2.600000000000000000e+01 1.269060000000000077e+00
2.700000000000000000e+01 3.818073000000000050e+00
2.800000000000000000e+01 2.725753999999999877e+01
2.900000000000000000e+01 1.252402999999999933e+00
3.000000000000000000e+01 6.292060000000000430e-01
1.000000000000000000e+00 3.518082000000000154e+00
2.000000000000000000e+00 2.610920999999999825e+00
3.000000000000000000e+00 3.540626000000000051e+00
4.000000000000000000e+00 7.232351999999999670e+00
5.000000000000000000e+00 1.058875000000000011e+00
6.000000000000000000e+00 5.823388000000000453e-01
7.000000000000000000e+00 4.298752999999999602e+00
8.000000000000000000e+00 1.595626999999999995e+01
9.000000000000000000e+00 9.061550000000000438e-01
1.000000000000000000e+01 4.505964000000000080e-01
1.100000000000000000e+01 1.174361999999999906e+00
1.200000000000000000e+01 5.488878999999999841e-01
1.300000000000000000e+01 1.090435999999999961e+00
1.400000000000000000e+01 3.026745000000000019e+00
1.500000000000000000e+01 3.948288999999999827e-01
1.600000000000000000e+01 5.618083000000000382e-01
1.700000000000000000e+01 8.603035999999999461e-01
1.800000000000000000e+01 5.271917000000000408e-01
1.900000000000000000e+01 8.580605999999999511e-01
2.000000000000000000e+01 6.577376999999999807e-01
2.100000000000000000e+01 2.011805999999999983e+01
2.200000000000000000e+01 3.645023000000000124e+00
2.300000000000000000e+01 2.689425999999999917e+01
2.400000000000000000e+01 3.068092000000000041e+01
2.500000000000000000e+01 2.116382000000000208e+00
2.600000000000000000e+01 1.823290000000000077e+00
2.700000000000000000e+01 4.040693000000000090e+00
2.800000000000000000e+01 2.969987000000000066e+01
2.900000000000000000e+01 9.121960000000000068e-01
3.000000000000000000e+01 1.235044999999999948e+00
1.000000000000000000e+00 2.823205999999999882e+00
2.000000000000000000e+00 2.962301000000000073e+00
3.000000000000000000e+00 4.987408000000000285e+00
4.000000000000000000e+00 3.062489999999999934e+00
5.000000000000000000e+00 1.448247000000000062e+00
6.000000000000000000e+00 6.837100999999999873e-01
7.000000000000000000e+00 4.885169999999999568e+00
8.000000000000000000e+00 2.669940000000000069e+01
9.000000000000000000e+00 1.134765999999999941e+00
1.000000000000000000e+01 4.215674999999999839e-01
1.100000000000000000e+01 8.818829999999999725e-01
1.200000000000000000e+01 1.075159999999999894e+00
1.300000000000000000e+01 9.057404000000000011e-01
1.400000000000000000e+01 2.887776000000000121e+00
1.500000000000000000e+01 6.753390999999999700e-01
1.600000000000000000e+01 7.148250000000000437e-01
1.700000000000000000e+01 8.539949000000000012e-01
1.800000000000000000e+01 5.718448999999999893e-01
1.900000000000000000e+01 6.585509999999999975e-01
2.000000000000000000e+01 6.941313000000000066e-01
2.100000000000000000e+01 1.696151000000000053e+01
2.200000000000000000e+01 3.373580000000000023e+00
2.300000000000000000e+01 3.295698999999999756e+01
2.400000000000000000e+01 2.502161999999999864e+01
2.500000000000000000e+01 2.124944999999999862e+00
2.600000000000000000e+01 9.107604999999999729e-01
2.700000000000000000e+01 4.476010999999999740e+00
2.800000000000000000e+01 2.367151000000000138e+01
2.900000000000000000e+01 1.672136000000000067e+00
3.000000000000000000e+01 8.633878000000000386e-01
1.000000000000000000e+00 1.724712000000000023e+00
2.000000000000000000e+00 3.174377999999999922e+00
3.000000000000000000e+00 5.839507000000000225e+00
4.000000000000000000e+00 4.464506000000000085e+00
5.000000000000000000e+00 5.729564999999999797e-01
6.000000000000000000e+00 5.610055000000000458e-01
7.000000000000000000e+00 4.849877000000000216e+00
8.000000000000000000e+00 2.381080000000000041e+01
9.000000000000000000e+00 8.086082999999999466e-01
1.000000000000000000e+01 2.801657000000000175e-01
1.100000000000000000e+01 1.800680999999999976e+00
1.200000000000000000e+01 7.063023999999999969e-01
1.300000000000000000e+01 1.763123999999999914e+00
1.400000000000000000e+01 6.839438000000000351e+00
1.500000000000000000e+01 3.173628000000000005e-01
1.600000000000000000e+01 4.762550999999999868e-01
1.700000000000000000e+01 5.131936999999999749e-01
1.800000000000000000e+01 3.324538000000000215e-01
1.900000000000000000e+01 5.827870000000000550e-01
2.000000000000000000e+01 3.935543000000000236e-01
2.100000000000000000e+01 1.519904999999999973e+01
2.200000000000000000e+01 3.366852999999999874e+00
2.300000000000000000e+01 2.783677000000000135e+01
2.400000000000000000e+01 2.481951000000000107e+01
2.500000000000000000e+01 1.116764000000000090e+00
2.600000000000000000e+01 2.464602999999999877e+00
2.700000000000000000e+01 4.273664000000000129e+00
2.800000000000000000e+01 3.633680999999999983e+01
2.900000000000000000e+01 1.920754000000000072e+00
3.000000000000000000e+01 9.995089999999999808e-01
1.000000000000000000e+00 2.880768999999999913e+00
2.000000000000000000e+00 1.715290999999999899e+00
3.000000000000000000e+00 7.424253000000000213e+00
4.000000000000000000e+00 7.410902000000000100e+00
5.000000000000000000e+00 7.361208000000000196e-01
6.000000000000000000e+00 6.815214000000000549e-01
7.000000000000000000e+00 2.970628000000000046e+00
8.000000000000000000e+00 2.517233999999999838e+01
9.000000000000000000e+00 2.544890000000000208e-01
1.000000000000000000e+01 5.356001999999999708e-01
1.100000000000000000e+01 1.085903999999999980e+00
1.200000000000000000e+01 7.451212000000000391e-01
1.300000000000000000e+01 7.576336999999999655e-01
1.400000000000000000e+01 4.226100999999999885e+00
1.500000000000000000e+01 9.731680000000000330e-01
1.600000000000000000e+01 5.188960000000000239e-01
1.700000000000000000e+01 5.637522000000000366e-01
1.800000000000000000e+01 6.411586999999999703e-01
1.900000000000000000e+01 4.194752999999999954e-01
2.000000000000000000e+01 6.240286999999999917e-01
2.100000000000000000e+01 2.581257000000000090e+01
2.200000000000000000e+01 2.943529999999999980e+00
2.300000000000000000e+01 2.948561000000000121e+01
2.400000000000000000e+01 2.695090000000000074e+01
2.500000000000000000e+01 1.818562999999999930e+00
2.600000000000000000e+01 1.343617000000000061e+00
2.700000000000000000e+01 2.525735000000000063e+00
2.800000000000000000e+01 1.802611999999999881e+01
2.900000000000000000e+01 1.005430999999999964e+00
3.000000000000000000e+01 9.784981999999999847e-01
1.000000000000000000e+00 3.513081000000000120e+00
2.000000000000000000e+00 2.787422999999999984e+00
3.000000000000000000e+00 3.297032999999999880e+00
4.000000000000000000e+00 2.906365999999999783e+00
5.000000000000000000e+00 7.126974000000000364e-01
6.000000000000000000e+00 8.623245000000000493e-01
7.000000000000000000e+00 3.567296999999999940e+00
8.000000000000000000e+00 2.043232000000000070e+01
9.000000000000000000e+00 6.092446999999999724e-01
1.000000000000000000e+01 3.298299000000000092e-01
1.100000000000000000e+01 1.696881000000000084e+00
1.200000000000000000e+01 5.424757000000000051e-01
1.300000000000000000e+01 8.792824999999999669e-01
1.400000000000000000e+01 5.556892999999999638e+00
1.500000000000000000e+01 3.128991999999999885e-01
1.600000000000000000e+01 5.183516999999999708e-01
1.700000000000000000e+01 9.003537999999999819e-01
1.800000000000000000e+01 5.553715000000000179e-01
1.900000000000000000e+01 6.506321999999999939e-01
2.000000000000000000e+01 6.107443999999999651e-01
2.100000000000000000e+01 1.609076999999999913e+01
2.200000000000000000e+01 2.810465000000000213e+00
2.300000000000000000e+01 2.909641999999999840e+01
2.400000000000000000e+01 3.166094999999999970e+01
2.500000000000000000e+01 3.053640000000000132e+00
2.600000000000000000e+01 2.680645000000000167e+00
2.700000000000000000e+01 4.327689999999999593e+00
2.800000000000000000e+01 2.878320000000000078e+01
2.900000000000000000e+01 1.423956000000000000e+00
3.000000000000000000e+01 1.052157999999999927e+00
1.000000000000000000e+00 2.322510999999999992e+00
2.000000000000000000e+00 2.426282000000000050e+00
3.000000000000000000e+00 4.578954000000000413e+00
4.000000000000000000e+00 2.171505999999999936e+00
5.000000000000000000e+00 8.888821999999999557e-01
6.000000000000000000e+00 1.005114999999999981e+00
7.000000000000000000e+00 5.627608999999999639e+00
8.000000000000000000e+00 2.098492999999999853e+01
9.000000000000000000e+00 5.258374000000000104e-01
1.000000000000000000e+01 3.699559000000000042e-01
1.100000000000000000e+01 1.556216999999999961e+00
1.200000000000000000e+01 6.968472000000000000e-01
1.300000000000000000e+01 9.788453000000000293e-01
1.400000000000000000e+01 1.159041000000000032e+01
1.500000000000000000e+01 4.629471000000000003e-01
1.600000000000000000e+01 6.364098000000000255e-01
1.700000000000000000e+01 7.002774000000000498e-01
1.800000000000000000e+01 5.172318000000000193e-01
1.900000000000000000e+01 6.713251999999999553e-01
2.000000000000000000e+01 9.268258000000000330e-01
2.100000000000000000e+01 1.359230999999999945e+01
2.200000000000000000e+01 1.676654000000000089e+00
2.300000000000000000e+01 4.013588000000000022e+01
2.400000000000000000e+01 2.436173000000000144e+01
2.500000000000000000e+01 1.242656999999999901e+00
2.600000000000000000e+01 1.665691000000000033e+00
2.700000000000000000e+01 2.893425999999999831e+00
2.800000000000000000e+01 3.211995999999999896e+01
2.900000000000000000e+01 1.207109999999999905e+00
3.000000000000000000e+01 6.442430000000000101e-01
1.000000000000000000e+00 2.021618000000000137e+00
2.000000000000000000e+00 3.099282000000000092e+00
3.000000000000000000e+00 4.448246000000000144e+00
4.000000000000000000e+00 3.819490000000000052e+00
5.000000000000000000e+00 5.318355000000000166e-01
6.000000000000000000e+00 5.280567000000000455e-01
7.000000000000000000e+00 9.055415999999999244e+00
8.000000000000000000e+00 1.803137999999999863e+01
9.000000000000000000e+00 4.995827999999999935e-01
1.000000000000000000e+01 5.044013999999999998e-01
1.100000000000000000e+01 4.282223000000000002e-01
1.200000000000000000e+01 5.838065999999999534e-01
1.300000000000000000e+01 3.695029000000000230e-01
1.400000000000000000e+01 1.499055999999999944e+00
1.500000000000000000e+01 5.607315000000000493e-01
1.600000000000000000e+01 4.193727999999999900e-01
1.700000000000000000e+01 4.523587000000000025e-01
1.800000000000000000e+01 8.080083999999999600e-01
1.900000000000000000e+01 2.716577000000000019e-01
2.000000000000000000e+01 5.880499000000000143e-01
2.100000000000000000e+01 2.792527000000000115e+01
2.200000000000000000e+01 2.408725000000000005e+00
2.300000000000000000e+01 3.128980999999999923e+01
2.400000000000000000e+01 2.305216000000000065e+01
2.500000000000000000e+01 1.419883999999999924e+00
2.600000000000000000e+01 1.440253999999999923e+00
2.700000000000000000e+01 6.129202000000000261e+00
2.800000000000000000e+01 3.077056999999999931e+01
2.900000000000000000e+01 4.116703999999999919e-01
3.000000000000000000e+01 6.615556000000000214e-01
1.000000000000000000e+00 1.351534999999999931e+00
2.000000000000000000e+00 2.878512999999999877e+00
3.000000000000000000e+00 2.182976000000000028e+00
4.000000000000000000e+00 2.514626999999999946e+00
5.000000000000000000e+00 6.969514999999999461e-01
6.000000000000000000e+00 5.306490999999999847e-01
7.000000000000000000e+00 8.136207999999999885e+00
8.000000000000000000e+00 2.116856999999999900e+01
9.000000000000000000e+00 5.578045999999999838e-01
1.000000000000000000e+01 6.182436999999999516e-01
1.100000000000000000e+01 1.710239000000000065e+00
1.200000000000000000e+01 5.337380000000000457e-01
1.300000000000000000e+01 8.833016000000000201e-01
1.400000000000000000e+01 4.731518999999999586e+00
1.500000000000000000e+01 5.876472000000000362e-01
1.600000000000000000e+01 4.402602999999999933e-01
1.700000000000000000e+01 1.013856000000000090e+00
1.800000000000000000e+01 4.502773999999999943e-01
1.900000000000000000e+01 5.695422999999999458e-01
2.000000000000000000e+01 1.124060000000000059e+00
2.100000000000000000e+01 1.473054999999999914e+01
2.200000000000000000e+01 3.223694000000000059e+00
2.300000000000000000e+01 3.671542000000000172e+01
2.400000000000000000e+01 1.733008999999999844e+01
2.500000000000000000e+01 3.020062999999999942e+00
2.600000000000000000e+01 1.496092999999999895e+00
2.700000000000000000e+01 3.888644999999999907e+00
2.800000000000000000e+01 3.869982000000000255e+01
2.900000000000000000e+01 1.359398000000000106e+00
3.000000000000000000e+01 1.057863999999999916e+00
1.000000000000000000e+00 3.603002000000000038e+00
2.000000000000000000e+00 3.847824999999999829e+00
3.000000000000000000e+00 4.917181000000000246e+00
4.000000000000000000e+00 8.285978000000000065e+00
5.000000000000000000e+00 6.751437999999999606e-01
6.000000000000000000e+00 4.984355999999999787e-01
7.000000000000000000e+00 3.323942999999999870e+00
8.000000000000000000e+00 1.344541000000000075e+01
9.000000000000000000e+00 7.064255000000000395e-01
1.000000000000000000e+01 4.121047999999999933e-01
1.100000000000000000e+01 1.194090000000000096e+00
1.200000000000000000e+01 5.894975000000000076e-01
1.300000000000000000e+01 9.069099000000000466e-01
1.400000000000000000e+01 5.173765000000000391e+00
1.500000000000000000e+01 7.871299999999999963e-01
1.600000000000000000e+01 6.482487000000000110e-01
1.700000000000000000e+01 5.713905999999999707e-01
1.800000000000000000e+01 3.859382000000000090e-01
1.900000000000000000e+01 5.508106000000000391e-01
2.000000000000000000e+01 6.633016000000000467e-01
2.100000000000000000e+01 3.186347999999999914e+01
2.200000000000000000e+01 4.597709000000000046e+00
2.300000000000000000e+01 3.248854000000000042e+01
2.400000000000000000e+01 2.985273000000000110e+01
2.500000000000000000e+01 1.873234000000000066e+00
2.600000000000000000e+01 1.716817999999999955e+00
2.700000000000000000e+01 2.625593999999999983e+00
2.800000000000000000e+01 1.622673999999999950e+01
2.900000000000000000e+01 2.802343000000000028e+00
3.000000000000000000e+01 5.429675000000000473e-01
1.000000000000000000e+00 6.756901000000000046e+00
2.000000000000000000e+00 1.522553000000000045e+00
3.000000000000000000e+00 8.896796999999999400e+00
4.000000000000000000e+00 4.604692000000000007e+00
5.000000000000000000e+00 7.107080999999999538e-01
6.000000000000000000e+00 9.646084000000000325e-01
7.000000000000000000e+00 1.756861999999999924e+00
8.000000000000000000e+00 1.965983999999999909e+01
9.000000000000000000e+00 4.179093999999999864e-01
1.000000000000000000e+01 3.735113999999999934e-01
1.100000000000000000e+01 7.114848000000000283e-01
1.200000000000000000e+01 6.003711000000000464e-01
1.300000000000000000e+01 4.325725000000000264e-01
1.400000000000000000e+01 1.873652000000000095e+00
1.500000000000000000e+01 5.437524000000000246e-01
1.600000000000000000e+01 6.374197999999999809e-01
1.700000000000000000e+01 7.899545999999999513e-01
1.800000000000000000e+01 7.679046000000000483e-01
1.900000000000000000e+01 3.531869000000000258e-01
2.000000000000000000e+01 7.610162000000000315e-01
2.100000000000000000e+01 3.681125999999999721e+01
2.200000000000000000e+01 2.298904999999999976e+00
2.300000000000000000e+01 3.366206999999999994e+01
2.400000000000000000e+01 2.332254000000000005e+01
2.500000000000000000e+01 2.181760000000000144e+00
2.600000000000000000e+01 1.190569999999999906e+00
2.700000000000000000e+01 2.196661000000000197e+00
2.800000000000000000e+01 1.598099999999999987e+01
2.900000000000000000e+01 1.460674000000000028e+00
3.000000000000000000e+01 7.224802000000000168e-01
1.000000000000000000e+00 2.897168999999999883e+00
2.000000000000000000e+00 2.136524999999999785e+00
3.000000000000000000e+00 3.524335999999999913e+00
4.000000000000000000e+00 4.792676000000000158e+00
5.000000000000000000e+00 9.334350999999999621e-01
6.000000000000000000e+00 6.579454999999999609e-01
7.000000000000000000e+00 5.965594000000000285e+00
8.000000000000000000e+00 2.157772999999999897e+01
9.000000000000000000e+00 3.784790000000000099e-01
1.000000000000000000e+01 4.546236000000000166e-01
1.100000000000000000e+01 9.701381999999999506e-01
1.200000000000000000e+01 6.412282000000000259e-01
1.300000000000000000e+01 1.137971000000000066e+00
1.400000000000000000e+01 2.257442999999999866e+00
1.500000000000000000e+01 8.883543000000000411e-01
1.600000000000000000e+01 8.298316999999999499e-01
1.700000000000000000e+01 9.861307000000000267e-01
1.800000000000000000e+01 6.999530999999999947e-01
1.900000000000000000e+01 3.424175999999999886e-01
2.000000000000000000e+01 1.268977000000000022e+00
2.100000000000000000e+01 1.958323000000000036e+01
2.200000000000000000e+01 2.159318999999999988e+00
2.300000000000000000e+01 2.628672999999999860e+01
2.400000000000000000e+01 3.106843999999999895e+01
2.500000000000000000e+01 2.040329999999999977e+00
2.600000000000000000e+01 1.262706000000000106e+00
2.700000000000000000e+01 3.139596000000000053e+00
2.800000000000000000e+01 3.302382000000000062e+01
2.900000000000000000e+01 1.234636000000000067e+00
3.000000000000000000e+01 7.888562000000000074e-01
1.000000000000000000e+00 3.110651999999999973e+00
2.000000000000000000e+00 3.536687999999999832e+00
3.000000000000000000e+00 4.081069000000000280e+00
4.000000000000000000e+00 4.180952999999999697e+00
5.000000000000000000e+00 8.527168999999999999e-01
6.000000000000000000e+00 3.703136000000000205e-01
7.000000000000000000e+00 4.717489999999999739e+00
8.000000000000000000e+00 2.680755999999999872e+01
9.000000000000000000e+00 3.290829000000000115e-01
1.000000000000000000e+01 3.128741999999999912e-01
1.100000000000000000e+01 1.240652000000000088e+00
1.200000000000000000e+01 7.091922999999999977e-01
1.300000000000000000e+01 9.449893999999999794e-01
1.400000000000000000e+01 1.855804999999999927e+00
1.500000000000000000e+01 7.234323000000000281e-01
1.600000000000000000e+01 3.816331000000000029e-01
1.700000000000000000e+01 4.873705999999999872e-01
1.800000000000000000e+01 5.645864000000000438e-01
1.900000000000000000e+01 7.050423999999999580e-01
2.000000000000000000e+01 8.486386000000000207e-01
2.100000000000000000e+01 2.584310999999999936e+01
2.200000000000000000e+01 3.956876999999999978e+00
2.300000000000000000e+01 3.304838999999999771e+01
2.400000000000000000e+01 2.478750000000000142e+01
2.500000000000000000e+01 2.170968999999999927e+00
2.600000000000000000e+01 1.385342999999999991e+00
2.700000000000000000e+01 3.808783000000000030e+00
2.800000000000000000e+01 2.341803000000000168e+01
2.900000000000000000e+01 1.563171000000000088e+00
3.000000000000000000e+01 8.476919000000000537e-01
1.000000000000000000e+00 2.585144000000000108e+00
2.000000000000000000e+00 2.500389000000000195e+00
3.000000000000000000e+00 5.259985000000000355e+00
4.000000000000000000e+00 3.603696999999999928e+00
5.000000000000000000e+00 1.305018999999999929e+00
6.000000000000000000e+00 3.302938999999999736e-01
7.000000000000000000e+00 3.174802999999999820e+00
8.000000000000000000e+00 2.481896000000000058e+01
9.000000000000000000e+00 5.441589999999999483e-01
1.000000000000000000e+01 4.322340000000000071e-01
1.100000000000000000e+01 1.327598000000000056e+00
1.200000000000000000e+01 8.593262000000000400e-01
1.300000000000000000e+01 9.299830000000000041e-01
1.400000000000000000e+01 4.553041999999999589e+00
1.500000000000000000e+01 5.527514999999999512e-01
1.600000000000000000e+01 5.102944999999999842e-01
1.700000000000000000e+01 6.012631999999999977e-01
1.800000000000000000e+01 4.109050000000000202e-01
1.900000000000000000e+01 5.391002999999999767e-01
2.000000000000000000e+01 1.063701999999999925e+00
2.100000000000000000e+01 2.380779000000000067e+01
2.200000000000000000e+01 3.853981000000000101e+00
2.300000000000000000e+01 3.908932000000000073e+01
2.400000000000000000e+01 3.426411999999999836e+01
2.500000000000000000e+01 1.885332999999999926e+00
2.600000000000000000e+01 1.683993999999999991e+00
2.700000000000000000e+01 2.721007999999999871e+00
2.800000000000000000e+01 1.178322000000000003e+01
2.900000000000000000e+01 1.232309000000000099e+00
3.000000000000000000e+01 5.270441000000000153e-01
1.000000000000000000e+00 3.195295999999999914e+00
2.000000000000000000e+00 2.150240000000000151e+00
3.000000000000000000e+00 6.684789999999999566e+00
4.000000000000000000e+00 5.049044000000000310e+00
5.000000000000000000e+00 4.357228000000000212e-01
6.000000000000000000e+00 7.676657000000000064e-01
7.000000000000000000e+00 3.178110000000000213e+00
8.000000000000000000e+00 1.107028000000000034e+01
9.000000000000000000e+00 2.032555000000000056e-01
1.000000000000000000e+01 2.299469000000000096e-01
1.100000000000000000e+01 9.440587000000000284e-01
1.200000000000000000e+01 6.212024000000000434e-01
1.300000000000000000e+01 8.966081999999999663e-01
1.400000000000000000e+01 1.756294999999999940e+00
1.500000000000000000e+01 3.707685000000000008e-01
1.600000000000000000e+01 3.661352999999999969e-01
1.700000000000000000e+01 4.973125999999999935e-01
1.800000000000000000e+01 3.337145000000000250e-01
1.900000000000000000e+01 6.088573999999999931e-01
2.000000000000000000e+01 5.214978999999999587e-01
2.100000000000000000e+01 2.614474999999999838e+01
2.200000000000000000e+01 2.110330999999999957e+00
2.300000000000000000e+01 4.063369999999999749e+01
2.400000000000000000e+01 3.584096000000000259e+01
2.500000000000000000e+01 2.501729999999999787e+00
2.600000000000000000e+01 2.428252000000000077e+00
2.700000000000000000e+01 2.919843000000000188e+00
2.800000000000000000e+01 2.243917000000000073e+01
2.900000000000000000e+01 1.007600999999999969e+00
3.000000000000000000e+01 5.953836000000000128e-01
1.000000000000000000e+00 1.812545999999999990e+00
2.000000000000000000e+00 2.790915000000000035e+00
3.000000000000000000e+00 6.523445999999999856e+00
4.000000000000000000e+00 2.073309000000000069e+00
5.000000000000000000e+00 7.319864999999999844e-01
6.000000000000000000e+00 1.086878000000000011e+00
7.000000000000000000e+00 1.010946999999999996e+01
8.000000000000000000e+00 1.896393000000000129e+01
9.000000000000000000e+00 4.126219999999999888e-01
1.000000000000000000e+01 4.356586000000000070e-01
1.100000000000000000e+01 7.063833999999999946e-01
1.200000000000000000e+01 4.995914000000000188e-01
1.300000000000000000e+01 1.933823000000000070e-01
1.400000000000000000e+01 4.113424000000000191e+00
1.500000000000000000e+01 8.648538000000000059e-01
1.600000000000000000e+01 5.009103999999999779e-01
1.700000000000000000e+01 7.641101999999999617e-01
1.800000000000000000e+01 3.916234000000000104e-01
1.900000000000000000e+01 3.464890999999999943e-01
2.000000000000000000e+01 5.816208999999999962e-01
2.100000000000000000e+01 2.518978999999999857e+01
2.200000000000000000e+01 2.172080999999999928e+00
2.300000000000000000e+01 3.965084000000000231e+01
2.400000000000000000e+01 1.422410999999999959e+01
2.500000000000000000e+01 1.821801000000000004e+00
2.600000000000000000e+01 2.660464999999999858e+00
2.700000000000000000e+01 3.933618000000000059e+00
2.800000000000000000e+01 2.899035999999999902e+01
2.900000000000000000e+01 1.367126999999999981e+00
3.000000000000000000e+01 7.745391999999999832e-01
