1.000000000000000000e+00 2.166049620322483670e-05
2.000000000000000000e+00 1.184516632792494816e-05
3.000000000000000000e+00 4.569420584413087756e-05
4.000000000000000000e+00 1.671968322642985240e-05
5.000000000000000000e+00 2.177936894578573625e-05
6.000000000000000000e+00 8.244635036239234048e-05
7.000000000000000000e+00 1.300224679535024277e-04
8.000000000000000000e+00 1.217108173629912635e-05
9.000000000000000000e+00 2.703786301987201252e-06
1.000000000000000000e+01 3.786775942697981318e-05
1.100000000000000000e+01 1.030623882198095034e-05
1.200000000000000000e+01 2.249837341291613827e-05
1.300000000000000000e+01 1.935101047544825564e-05
1.400000000000000000e+01 3.262558974702902612e-06
1.500000000000000000e+01 1.287726655042996868e-06
1.600000000000000000e+01 1.527157943949547964e-05
1.700000000000000000e+01 3.122542402902222688e-06
1.800000000000000000e+01 1.046150473436830108e-05
1.900000000000000000e+01 2.202256181266675874e-05
2.000000000000000000e+01 5.680698900189154856e-04
2.100000000000000000e+01 2.428520116676038593e-05
2.200000000000000000e+01 1.606150466780151840e-03
2.300000000000000000e+01 2.628115579240016507e-04
2.400000000000000000e+01 4.306732858456995965e-05
2.500000000000000000e+01 3.271646561001883256e-05
2.600000000000000000e+01 6.775261386955539204e-05
2.700000000000000000e+01 5.099067726653933302e-04
2.800000000000000000e+01 6.477027331600045221e-05
2.900000000000000000e+01 2.460018963767089410e-05
3.000000000000000000e+01 0.000000000000000000e+00
1.000000000000000000e+00 4.257299477689282288e-05
2.000000000000000000e+00 4.183346333271370548e-05
3.000000000000000000e+00 3.401605224693679904e-05
4.000000000000000000e+00 2.167304182296686031e-05
5.000000000000000000e+00 1.902915009361785969e-05
6.000000000000000000e+00 4.325001446440726621e-05
7.000000000000000000e+00 1.010371892530812936e-04
8.000000000000000000e+00 6.910031497737643857e-06
9.000000000000000000e+00 2.433119104783272434e-06
1.000000000000000000e+01 1.324898878122266334e-05
1.100000000000000000e+01 8.368383240946957824e-06
1.200000000000000000e+01 3.382750738073076602e-05
1.300000000000000000e+01 3.808219100572923067e-05
1.400000000000000000e+01 1.129282955369911776e-05
1.500000000000000000e+01 3.697901299100699028e-06
1.600000000000000000e+01 4.831450408661802855e-06
1.700000000000000000e+01 4.683544563604533454e-06
1.800000000000000000e+01 5.680526370181541838e-06
1.900000000000000000e+01 1.040350842449792881e-05
2.000000000000000000e+01 2.588286343008981650e-04
2.100000000000000000e+01 2.036420795041484627e-05
2.200000000000000000e+01 3.549894627555796769e-04
2.300000000000000000e+01 3.998064759384099397e-04
2.400000000000000000e+01 2.500701031435664107e-05
2.500000000000000000e+01 2.912179274997865621e-05
2.600000000000000000e+01 8.837981941430216027e-05
2.700000000000000000e+01 2.787359755575647509e-04
2.800000000000000000e+01 4.730136874064909880e-05
2.900000000000000000e+01 1.504836548314809020e-05
3.000000000000000000e+01 0.000000000000000000e+00
1.000000000000000000e+00 1.436017034217933707e-04
2.000000000000000000e+00 2.873619356377976825e-05
3.000000000000000000e+00 2.706075533661740225e-05
4.000000000000000000e+00 9.853900888383646260e-06
5.000000000000000000e+00 1.250192974330905236e-05
6.000000000000000000e+00 2.879643206479788001e-05
7.000000000000000000e+00 5.743354208121824185e-05
8.000000000000000000e+00 3.815393890356409015e-06
9.000000000000000000e+00 7.620902613406360891e-06
1.000000000000000000e+01 1.808092290850911302e-05
1.100000000000000000e+01 1.258546550900373898e-05
1.200000000000000000e+01 4.465804948563568706e-05
1.300000000000000000e+01 4.029256434054034951e-05
1.400000000000000000e+01 3.885676209514289934e-06
1.500000000000000000e+01 1.581435167642064184e-05
1.600000000000000000e+01 7.583399997193100628e-06
1.700000000000000000e+01 2.689290275497171713e-06
1.800000000000000000e+01 1.297489228523711155e-05
1.900000000000000000e+01 1.225332388750679506e-05
2.000000000000000000e+01 3.543605242555766832e-04
2.100000000000000000e+01 7.964490282331361157e-05
2.200000000000000000e+01 5.975784391076744599e-04
2.300000000000000000e+01 5.176045676795301871e-04
2.400000000000000000e+01 2.309747446179230269e-05
2.500000000000000000e+01 2.542806740707789965e-05
2.600000000000000000e+01 4.564905581397335293e-05
2.700000000000000000e+01 1.792576361391953516e-04
2.800000000000000000e+01 2.234954561791143270e-05
2.900000000000000000e+01 3.188637671396291795e-06
3.000000000000000000e+01 0.000000000000000000e+00
1.000000000000000000e+00 3.935127674258108427e-05
2.000000000000000000e+00 7.525221516226013720e-05
3.000000000000000000e+00 8.955131713752402617e-06
4.000000000000000000e+00 1.014478108930882414e-05
5.000000000000000000e+00 1.435547183673120621e-04
6.000000000000000000e+00 5.466405991143622172e-05
7.000000000000000000e+00 7.234444493814807652e-05
8.000000000000000000e+00 6.708044579109046187e-06
9.000000000000000000e+00 1.285364643685483195e-06
1.000000000000000000e+01 2.102673937756396365e-05
1.100000000000000000e+01 3.231863921519093784e-06
1.200000000000000000e+01 1.181873043942009447e-05
1.300000000000000000e+01 5.154747412618476438e-05
1.400000000000000000e+01 2.414921965146852546e-06
1.500000000000000000e+01 4.748041119855212619e-06
1.600000000000000000e+01 2.301963792218664703e-05
1.700000000000000000e+01 5.144009191985203707e-06
1.800000000000000000e+01 1.523304281924971473e-06
1.900000000000000000e+01 2.917888375159739316e-06
2.000000000000000000e+01 2.940972370957378452e-04
2.100000000000000000e+01 4.194244203239705360e-05
2.200000000000000000e+01 4.916265011017633812e-04
2.300000000000000000e+01 3.205830296085168543e-04
2.400000000000000000e+01 3.964864387652993058e-05
2.500000000000000000e+01 5.202832705081580206e-05
2.600000000000000000e+01 7.662437401567836299e-05
2.700000000000000000e+01 2.509204494211990030e-04
2.800000000000000000e+01 2.029994770624455564e-05
2.900000000000000000e+01 2.492189802534629939e-05
3.000000000000000000e+01 0.000000000000000000e+00
1.000000000000000000e+00 1.444456038159186418e-05
2.000000000000000000e+00 2.015005928049406255e-05
3.000000000000000000e+00 2.367122909851545506e-05
4.000000000000000000e+00 1.052556749708173848e-05
5.000000000000000000e+00 5.763491880433409122e-06
6.000000000000000000e+00 8.728160950050004485e-05
7.000000000000000000e+00 7.746728589307299120e-05
8.000000000000000000e+00 1.307406125996830527e-05
9.000000000000000000e+00 4.995182506426883334e-07
1.000000000000000000e+01 6.761515457167630398e-06
1.100000000000000000e+01 1.449022741376564325e-05
1.200000000000000000e+01 1.612513645497153439e-05
1.300000000000000000e+01 3.085753826383511451e-05
1.400000000000000000e+01 5.035748304114120550e-06
1.500000000000000000e+01 1.193342278799550144e-05
1.600000000000000000e+01 6.927146927146926974e-06
1.700000000000000000e+01 5.563811500842984756e-06
1.800000000000000000e+01 4.154211050762774375e-06
1.900000000000000000e+01 6.791939805433058733e-06
2.000000000000000000e+01 1.542194226452097458e-04
2.100000000000000000e+01 4.923270965249975398e-05
2.200000000000000000e+01 6.402244177056770147e-04
2.300000000000000000e+01 2.096236008979636932e-04
2.400000000000000000e+01 4.344939862181240817e-05
2.500000000000000000e+01 5.673237862143408938e-05
2.600000000000000000e+01 6.396171877431246883e-05
2.700000000000000000e+01 2.006809903961328178e-04
2.800000000000000000e+01 3.372683621559183562e-05
2.900000000000000000e+01 2.040416909982127304e-05
3.000000000000000000e+01 0.000000000000000000e+00
1.000000000000000000e+00 1.477035596975626819e-05
2.000000000000000000e+00 2.889627225459309262e-05
3.000000000000000000e+00 1.659091089375946696e-05
4.000000000000000000e+00 8.326190994856660482e-06
5.000000000000000000e+00 2.366308909037544448e-05
6.000000000000000000e+00 5.823406977829766071e-05
7.000000000000000000e+00 1.215652191664185535e-04
8.000000000000000000e+00 1.498771981530602122e-05
9.000000000000000000e+00 3.408027366048355184e-06
1.000000000000000000e+01 5.420448505905777116e-05
1.100000000000000000e+01 2.339831305348546666e-05
1.200000000000000000e+01 7.399163666030232156e-05
1.300000000000000000e+01 7.159491072534549905e-05
1.400000000000000000e+01 2.668525876921678787e-06
1.500000000000000000e+01 3.945463165852970503e-06
1.600000000000000000e+01 1.227712816918214063e-05
1.700000000000000000e+01 2.523121833466660874e-06
1.800000000000000000e+01 2.325364790132406170e-05
1.900000000000000000e+01 2.913817816366541855e-06
2.000000000000000000e+01 1.967848742961186620e-04
2.100000000000000000e+01 2.783922502063431324e-05
2.200000000000000000e+01 1.912936841602508667e-03
2.300000000000000000e+01 2.721388157070315453e-04
2.400000000000000000e+01 3.000747600447750216e-05
2.500000000000000000e+01 1.820434770959508520e-05
2.600000000000000000e+01 4.701057285764931624e-05
2.700000000000000000e+01 1.880123075325474031e-04
2.800000000000000000e+01 2.266897076492278688e-05
2.900000000000000000e+01 5.367516596901903574e-05
3.000000000000000000e+01 0.000000000000000000e+00
1.000000000000000000e+00 2.602293480854200237e-05
2.000000000000000000e+00 1.132533966117174482e-05
3.000000000000000000e+00 1.865193166542491754e-05
4.000000000000000000e+00 1.279140649455492018e-05
5.000000000000000000e+00 2.029107546348925304e-06
6.000000000000000000e+00 4.797084419273324517e-05
7.000000000000000000e+00 8.154632751334399518e-05
8.000000000000000000e+00 7.066539990078220558e-06
9.000000000000000000e+00 1.718469214721088746e-06
1.000000000000000000e+01 2.006602426392531177e-05
1.100000000000000000e+01 5.779295944213484900e-06
1.200000000000000000e+01 1.558940920260260498e-05
1.300000000000000000e+01 4.930588429838804487e-05
1.400000000000000000e+01 1.423659354693837262e-06
1.500000000000000000e+01 2.516275439813670333e-06
1.600000000000000000e+01 5.244496189023924423e-06
1.700000000000000000e+01 2.962432647590068726e-06
1.800000000000000000e+01 2.058055221473512002e-05
1.900000000000000000e+01 2.547008547008546849e-05
2.000000000000000000e+01 1.344990452936479835e-04
2.100000000000000000e+01 3.696358170121287891e-05
2.200000000000000000e+01 8.259848464046364675e-04
2.300000000000000000e+01 2.483971578424351676e-04
2.400000000000000000e+01 6.445674709542775261e-05
2.500000000000000000e+01 2.884510125889436206e-05
2.600000000000000000e+01 6.367880772678372861e-05
2.700000000000000000e+01 2.135037498455789179e-04
2.800000000000000000e+01 2.482626818458902375e-05
2.900000000000000000e+01 2.708243059067646624e-05
3.000000000000000000e+01 0.000000000000000000e+00
1.000000000000000000e+00 3.368718682062010180e-05
2.000000000000000000e+00 1.266051955707128106e-05
3.000000000000000000e+00 2.389399372907618539e-05
4.000000000000000000e+00 2.995618851690815470e-05
5.000000000000000000e+00 5.815371812373311212e-06
6.000000000000000000e+00 6.633049886423198426e-05
7.000000000000000000e+00 1.533908026561699568e-04
8.000000000000000000e+00 1.215845068918532053e-05
9.000000000000000000e+00 6.822449581070270136e-06
1.000000000000000000e+01 1.382258920489804956e-05
1.100000000000000000e+01 2.073995969048442550e-05
1.200000000000000000e+01 4.893952180309001674e-06
1.300000000000000000e+01 3.643392644891895246e-05
1.400000000000000000e+01 3.073055546818665132e-06
1.500000000000000000e+01 8.791013528644712493e-06
1.600000000000000000e+01 9.146000870138800066e-06
1.700000000000000000e+01 3.081414115896874385e-06
1.800000000000000000e+01 6.031746031746031043e-06
1.900000000000000000e+01 1.325286074911262194e-05
2.000000000000000000e+01 2.637738040736541459e-04
2.100000000000000000e+01 2.702994046322381924e-05
2.200000000000000000e+01 4.697542138021897811e-04
2.300000000000000000e+01 3.145076190953251922e-04
2.400000000000000000e+01 2.842368914332932172e-05
2.500000000000000000e+01 1.650544801969089788e-05
2.600000000000000000e+01 9.900549114941918150e-05
2.700000000000000000e+01 1.975118978417329135e-04
2.800000000000000000e+01 2.191091933220868602e-05
2.900000000000000000e+01 1.657109174350553452e-05
3.000000000000000000e+01 0.000000000000000000e+00
1.000000000000000000e+00 2.445725078408736447e-05
2.000000000000000000e+00 3.466486093172749179e-05
3.000000000000000000e+00 2.356517268061495706e-05
4.000000000000000000e+00 1.942700200571264869e-05
5.000000000000000000e+00 1.632408016216112086e-05
6.000000000000000000e+00 5.184576653842021092e-05
7.000000000000000000e+00 1.831053382177819902e-04
8.000000000000000000e+00 2.743605109422200610e-05
9.000000000000000000e+00 6.694352901249452846e-06
1.000000000000000000e+01 9.296270945446356924e-06
1.100000000000000000e+01 3.192830269292038067e-06
1.200000000000000000e+01 1.313165262190749412e-05
1.300000000000000000e+01 4.315345490757783938e-05
1.400000000000000000e+01 9.247253385184419567e-06
1.500000000000000000e+01 3.752643602718565004e-06
1.600000000000000000e+01 6.224959448347753585e-06
1.700000000000000000e+01 4.001785321125650525e-06
1.800000000000000000e+01 1.072986872087321854e-05
1.900000000000000000e+01 3.103390695594593189e-05
2.000000000000000000e+01 7.692508313497818445e-04
2.100000000000000000e+01 2.880064130438943009e-05
2.200000000000000000e+01 1.531707938904340550e-03
2.300000000000000000e+01 3.478514045230686751e-04
2.400000000000000000e+01 5.446064957309334993e-05
2.500000000000000000e+01 3.348733114850056120e-05
2.600000000000000000e+01 7.461527089712996713e-05
2.700000000000000000e+01 1.955734775524880251e-04
2.800000000000000000e+01 9.978711388006739923e-06
2.900000000000000000e+01 1.884327233652570855e-05
3.000000000000000000e+01 0.000000000000000000e+00
1.000000000000000000e+00 2.601359326996508255e-05
2.000000000000000000e+00 4.706859024700103946e-05
3.000000000000000000e+00 4.560100347206793545e-05
4.000000000000000000e+00 2.834070810082804049e-05
5.000000000000000000e+00 6.964119227987293479e-06
6.000000000000000000e+00 5.588508554025795299e-05
7.000000000000000000e+00 1.163312249968921516e-04
8.000000000000000000e+00 1.676872741340507347e-06
9.000000000000000000e+00 1.196889955510645092e-05
1.000000000000000000e+01 9.254798730061098333e-06
1.100000000000000000e+01 1.370028716355552916e-05
1.200000000000000000e+01 1.195205815895470982e-05
1.300000000000000000e+01 4.045020224930269425e-05
1.400000000000000000e+01 8.606038860911423752e-06
1.500000000000000000e+01 2.588241898586725955e-06
1.600000000000000000e+01 5.523813739705793088e-06
1.700000000000000000e+01 7.809074705626429516e-06
1.800000000000000000e+01 1.633334736783012612e-06
1.900000000000000000e+01 2.251366380301912282e-05
2.000000000000000000e+01 6.856387623703965456e-04
2.100000000000000000e+01 3.121496638738017663e-05
2.200000000000000000e+01 5.265079736743904148e-04
2.300000000000000000e+01 6.226137602749296516e-04
2.400000000000000000e+01 4.676236418365353412e-05
2.500000000000000000e+01 3.404078846357706789e-05
2.600000000000000000e+01 5.923086186954252494e-05
2.700000000000000000e+01 2.342241710757452845e-04
2.800000000000000000e+01 6.061479638691032884e-05
2.900000000000000000e+01 3.378327930052067756e-05
3.000000000000000000e+01 0.000000000000000000e+00
1.000000000000000000e+00 1.713782136570742154e-05
2.000000000000000000e+00 2.618496057776417327e-05
3.000000000000000000e+00 2.869477460182107709e-05
4.000000000000000000e+00 6.111677206129979721e-06
5.000000000000000000e+00 2.142555872690805139e-05
6.000000000000000000e+00 9.979860108795640910e-05
7.000000000000000000e+00 1.757089320807461686e-04
8.000000000000000000e+00 1.391394767706611763e-05
9.000000000000000000e+00 7.746433143734492459e-06
1.000000000000000000e+01 1.856503427717820203e-05
1.100000000000000000e+01 6.028446538191665558e-06
1.200000000000000000e+01 1.442971487948999116e-05
1.300000000000000000e+01 3.586095951913042911e-05
1.400000000000000000e+01 2.587662767572812334e-06
1.500000000000000000e+01 3.034289271170830078e-06
1.600000000000000000e+01 2.390916873675494333e-05
1.700000000000000000e+01 1.546601546601546535e-06
1.800000000000000000e+01 1.837184748728976490e-05
1.900000000000000000e+01 2.316022363998375812e-05
2.000000000000000000e+01 1.517177630520958719e-04
2.100000000000000000e+01 2.620608221807621877e-05
2.200000000000000000e+01 5.604589069656535196e-04
2.300000000000000000e+01 1.742731376014734182e-04
2.400000000000000000e+01 2.420259289824506994e-05
2.500000000000000000e+01 3.114131246065278901e-05
2.600000000000000000e+01 3.883006326784437255e-05
2.700000000000000000e+01 2.531913408375177101e-04
2.800000000000000000e+01 1.627499714456236195e-05
2.900000000000000000e+01 1.420746614149912499e-05
3.000000000000000000e+01 0.000000000000000000e+00
1.000000000000000000e+00 3.725229071555907670e-05
2.000000000000000000e+00 3.524878142569296382e-05
3.000000000000000000e+00 1.338369554261608221e-05
4.000000000000000000e+00 1.026932865013824471e-05
5.000000000000000000e+00 1.172018053577273910e-05
6.000000000000000000e+00 3.949456950956201215e-05
7.000000000000000000e+00 9.914885824930801421e-05
8.000000000000000000e+00 1.663450326118991708e-05
9.000000000000000000e+00 1.475838837158177343e-06
1.000000000000000000e+01 1.929639797705764672e-05
1.100000000000000000e+01 5.719454625001850854e-06
1.200000000000000000e+01 1.096702730885639409e-05
1.300000000000000000e+01 6.286987597332424258e-05
1.400000000000000000e+01 4.301842862562502608e-06
1.500000000000000000e+01 6.765537200319808418e-06
1.600000000000000000e+01 3.385008350525591523e-05
1.700000000000000000e+01 9.949116905638643338e-06
1.800000000000000000e+01 1.345126748425099160e-05
1.900000000000000000e+01 1.272911329882844013e-05
2.000000000000000000e+01 4.438006260495015731e-04
2.100000000000000000e+01 3.912019237356568379e-05
2.200000000000000000e+01 6.679686796628325372e-04
2.300000000000000000e+01 4.196429646204758541e-04
2.400000000000000000e+01 2.053510263405315824e-05
2.500000000000000000e+01 3.786734449403114942e-05
2.600000000000000000e+01 8.963414840476309053e-05
2.700000000000000000e+01 2.091999221834304221e-04
2.800000000000000000e+01 3.177086226561488916e-05
2.900000000000000000e+01 2.045305352651679182e-05
3.000000000000000000e+01 0.000000000000000000e+00
1.000000000000000000e+00 4.027918996434738528e-05
2.000000000000000000e+00 4.145462733168880004e-05
3.000000000000000000e+00 6.379850367856364788e-05
4.000000000000000000e+00 1.704133281344675580e-05
5.000000000000000000e+00 6.693588492688941799e-06
6.000000000000000000e+00 5.827691770720256384e-05
7.000000000000000000e+00 9.423818782139621391e-05
8.000000000000000000e+00 1.605272399875098373e-06
9.000000000000000000e+00 4.851341672930878204e-06
1.000000000000000000e+01 2.758816063163889112e-05
1.100000000000000000e+01 1.015065117014142461e-05
1.200000000000000000e+01 4.622183413787611141e-05
1.300000000000000000e+01 5.474679687573240702e-05
1.400000000000000000e+01 2.144676135680633324e-05
1.500000000000000000e+01 2.691090906982960767e-06
1.600000000000000000e+01 3.203685092740564770e-06
1.700000000000000000e+01 3.137442267877050451e-06
1.800000000000000000e+01 3.376309403295909783e-06
1.900000000000000000e+01 4.261555424973715439e-05
2.000000000000000000e+01 1.477226477226477135e-04
2.100000000000000000e+01 2.405028920771049575e-05
2.200000000000000000e+01 1.194842988096361238e-03
2.300000000000000000e+01 5.376947501385282444e-04
2.400000000000000000e+01 6.649855891235201396e-05
2.500000000000000000e+01 1.081373842993033257e-05
2.600000000000000000e+01 4.320880518781567732e-05
2.700000000000000000e+01 2.119707257038591121e-04
2.800000000000000000e+01 3.281600403039683085e-05
2.900000000000000000e+01 1.071351991891722026e-05
3.000000000000000000e+01 0.000000000000000000e+00
1.000000000000000000e+00 2.749902881836914774e-05
2.000000000000000000e+00 1.926930008189378467e-04
3.000000000000000000e+00 1.777486104322685754e-05
4.000000000000000000e+00 7.402484793789140851e-06
5.000000000000000000e+00 1.078270388615216187e-05
6.000000000000000000e+00 5.277709130782593742e-05
7.000000000000000000e+00 1.643712697985561519e-04
8.000000000000000000e+00 1.269851143914112346e-05
9.000000000000000000e+00 2.104017366386181581e-06
1.000000000000000000e+01 2.335292671124754757e-05
1.100000000000000000e+01 7.640746171480804116e-06
1.200000000000000000e+01 4.896635931118689487e-06
1.300000000000000000e+01 2.971900552110446923e-05
1.400000000000000000e+01 2.253098115167080336e-06
1.500000000000000000e+01 3.885029402270780977e-06
1.600000000000000000e+01 5.011328279694096462e-06
1.700000000000000000e+01 4.067399089887845314e-06
1.800000000000000000e+01 2.964647102578136763e-06
1.900000000000000000e+01 3.123236916340364616e-06
2.000000000000000000e+01 2.683444802185431578e-04
2.100000000000000000e+01 2.970722985715489452e-05
2.200000000000000000e+01 4.919960610215482442e-04
2.300000000000000000e+01 1.640762957404636455e-04
2.400000000000000000e+01 3.432593837391438016e-05
2.500000000000000000e+01 3.739603946500497995e-05
2.600000000000000000e+01 6.621338348474779302e-05
2.700000000000000000e+01 2.172689379585931264e-04
2.800000000000000000e+01 1.099045881654577272e-05
2.900000000000000000e+01 1.109284185745954716e-05
3.000000000000000000e+01 0.000000000000000000e+00
1.000000000000000000e+00 3.521288306895503092e-05
2.000000000000000000e+00 1.481145363604134116e-04
3.000000000000000000e+00 1.149722618987986208e-05
4.000000000000000000e+00 3.496780414321643080e-05
5.000000000000000000e+00 1.147248109766850317e-05
6.000000000000000000e+00 7.955620813192026302e-05
7.000000000000000000e+00 1.676109564265486124e-04
8.000000000000000000e+00 1.395152129784813391e-06
9.000000000000000000e+00 2.292821843046730412e-06
1.000000000000000000e+01 6.328650526551575537e-06
1.100000000000000000e+01 1.763361187649043580e-05
1.200000000000000000e+01 2.280615159175878706e-05
1.300000000000000000e+01 2.541676436728910370e-05
1.400000000000000000e+01 2.118114325010876531e-05
1.500000000000000000e+01 2.449704218819660945e-06
1.600000000000000000e+01 8.247683240186987619e-06
1.700000000000000000e+01 7.124393181364694764e-06
1.800000000000000000e+01 7.306545417489945192e-06
1.900000000000000000e+01 3.431090093758759006e-05
2.000000000000000000e+01 1.203720465219715536e-03
2.100000000000000000e+01 3.479031601970132402e-05
2.200000000000000000e+01 3.296377180485126485e-03
2.300000000000000000e+01 7.894895964161330500e-04
2.400000000000000000e+01 1.048313416829158880e-04
2.500000000000000000e+01 7.937883650027577313e-06
2.600000000000000000e+01 3.011677644361302527e-05
2.700000000000000000e+01 1.702975973440740793e-04
2.800000000000000000e+01 1.532016431566656127e-05
2.900000000000000000e+01 3.799796405493556788e-05
3.000000000000000000e+01 0.000000000000000000e+00
1.000000000000000000e+00 4.231218501083568271e-05
2.000000000000000000e+00 4.658457096238205572e-05
3.000000000000000000e+00 6.650420488501447070e-05
4.000000000000000000e+00 1.020002264380075344e-05
5.000000000000000000e+00 1.254748694029053759e-05
6.000000000000000000e+00 3.624407687376202922e-05
7.000000000000000000e+00 1.405727195232442579e-04
8.000000000000000000e+00 3.615176538714769538e-06
9.000000000000000000e+00 1.834229960166991481e-06
1.000000000000000000e+01 3.591349291499216150e-05
1.100000000000000000e+01 1.847570276355883502e-05
1.200000000000000000e+01 2.907109992567263887e-05
1.300000000000000000e+01 3.212211077278542994e-05
1.400000000000000000e+01 1.500304792658615672e-05
1.500000000000000000e+01 1.921383630529057681e-06
1.600000000000000000e+01 3.644002174736807085e-06
1.700000000000000000e+01 1.983355086803362319e-06
1.800000000000000000e+01 5.803069161390000879e-06
1.900000000000000000e+01 2.239313798534188282e-05
2.000000000000000000e+01 4.139183743681494805e-04
2.100000000000000000e+01 8.176877817057725878e-05
2.200000000000000000e+01 5.558381470825248839e-04
2.300000000000000000e+01 9.809664587175830151e-04
2.400000000000000000e+01 5.637469199688089835e-05
2.500000000000000000e+01 3.729967960852518014e-05
2.600000000000000000e+01 4.859813183651264516e-05
2.700000000000000000e+01 1.733015510226904477e-04
2.800000000000000000e+01 3.415093097252017433e-05
2.900000000000000000e+01 1.633877256066161462e-05
3.000000000000000000e+01 0.000000000000000000e+00
1.000000000000000000e+00 3.080335068341065138e-05
2.000000000000000000e+00 2.043878382708967344e-05
3.000000000000000000e+00 3.504305012550888997e-05
4.000000000000000000e+00 3.199348044925255652e-05
5.000000000000000000e+00 5.259458182996413484e-06
6.000000000000000000e+00 4.487453243075431553e-05
7.000000000000000000e+00 1.116499348283456211e-04
8.000000000000000000e+00 2.105893329281634848e-05
9.000000000000000000e+00 3.642380164119294527e-06
1.000000000000000000e+01 1.060350388686220766e-05
1.100000000000000000e+01 1.212208303662576447e-05
1.200000000000000000e+01 3.545634220296888887e-06
1.300000000000000000e+01 2.483204840026429104e-05
1.400000000000000000e+01 9.119506180975446179e-06
1.500000000000000000e+01 5.166666306096590954e-06
1.600000000000000000e+01 1.636347327501749954e-05
1.700000000000000000e+01 3.575068942385284024e-06
1.800000000000000000e+01 8.316842799601419301e-06
1.900000000000000000e+01 1.252249444153492038e-05
2.000000000000000000e+01 1.420387996699840776e-04
2.100000000000000000e+01 4.528392480416467845e-05
2.200000000000000000e+01 1.456656431469024971e-04
2.300000000000000000e+01 6.395928231910240520e-04
2.400000000000000000e+01 4.563817547325792559e-05
2.500000000000000000e+01 3.950088115005655670e-05
2.600000000000000000e+01 5.886976036901073758e-05
2.700000000000000000e+01 1.992328854997520615e-04
2.800000000000000000e+01 2.738975833428606733e-05
2.900000000000000000e+01 5.967474693111874030e-06
3.000000000000000000e+01 0.000000000000000000e+00
1.000000000000000000e+00 5.220636324084599288e-05
2.000000000000000000e+00 6.270107925280338430e-05
3.000000000000000000e+00 1.774998947412740480e-05
4.000000000000000000e+00 8.719047069871657294e-06
5.000000000000000000e+00 1.054420286804094855e-05
6.000000000000000000e+00 3.885515117898925570e-05
7.000000000000000000e+00 1.155218483554315524e-04
8.000000000000000000e+00 1.313272545656353745e-05
9.000000000000000000e+00 8.022630931176656909e-06
1.000000000000000000e+01 2.583403048170664342e-05
1.100000000000000000e+01 4.664310091596448243e-06
1.200000000000000000e+01 1.701175053498891503e-05
1.300000000000000000e+01 4.364473440935209603e-05
1.400000000000000000e+01 3.314557617406192837e-06
1.500000000000000000e+01 1.259455742214362799e-06
1.600000000000000000e+01 4.517985207640379781e-06
1.700000000000000000e+01 1.284717836441974239e-06
1.800000000000000000e+01 2.969980211359521699e-06
1.900000000000000000e+01 2.983990300332129352e-06
2.000000000000000000e+01 4.073665975315150334e-04
2.100000000000000000e+01 4.831010624114071868e-05
2.200000000000000000e+01 1.773635953695923634e-03
2.300000000000000000e+01 8.871222874521224972e-04
2.400000000000000000e+01 7.836551809565302142e-05
2.500000000000000000e+01 6.523719825069149701e-05
2.600000000000000000e+01 2.393432099579025944e-05
2.700000000000000000e+01 2.112544948526957336e-04
2.800000000000000000e+01 2.738436642484618177e-05
2.900000000000000000e+01 2.649833813252103950e-05
3.000000000000000000e+01 0.000000000000000000e+00
1.000000000000000000e+00 6.708903956280268081e-05
2.000000000000000000e+00 2.101733681943576814e-05
3.000000000000000000e+00 3.643412171148302514e-05
4.000000000000000000e+00 8.563935370532071000e-06
5.000000000000000000e+00 1.508231898036995374e-05
6.000000000000000000e+00 4.239752029856977276e-05
7.000000000000000000e+00 1.250402149352674013e-04
8.000000000000000000e+00 1.687393177648049934e-05
9.000000000000000000e+00 4.356673921891313173e-06
1.000000000000000000e+01 1.877939596080525548e-05
1.100000000000000000e+01 5.351524481959264497e-06
1.200000000000000000e+01 1.906190982652751544e-05
1.300000000000000000e+01 6.282891521272330397e-05
1.400000000000000000e+01 2.515909322506023898e-06
1.500000000000000000e+01 4.333041604405921478e-06
1.600000000000000000e+01 1.766786381479034960e-05
1.700000000000000000e+01 1.989085377391224128e-06
1.800000000000000000e+01 5.286209154275120808e-06
1.900000000000000000e+01 1.686721962584031384e-05
2.000000000000000000e+01 1.193255464619782344e-04
2.100000000000000000e+01 3.423238985457875482e-05
2.200000000000000000e+01 2.956855039013959368e-04
2.300000000000000000e+01 3.216003431295784724e-04
2.400000000000000000e+01 2.107896101899100309e-05
2.500000000000000000e+01 1.649514126275745309e-05
2.600000000000000000e+01 2.954503212374276551e-05
2.700000000000000000e+01 3.590911526143909815e-04
2.800000000000000000e+01 2.216713488077805844e-05
2.900000000000000000e+01 2.293837874047769017e-05
3.000000000000000000e+01 0.000000000000000000e+00
1.000000000000000000e+00 3.490968801313628435e-05
2.000000000000000000e+00 1.691729226961610527e-04
3.000000000000000000e+00 4.943789399561513407e-05
4.000000000000000000e+00 1.244045864735519836e-05
5.000000000000000000e+00 2.261912444820990382e-05
6.000000000000000000e+00 7.692324777782048677e-05
7.000000000000000000e+00 1.280148270852918269e-04
8.000000000000000000e+00 3.009307866879080948e-06
9.000000000000000000e+00 8.044012181943214823e-06
1.000000000000000000e+01 4.151095392474702170e-05
1.100000000000000000e+01 6.945593692220378098e-06
1.200000000000000000e+01 3.508461886272980478e-05
1.300000000000000000e+01 7.289600066211759249e-05
1.400000000000000000e+01 3.703593868511409471e-06
1.500000000000000000e+01 4.234293109855328518e-06
1.600000000000000000e+01 1.393204496652772401e-05
1.700000000000000000e+01 2.979889786486487922e-06
1.800000000000000000e+01 5.032855977383713119e-06
1.900000000000000000e+01 2.577380418459878323e-06
2.000000000000000000e+01 1.802573438555447514e-04
2.100000000000000000e+01 2.111114162088674522e-05
2.200000000000000000e+01 3.341250564638870092e-04
2.300000000000000000e+01 1.985564726794111974e-04
2.400000000000000000e+01 2.383288209375165732e-05
2.500000000000000000e+01 3.635707176936562175e-05
2.600000000000000000e+01 7.250193639998736507e-05
2.700000000000000000e+01 2.681585159246328257e-04
2.800000000000000000e+01 3.752344828806597666e-05
2.900000000000000000e+01 2.075870489663593111e-05
3.000000000000000000e+01 0.000000000000000000e+00
1.000000000000000000e+00 3.147188310606601402e-05
2.000000000000000000e+00 2.324140737933841309e-05
3.000000000000000000e+00 3.569799515826501866e-05
4.000000000000000000e+00 1.759476793959552466e-05
5.000000000000000000e+00 2.763625513250700372e-05
6.000000000000000000e+00 8.436930496900511877e-05
7.000000000000000000e+00 7.799418528054210132e-05
8.000000000000000000e+00 3.049685169625199430e-05
9.000000000000000000e+00 8.067590136555653042e-06
1.000000000000000000e+01 8.264329373774650960e-06
1.100000000000000000e+01 3.478720180369355680e-06
1.200000000000000000e+01 2.620463993777337087e-05
1.300000000000000000e+01 1.661569703548713918e-05
1.400000000000000000e+01 2.197887625173981901e-06
1.500000000000000000e+01 8.777780052142870006e-06
1.600000000000000000e+01 2.857412563559489884e-05
1.700000000000000000e+01 3.428627566558600787e-06
1.800000000000000000e+01 3.468204847515192120e-06
1.900000000000000000e+01 1.686357065667410361e-05
2.000000000000000000e+01 2.802204469970586407e-04
2.100000000000000000e+01 2.966676612853524290e-05
2.200000000000000000e+01 3.164858674004101006e-04
2.300000000000000000e+01 5.034204387427775431e-04
2.400000000000000000e+01 1.503500552975815218e-05
2.500000000000000000e+01 2.518704017954392449e-05
2.600000000000000000e+01 9.775055751067743910e-05
2.700000000000000000e+01 3.626663236258438291e-04
2.800000000000000000e+01 2.246514882197040862e-05
2.900000000000000000e+01 7.920032657663840650e-06
3.000000000000000000e+01 0.000000000000000000e+00
1.000000000000000000e+00 8.622613213317860935e-05
2.000000000000000000e+00 5.625184632680883980e-05
3.000000000000000000e+00 2.896285235115819503e-05
4.000000000000000000e+00 7.025669094634611736e-06
5.000000000000000000e+00 1.664011262212161655e-05
6.000000000000000000e+00 4.684305532881244627e-05
7.000000000000000000e+00 1.016748468922381844e-04
8.000000000000000000e+00 5.634021705985723619e-06
9.000000000000000000e+00 6.263072260073758754e-06
1.000000000000000000e+01 3.035706367040699762e-05
1.100000000000000000e+01 1.460488536950305996e-05
1.200000000000000000e+01 4.000278471043088556e-05
1.300000000000000000e+01 3.235788033389232671e-05
1.400000000000000000e+01 4.563559046317666694e-06
1.500000000000000000e+01 1.243362556705885010e-05
1.600000000000000000e+01 1.116104951187409828e-05
1.700000000000000000e+01 2.260977403406188631e-06
1.800000000000000000e+01 2.922472274796112610e-05
1.900000000000000000e+01 1.347220939424837413e-05
2.000000000000000000e+01 2.131495979172141008e-04
2.100000000000000000e+01 8.582732054995921968e-05
2.200000000000000000e+01 7.996004617293972581e-04
2.300000000000000000e+01 2.320016947903004781e-04
2.400000000000000000e+01 2.468930924703038335e-06
2.500000000000000000e+01 2.426579140222318617e-05
2.600000000000000000e+01 5.705479150756511694e-05
2.700000000000000000e+01 1.460929297810856838e-04
2.800000000000000000e+01 5.549663951463051339e-05
2.900000000000000000e+01 1.297183132265591008e-05
3.000000000000000000e+01 0.000000000000000000e+00
1.000000000000000000e+00 1.911063005515779113e-05
2.000000000000000000e+00 5.184964405354210398e-05
3.000000000000000000e+00 4.187586415472472159e-05
4.000000000000000000e+00 1.276261857971003315e-05
5.000000000000000000e+00 1.835171325426197882e-05
6.000000000000000000e+00 7.938221143618444473e-05
7.000000000000000000e+00 1.387802402495056156e-04
8.000000000000000000e+00 3.990263720398652926e-06
9.000000000000000000e+00 1.527083056318438550e-06
1.000000000000000000e+01 2.173181141696883538e-05
1.100000000000000000e+01 4.176594131616619607e-06
1.200000000000000000e+01 2.343873129480325570e-05
1.300000000000000000e+01 2.589796565808559500e-05
1.400000000000000000e+01 4.689526698522200707e-06
1.500000000000000000e+01 4.357663548068345525e-06
1.600000000000000000e+01 1.354738991920401175e-05
1.700000000000000000e+01 8.686487037311623483e-06
1.800000000000000000e+01 2.889199201043278907e-06
1.900000000000000000e+01 9.870584743148460544e-06
2.000000000000000000e+01 1.783674407662413442e-04
2.100000000000000000e+01 1.840671073054880879e-05
2.200000000000000000e+01 1.625829216593834090e-03
2.300000000000000000e+01 3.567607238671705971e-04
2.400000000000000000e+01 3.141100112614355228e-05
2.500000000000000000e+01 3.014494417792768367e-05
2.600000000000000000e+01 9.396895846670958331e-05
2.700000000000000000e+01 3.672124222049259214e-04
2.800000000000000000e+01 1.513562898870245130e-05
2.900000000000000000e+01 5.222794308251579261e-06
3.000000000000000000e+01 0.000000000000000000e+00
1.000000000000000000e+00 2.457022681910237983e-05
2.000000000000000000e+00 2.772128754137749595e-05
3.000000000000000000e+00 1.304213139295598042e-05
4.000000000000000000e+00 2.076516742183908283e-05
5.000000000000000000e+00 2.294093268606012177e-06
6.000000000000000000e+00 5.231598209109453369e-05
7.000000000000000000e+00 1.439434872418380500e-04
8.000000000000000000e+00 1.781107004495310328e-05
9.000000000000000000e+00 2.197411672674041196e-06
1.000000000000000000e+01 1.157552093084326860e-05
1.100000000000000000e+01 2.670897207628841676e-05
1.200000000000000000e+01 1.055076635286530236e-05
1.300000000000000000e+01 3.457957445963442500e-05
1.400000000000000000e+01 7.045288544538918853e-06
1.500000000000000000e+01 4.265090232106723794e-06
1.600000000000000000e+01 7.431073008284402550e-06
1.700000000000000000e+01 8.475946287040738377e-06
1.800000000000000000e+01 1.958045286381118120e-06
1.900000000000000000e+01 1.172906276354552118e-05
2.000000000000000000e+01 2.864030034045026069e-04
2.100000000000000000e+01 3.041097610812753185e-05
2.200000000000000000e+01 4.133314960901167574e-04
2.300000000000000000e+01 6.047198423210416738e-04
2.400000000000000000e+01 4.941771982251741988e-05
2.500000000000000000e+01 1.444687024896919901e-05
2.600000000000000000e+01 6.933175104089645674e-05
2.700000000000000000e+01 2.024066000077993856e-04
2.800000000000000000e+01 3.854278543933715713e-05
2.900000000000000000e+01 1.377279059437979947e-05
3.000000000000000000e+01 0.000000000000000000e+00
1.000000000000000000e+00 4.024111265490575218e-05
2.000000000000000000e+00 4.587287552804793971e-05
3.000000000000000000e+00 4.529409288029977528e-05
4.000000000000000000e+00 5.993010820597026850e-06
5.000000000000000000e+00 3.238272194793933336e-05
6.000000000000000000e+00 7.881183950149466206e-05
7.000000000000000000e+00 2.032760176688212502e-04
8.000000000000000000e+00 1.884271539443953150e-06
9.000000000000000000e+00 7.596592424178630649e-06
1.000000000000000000e+01 9.560579905407490448e-06
1.100000000000000000e+01 3.546041387120847365e-06
1.200000000000000000e+01 3.763490660042383886e-06
1.300000000000000000e+01 2.941855079786113942e-05
1.400000000000000000e+01 3.033556481832343593e-05
1.500000000000000000e+01 3.489256592704868496e-06
1.600000000000000000e+01 4.488512764374832855e-06
1.700000000000000000e+01 2.524805973081834730e-06
1.800000000000000000e+01 2.006933041415799691e-06
1.900000000000000000e+01 8.930516426768299922e-06
2.000000000000000000e+01 1.578311088655916044e-04
2.100000000000000000e+01 2.787324286574661313e-05
2.200000000000000000e+01 3.542198375781583784e-04
2.300000000000000000e+01 1.050603635910982153e-04
2.400000000000000000e+01 5.648163708133722576e-05
2.500000000000000000e+01 2.714804990667059464e-05
2.600000000000000000e+01 5.438535921294541508e-05
2.700000000000000000e+01 2.816694339033169389e-04
2.800000000000000000e+01 1.444635435639933315e-05
2.900000000000000000e+01 3.838611829616327180e-05
3.000000000000000000e+01 0.000000000000000000e+00
1.000000000000000000e+00 3.649547631556626903e-05
2.000000000000000000e+00 2.879421760980981282e-05
3.000000000000000000e+00 1.570895870745945449e-05
4.000000000000000000e+00 2.595725336355021479e-05
5.000000000000000000e+00 1.961004290839373022e-05
6.000000000000000000e+00 5.451925496903007852e-05
7.000000000000000000e+00 9.094500368863186947e-05
8.000000000000000000e+00 1.824493125842451100e-05
9.000000000000000000e+00 3.916168234009312757e-06
1.000000000000000000e+01 4.467326776172352701e-06
1.100000000000000000e+01 9.063453621174759757e-06
1.200000000000000000e+01 1.865306108184668898e-05
1.300000000000000000e+01 2.966278765379214944e-05
1.400000000000000000e+01 4.354044533954578837e-06
1.500000000000000000e+01 7.698568298268447884e-06
1.600000000000000000e+01 3.031940129391403507e-05
1.700000000000000000e+01 3.776853941771482582e-06
1.800000000000000000e+01 1.871249967201991169e-06
1.900000000000000000e+01 1.116413710116858516e-05
2.000000000000000000e+01 2.676959211591894853e-04
2.100000000000000000e+01 2.379941897183276281e-05
2.200000000000000000e+01 5.998856072019489657e-04
2.300000000000000000e+01 3.240260644458545138e-04
2.400000000000000000e+01 4.345499466938747171e-05
2.500000000000000000e+01 4.710575115372716407e-06
2.600000000000000000e+01 6.567600204781613965e-05
2.700000000000000000e+01 2.872875472575622401e-04
2.800000000000000000e+01 2.871680820706307673e-05
2.900000000000000000e+01 8.607278112525487340e-06
3.000000000000000000e+01 0.000000000000000000e+00
1.000000000000000000e+00 5.260068600398434921e-05
2.000000000000000000e+00 1.193401523236605608e-05
3.000000000000000000e+00 3.237870908035825302e-05
4.000000000000000000e+00 2.161416461266536010e-05
5.000000000000000000e+00 1.258483201511687103e-05
6.000000000000000000e+00 5.166530066080290940e-05
7.000000000000000000e+00 9.252005365948393545e-05
8.000000000000000000e+00 1.294748341225102805e-05
9.000000000000000000e+00 1.063611384450964653e-05
1.000000000000000000e+01 2.843482687560648431e-05
1.100000000000000000e+01 6.985506025985785853e-06
1.200000000000000000e+01 1.387748794045645461e-05
1.300000000000000000e+01 5.134483041529517742e-05
1.400000000000000000e+01 2.450604534562555515e-05
1.500000000000000000e+01 2.174956477805053485e-06
1.600000000000000000e+01 4.601411138142771704e-06
1.700000000000000000e+01 3.808095952023987702e-06
1.800000000000000000e+01 1.217995397905442810e-05
1.900000000000000000e+01 1.896939198288523492e-05
2.000000000000000000e+01 1.040422856614760591e-04
2.100000000000000000e+01 4.922414361694721412e-05
2.200000000000000000e+01 3.044089277372635208e-04
2.300000000000000000e+01 3.006381657656020273e-04
2.400000000000000000e+01 2.400933066600232754e-05
2.500000000000000000e+01 1.604750849128660088e-05
2.600000000000000000e+01 2.578362500401480741e-05
2.700000000000000000e+01 1.791270032649342836e-04
2.800000000000000000e+01 1.864317036730829823e-05
2.900000000000000000e+01 1.920723509928907037e-05
3.000000000000000000e+01 0.000000000000000000e+00
1.000000000000000000e+00 3.563477779369832865e-05
2.000000000000000000e+00 1.623059044348399403e-05
3.000000000000000000e+00 1.431679209790154153e-05
4.000000000000000000e+00 6.557563708987996774e-06
5.000000000000000000e+00 7.804224206023304943e-06
6.000000000000000000e+00 4.875332230654568893e-05
7.000000000000000000e+00 1.153174894404279590e-04
8.000000000000000000e+00 1.284726379179152715e-05
9.000000000000000000e+00 7.593535899382975048e-06
1.000000000000000000e+01 1.050145257041808684e-05
1.100000000000000000e+01 5.244496189023924423e-06
1.200000000000000000e+01 9.713025605079576662e-06
1.300000000000000000e+01 3.753184568776772248e-05
1.400000000000000000e+01 6.310228169298633497e-06
1.500000000000000000e+01 2.672143781589058583e-06
1.600000000000000000e+01 4.048952324814393342e-06
1.700000000000000000e+01 3.595473880331451444e-06
1.800000000000000000e+01 3.626794661277419549e-06
1.900000000000000000e+01 2.633983374613059640e-05
2.000000000000000000e+01 8.858045502723162841e-05
2.100000000000000000e+01 1.616789451871910604e-05
2.200000000000000000e+01 5.333191235440110480e-04
2.300000000000000000e+01 1.742786559878013925e-04
2.400000000000000000e+01 2.826068706128676033e-05
2.500000000000000000e+01 1.954284152185201568e-05
2.600000000000000000e+01 3.686501182753056625e-05
2.700000000000000000e+01 2.335932488856027039e-04
2.800000000000000000e+01 2.495968133149542302e-05
2.900000000000000000e+01 1.906618230456311159e-05
3.000000000000000000e+01 0.000000000000000000e+00
1.000000000000000000e+00 2.694360001706328289e-05
2.000000000000000000e+00 3.486011794857372047e-05
3.000000000000000000e+00 2.336663281191017220e-05
4.000000000000000000e+00 1.902281515474918701e-05
5.000000000000000000e+00 4.753241095070180246e-06
6.000000000000000000e+00 5.817831898791418521e-05
7.000000000000000000e+00 7.008818711967137148e-05
8.000000000000000000e+00 1.633724263409420564e-05
9.000000000000000000e+00 2.019119200528495673e-06
1.000000000000000000e+01 3.491456513945268925e-05
1.100000000000000000e+01 8.411706012905411801e-06
1.200000000000000000e+01 1.229217448108002756e-05
1.300000000000000000e+01 3.095093035123019822e-05
1.400000000000000000e+01 4.754305054155128438e-06
1.500000000000000000e+01 1.051874551124925914e-05
1.600000000000000000e+01 4.628378451466906891e-06
1.700000000000000000e+01 3.679663109947967098e-06
1.800000000000000000e+01 2.067224906805116476e-05
1.900000000000000000e+01 1.070388104870863368e-05
2.000000000000000000e+01 3.214234862810574564e-04
2.100000000000000000e+01 2.117455535746390157e-05
2.200000000000000000e+01 4.956103189386547358e-04
2.300000000000000000e+01 1.704527955802318483e-04
2.400000000000000000e+01 3.057126115596880121e-05
2.500000000000000000e+01 2.899556104953406052e-05
2.600000000000000000e+01 9.199963787669933476e-05
2.700000000000000000e+01 2.211894818491519951e-04
2.800000000000000000e+01 3.666285627305117115e-05
2.900000000000000000e+01 2.278495672798521346e-05
3.000000000000000000e+01 0.000000000000000000e+00
1.000000000000000000e+00 3.808493799498297217e-05
2.000000000000000000e+00 5.346526425986695643e-05
3.000000000000000000e+00 4.439706886483497906e-05
4.000000000000000000e+00 5.047647116612633506e-06
5.000000000000000000e+00 1.357259765055866908e-05
6.000000000000000000e+00 1.006052906502681523e-04
7.000000000000000000e+00 9.458128744485565914e-05
8.000000000000000000e+00 2.739814463952394592e-06
9.000000000000000000e+00 2.282826840547979852e-06
1.000000000000000000e+01 2.248784032891978783e-05
1.100000000000000000e+01 2.297166435097469465e-06
1.200000000000000000e+01 1.361947286984768214e-05
1.300000000000000000e+01 2.486804327883788016e-05
1.400000000000000000e+01 8.048143760287687537e-06
1.500000000000000000e+01 4.128948956535162724e-06
1.600000000000000000e+01 3.540182289807477042e-05
1.700000000000000000e+01 4.165890192876698792e-06
1.800000000000000000e+01 1.949244713862404859e-05
1.900000000000000000e+01 2.087674222606756191e-05
2.000000000000000000e+01 3.061576005204190800e-04
2.100000000000000000e+01 3.005165305015379697e-05
2.200000000000000000e+01 4.804733042514151647e-04
2.300000000000000000e+01 2.343040201510965964e-04
2.400000000000000000e+01 4.790239356955998162e-05
2.500000000000000000e+01 5.974050936569677100e-05
2.600000000000000000e+01 9.895824981282252454e-05
2.700000000000000000e+01 2.360379106705943033e-04
2.800000000000000000e+01 2.874526106909914945e-05
2.900000000000000000e+01 2.067363143824912727e-05
3.000000000000000000e+01 0.000000000000000000e+00
1.000000000000000000e+00 4.996980808075260339e-05
2.000000000000000000e+00 3.172430545743888701e-05
3.000000000000000000e+00 5.307729529618584655e-05
4.000000000000000000e+00 1.031841832441532497e-05
5.000000000000000000e+00 4.410567166189354843e-05
6.000000000000000000e+00 5.271125454033999511e-05
7.000000000000000000e+00 1.767034997319854802e-04
8.000000000000000000e+00 1.218088147623379873e-05
9.000000000000000000e+00 7.517878312481011106e-06
1.000000000000000000e+01 9.162947663697287444e-06
1.100000000000000000e+01 3.159910776102680020e-06
1.200000000000000000e+01 1.867859942822461304e-05
1.300000000000000000e+01 3.119773668499305040e-05
1.400000000000000000e+01 1.022344860425819930e-05
1.500000000000000000e+01 1.221086759317643773e-05
1.600000000000000000e+01 3.709220980585298362e-06
1.700000000000000000e+01 2.822227469903631547e-06
1.800000000000000000e+01 1.208469691228311771e-05
1.900000000000000000e+01 3.155590148093896142e-05
2.000000000000000000e+01 7.729863051602181958e-04
2.100000000000000000e+01 3.940793506010896972e-05
2.200000000000000000e+01 2.002763575477218628e-04
2.300000000000000000e+01 5.094206520893176677e-04
2.400000000000000000e+01 6.491239450759689659e-05
2.500000000000000000e+01 5.884575416809299629e-05
2.600000000000000000e+01 1.214643926787854718e-04
2.700000000000000000e+01 1.686520586970362019e-04
2.800000000000000000e+01 1.925769161151469664e-05
2.900000000000000000e+01 2.736990257230137083e-05
3.000000000000000000e+01 0.000000000000000000e+00
1.000000000000000000e+00 6.041811816924260321e-05
2.000000000000000000e+00 3.032967032967032891e-05
3.000000000000000000e+00 1.013720246104054031e-05
4.000000000000000000e+00 2.367993048652718559e-05
5.000000000000000000e+00 1.241500129056350895e-05
6.000000000000000000e+00 3.985749493995370779e-05
7.000000000000000000e+00 1.174089267942341288e-04
8.000000000000000000e+00 1.248031661824765264e-05
9.000000000000000000e+00 4.457636871429974170e-06
1.000000000000000000e+01 6.948930906951896220e-06
1.100000000000000000e+01 4.489916214054144613e-06
1.200000000000000000e+01 1.515565782432349110e-05
1.300000000000000000e+01 5.022738935782413832e-05
1.400000000000000000e+01 2.363970639832708572e-05
1.500000000000000000e+01 2.310920241954724528e-06
1.600000000000000000e+01 1.667194485785190167e-05
1.700000000000000000e+01 5.894207963173480414e-06
1.800000000000000000e+01 3.142323831979004191e-06
1.900000000000000000e+01 2.066981161433934921e-05
2.000000000000000000e+01 1.556593864240040910e-04
2.100000000000000000e+01 3.192940770152164387e-05
2.200000000000000000e+01 4.247474797399834745e-04
2.300000000000000000e+01 9.995767683923605757e-05
2.400000000000000000e+01 4.863905043815088187e-05
2.500000000000000000e+01 3.473563584508112146e-05
2.600000000000000000e+01 4.342767566155871460e-05
2.700000000000000000e+01 1.630801571131406031e-04
2.800000000000000000e+01 2.443451046149696540e-05
2.900000000000000000e+01 1.999550896102620130e-05
3.000000000000000000e+01 0.000000000000000000e+00
1.000000000000000000e+00 1.848129104500918353e-05
2.000000000000000000e+00 1.669633148793568352e-04
3.000000000000000000e+00 4.525882468910954288e-05
4.000000000000000000e+00 1.717722446358128225e-05
5.000000000000000000e+00 1.039392391716229656e-05
6.000000000000000000e+00 5.743821063161392459e-05
7.000000000000000000e+00 1.123835828783354936e-04
8.000000000000000000e+00 3.517886966162827859e-06
9.000000000000000000e+00 3.989093254460570717e-06
1.000000000000000000e+01 2.723756558839017557e-05
1.100000000000000000e+01 3.278239889934042686e-06
1.200000000000000000e+01 2.204399076962794963e-05
1.300000000000000000e+01 6.019141944179425170e-05
1.400000000000000000e+01 2.052735093214853279e-05
1.500000000000000000e+01 3.053149859746561033e-06
1.600000000000000000e+01 1.576543285688712941e-05
1.700000000000000000e+01 4.035681127135399913e-06
1.800000000000000000e+01 5.658367397497832206e-05
1.900000000000000000e+01 1.555779663725690416e-05
2.000000000000000000e+01 3.058807437218231322e-04
2.100000000000000000e+01 3.121852549138905538e-05
2.200000000000000000e+01 3.910876208027631775e-04
2.300000000000000000e+01 2.549482845434869298e-04
2.400000000000000000e+01 1.325582740875094606e-05
2.500000000000000000e+01 4.187070190068690236e-05
2.600000000000000000e+01 4.116428410281483557e-05
2.700000000000000000e+01 2.213410122555549767e-04
2.800000000000000000e+01 5.754640495270179761e-05
2.900000000000000000e+01 2.642446897319460837e-05
3.000000000000000000e+01 0.000000000000000000e+00
1.000000000000000000e+00 4.393511868774237211e-05
2.000000000000000000e+00 1.881414071519018879e-04
3.000000000000000000e+00 2.652785495364205702e-05
4.000000000000000000e+00 2.225319796534189210e-05
5.000000000000000000e+00 1.421616087283253586e-05
6.000000000000000000e+00 6.767570149878994294e-05
7.000000000000000000e+00 1.170516728537717918e-04
8.000000000000000000e+00 1.895615628749061992e-06
9.000000000000000000e+00 1.750612095439681627e-06
1.000000000000000000e+01 1.310841415788941947e-05
1.100000000000000000e+01 2.437733514195283228e-05
1.200000000000000000e+01 2.401080179191123463e-05
1.300000000000000000e+01 8.319714046850478493e-05
1.400000000000000000e+01 1.964636174531226811e-05
1.500000000000000000e+01 5.291604392054167042e-06
1.600000000000000000e+01 1.508991092199487858e-05
1.700000000000000000e+01 3.830380292149407161e-06
1.800000000000000000e+01 1.028881940426168251e-05
1.900000000000000000e+01 1.729330694847936166e-05
2.000000000000000000e+01 5.691360091959791903e-04
2.100000000000000000e+01 1.944006351802453645e-05
2.200000000000000000e+01 6.390113989514288433e-04
2.300000000000000000e+01 5.628978861662519524e-04
2.400000000000000000e+01 2.474513215142900175e-05
2.500000000000000000e+01 1.423474077147240472e-05
2.600000000000000000e+01 2.732985821441593393e-05
2.700000000000000000e+01 2.587671410160165427e-04
2.800000000000000000e+01 2.028901189320979386e-05
2.900000000000000000e+01 1.287915926596586173e-05
3.000000000000000000e+01 0.000000000000000000e+00
1.000000000000000000e+00 4.996116771229214515e-05
2.000000000000000000e+00 1.524629626578652043e-05
3.000000000000000000e+00 2.689352515439471700e-05
4.000000000000000000e+00 1.051164283548091643e-05
5.000000000000000000e+00 1.821571509727431751e-05
6.000000000000000000e+00 3.154756621023487479e-05
7.000000000000000000e+00 1.153782571473725878e-04
8.000000000000000000e+00 8.654598219815610254e-06
9.000000000000000000e+00 1.946560297384884995e-06
1.000000000000000000e+01 1.791850217637323904e-05
1.100000000000000000e+01 9.652902486485693203e-06
1.200000000000000000e+01 1.137923767608924944e-05
1.300000000000000000e+01 3.498391885198481519e-05
1.400000000000000000e+01 3.289014833242719088e-06
1.500000000000000000e+01 3.318066796327665679e-06
1.600000000000000000e+01 1.134902634153008830e-05
1.700000000000000000e+01 1.921041921041920755e-06
1.800000000000000000e+01 1.911497353776214159e-05
1.900000000000000000e+01 7.199867709612836759e-06
2.000000000000000000e+01 1.375320220897432262e-04
2.100000000000000000e+01 3.373579388571891789e-05
2.200000000000000000e+01 8.462080625798765968e-04
2.300000000000000000e+01 1.480733015665549343e-04
2.400000000000000000e+01 3.389256531685317107e-05
2.500000000000000000e+01 4.728331804793573342e-05
2.600000000000000000e+01 3.608474816870618968e-05
2.700000000000000000e+01 1.853716132276851680e-04
2.800000000000000000e+01 3.533564109276252839e-05
2.900000000000000000e+01 1.186120670378541416e-05
3.000000000000000000e+01 0.000000000000000000e+00
1.000000000000000000e+00 3.214325127368605599e-05
2.000000000000000000e+00 1.549330340934538652e-05
3.000000000000000000e+00 4.090415886517835022e-05
4.000000000000000000e+00 1.775415100752431851e-05
5.000000000000000000e+00 1.296254858473748876e-05
6.000000000000000000e+00 3.730729262963145763e-05
7.000000000000000000e+00 1.079149070153567801e-04
8.000000000000000000e+00 2.317112506018052963e-05
9.000000000000000000e+00 2.155418017486982714e-06
1.000000000000000000e+01 2.320421762700623268e-05
1.100000000000000000e+01 8.837693485369646108e-06
1.200000000000000000e+01 2.251702098778560416e-05
1.300000000000000000e+01 3.545883956678559152e-05
1.400000000000000000e+01 8.578030886876462566e-06
1.500000000000000000e+01 3.423550739892568864e-06
1.600000000000000000e+01 3.127006704218098079e-05
1.700000000000000000e+01 7.891963664077605482e-06
1.800000000000000000e+01 7.445265046464446104e-06
1.900000000000000000e+01 6.803362665431630560e-06
2.000000000000000000e+01 2.608739486400655431e-04
2.100000000000000000e+01 3.817779976700516213e-05
2.200000000000000000e+01 3.673029918607129888e-04
2.300000000000000000e+01 3.171818264471937591e-04
2.400000000000000000e+01 2.460661666058967204e-05
2.500000000000000000e+01 4.503058161229075279e-05
2.600000000000000000e+01 8.371714797501903643e-05
2.700000000000000000e+01 2.708651180015497371e-04
2.800000000000000000e+01 8.143396389273450359e-06
2.900000000000000000e+01 2.533876584851097534e-05
3.000000000000000000e+01 0.000000000000000000e+00
1.000000000000000000e+00 2.239343198863438550e-05
2.000000000000000000e+00 2.550023578509335396e-05
3.000000000000000000e+00 1.786058130885716865e-05
4.000000000000000000e+00 4.008392629082284202e-05
5.000000000000000000e+00 9.908916115812666512e-06
6.000000000000000000e+00 4.259674802403437988e-05
7.000000000000000000e+00 1.327585413642385043e-04
8.000000000000000000e+00 2.683825364485034501e-05
9.000000000000000000e+00 3.511235835073915926e-06
1.000000000000000000e+01 5.894672821209552621e-06
1.100000000000000000e+01 4.717921869346156736e-06
1.200000000000000000e+01 8.851642554790979778e-06
1.300000000000000000e+01 1.707437545518504870e-05
1.400000000000000000e+01 9.491615608557136527e-06
1.500000000000000000e+01 4.968523619198281277e-06
1.600000000000000000e+01 4.889649747220961133e-06
1.700000000000000000e+01 2.695184764150281268e-06
1.800000000000000000e+01 1.828563129912455030e-05
1.900000000000000000e+01 5.550924171613826341e-06
2.000000000000000000e+01 2.516812123408824716e-04
2.100000000000000000e+01 3.291764485167783039e-05
2.200000000000000000e+01 2.085812726892186998e-04
2.300000000000000000e+01 1.730436923840222168e-04
2.400000000000000000e+01 1.786513336738224127e-05
2.500000000000000000e+01 1.686281401423830081e-05
2.600000000000000000e+01 2.354987452438726765e-05
2.700000000000000000e+01 3.496439647863935300e-04
2.800000000000000000e+01 7.753422434082103264e-05
2.900000000000000000e+01 2.442058579989614335e-05
3.000000000000000000e+01 0.000000000000000000e+00
1.000000000000000000e+00 2.146164014229981132e-05
2.000000000000000000e+00 3.025184599397492906e-05
3.000000000000000000e+00 3.428102243694447282e-05
4.000000000000000000e+00 8.299868269883261315e-06
5.000000000000000000e+00 1.248124411542702327e-05
6.000000000000000000e+00 5.866511965462490073e-05
7.000000000000000000e+00 1.026052430550181669e-04
8.000000000000000000e+00 9.894747376006745150e-06
9.000000000000000000e+00 7.963683825752790331e-07
1.000000000000000000e+01 4.142719405088220321e-05
1.100000000000000000e+01 9.660310260010409209e-06
1.200000000000000000e+01 2.563458974253576657e-05
1.300000000000000000e+01 9.379307460266980050e-05
1.400000000000000000e+01 1.769249685291664214e-06
1.500000000000000000e+01 1.207517120560598735e-05
1.600000000000000000e+01 9.049138434445780498e-06
1.700000000000000000e+01 2.236427573758907910e-06
1.800000000000000000e+01 5.234373600190691014e-06
1.900000000000000000e+01 1.217052035642740131e-05
2.000000000000000000e+01 1.153838742744289921e-04
2.100000000000000000e+01 3.625487289655205276e-05
2.200000000000000000e+01 4.871714958371629964e-04
2.300000000000000000e+01 1.845137526696746875e-04
2.400000000000000000e+01 2.367037593424399942e-05
2.500000000000000000e+01 1.840222301991417252e-05
2.600000000000000000e+01 9.349882612251427406e-05
2.700000000000000000e+01 3.886130394676121764e-04
2.800000000000000000e+01 2.422578809385405750e-05
2.900000000000000000e+01 3.018729507485129641e-05
3.000000000000000000e+01 0.000000000000000000e+00
1.000000000000000000e+00 2.726537829986105561e-05
2.000000000000000000e+00 5.723172601733320862e-05
3.000000000000000000e+00 2.012783229874683881e-04
4.000000000000000000e+00 2.078256354118422931e-05
5.000000000000000000e+00 1.350183272222252652e-05
6.000000000000000000e+00 4.195374840052500684e-05
7.000000000000000000e+00 1.485205992852169587e-04
8.000000000000000000e+00 1.475586992828372111e-06
9.000000000000000000e+00 4.559502910327497559e-06
1.000000000000000000e+01 5.560013643971664448e-05
1.100000000000000000e+01 2.066335574581451546e-05
1.200000000000000000e+01 1.160689496521580456e-05
1.300000000000000000e+01 5.272468771719146123e-05
1.400000000000000000e+01 1.277445526321088523e-05
1.500000000000000000e+01 5.269672855879752160e-06
1.600000000000000000e+01 4.212484722229849340e-06
1.700000000000000000e+01 4.018918501677122221e-06
1.800000000000000000e+01 2.191486674245294650e-05
1.900000000000000000e+01 1.311091706893805827e-05
2.000000000000000000e+01 2.219364310518733105e-04
2.100000000000000000e+01 4.363353121973811359e-05
2.200000000000000000e+01 6.244939068927074684e-04
2.300000000000000000e+01 9.312910943795500718e-04
2.400000000000000000e+01 7.669597435714376583e-05
2.500000000000000000e+01 1.082458770614692524e-05
2.600000000000000000e+01 4.290604392553417506e-05
2.700000000000000000e+01 2.404516911263537707e-04
2.800000000000000000e+01 2.261086794819927974e-05
2.900000000000000000e+01 2.786322345542735306e-05
3.000000000000000000e+01 0.000000000000000000e+00
1.000000000000000000e+00 2.614040964865552293e-05
2.000000000000000000e+00 3.187011888661063719e-05
3.000000000000000000e+00 1.885496812033543381e-05
4.000000000000000000e+00 1.426452829751180528e-05
5.000000000000000000e+00 7.889122371880991698e-06
6.000000000000000000e+00 6.400423608819409845e-05
7.000000000000000000e+00 8.779462749477741834e-05
8.000000000000000000e+00 9.076365358224427256e-06
9.000000000000000000e+00 1.116133020180996165e-05
1.000000000000000000e+01 2.123020296933340287e-05
1.100000000000000000e+01 4.708354003706327017e-06
1.200000000000000000e+01 1.307476797731670132e-05
1.300000000000000000e+01 6.081079562338932395e-05
1.400000000000000000e+01 1.877999839019329087e-06
1.500000000000000000e+01 1.169392215868977459e-05
1.600000000000000000e+01 1.636066637565887602e-05
1.700000000000000000e+01 2.280814304802310503e-06
1.800000000000000000e+01 1.667778609307844464e-05
1.900000000000000000e+01 6.196627515967845322e-06
2.000000000000000000e+01 2.624835290202606362e-04
2.100000000000000000e+01 2.917305028249555758e-05
2.200000000000000000e+01 2.466873378717456553e-04
2.300000000000000000e+01 1.977146868900991731e-04
2.400000000000000000e+01 6.526258016512888284e-05
2.500000000000000000e+01 3.019793910348632929e-05
2.600000000000000000e+01 1.013170914820090129e-04
2.700000000000000000e+01 2.395184004179506205e-04
2.800000000000000000e+01 2.542859994134356720e-05
2.900000000000000000e+01 8.677456143723009721e-06
3.000000000000000000e+01 0.000000000000000000e+00
1.000000000000000000e+00 2.897190765256732042e-05
2.000000000000000000e+00 4.165343457697280556e-05
3.000000000000000000e+00 2.381200120330555047e-05
4.000000000000000000e+00 1.126380643622022825e-05
5.000000000000000000e+00 1.270363597200178836e-05
6.000000000000000000e+00 7.652526716994482168e-05
7.000000000000000000e+00 1.474783809116642574e-04
8.000000000000000000e+00 8.739031527637223108e-06
9.000000000000000000e+00 3.000130526367407596e-06
1.000000000000000000e+01 1.735893957783012938e-05
1.100000000000000000e+01 6.497246437276421600e-06
1.200000000000000000e+01 1.125458138951392192e-05
1.300000000000000000e+01 7.685890432517118601e-05
1.400000000000000000e+01 3.670869637886129607e-06
1.500000000000000000e+01 3.067862228282018011e-06
1.600000000000000000e+01 6.644608653604155385e-06
1.700000000000000000e+01 2.795671761189002407e-06
1.800000000000000000e+01 9.846017162358990820e-06
1.900000000000000000e+01 4.409309386820631173e-06
2.000000000000000000e+01 1.400459987566434340e-04
2.100000000000000000e+01 1.603252985561830928e-05
2.200000000000000000e+01 2.615917892979361834e-04
2.300000000000000000e+01 1.559127773220726700e-04
2.400000000000000000e+01 3.336164085789272818e-05
2.500000000000000000e+01 5.547886174572830992e-05
2.600000000000000000e+01 4.678108498198452810e-05
2.700000000000000000e+01 2.019595230689683290e-04
2.800000000000000000e+01 5.487024053740694959e-05
2.900000000000000000e+01 1.974538982035233670e-05
3.000000000000000000e+01 0.000000000000000000e+00
1.000000000000000000e+00 4.300852681662276810e-05
2.000000000000000000e+00 3.054700976739956693e-05
3.000000000000000000e+00 3.163864399246707780e-05
4.000000000000000000e+00 5.398228846504708044e-06
5.000000000000000000e+00 1.726484742976497097e-05
6.000000000000000000e+00 7.160330701560086136e-05
7.000000000000000000e+00 1.159370808546220815e-04
8.000000000000000000e+00 3.981196215079273419e-06
9.000000000000000000e+00 3.734579596648562001e-06
1.000000000000000000e+01 6.422917967145852729e-06
1.100000000000000000e+01 3.677855821783857538e-06
1.200000000000000000e+01 1.389471320505803157e-05
1.300000000000000000e+01 3.608381401484849431e-05
1.400000000000000000e+01 4.089908647629786925e-06
1.500000000000000000e+01 3.676031891923945868e-06
1.600000000000000000e+01 4.676575021402606787e-06
1.700000000000000000e+01 4.576649404235611113e-06
1.800000000000000000e+01 2.321586459517493977e-06
1.900000000000000000e+01 9.830969741014716998e-06
2.000000000000000000e+01 1.918525663353249418e-04
2.100000000000000000e+01 1.767567431735347694e-05
2.200000000000000000e+01 3.709565119760022058e-04
2.300000000000000000e+01 1.922976240817320039e-04
2.400000000000000000e+01 2.279071142639358224e-05
2.500000000000000000e+01 6.662184170430046734e-05
2.600000000000000000e+01 1.446155310623076652e-04
2.700000000000000000e+01 4.012294651874861507e-04
2.800000000000000000e+01 1.723032256765389867e-05
2.900000000000000000e+01 2.473215162870335033e-05
3.000000000000000000e+01 0.000000000000000000e+00
1.000000000000000000e+00 1.653302330963500334e-05
2.000000000000000000e+00 1.538301334403283359e-05
3.000000000000000000e+00 2.085038067047062491e-05
4.000000000000000000e+00 1.857998961447237228e-05
5.000000000000000000e+00 3.591147039422901394e-06
6.000000000000000000e+00 7.638800646296896866e-05
7.000000000000000000e+00 9.877555727630688985e-05
8.000000000000000000e+00 8.054849254249553370e-06
9.000000000000000000e+00 7.949324261168337719e-06
1.000000000000000000e+01 8.319296895009038240e-06
1.100000000000000000e+01 3.690237243460631704e-06
1.200000000000000000e+01 5.896576631209314592e-06
1.300000000000000000e+01 4.807864244146102821e-05
1.400000000000000000e+01 3.239688846885248602e-06
1.500000000000000000e+01 6.907022679136622075e-06
1.600000000000000000e+01 1.671862481457683528e-05
1.700000000000000000e+01 3.161331976924180781e-06
1.800000000000000000e+01 2.509156122349525517e-06
1.900000000000000000e+01 2.942259694883382992e-05
2.000000000000000000e+01 2.591446112885393161e-04
2.100000000000000000e+01 2.798263317003946434e-05
2.200000000000000000e+01 5.399969834152741795e-04
2.300000000000000000e+01 2.638335943583319668e-04
2.400000000000000000e+01 3.756137249390622542e-05
2.500000000000000000e+01 1.306106076720769318e-05
2.600000000000000000e+01 4.583970529997516099e-05
2.700000000000000000e+01 2.585711162622706728e-04
2.800000000000000000e+01 1.704316450943137572e-05
2.900000000000000000e+01 2.916817870341108714e-05
3.000000000000000000e+01 0.000000000000000000e+00
1.000000000000000000e+00 1.429843231342481716e-04
2.000000000000000000e+00 3.303149513044565235e-05
3.000000000000000000e+00 6.228691071269780671e-05
4.000000000000000000e+00 5.335416429869203158e-06
5.000000000000000000e+00 2.564078156282054033e-06
6.000000000000000000e+00 2.795732336961721971e-05
7.000000000000000000e+00 1.156636411508975173e-04
8.000000000000000000e+00 9.314226225770452973e-06
9.000000000000000000e+00 7.176655872308045822e-06
1.000000000000000000e+01 2.157747411120724385e-05
1.100000000000000000e+01 3.431160432659682712e-06
1.200000000000000000e+01 3.726166442808121301e-05
1.300000000000000000e+01 5.082578590824467370e-05
1.400000000000000000e+01 2.628571384193572945e-06
1.500000000000000000e+01 8.280975507362312607e-06
1.600000000000000000e+01 9.943752732358428388e-06
1.700000000000000000e+01 2.362652617525180982e-06
1.800000000000000000e+01 1.531254574732835271e-05
1.900000000000000000e+01 8.823525855010111638e-06
2.000000000000000000e+01 6.492387472597367344e-04
2.100000000000000000e+01 1.057576340035110515e-04
2.200000000000000000e+01 3.791747360862802790e-04
2.300000000000000000e+01 9.251914169455398469e-04
2.400000000000000000e+01 1.497928913221267034e-05
2.500000000000000000e+01 1.380633248699215654e-05
2.600000000000000000e+01 8.535591899909740076e-05
2.700000000000000000e+01 2.867742341505459601e-04
2.800000000000000000e+01 6.244227314692082215e-05
2.900000000000000000e+01 7.682349301539705808e-06
3.000000000000000000e+01 0.000000000000000000e+00
1.000000000000000000e+00 1.710339635377116613e-05
2.000000000000000000e+00 5.062279605008240352e-05
3.000000000000000000e+00 2.941894797966761968e-05
4.000000000000000000e+00 3.594683732614766534e-05
5.000000000000000000e+00 1.725103926003475905e-05
6.000000000000000000e+00 7.928660267490851327e-05
7.000000000000000000e+00 1.118152290266233220e-04
8.000000000000000000e+00 1.925027718131166267e-05
9.000000000000000000e+00 1.921408038349567190e-06
1.000000000000000000e+01 7.852923355172229683e-06
1.100000000000000000e+01 8.763786604866064041e-06
1.200000000000000000e+01 9.299374066990258604e-06
1.300000000000000000e+01 1.014377482143598926e-05
1.400000000000000000e+01 4.258182818902458848e-06
1.500000000000000000e+01 1.145579835235007578e-05
1.600000000000000000e+01 1.655517784453316405e-05
1.700000000000000000e+01 3.638864328519500756e-06
1.800000000000000000e+01 4.010583230973035584e-06
1.900000000000000000e+01 3.644450058243161114e-05
2.000000000000000000e+01 2.557472734384278411e-04
2.100000000000000000e+01 3.009574577790469815e-05
2.200000000000000000e+01 2.759300880140459983e-04
2.300000000000000000e+01 3.475940484636136623e-04
2.400000000000000000e+01 3.856921356171730427e-05
2.500000000000000000e+01 7.875871033292322621e-05
2.600000000000000000e+01 1.025178741520570494e-04
2.700000000000000000e+01 2.536494578773438929e-04
2.800000000000000000e+01 3.844085283365642868e-05
2.900000000000000000e+01 2.339803236354960330e-05
3.000000000000000000e+01 0.000000000000000000e+00
1.000000000000000000e+00 2.159725886862318603e-05
2.000000000000000000e+00 3.641094759535538515e-05
3.000000000000000000e+00 5.399023542951578364e-05
4.000000000000000000e+00 8.542733850080176051e-06
5.000000000000000000e+00 1.527445068674453951e-05
6.000000000000000000e+00 8.426328516283537805e-05
7.000000000000000000e+00 1.438858326414548167e-04
8.000000000000000000e+00 1.164273784963440132e-05
9.000000000000000000e+00 3.892926441652078275e-06
1.000000000000000000e+01 1.781395460555880246e-05
1.100000000000000000e+01 5.129200301614093895e-06
1.200000000000000000e+01 3.221106840297244820e-05
1.300000000000000000e+01 2.575217774618074334e-05
1.400000000000000000e+01 1.952013226376044959e-05
1.500000000000000000e+01 4.930302081726369155e-06
1.600000000000000000e+01 2.470235078930730876e-05
1.700000000000000000e+01 3.197033961651652413e-06
1.800000000000000000e+01 2.421097143735824198e-06
1.900000000000000000e+01 2.070699914777875583e-05
2.000000000000000000e+01 1.659005207131144122e-04
2.100000000000000000e+01 2.212071675340041103e-05
2.200000000000000000e+01 5.085888058301850541e-04
2.300000000000000000e+01 4.187922200515903641e-04
2.400000000000000000e+01 1.772059358266254495e-05
2.500000000000000000e+01 1.885911855926848199e-05
2.600000000000000000e+01 7.120080208535979594e-05
2.700000000000000000e+01 3.520692001651521872e-04
2.800000000000000000e+01 3.630327915185485832e-05
2.900000000000000000e+01 6.041731049227300845e-06
3.000000000000000000e+01 0.000000000000000000e+00
1.000000000000000000e+00 3.985191220573529373e-05
2.000000000000000000e+00 1.766842519466207295e-05
3.000000000000000000e+00 3.709345571414536687e-05
4.000000000000000000e+00 1.974578034548049222e-05
5.000000000000000000e+00 8.343887774172631004e-06
6.000000000000000000e+00 3.904960384720504522e-05
7.000000000000000000e+00 1.768002201585409895e-04
8.000000000000000000e+00 1.404106915351293132e-05
9.000000000000000000e+00 1.113387140373646927e-06
1.000000000000000000e+01 4.142881051426777962e-05
1.100000000000000000e+01 2.020536851121558549e-05
1.200000000000000000e+01 9.604452962773802241e-06
1.300000000000000000e+01 1.362427566325617205e-05
1.400000000000000000e+01 4.969139361942959796e-06
1.500000000000000000e+01 3.762648590234796746e-06
1.600000000000000000e+01 3.850785230095574581e-06
1.700000000000000000e+01 1.275258585603413038e-05
1.800000000000000000e+01 1.147508718723111447e-05
1.900000000000000000e+01 1.833062711623431048e-05
2.000000000000000000e+01 2.990237981242478845e-04
2.100000000000000000e+01 7.752788496416681240e-05
2.200000000000000000e+01 7.938596646842523575e-04
2.300000000000000000e+01 1.636232821540167597e-04
2.400000000000000000e+01 6.946051006021020287e-05
2.500000000000000000e+01 2.284005183555408317e-05
2.600000000000000000e+01 2.910373983837252044e-05
2.700000000000000000e+01 1.521934892249734777e-04
2.800000000000000000e+01 5.790017855984872181e-05
2.900000000000000000e+01 1.303474137057345300e-05
3.000000000000000000e+01 0.000000000000000000e+00
1.000000000000000000e+00 3.487329040552428390e-05
2.000000000000000000e+00 3.701270243998879553e-05
3.000000000000000000e+00 2.186695419079227065e-05
4.000000000000000000e+00 4.106858658582795952e-05
5.000000000000000000e+00 1.362272465720741551e-05
6.000000000000000000e+00 5.969453057908829559e-05
7.000000000000000000e+00 1.185473563584508067e-04
8.000000000000000000e+00 1.434502528955302487e-05
9.000000000000000000e+00 2.991678763792706608e-06
1.000000000000000000e+01 2.450982079167986092e-05
1.100000000000000000e+01 1.950542433301053933e-05
1.200000000000000000e+01 2.377163732486071236e-05
1.300000000000000000e+01 3.581891039162403407e-05
1.400000000000000000e+01 4.827024827024826610e-06
1.500000000000000000e+01 1.159089563887165017e-05
1.600000000000000000e+01 8.830871499537165076e-06
1.700000000000000000e+01 3.802311298563172416e-06
1.800000000000000000e+01 2.137768722476368377e-05
1.900000000000000000e+01 3.028167235063786576e-05
2.000000000000000000e+01 7.035537120994391934e-04
2.100000000000000000e+01 5.826556807066551842e-05
2.200000000000000000e+01 7.245238375373307506e-04
2.300000000000000000e+01 3.472826534895499893e-04
2.400000000000000000e+01 4.896501688105885710e-05
2.500000000000000000e+01 1.687634815071096733e-05
2.600000000000000000e+01 4.154966472807551935e-05
2.700000000000000000e+01 2.571038845101813607e-04
2.800000000000000000e+01 4.184916088964064554e-05
2.900000000000000000e+01 1.176899950513143802e-05
3.000000000000000000e+01 0.000000000000000000e+00
1.000000000000000000e+00 8.334330448273476590e-05
2.000000000000000000e+00 3.283844790891267472e-04
3.000000000000000000e+00 3.029625313883184835e-04
4.000000000000000000e+00 1.709848372517038068e-05
5.000000000000000000e+00 3.800688178499272543e-06
6.000000000000000000e+00 4.527728920532518174e-05
7.000000000000000000e+00 9.807012244793353491e-05
8.000000000000000000e+00 7.957559681697611903e-07
9.000000000000000000e+00 2.477174111357019705e-06
1.000000000000000000e+01 3.972314320140406897e-05
1.100000000000000000e+01 1.323136411592183572e-05
1.200000000000000000e+01 2.756303278042408325e-05
1.300000000000000000e+01 5.652711550762525011e-05
1.400000000000000000e+01 7.528189507200001770e-06
1.500000000000000000e+01 1.193579034658494915e-06
1.600000000000000000e+01 1.038589374421458322e-05
1.700000000000000000e+01 8.038569237969537312e-06
1.800000000000000000e+01 2.860182851187348672e-05
1.900000000000000000e+01 4.611259693718463945e-06
2.000000000000000000e+01 1.677221549065626956e-03
2.100000000000000000e+01 3.753539147841995852e-05
2.200000000000000000e+01 2.692573587775986491e-03
2.300000000000000000e+01 1.653413302228894316e-03
2.400000000000000000e+01 2.797228536358971132e-05
2.500000000000000000e+01 3.336698173279882009e-05
2.600000000000000000e+01 6.350177780462637098e-05
2.700000000000000000e+01 2.578903067058988907e-04
2.800000000000000000e+01 1.467613623535662397e-05
2.900000000000000000e+01 2.816010798019793519e-05
3.000000000000000000e+01 0.000000000000000000e+00
1.000000000000000000e+00 3.487151418185900859e-05
2.000000000000000000e+00 5.321039114142561840e-05
3.000000000000000000e+00 1.742888018750087380e-05
4.000000000000000000e+00 5.640744951089778032e-06
5.000000000000000000e+00 1.109707661431799237e-05
6.000000000000000000e+00 1.113056292366637156e-04
7.000000000000000000e+00 7.247779040882488893e-05
8.000000000000000000e+00 9.076670455980800556e-06
9.000000000000000000e+00 3.891765960731477248e-06
1.000000000000000000e+01 9.935300969783728248e-06
1.100000000000000000e+01 3.454170350722074536e-06
1.200000000000000000e+01 3.019662330007157439e-06
1.300000000000000000e+01 4.196342610135713125e-05
1.400000000000000000e+01 6.208019311467586712e-06
1.500000000000000000e+01 4.764992351199247566e-06
1.600000000000000000e+01 1.126436781609195329e-05
1.700000000000000000e+01 2.054931020448261574e-06
1.800000000000000000e+01 2.413933448416206663e-06
1.900000000000000000e+01 6.703998428136359082e-06
2.000000000000000000e+01 1.518389401148021736e-04
2.100000000000000000e+01 1.376222755533100294e-05
2.200000000000000000e+01 3.556100094031128017e-04
2.300000000000000000e+01 9.912396671017360079e-05
2.400000000000000000e+01 2.859135755687479546e-05
2.500000000000000000e+01 4.151544496372082204e-05
2.600000000000000000e+01 7.543149060390438821e-05
2.700000000000000000e+01 1.913659775728741126e-04
2.800000000000000000e+01 3.980351704489635032e-05
2.900000000000000000e+01 2.242095069681276286e-05
3.000000000000000000e+01 0.000000000000000000e+00
