1.000000000000000000e+00 -4.382969704101690161e-04
2.000000000000000000e+00 -6.562556900950147808e-04
3.000000000000000000e+00 -4.848352052142363127e-04
4.000000000000000000e+00 1.076472006850633562e-04
5.000000000000000000e+00 -6.577295276661132952e-04
6.000000000000000000e+00 -6.432376236305525343e-04
7.000000000000000000e+00 -2.467026957756894069e-04
8.000000000000000000e+00 1.633247549091902369e-03
9.000000000000000000e+00 -6.754478543618798805e-04
1.000000000000000000e+01 -6.791286945909221938e-04
1.100000000000000000e+01 -6.388304825700339079e-04
1.200000000000000000e+01 -6.672943620765249290e-04
1.300000000000000000e+01 -5.753986868502530740e-04
1.400000000000000000e+01 -5.446897897566911444e-04
1.500000000000000000e+01 -6.807835707992597636e-04
1.600000000000000000e+01 -6.828924155412165013e-04
1.700000000000000000e+01 -6.681853102458338656e-04
1.800000000000000000e+01 -6.787561139911456017e-04
1.900000000000000000e+01 -6.777230781372821020e-04
2.000000000000000000e+01 -6.681292513516226203e-04
2.100000000000000000e+01 1.638594806915463645e-03
2.200000000000000000e+01 -6.464197054555747808e-04
2.300000000000000000e+01 4.997640682619945186e-03
2.400000000000000000e+01 2.735280445789351270e-03
2.500000000000000000e+01 -6.429655281487999842e-04
2.600000000000000000e+01 -6.426552392179403841e-04
2.700000000000000000e+01 -5.315442030825116414e-04
2.800000000000000000e+01 2.062772441024329946e-03
2.900000000000000000e+01 -6.365207698754321878e-04
3.000000000000000000e+01 -6.672303363217730503e-04
1.000000000000000000e+00 -2.601245318590825781e-04
2.000000000000000000e+00 -6.125596355888771440e-04
3.000000000000000000e+00 -9.472946261794068024e-05
4.000000000000000000e+00 8.372940767657068115e-05
5.000000000000000000e+00 -6.026695206168865282e-04
6.000000000000000000e+00 -6.360440145194735115e-04
7.000000000000000000e+00 8.281676243876564067e-06
8.000000000000000000e+00 9.369942216729814245e-04
9.000000000000000000e+00 -6.491237850301713333e-04
1.000000000000000000e+01 -6.535841431886804448e-04
1.100000000000000000e+01 -5.712103460906264819e-04
1.200000000000000000e+01 -6.271735875079027540e-04
1.300000000000000000e+01 -6.201420138568292714e-04
1.400000000000000000e+01 -2.956642609183744242e-04
1.500000000000000000e+01 -6.465348772268945726e-04
1.600000000000000000e+01 -6.490714325480338286e-04
1.700000000000000000e+01 -6.425555952285982387e-04
1.800000000000000000e+01 -6.498217854583067648e-04
1.900000000000000000e+01 -6.523472579189782284e-04
2.000000000000000000e+01 -6.357789124594355207e-04
2.100000000000000000e+01 3.265731688562794471e-03
2.200000000000000000e+01 -6.242997131237002081e-04
2.300000000000000000e+01 3.270320066923030657e-03
2.400000000000000000e+01 1.756608121673946523e-03
2.500000000000000000e+01 -6.044718190617207705e-04
2.600000000000000000e+01 -6.061126579397743989e-04
2.700000000000000000e+01 -4.511625471013696481e-04
2.800000000000000000e+01 2.191938384891956894e-03
2.900000000000000000e+01 -6.044114764180270015e-04
3.000000000000000000e+01 -6.428876390074900150e-04
1.000000000000000000e+00 -3.998400235887895524e-04
2.000000000000000000e+00 -5.136917143780828782e-04
3.000000000000000000e+00 -1.121155382002790276e-04
4.000000000000000000e+00 -1.395640017762740681e-04
5.000000000000000000e+00 -6.388627213799602392e-04
6.000000000000000000e+00 -6.431535040658311079e-04
7.000000000000000000e+00 -2.745596357708203874e-04
8.000000000000000000e+00 6.388068188623779791e-04
9.000000000000000000e+00 -6.421311416920015515e-04
1.000000000000000000e+01 -6.488383949804879839e-04
1.100000000000000000e+01 -6.194852007095145692e-04
1.200000000000000000e+01 -6.366662070143160957e-04
1.300000000000000000e+01 -6.075011052521557152e-04
1.400000000000000000e+01 -3.224557266322240919e-04
1.500000000000000000e+01 -6.505620838041031254e-04
1.600000000000000000e+01 -6.384621073954238396e-04
1.700000000000000000e+01 -6.419390366827812779e-04
1.800000000000000000e+01 -6.521167290060675371e-04
1.900000000000000000e+01 -6.448922779720926007e-04
2.000000000000000000e+01 -6.201032747180361838e-04
2.100000000000000000e+01 2.925400074873626272e-03
2.200000000000000000e+01 -5.688587385730930861e-04
2.300000000000000000e+01 4.235574071899553782e-03
2.400000000000000000e+01 2.655076295532569908e-03
2.500000000000000000e+01 -6.164115903972379115e-04
2.600000000000000000e+01 -6.161201835553205232e-04
2.700000000000000000e+01 -3.527079339004779565e-04
2.800000000000000000e+01 1.498985221715960900e-03
2.900000000000000000e+01 -6.241247188876205372e-04
3.000000000000000000e+01 -6.470332240539254610e-04
1.000000000000000000e+00 -1.472074082396931103e-04
2.000000000000000000e+00 -5.987834129076517308e-04
3.000000000000000000e+00 1.829935383087939445e-04
4.000000000000000000e+00 -5.246915371798796610e-04
5.000000000000000000e+00 -6.553660526751990548e-04
6.000000000000000000e+00 -5.174700931321582530e-04
7.000000000000000000e+00 -6.703408261501660618e-06
8.000000000000000000e+00 6.005458500868351979e-04
9.000000000000000000e+00 -6.582967085593782177e-04
1.000000000000000000e+01 -6.644250315292803350e-04
1.100000000000000000e+01 -6.395762773494774673e-04
1.200000000000000000e+01 -6.556795650276918928e-04
1.300000000000000000e+01 -5.891561397236568746e-04
1.400000000000000000e+01 -2.520977680651805843e-04
1.500000000000000000e+01 -6.625978899488725289e-04
1.600000000000000000e+01 -6.557152248534566744e-04
1.700000000000000000e+01 -6.458147566171563861e-04
1.800000000000000000e+01 -6.593028653026663903e-04
1.900000000000000000e+01 -6.636695746355592744e-04
2.000000000000000000e+01 -6.623356188834315971e-04
2.100000000000000000e+01 1.566071847499856144e-03
2.200000000000000000e+01 -6.001222994533634983e-04
2.300000000000000000e+01 4.519838233892057612e-03
2.400000000000000000e+01 1.939351747139868385e-03
2.500000000000000000e+01 -6.331582592936829722e-04
2.600000000000000000e+01 -5.919815951507163571e-04
2.700000000000000000e+01 -4.025715510180573049e-04
2.800000000000000000e+01 2.996790175478737054e-03
2.900000000000000000e+01 -6.421818372262825744e-04
3.000000000000000000e+01 -6.356004738134064238e-04
1.000000000000000000e+00 -3.633748385810971616e-04
2.000000000000000000e+00 -6.307005328671207514e-04
3.000000000000000000e+00 1.168632264446082553e-05
4.000000000000000000e+00 -2.259150832138669845e-04
5.000000000000000000e+00 -6.470301969301801067e-04
6.000000000000000000e+00 -6.311935455134614964e-04
7.000000000000000000e+00 -2.929910883203211500e-04
8.000000000000000000e+00 7.562601090369372751e-04
9.000000000000000000e+00 -6.467902584525747232e-04
1.000000000000000000e+01 -6.592643361607020396e-04
1.100000000000000000e+01 -6.428345324955637074e-04
1.200000000000000000e+01 -6.395702075093853299e-04
1.300000000000000000e+01 -6.308002690753741152e-04
1.400000000000000000e+01 -1.436468652681096713e-04
1.500000000000000000e+01 -6.544026425622815951e-04
1.600000000000000000e+01 -6.525013727773821973e-04
1.700000000000000000e+01 -6.437907549483235696e-04
1.800000000000000000e+01 -6.540868668493473063e-04
1.900000000000000000e+01 -6.502588103983166163e-04
2.000000000000000000e+01 -6.519447320908064924e-04
2.100000000000000000e+01 2.692338163076582903e-03
2.200000000000000000e+01 -5.749663208441483384e-04
2.300000000000000000e+01 3.614274889282717996e-03
2.400000000000000000e+01 3.100522503056747821e-03
2.500000000000000000e+01 -5.988661870270396703e-04
2.600000000000000000e+01 -5.757219386181617769e-04
2.700000000000000000e+01 -3.837234503773114935e-04
2.800000000000000000e+01 1.727869040447556044e-03
2.900000000000000000e+01 -6.315399189150929697e-04
3.000000000000000000e+01 -6.295717098274674142e-04
1.000000000000000000e+00 -5.248627982969257056e-04
2.000000000000000000e+00 -6.531237391969042360e-04
3.000000000000000000e+00 -1.632661312624776042e-04
4.000000000000000000e+00 -5.261697712976947088e-04
5.000000000000000000e+00 -6.810019188349182876e-04
6.000000000000000000e+00 -6.567350254618637166e-04
7.000000000000000000e+00 -4.110716859166079580e-04
8.000000000000000000e+00 1.089530770409843355e-03
9.000000000000000000e+00 -6.714093277823429164e-04
1.000000000000000000e+01 -6.832196170094951377e-04
1.100000000000000000e+01 -6.274285171527138518e-04
1.200000000000000000e+01 -6.635253207771821477e-04
1.300000000000000000e+01 -5.513896140136464617e-04
1.400000000000000000e+01 1.197462482284413030e-04
1.500000000000000000e+01 -6.800060377840646490e-04
1.600000000000000000e+01 -6.760469140840970684e-04
1.700000000000000000e+01 -6.696322155059802233e-04
1.800000000000000000e+01 -6.843768712796215788e-04
1.900000000000000000e+01 -6.695431392416344813e-04
2.000000000000000000e+01 -6.842600688009999564e-04
2.100000000000000000e+01 2.754372702003096869e-03
2.200000000000000000e+01 -6.317096584324986743e-04
2.300000000000000000e+01 4.684235836802258697e-03
2.400000000000000000e+01 3.453958179770809812e-03
2.500000000000000000e+01 -6.336576493874146454e-04
2.600000000000000000e+01 -6.385163043565858293e-04
2.700000000000000000e+01 -5.150169366375660944e-04
2.800000000000000000e+01 9.250300274827184376e-04
2.900000000000000000e+01 -6.540837066229243093e-04
3.000000000000000000e+01 -6.351316202734652279e-04
1.000000000000000000e+00 -3.908335759237453700e-04
2.000000000000000000e+00 -6.099338892633675898e-04
3.000000000000000000e+00 -1.752527751225785985e-04
4.000000000000000000e+00 -2.938827462373717306e-04
5.000000000000000000e+00 -6.379043822106578816e-04
6.000000000000000000e+00 -6.010401107389212391e-04
7.000000000000000000e+00 -3.621573879485640566e-04
8.000000000000000000e+00 1.256007030711606609e-03
9.000000000000000000e+00 -6.598089276280896939e-04
1.000000000000000000e+01 -6.653489276728373784e-04
1.100000000000000000e+01 -6.312814940272166260e-04
1.200000000000000000e+01 -6.336598155876376403e-04
1.300000000000000000e+01 -5.625415475805282907e-04
1.400000000000000000e+01 -5.169258671083713265e-04
1.500000000000000000e+01 -6.641232269584524360e-04
1.600000000000000000e+01 -6.626269970514278920e-04
1.700000000000000000e+01 -6.592453632564294203e-04
1.800000000000000000e+01 -6.642492880154765968e-04
1.900000000000000000e+01 -6.538158566596493325e-04
2.000000000000000000e+01 -6.392040408163063769e-04
2.100000000000000000e+01 2.242889821103608797e-03
2.200000000000000000e+01 -5.871493423807268774e-04
2.300000000000000000e+01 4.550309755479989976e-03
2.400000000000000000e+01 2.505332830654098328e-03
2.500000000000000000e+01 -5.928098809568790829e-04
2.600000000000000000e+01 -5.779809747570869693e-04
2.700000000000000000e+01 -5.278272749911695110e-04
2.800000000000000000e+01 2.134172768351409559e-03
2.900000000000000000e+01 -6.414381656284278907e-04
3.000000000000000000e+01 -6.473365408043071359e-04
1.000000000000000000e+00 -3.461037945104172581e-04
2.000000000000000000e+00 -5.868755479247541196e-04
3.000000000000000000e+00 -3.141425329213505513e-04
4.000000000000000000e+00 -2.246414421447822459e-04
5.000000000000000000e+00 -6.196416217722158391e-04
6.000000000000000000e+00 -6.299949798916909408e-04
7.000000000000000000e+00 -1.299846579124486765e-04
8.000000000000000000e+00 2.578919534813737396e-03
9.000000000000000000e+00 -6.232592759952816728e-04
1.000000000000000000e+01 -6.393011301930579373e-04
1.100000000000000000e+01 -6.265599544709679223e-04
1.200000000000000000e+01 -6.088022087849481821e-04
1.300000000000000000e+01 -6.280669913834211436e-04
1.400000000000000000e+01 -1.888995866084182483e-04
1.500000000000000000e+01 -6.405958115976843371e-04
1.600000000000000000e+01 -6.332989468395502529e-04
1.700000000000000000e+01 -6.325521090992092515e-04
1.800000000000000000e+01 -6.431347038417240111e-04
1.900000000000000000e+01 -6.415665868013430747e-04
2.000000000000000000e+01 -6.181175298890178140e-04
2.100000000000000000e+01 2.089639637271780391e-03
2.200000000000000000e+01 -5.841848555758194636e-04
2.300000000000000000e+01 2.709212991071998679e-03
2.400000000000000000e+01 3.120465190978179669e-03
2.500000000000000000e+01 -5.954002925903569433e-04
2.600000000000000000e+01 -6.076614905605099738e-04
2.700000000000000000e+01 -5.319092342593614809e-04
2.800000000000000000e+01 1.486731966395953746e-03
2.900000000000000000e+01 -5.992689073529533202e-04
3.000000000000000000e+01 -6.257845304488576874e-04
1.000000000000000000e+00 -2.486382621351075389e-04
2.000000000000000000e+00 -6.099313608278302597e-04
3.000000000000000000e+00 1.636100941545264747e-04
4.000000000000000000e+00 -2.169780010733505507e-04
5.000000000000000000e+00 -6.418291351988679536e-04
6.000000000000000000e+00 -6.324599956958668317e-04
7.000000000000000000e+00 -2.667954053052823469e-04
8.000000000000000000e+00 2.263936113207931124e-03
9.000000000000000000e+00 -6.384113300704895733e-04
1.000000000000000000e+01 -6.462240417236381467e-04
1.100000000000000000e+01 -6.431725930264647548e-04
1.200000000000000000e+01 -6.462172448148160260e-04
1.300000000000000000e+01 -6.401698461631243802e-04
1.400000000000000000e+01 -3.832889661885174513e-04
1.500000000000000000e+01 -6.539532808301647647e-04
1.600000000000000000e+01 -6.582942038739031344e-04
1.700000000000000000e+01 -6.476213789107233528e-04
1.800000000000000000e+01 -6.581027215983300616e-04
1.900000000000000000e+01 -6.524411773683933252e-04
2.000000000000000000e+01 -6.366463146727429842e-04
2.100000000000000000e+01 2.598770592812080053e-03
2.200000000000000000e+01 -5.953130033020454697e-04
2.300000000000000000e+01 4.289409371877878421e-03
2.400000000000000000e+01 1.979003302396949507e-03
2.500000000000000000e+01 -6.031426804939939244e-04
2.600000000000000000e+01 -6.140604927901884696e-04
2.700000000000000000e+01 -4.934078751824462223e-04
2.800000000000000000e+01 8.965097653770114213e-04
2.900000000000000000e+01 -6.523252220154850296e-04
3.000000000000000000e+01 -6.413726411866518123e-04
1.000000000000000000e+00 -3.811498198286705601e-04
2.000000000000000000e+00 -6.165250890652234413e-04
3.000000000000000000e+00 4.300994828914932069e-05
4.000000000000000000e+00 -2.411502002102888927e-04
5.000000000000000000e+00 -6.334564225015187032e-04
6.000000000000000000e+00 -6.542024175433657635e-04
7.000000000000000000e+00 -3.628574852324640849e-04
8.000000000000000000e+00 7.717848950738839028e-04
9.000000000000000000e+00 -6.586528149442878559e-04
1.000000000000000000e+01 -6.520686297610689278e-04
1.100000000000000000e+01 -5.754879840085566720e-04
1.200000000000000000e+01 -6.450859699713602791e-04
1.300000000000000000e+01 -6.292680158036524337e-04
1.400000000000000000e+01 -2.605805263207749425e-04
1.500000000000000000e+01 -6.489562850089725977e-04
1.600000000000000000e+01 -6.583876504162547872e-04
1.700000000000000000e+01 -6.542826236068658612e-04
1.800000000000000000e+01 -6.527170533640628755e-04
1.900000000000000000e+01 -6.588675915608636002e-04
2.000000000000000000e+01 -6.383954202391170941e-04
2.100000000000000000e+01 1.893330576196208077e-03
2.200000000000000000e+01 -6.180999353866250276e-04
2.300000000000000000e+01 5.078720187190730040e-03
2.400000000000000000e+01 2.752158560013633331e-03
2.500000000000000000e+01 -5.800720547347706967e-04
2.600000000000000000e+01 -5.874584053833473455e-04
2.700000000000000000e+01 -3.890339768864550839e-04
2.800000000000000000e+01 1.574349045605020038e-03
2.900000000000000000e+01 -6.117314686096481709e-04
3.000000000000000000e+01 -6.268067255305537558e-04
1.000000000000000000e+00 -3.572038668904043519e-04
2.000000000000000000e+00 -6.177696596500832551e-04
3.000000000000000000e+00 -3.315471207566417894e-04
4.000000000000000000e+00 -2.835575193651698853e-04
5.000000000000000000e+00 -6.310835049808963476e-04
6.000000000000000000e+00 -6.189793002263738967e-04
7.000000000000000000e+00 5.900968217686055521e-04
8.000000000000000000e+00 2.713401204581271462e-03
9.000000000000000000e+00 -6.227734661896933708e-04
1.000000000000000000e+01 -6.357401846066628370e-04
1.100000000000000000e+01 -6.184335671341521876e-04
1.200000000000000000e+01 -6.140976755539303677e-04
1.300000000000000000e+01 -6.209352546861955039e-04
1.400000000000000000e+01 -2.485765990919378151e-04
1.500000000000000000e+01 -6.380913019746289232e-04
1.600000000000000000e+01 -6.361983944305469631e-04
1.700000000000000000e+01 -5.987780406026825715e-04
1.800000000000000000e+01 -6.416547527204884442e-04
1.900000000000000000e+01 -6.276790558673732466e-04
2.000000000000000000e+01 -6.007768291400590425e-04
2.100000000000000000e+01 1.434899089444136239e-03
2.200000000000000000e+01 -6.037879430544593369e-04
2.300000000000000000e+01 1.703528711126928987e-03
2.400000000000000000e+01 1.148074270564375821e-03
2.500000000000000000e+01 -6.143831663786515542e-04
2.600000000000000000e+01 -5.904883379919262376e-04
2.700000000000000000e+01 -2.652892619911797144e-04
2.800000000000000000e+01 4.188016857729092747e-03
2.900000000000000000e+01 -6.221333224748964779e-04
3.000000000000000000e+01 -6.327627938745780927e-04
1.000000000000000000e+00 -4.975998258500227440e-04
2.000000000000000000e+00 -6.233079817918751485e-04
3.000000000000000000e+00 -2.127791214339363828e-04
4.000000000000000000e+00 -1.941982724083671306e-04
5.000000000000000000e+00 -6.736064130795023407e-04
6.000000000000000000e+00 -6.591960551403730842e-04
7.000000000000000000e+00 -4.649876657990382827e-04
8.000000000000000000e+00 1.623654256437908868e-03
9.000000000000000000e+00 -6.517775484179112126e-04
1.000000000000000000e+01 -6.785280470548475055e-04
1.100000000000000000e+01 -6.588063759206207572e-04
1.200000000000000000e+01 -6.627553356353166380e-04
1.300000000000000000e+01 -6.635423553471597215e-04
1.400000000000000000e+01 -3.536380956792305207e-04
1.500000000000000000e+01 -6.723460765407573373e-04
1.600000000000000000e+01 -6.720454296103300787e-04
1.700000000000000000e+01 -6.202915856183194906e-04
1.800000000000000000e+01 -6.707938999221615701e-04
1.900000000000000000e+01 -6.701015284815927840e-04
2.000000000000000000e+01 -6.712248366138250880e-04
2.100000000000000000e+01 2.527401539909297258e-03
2.200000000000000000e+01 -6.098476982321889223e-04
2.300000000000000000e+01 4.733447315477235483e-03
2.400000000000000000e+01 2.292451291087321385e-03
2.500000000000000000e+01 -6.490017859559972947e-04
2.600000000000000000e+01 -5.909087686568632175e-04
2.700000000000000000e+01 -3.303540928504680794e-04
2.800000000000000000e+01 1.694893077276540035e-03
2.900000000000000000e+01 -6.574212137488757426e-04
3.000000000000000000e+01 -6.561696557240376346e-04
1.000000000000000000e+00 -2.024409984319475717e-04
2.000000000000000000e+00 -5.950546893242134039e-04
3.000000000000000000e+00 -4.857516285746082214e-05
4.000000000000000000e+00 2.074251300067040922e-04
5.000000000000000000e+00 -6.252599714377318763e-04
6.000000000000000000e+00 -6.398198125222867788e-04
7.000000000000000000e+00 -3.864700145044418960e-04
8.000000000000000000e+00 6.778688325571501560e-04
9.000000000000000000e+00 -6.469438307010871034e-04
1.000000000000000000e+01 -6.387612860784292346e-04
1.100000000000000000e+01 -5.989824514534700583e-04
1.200000000000000000e+01 -6.315527060518771885e-04
1.300000000000000000e+01 -5.962246698839038976e-04
1.400000000000000000e+01 -3.728718490895657897e-04
1.500000000000000000e+01 -6.262584936313707849e-04
1.600000000000000000e+01 -6.468244170294495466e-04
1.700000000000000000e+01 -6.417577841047457203e-04
1.800000000000000000e+01 -6.462634648493069444e-04
1.900000000000000000e+01 -6.463442651824810939e-04
2.000000000000000000e+01 -6.018931170006982384e-04
2.100000000000000000e+01 2.139285335049719624e-03
2.200000000000000000e+01 -6.088878867437605728e-04
2.300000000000000000e+01 3.609911971073215698e-03
2.400000000000000000e+01 3.420028926069897720e-03
2.500000000000000000e+01 -5.758468947628099348e-04
2.600000000000000000e+01 -5.908307949655293651e-04
2.700000000000000000e+01 -5.589431549064750220e-04
2.800000000000000000e+01 1.813925781954083818e-03
2.900000000000000000e+01 -6.029356874359295508e-04
3.000000000000000000e+01 -6.347383547056490013e-04
1.000000000000000000e+00 -6.433181177026172206e-04
2.000000000000000000e+00 -6.266463565664454408e-04
3.000000000000000000e+00 -2.074681360234073948e-04
4.000000000000000000e+00 -4.970145622209197174e-04
5.000000000000000000e+00 -6.589229247795454127e-04
6.000000000000000000e+00 -6.574956208010170576e-04
7.000000000000000000e+00 -1.537582165841677425e-04
8.000000000000000000e+00 3.102454084127055731e-03
9.000000000000000000e+00 -6.600065572150019865e-04
1.000000000000000000e+01 -6.677349253885046625e-04
1.100000000000000000e+01 -6.323804159075822320e-04
1.200000000000000000e+01 -6.385936571789135180e-04
1.300000000000000000e+01 -6.513511115973945114e-04
1.400000000000000000e+01 -4.345359723461162749e-04
1.500000000000000000e+01 -6.687063534485313248e-04
1.600000000000000000e+01 -6.681075055383390877e-04
1.700000000000000000e+01 -6.620779012928428324e-04
1.800000000000000000e+01 -6.651905502075906081e-04
1.900000000000000000e+01 -6.660200278515182072e-04
2.000000000000000000e+01 -6.637841828691893546e-04
2.100000000000000000e+01 1.742021859349646411e-03
2.200000000000000000e+01 -6.101460417676370877e-04
2.300000000000000000e+01 2.668363842001181437e-03
2.400000000000000000e+01 2.089107821316096500e-03
2.500000000000000000e+01 -6.232310258178527622e-04
2.600000000000000000e+01 -6.078052909601671999e-04
2.700000000000000000e+01 -3.058916715436326350e-04
2.800000000000000000e+01 3.400498202237821170e-03
2.900000000000000000e+01 -6.504011989545427233e-04
3.000000000000000000e+01 -6.537217039045900091e-04
1.000000000000000000e+00 -5.011284721929327481e-04
2.000000000000000000e+00 -6.209143556458873855e-04
3.000000000000000000e+00 1.176460505185091637e-05
4.000000000000000000e+00 -5.102286140026651663e-04
5.000000000000000000e+00 -6.242535021991650265e-04
6.000000000000000000e+00 -6.463928562650557950e-04
7.000000000000000000e+00 2.228625041236370087e-04
8.000000000000000000e+00 1.211997476368593691e-03
9.000000000000000000e+00 -6.563875312922145709e-04
1.000000000000000000e+01 -6.537499934970413809e-04
1.100000000000000000e+01 -6.451236836083626761e-04
1.200000000000000000e+01 -6.436623851579396450e-04
1.300000000000000000e+01 -5.705445073404830786e-04
1.400000000000000000e+01 -4.429401806459158262e-04
1.500000000000000000e+01 -6.428399172150915056e-04
1.600000000000000000e+01 -6.554523616439015101e-04
1.700000000000000000e+01 -6.447882784710726786e-04
1.800000000000000000e+01 -6.525414529808689322e-04
1.900000000000000000e+01 -6.529088746452611693e-04
2.000000000000000000e+01 -6.291099396896664489e-04
2.100000000000000000e+01 2.798796360116727767e-03
2.200000000000000000e+01 -6.079001956337264263e-04
2.300000000000000000e+01 3.820433442267692336e-03
2.400000000000000000e+01 2.196921339479167117e-03
2.500000000000000000e+01 -5.702076936311990113e-04
2.600000000000000000e+01 -6.252080962879658088e-04
2.700000000000000000e+01 -5.077493189615627216e-04
2.800000000000000000e+01 2.266525747755028172e-03
2.900000000000000000e+01 -6.307765845037613568e-04
3.000000000000000000e+01 -6.183730175330731616e-04
1.000000000000000000e+00 -3.656998201668800862e-04
2.000000000000000000e+00 -6.368874253584118393e-04
3.000000000000000000e+00 2.068316068056721285e-04
4.000000000000000000e+00 2.013112083947316716e-05
5.000000000000000000e+00 -6.650997901943934759e-04
6.000000000000000000e+00 -6.692003081080048245e-04
7.000000000000000000e+00 -5.639217998381469915e-04
8.000000000000000000e+00 1.526552635001471358e-03
9.000000000000000000e+00 -6.787725902557849083e-04
1.000000000000000000e+01 -6.796190855895366647e-04
1.100000000000000000e+01 -6.539600493085732632e-04
1.200000000000000000e+01 -6.631859621579124257e-04
1.300000000000000000e+01 -6.445266425639649020e-04
1.400000000000000000e+01 -5.666455568227140834e-04
1.500000000000000000e+01 -6.617543869296641651e-04
1.600000000000000000e+01 -6.798420650089179000e-04
1.700000000000000000e+01 -6.757161478101085875e-04
1.800000000000000000e+01 -6.797185590703194984e-04
1.900000000000000000e+01 -6.777046047125369907e-04
2.000000000000000000e+01 -6.575689370966095963e-04
2.100000000000000000e+01 3.482636088299094924e-03
2.200000000000000000e+01 -5.811318368993179974e-04
2.300000000000000000e+01 3.764594704230227965e-03
2.400000000000000000e+01 2.697437144306256192e-03
2.500000000000000000e+01 -6.030282271118358756e-04
2.600000000000000000e+01 -5.436325452847982735e-04
2.700000000000000000e+01 -3.845506539044371585e-04
2.800000000000000000e+01 9.629399750884168070e-04
2.900000000000000000e+01 -6.409644581657461711e-04
3.000000000000000000e+01 -6.602569343880670440e-04
1.000000000000000000e+00 -2.869593455941872075e-04
2.000000000000000000e+00 -5.885665038072567662e-04
3.000000000000000000e+00 -2.962637292060837598e-04
4.000000000000000000e+00 -1.271075340309494271e-04
5.000000000000000000e+00 -6.167232291109561292e-04
6.000000000000000000e+00 -5.840286977984005500e-04
7.000000000000000000e+00 -3.222958959674545286e-04
8.000000000000000000e+00 1.978400432207628578e-03
9.000000000000000000e+00 -6.413013472619545890e-04
1.000000000000000000e+01 -6.565273640100673797e-04
1.100000000000000000e+01 -6.360848414684039387e-04
1.200000000000000000e+01 -6.510165490646125991e-04
1.300000000000000000e+01 -6.514765102869783707e-04
1.400000000000000000e+01 -5.666093118269097074e-04
1.500000000000000000e+01 -6.557096369249025558e-04
1.600000000000000000e+01 -6.543380264655503141e-04
1.700000000000000000e+01 -6.411594133818896779e-04
1.800000000000000000e+01 -6.555156011813558512e-04
1.900000000000000000e+01 -6.558619098784891632e-04
2.000000000000000000e+01 -6.331386875321736579e-04
2.100000000000000000e+01 2.826583500430468899e-03
2.200000000000000000e+01 -5.592738305789560866e-04
2.300000000000000000e+01 2.050515135276883161e-03
2.400000000000000000e+01 3.262024906903134708e-03
2.500000000000000000e+01 -5.945546766244912042e-04
2.600000000000000000e+01 -6.073715917113875658e-04
2.700000000000000000e+01 -5.686684422005494361e-04
2.800000000000000000e+01 2.467844164990965622e-03
2.900000000000000000e+01 -6.445575919942469470e-04
3.000000000000000000e+01 -6.493915213684062692e-04
1.000000000000000000e+00 -2.548318265560893200e-04
2.000000000000000000e+00 -5.956106742971701814e-04
3.000000000000000000e+00 1.843024753386390130e-04
4.000000000000000000e+00 -5.140729679482979779e-04
5.000000000000000000e+00 -6.682046968076630440e-04
6.000000000000000000e+00 -6.620605116337070946e-04
7.000000000000000000e+00 -5.032787447172931651e-04
8.000000000000000000e+00 1.237303613663159061e-03
9.000000000000000000e+00 -6.713849252452628062e-04
1.000000000000000000e+01 -6.677077912328202797e-04
1.100000000000000000e+01 -6.343422055507500108e-04
1.200000000000000000e+01 -6.618375766899182305e-04
1.300000000000000000e+01 -6.496403148867213465e-04
1.400000000000000000e+01 -4.170599340321442779e-04
1.500000000000000000e+01 -6.729484363133073511e-04
1.600000000000000000e+01 -6.792821948366853249e-04
1.700000000000000000e+01 -6.752533586239410981e-04
1.800000000000000000e+01 -6.788418899585993427e-04
1.900000000000000000e+01 -6.739357146376313704e-04
2.000000000000000000e+01 -6.758714767989950148e-04
2.100000000000000000e+01 1.557495996356382702e-03
2.200000000000000000e+01 -5.931289301119920410e-04
2.300000000000000000e+01 5.740646655054356534e-03
2.400000000000000000e+01 2.547900502964417155e-03
2.500000000000000000e+01 -6.163807869089810414e-04
2.600000000000000000e+01 -5.756062858159486989e-04
2.700000000000000000e+01 -5.764033711254207227e-04
2.800000000000000000e+01 1.834774288005166544e-03
2.900000000000000000e+01 -6.539754719130565913e-04
3.000000000000000000e+01 -6.641711752971657477e-04
1.000000000000000000e+00 -3.881248807342608576e-04
2.000000000000000000e+00 -5.523326037453847375e-04
3.000000000000000000e+00 -3.601578040878264343e-04
4.000000000000000000e+00 -2.704612432456241617e-04
5.000000000000000000e+00 -6.399175789636147270e-04
6.000000000000000000e+00 -6.432347674482194640e-04
7.000000000000000000e+00 -3.186366408234633752e-04
8.000000000000000000e+00 2.298967917199687579e-03
9.000000000000000000e+00 -6.341958943381677000e-04
1.000000000000000000e+01 -6.526775854204869883e-04
1.100000000000000000e+01 -6.372409166358255833e-04
1.200000000000000000e+01 -6.410360131182450899e-04
1.300000000000000000e+01 -5.247911248858295801e-04
1.400000000000000000e+01 4.290739236821937099e-05
1.500000000000000000e+01 -6.571481761192493696e-04
1.600000000000000000e+01 -6.501221063295614146e-04
1.700000000000000000e+01 -6.317321502338152719e-04
1.800000000000000000e+01 -6.546697988132857849e-04
1.900000000000000000e+01 -6.486800426064952664e-04
2.000000000000000000e+01 -6.340328025890831689e-04
2.100000000000000000e+01 1.770383183247977495e-03
2.200000000000000000e+01 -5.807510025068262456e-04
2.300000000000000000e+01 2.556965551925615039e-03
2.400000000000000000e+01 2.612802130460925489e-03
2.500000000000000000e+01 -6.070298069658500769e-04
2.600000000000000000e+01 -4.783299036460900784e-04
2.700000000000000000e+01 -5.875417709666887287e-04
2.800000000000000000e+01 2.819910078691317910e-03
2.900000000000000000e+01 -6.288239289581110981e-04
3.000000000000000000e+01 -6.373635283535920544e-04
1.000000000000000000e+00 -4.272936897988489306e-04
2.000000000000000000e+00 -6.414907252553527211e-04
3.000000000000000000e+00 -4.030258684011359376e-05
4.000000000000000000e+00 1.222270133440164373e-04
5.000000000000000000e+00 -6.848068586652487563e-04
6.000000000000000000e+00 -6.784087280153153774e-04
7.000000000000000000e+00 -3.400514949086713506e-04
8.000000000000000000e+00 1.528879503548778111e-03
9.000000000000000000e+00 -6.988030502633537115e-04
1.000000000000000000e+01 -7.052928154500560541e-04
1.100000000000000000e+01 -6.005577439195965411e-04
1.200000000000000000e+01 -6.870034957066062375e-04
1.300000000000000000e+01 -6.808773948521552920e-04
1.400000000000000000e+01 -3.498301232232697258e-04
1.500000000000000000e+01 -7.054510817439688585e-04
1.600000000000000000e+01 -7.076632299288449293e-04
1.700000000000000000e+01 -6.981452874348905097e-04
1.800000000000000000e+01 -7.082448154079817133e-04
1.900000000000000000e+01 -7.075519670533927160e-04
2.000000000000000000e+01 -7.060665252286920128e-04
2.100000000000000000e+01 2.656829141865575585e-03
2.200000000000000000e+01 -6.688792792521263504e-04
2.300000000000000000e+01 4.725902690519721838e-03
2.400000000000000000e+01 2.770959215357176025e-03
2.500000000000000000e+01 -6.701998179187777490e-04
2.600000000000000000e+01 -6.536200332137698894e-04
2.700000000000000000e+01 -3.578028914778018984e-04
2.800000000000000000e+01 1.014308602241744761e-03
2.900000000000000000e+01 -6.650065888906803559e-04
3.000000000000000000e+01 -6.942852468464283866e-04
1.000000000000000000e+00 -3.070787085785539486e-05
2.000000000000000000e+00 -5.841751242018845998e-04
3.000000000000000000e+00 -3.807556330293413848e-04
4.000000000000000000e+00 -3.527450840812717013e-05
5.000000000000000000e+00 -6.321044425242920359e-04
6.000000000000000000e+00 -6.387561737682272188e-04
7.000000000000000000e+00 -1.134842114180729082e-04
8.000000000000000000e+00 1.651883485278803727e-03
9.000000000000000000e+00 -6.334446479349622365e-04
1.000000000000000000e+01 -6.543031956101016434e-04
1.100000000000000000e+01 -6.522349195591977929e-04
1.200000000000000000e+01 -6.566631654013557360e-04
1.300000000000000000e+01 -5.817672382215705778e-04
1.400000000000000000e+01 -5.736489325135358521e-04
1.500000000000000000e+01 -6.630668385416606117e-04
1.600000000000000000e+01 -6.556510851389007457e-04
1.700000000000000000e+01 -6.206580198259952896e-04
1.800000000000000000e+01 -6.624238402125053483e-04
1.900000000000000000e+01 -6.622629703015105217e-04
2.000000000000000000e+01 -6.316588465246873729e-04
2.100000000000000000e+01 1.838299655592092602e-03
2.200000000000000000e+01 -6.080487398865232814e-04
2.300000000000000000e+01 2.721924520693181845e-03
2.400000000000000000e+01 4.084272911875567146e-03
2.500000000000000000e+01 -6.379060542469075718e-04
2.600000000000000000e+01 -5.342973026773149446e-04
2.700000000000000000e+01 -2.873850305601453707e-04
2.800000000000000000e+01 1.565315271880983938e-03
2.900000000000000000e+01 -6.266082135180323174e-04
3.000000000000000000e+01 -6.484817557995849321e-04
1.000000000000000000e+00 -3.574433234451722158e-04
2.000000000000000000e+00 -5.587647875996722266e-04
3.000000000000000000e+00 1.008843472165694662e-04
4.000000000000000000e+00 -2.619843366856172565e-04
5.000000000000000000e+00 -6.589141114484082552e-04
6.000000000000000000e+00 -6.396053552159710167e-04
7.000000000000000000e+00 -2.612168383244556314e-04
8.000000000000000000e+00 1.386432567096163590e-03
9.000000000000000000e+00 -6.479185258933167811e-04
1.000000000000000000e+01 -6.593755736099728018e-04
1.100000000000000000e+01 -5.674456196161697594e-04
1.200000000000000000e+01 -6.371640382806391433e-04
1.300000000000000000e+01 -6.203750318743462026e-04
1.400000000000000000e+01 -5.426475512350594941e-04
1.500000000000000000e+01 -6.573103963625771253e-04
1.600000000000000000e+01 -6.451494520130127662e-04
1.700000000000000000e+01 -6.495598848727924092e-04
1.800000000000000000e+01 -6.603363668251149626e-04
1.900000000000000000e+01 -6.401683921621021496e-04
2.000000000000000000e+01 -6.523250221793256906e-04
2.100000000000000000e+01 3.081003773890521671e-03
2.200000000000000000e+01 -5.725753805166405213e-04
2.300000000000000000e+01 4.162249416222151173e-03
2.400000000000000000e+01 3.347145891517537032e-03
2.500000000000000000e+01 -6.615562196194186726e-04
2.600000000000000000e+01 -6.271274739205937422e-04
2.700000000000000000e+01 -4.136860851715017107e-04
2.800000000000000000e+01 2.008455802953502164e-04
2.900000000000000000e+01 -5.937767992094087916e-04
3.000000000000000000e+01 -6.512425260379779441e-04
1.000000000000000000e+00 -5.686817023840452659e-04
2.000000000000000000e+00 -6.250424526998894260e-04
3.000000000000000000e+00 -4.211166549854622682e-04
4.000000000000000000e+00 -2.150995290182805520e-04
5.000000000000000000e+00 -6.473750987655261949e-04
6.000000000000000000e+00 -5.787289034267447969e-04
7.000000000000000000e+00 -1.599447569160597832e-06
8.000000000000000000e+00 1.704558105766722752e-03
9.000000000000000000e+00 -6.583668361371450544e-04
1.000000000000000000e+01 -6.645761278911644027e-04
1.100000000000000000e+01 -6.426185833569320613e-04
1.200000000000000000e+01 -6.560431557349324710e-04
1.300000000000000000e+01 -6.321597514858301372e-04
1.400000000000000000e+01 -4.102053714878361188e-04
1.500000000000000000e+01 -6.595988351342714799e-04
1.600000000000000000e+01 -6.625955123973055558e-04
1.700000000000000000e+01 -6.471701470099212438e-04
1.800000000000000000e+01 -6.603961902051226456e-04
1.900000000000000000e+01 -6.612413585775988407e-04
2.000000000000000000e+01 -6.535433642672678527e-04
2.100000000000000000e+01 1.596684818237763476e-03
2.200000000000000000e+01 -6.334802897078223608e-04
2.300000000000000000e+01 3.140768936513003377e-03
2.400000000000000000e+01 2.213598446791177187e-03
2.500000000000000000e+01 -6.189200615502600230e-04
2.600000000000000000e+01 -5.952091792229497131e-04
2.700000000000000000e+01 -2.285349797633524167e-04
2.800000000000000000e+01 3.841368138951766278e-03
2.900000000000000000e+01 -6.475823499447438177e-04
3.000000000000000000e+01 -6.483608268560114548e-04
1.000000000000000000e+00 -4.310041162238741346e-04
2.000000000000000000e+00 -6.052935234872608298e-04
3.000000000000000000e+00 -2.166317498152569828e-04
4.000000000000000000e+00 -2.274664448747723902e-04
5.000000000000000000e+00 -6.152354665038807730e-04
6.000000000000000000e+00 -6.388360864456157960e-04
7.000000000000000000e+00 -3.627689006510948487e-04
8.000000000000000000e+00 1.526339515311014600e-03
9.000000000000000000e+00 -6.330948521306683889e-04
1.000000000000000000e+01 -6.452804437773866121e-04
1.100000000000000000e+01 -6.319729874551044055e-04
1.200000000000000000e+01 -5.780589114010030623e-04
1.300000000000000000e+01 -6.182832028199828842e-04
1.400000000000000000e+01 -3.263438745730227694e-04
1.500000000000000000e+01 -6.409372193095101743e-04
1.600000000000000000e+01 -6.433170368536027641e-04
1.700000000000000000e+01 -5.648717425626597916e-04
1.800000000000000000e+01 -6.415398779091702718e-04
1.900000000000000000e+01 -6.454385992886751315e-04
2.000000000000000000e+01 -6.288302328717605390e-04
2.100000000000000000e+01 1.820050892509677198e-03
2.200000000000000000e+01 -5.977103904413591431e-04
2.300000000000000000e+01 3.781687594380013680e-03
2.400000000000000000e+01 2.867035013256003483e-03
2.500000000000000000e+01 -5.870490824086653644e-04
2.600000000000000000e+01 -5.212033588478777674e-04
2.700000000000000000e+01 -5.360224961267781542e-04
2.800000000000000000e+01 2.226109058832553399e-03
2.900000000000000000e+01 -5.823644984610938354e-04
3.000000000000000000e+01 -6.320653354442658028e-04
1.000000000000000000e+00 -3.066807899367291314e-04
2.000000000000000000e+00 -6.028998018411126612e-04
3.000000000000000000e+00 1.170906788183191877e-04
4.000000000000000000e+00 -1.037564579894087273e-04
5.000000000000000000e+00 -6.632501689855826825e-04
6.000000000000000000e+00 -6.436308239239588603e-04
7.000000000000000000e+00 6.197992853610800141e-04
8.000000000000000000e+00 3.107452580861023474e-03
9.000000000000000000e+00 -6.655967836310479249e-04
1.000000000000000000e+01 -6.598657608349861982e-04
1.100000000000000000e+01 -6.514308778927141875e-04
1.200000000000000000e+01 -6.635442649168601112e-04
1.300000000000000000e+01 -6.575291366881957141e-04
1.400000000000000000e+01 -4.384476629104986961e-04
1.500000000000000000e+01 -6.480671665569174558e-04
1.600000000000000000e+01 -6.644263065985019827e-04
1.700000000000000000e+01 -6.538903091166916237e-04
1.800000000000000000e+01 -6.651997050030847725e-04
1.900000000000000000e+01 -6.630297405057125051e-04
2.000000000000000000e+01 -6.581160693687244543e-04
2.100000000000000000e+01 9.341952949951849326e-04
2.200000000000000000e+01 -6.187133220825618033e-04
2.300000000000000000e+01 3.249971094519110357e-03
2.400000000000000000e+01 3.353063371489200606e-04
2.500000000000000000e+01 -6.275013299333953099e-04
2.600000000000000000e+01 -6.424530997894987907e-04
2.700000000000000000e+01 -4.306017265052705136e-04
2.800000000000000000e+01 3.745339087360168885e-03
2.900000000000000000e+01 -6.554169322810673689e-04
3.000000000000000000e+01 -6.435297714790783183e-04
1.000000000000000000e+00 -2.963078346875039500e-04
2.000000000000000000e+00 -5.880542076472939630e-04
3.000000000000000000e+00 -1.274603352542312597e-05
4.000000000000000000e+00 -6.161657877786261934e-04
5.000000000000000000e+00 -6.105063083724486962e-04
6.000000000000000000e+00 -6.197741936037807044e-04
7.000000000000000000e+00 4.321914533554477560e-04
8.000000000000000000e+00 1.933433510352834455e-03
9.000000000000000000e+00 -6.268880243272352461e-04
1.000000000000000000e+01 -6.375247892142558949e-04
1.100000000000000000e+01 -6.304483256286421387e-04
1.200000000000000000e+01 -6.242426081393045436e-04
1.300000000000000000e+01 -6.074232376347290076e-04
1.400000000000000000e+01 -5.102731527700491050e-04
1.500000000000000000e+01 -6.370148081524793816e-04
1.600000000000000000e+01 -6.359198939381010413e-04
1.700000000000000000e+01 -6.055815907155256495e-04
1.800000000000000000e+01 -6.382103250192796683e-04
1.900000000000000000e+01 -6.392079474360495709e-04
2.000000000000000000e+01 -6.159748099070599643e-04
2.100000000000000000e+01 1.371556081104992201e-03
2.200000000000000000e+01 -5.960700929824244709e-04
2.300000000000000000e+01 2.047761719725918559e-03
2.400000000000000000e+01 2.394605968006258655e-03
2.500000000000000000e+01 -5.924707211414591539e-04
2.600000000000000000e+01 -6.260448904064734588e-04
2.700000000000000000e+01 -4.996613822555157460e-04
2.800000000000000000e+01 4.041068749843112172e-03
2.900000000000000000e+01 -6.168124951983755804e-04
3.000000000000000000e+01 -6.309364793277380014e-04
1.000000000000000000e+00 -3.992328960288911281e-04
2.000000000000000000e+00 -5.761503852428510658e-04
3.000000000000000000e+00 -4.322466438958076120e-04
4.000000000000000000e+00 -8.346373341713259173e-05
5.000000000000000000e+00 -6.318999839470677057e-04
6.000000000000000000e+00 -6.479153589562315933e-04
7.000000000000000000e+00 -2.306945968722977456e-04
8.000000000000000000e+00 2.012067469883910189e-03
9.000000000000000000e+00 -6.415455262050894685e-04
1.000000000000000000e+01 -6.486725240905991379e-04
1.100000000000000000e+01 -6.180064389071672753e-04
1.200000000000000000e+01 -6.277366252836734124e-04
1.300000000000000000e+01 -6.308109356249217087e-04
1.400000000000000000e+01 -5.505960492541528379e-05
1.500000000000000000e+01 -6.388202208960760747e-04
1.600000000000000000e+01 -6.516286045645296393e-04
1.700000000000000000e+01 -6.461656319242884815e-04
1.800000000000000000e+01 -6.484684984149183045e-04
1.900000000000000000e+01 -6.466887846030062352e-04
2.000000000000000000e+01 -6.415162028899090447e-04
2.100000000000000000e+01 2.371615942029046444e-03
2.200000000000000000e+01 -5.597057378604107600e-04
2.300000000000000000e+01 2.598316972479904584e-03
2.400000000000000000e+01 2.231352388256379552e-03
2.500000000000000000e+01 -6.190780485362839440e-04
2.600000000000000000e+01 -5.567900960622340547e-04
2.700000000000000000e+01 -5.070891727914290156e-04
2.800000000000000000e+01 2.831024352708715226e-03
2.900000000000000000e+01 -6.344024682436312079e-04
3.000000000000000000e+01 -6.341592413757404919e-04
1.000000000000000000e+00 -5.578320859245035910e-04
2.000000000000000000e+00 -5.584425905554266404e-04
3.000000000000000000e+00 -1.270474999109844939e-04
4.000000000000000000e+00 -4.321974005978785412e-04
5.000000000000000000e+00 -6.089670049229908063e-04
6.000000000000000000e+00 -6.123577601239123865e-04
7.000000000000000000e+00 -9.729611403778880627e-06
8.000000000000000000e+00 1.811538594959037022e-03
9.000000000000000000e+00 -6.142484515012890112e-04
1.000000000000000000e+01 -6.200853851770175970e-04
1.100000000000000000e+01 -5.235691002065311029e-04
1.200000000000000000e+01 -6.098094530650034848e-04
1.300000000000000000e+01 -5.334411736180490323e-04
1.400000000000000000e+01 -3.109309167388884208e-04
1.500000000000000000e+01 -6.132530720575623010e-04
1.600000000000000000e+01 -6.202815190685894136e-04
1.700000000000000000e+01 -6.159698839416476992e-04
1.800000000000000000e+01 -6.217920493697244805e-04
1.900000000000000000e+01 -6.222726481941513428e-04
2.000000000000000000e+01 -5.996693260108333949e-04
2.100000000000000000e+01 1.342812093260509427e-03
2.200000000000000000e+01 -5.746271365542083426e-04
2.300000000000000000e+01 3.966340510010933282e-03
2.400000000000000000e+01 2.220948528665264710e-03
2.500000000000000000e+01 -5.683160347874534335e-04
2.600000000000000000e+01 -6.018892643540196688e-04
2.700000000000000000e+01 -5.331053375664994648e-04
2.800000000000000000e+01 2.484959150390505730e-03
2.900000000000000000e+01 -6.028988899971619462e-04
3.000000000000000000e+01 -6.107372530175767021e-04
1.000000000000000000e+00 -1.853232096952189129e-04
2.000000000000000000e+00 -6.312574471094515444e-04
3.000000000000000000e+00 3.595577712210199753e-04
4.000000000000000000e+00 -3.747697925874738994e-04
5.000000000000000000e+00 -6.307563131218464885e-04
6.000000000000000000e+00 -6.445284344664673664e-04
7.000000000000000000e+00 -5.235298485923668482e-04
8.000000000000000000e+00 1.346326652791990939e-03
9.000000000000000000e+00 -6.203516097707592733e-04
1.000000000000000000e+01 -6.595366617272826245e-04
1.100000000000000000e+01 -5.773212769016315042e-04
1.200000000000000000e+01 -6.547694796987312904e-04
1.300000000000000000e+01 -6.444266397711360516e-04
1.400000000000000000e+01 -4.236265210879897329e-04
1.500000000000000000e+01 -6.578352516798313329e-04
1.600000000000000000e+01 -6.566233278144483886e-04
1.700000000000000000e+01 -6.596847206759412410e-04
1.800000000000000000e+01 -6.597111848923105544e-04
1.900000000000000000e+01 -6.483527436549039753e-04
2.000000000000000000e+01 -6.416436686219908992e-04
2.100000000000000000e+01 2.530006815407782536e-03
2.200000000000000000e+01 -6.368590772972172742e-04
2.300000000000000000e+01 3.939997395164585720e-03
2.400000000000000000e+01 2.557589786788388650e-03
2.500000000000000000e+01 -6.195378974758451339e-04
2.600000000000000000e+01 -6.217989730726714969e-04
2.700000000000000000e+01 -2.257245164975842675e-04
2.800000000000000000e+01 1.554987804122374886e-03
2.900000000000000000e+01 -6.123831582902304052e-04
3.000000000000000000e+01 -6.402835700653953426e-04
1.000000000000000000e+00 -4.628076092007053191e-04
2.000000000000000000e+00 -6.444414470344431460e-04
3.000000000000000000e+00 1.864705012432507040e-04
4.000000000000000000e+00 -4.582404929238502393e-06
5.000000000000000000e+00 -6.879878561079458580e-04
6.000000000000000000e+00 -6.862404630051590227e-04
7.000000000000000000e+00 1.797538246973291157e-04
8.000000000000000000e+00 7.246482560226191662e-04
9.000000000000000000e+00 -6.930527121908643248e-04
1.000000000000000000e+01 -6.981107426690418742e-04
1.100000000000000000e+01 -6.057047473993356582e-04
1.200000000000000000e+01 -6.981596342807234925e-04
1.300000000000000000e+01 -6.749040539615321164e-04
1.400000000000000000e+01 -4.579358453696354310e-04
1.500000000000000000e+01 -6.937953781380708576e-04
1.600000000000000000e+01 -6.938932448868978748e-04
1.700000000000000000e+01 -6.623497617299357572e-04
1.800000000000000000e+01 -6.969279350380298225e-04
1.900000000000000000e+01 -6.854709557927065721e-04
2.000000000000000000e+01 -6.711914532744187771e-04
2.100000000000000000e+01 4.390577875637671421e-03
2.200000000000000000e+01 -6.404344882168897142e-04
2.300000000000000000e+01 2.508513961009151572e-03
2.400000000000000000e+01 3.434350666707735970e-03
2.500000000000000000e+01 -5.970587585213437461e-04
2.600000000000000000e+01 -4.808978526035305695e-04
2.700000000000000000e+01 -4.692151450872874391e-04
2.800000000000000000e+01 8.889831904039897578e-04
2.900000000000000000e+01 -6.818113890185066930e-04
3.000000000000000000e+01 -6.603547219802019010e-04
1.000000000000000000e+00 -3.555401798486560426e-04
2.000000000000000000e+00 -5.920353436569489054e-04
3.000000000000000000e+00 -1.991729255024009910e-04
4.000000000000000000e+00 -3.091066416357288741e-05
5.000000000000000000e+00 -6.449749249739129831e-04
6.000000000000000000e+00 -5.520368029434799323e-04
7.000000000000000000e+00 -9.585053195808479899e-05
8.000000000000000000e+00 2.893104178892515459e-03
9.000000000000000000e+00 -6.464827590403249323e-04
1.000000000000000000e+01 -6.489481213092139706e-04
1.100000000000000000e+01 -6.345218350047239801e-04
1.200000000000000000e+01 -6.451272876473722892e-04
1.300000000000000000e+01 -6.366299833947314159e-04
1.400000000000000000e+01 -6.117928655812803710e-04
1.500000000000000000e+01 -6.443422187578794376e-04
1.600000000000000000e+01 -6.402955171766355367e-04
1.700000000000000000e+01 -6.435973824632227518e-04
1.800000000000000000e+01 -6.506965805133738947e-04
1.900000000000000000e+01 -6.439686663306157634e-04
2.000000000000000000e+01 -6.310897891229029152e-04
2.100000000000000000e+01 2.657474729164589766e-03
2.200000000000000000e+01 -6.085465841992453596e-04
2.300000000000000000e+01 2.213176144430012947e-03
2.400000000000000000e+01 2.279636821751852144e-03
2.500000000000000000e+01 -5.643932718951513066e-04
2.600000000000000000e+01 -6.081118854092242834e-04
2.700000000000000000e+01 -4.085364428581267230e-04
2.800000000000000000e+01 2.046862884017413946e-03
2.900000000000000000e+01 -6.328945986393804193e-04
3.000000000000000000e+01 -6.288683729187637779e-04
1.000000000000000000e+00 4.747050015971268253e-05
2.000000000000000000e+00 -5.756720076352069742e-04
3.000000000000000000e+00 -3.683603996237203899e-05
4.000000000000000000e+00 -5.521217397883017254e-04
5.000000000000000000e+00 -6.171586206152874891e-04
6.000000000000000000e+00 -6.312860456521150092e-04
7.000000000000000000e+00 -4.518236872718346176e-04
8.000000000000000000e+00 2.251333492107277564e-03
9.000000000000000000e+00 -6.334692051915963556e-04
1.000000000000000000e+01 -6.365270897036109802e-04
1.100000000000000000e+01 -6.223919106508906578e-04
1.200000000000000000e+01 -6.257590190613345794e-04
1.300000000000000000e+01 -6.262646785811298378e-04
1.400000000000000000e+01 -4.508429760530043343e-04
1.500000000000000000e+01 -6.298342244669461300e-04
1.600000000000000000e+01 -6.408179138246627646e-04
1.700000000000000000e+01 -6.289324144978840564e-04
1.800000000000000000e+01 -6.340504479442533479e-04
1.900000000000000000e+01 -6.420869984520682482e-04
2.000000000000000000e+01 -6.274329499735034317e-04
2.100000000000000000e+01 1.765848949670119870e-03
2.200000000000000000e+01 -5.987621949740080463e-04
2.300000000000000000e+01 4.483191479927505808e-03
2.400000000000000000e+01 1.396047176255819488e-03
2.500000000000000000e+01 -5.840478151707441390e-04
2.600000000000000000e+01 -5.830535591480262092e-04
2.700000000000000000e+01 -4.153699633746657537e-04
2.800000000000000000e+01 2.231387977305361245e-03
2.900000000000000000e+01 -6.175375863000288510e-04
3.000000000000000000e+01 -6.223071391362626275e-04
1.000000000000000000e+00 -3.584551947944114862e-04
2.000000000000000000e+00 -6.483920173285305597e-04
3.000000000000000000e+00 -9.926238704512010133e-05
4.000000000000000000e+00 2.419271664539950539e-05
5.000000000000000000e+00 -6.596391173750166658e-04
6.000000000000000000e+00 -6.599562178426608564e-04
7.000000000000000000e+00 -3.852111922058024844e-04
8.000000000000000000e+00 1.748407019493856181e-03
9.000000000000000000e+00 -6.650116965342739092e-04
1.000000000000000000e+01 -6.728886626580690006e-04
1.100000000000000000e+01 -6.484850849090210805e-04
1.200000000000000000e+01 -6.701328190359918469e-04
1.300000000000000000e+01 -5.962609114655763407e-04
1.400000000000000000e+01 -7.669215262765663780e-05
1.500000000000000000e+01 -6.591319142798218560e-04
1.600000000000000000e+01 -6.750473486731601311e-04
1.700000000000000000e+01 -6.631327176510828534e-04
1.800000000000000000e+01 -6.688196720057033298e-04
1.900000000000000000e+01 -6.436003643686998487e-04
2.000000000000000000e+01 -6.600057328584309170e-04
2.100000000000000000e+01 2.238760877972269334e-03
2.200000000000000000e+01 -6.138209050153607769e-04
2.300000000000000000e+01 3.937592371841087610e-03
2.400000000000000000e+01 3.249295291246319731e-03
2.500000000000000000e+01 -6.557322955814001925e-04
2.600000000000000000e+01 -5.908700429109325783e-04
2.700000000000000000e+01 -6.238130614002254789e-04
2.800000000000000000e+01 1.084402194136178856e-03
2.900000000000000000e+01 -6.019402459803978615e-04
3.000000000000000000e+01 -6.588060107055424171e-04
1.000000000000000000e+00 -5.759670078813769033e-04
2.000000000000000000e+00 -6.111490885804301675e-04
3.000000000000000000e+00 2.788469278334486552e-04
4.000000000000000000e+00 -1.845160416038952895e-04
5.000000000000000000e+00 -6.433607123035837852e-04
6.000000000000000000e+00 -6.457025146549052325e-04
7.000000000000000000e+00 -4.645233132747487775e-05
8.000000000000000000e+00 1.350457792162739487e-03
9.000000000000000000e+00 -6.633987306274591886e-04
1.000000000000000000e+01 -6.652797618438227936e-04
1.100000000000000000e+01 -6.501171423305928104e-04
1.200000000000000000e+01 -6.285211408002014085e-04
1.300000000000000000e+01 -6.330639563460392595e-04
1.400000000000000000e+01 -4.453654679173444948e-04
1.500000000000000000e+01 -6.514632310509229892e-04
1.600000000000000000e+01 -6.630001771226017027e-04
1.700000000000000000e+01 -6.513691592004436847e-04
1.800000000000000000e+01 -6.638561963694255977e-04
1.900000000000000000e+01 -6.608946060557969971e-04
2.000000000000000000e+01 -6.485239174539382577e-04
2.100000000000000000e+01 2.321659330032943037e-03
2.200000000000000000e+01 -6.352978187890589599e-04
2.300000000000000000e+01 3.681166233403914724e-03
2.400000000000000000e+01 1.707627045087524616e-03
2.500000000000000000e+01 -6.271920105736865066e-04
2.600000000000000000e+01 -5.600677076861853990e-04
2.700000000000000000e+01 -5.778220978107679196e-04
2.800000000000000000e+01 3.122919291053721964e-03
2.900000000000000000e+01 -6.387589252519859347e-04
3.000000000000000000e+01 -6.518915546335742398e-04
1.000000000000000000e+00 -1.916275866920719997e-04
2.000000000000000000e+00 -5.497504020055776980e-04
3.000000000000000000e+00 -3.808290000421463086e-04
4.000000000000000000e+00 -7.306055406379969280e-06
5.000000000000000000e+00 -6.024081276490960693e-04
6.000000000000000000e+00 -6.045706367301459513e-04
7.000000000000000000e+00 -1.949955750141309273e-04
8.000000000000000000e+00 2.104732832072530452e-03
9.000000000000000000e+00 -6.240181803470334779e-04
1.000000000000000000e+01 -6.263541913089695073e-04
1.100000000000000000e+01 -6.101381025158121151e-04
1.200000000000000000e+01 -6.148155629353063353e-04
1.300000000000000000e+01 -6.060024317300378039e-04
1.400000000000000000e+01 -2.255499659609209160e-04
1.500000000000000000e+01 -6.267705252048969521e-04
1.600000000000000000e+01 -6.288497527683823600e-04
1.700000000000000000e+01 -6.082005237196388752e-04
1.800000000000000000e+01 -6.280255526904758969e-04
1.900000000000000000e+01 -6.181258715764495438e-04
2.000000000000000000e+01 -6.172217761029244855e-04
2.100000000000000000e+01 2.189603984822437177e-03
2.200000000000000000e+01 -5.652656824885885552e-04
2.300000000000000000e+01 2.655746220192676654e-03
2.400000000000000000e+01 2.323144927106468929e-03
2.500000000000000000e+01 -5.954021232644952661e-04
2.600000000000000000e+01 -5.878559081750518462e-04
2.700000000000000000e+01 -3.465925435203828396e-04
2.800000000000000000e+01 2.113189826752860743e-03
2.900000000000000000e+01 -5.909984241693086405e-04
3.000000000000000000e+01 -6.125361622166489725e-04
1.000000000000000000e+00 -1.918438504821501453e-04
2.000000000000000000e+00 -5.833577504229080094e-04
3.000000000000000000e+00 -1.557215793837956556e-04
4.000000000000000000e+00 2.422519274138389437e-04
5.000000000000000000e+00 -6.281982424101837824e-04
6.000000000000000000e+00 -6.370938063889204075e-04
7.000000000000000000e+00 -2.330012134331163013e-04
8.000000000000000000e+00 1.288416128499686279e-03
9.000000000000000000e+00 -6.267838802426267328e-04
1.000000000000000000e+01 -6.519663500577802060e-04
1.100000000000000000e+01 -6.293242907217821589e-04
1.200000000000000000e+01 -6.432415274873805062e-04
1.300000000000000000e+01 -6.271885366975914113e-04
1.400000000000000000e+01 -4.822111131796048703e-04
1.500000000000000000e+01 -6.504302150019764190e-04
1.600000000000000000e+01 -6.448327588790687655e-04
1.700000000000000000e+01 -6.173684951549350411e-04
1.800000000000000000e+01 -6.491610061165756576e-04
1.900000000000000000e+01 -6.492799499359073892e-04
2.000000000000000000e+01 -6.371158720624460741e-04
2.100000000000000000e+01 1.697450837867548433e-03
2.200000000000000000e+01 -5.770160361660322656e-04
2.300000000000000000e+01 2.938775701011057603e-03
2.400000000000000000e+01 3.094902340372305931e-03
2.500000000000000000e+01 -6.036525625740300988e-04
2.600000000000000000e+01 -5.249120977975119421e-04
2.700000000000000000e+01 -3.179986906361216971e-04
2.800000000000000000e+01 2.409136504826931650e-03
2.900000000000000000e+01 -6.467698286286608592e-04
3.000000000000000000e+01 -6.162063565567762937e-04
1.000000000000000000e+00 -3.873626821053918453e-04
2.000000000000000000e+00 -5.939695977670658451e-04
3.000000000000000000e+00 5.712445452286887029e-05
4.000000000000000000e+00 -2.768916505960769331e-04
5.000000000000000000e+00 -5.938210222786602724e-04
6.000000000000000000e+00 -6.178516328527848154e-04
7.000000000000000000e+00 -1.655082811525401343e-04
8.000000000000000000e+00 2.470736956464447860e-03
9.000000000000000000e+00 -6.002691011056924576e-04
1.000000000000000000e+01 -6.293164193559805950e-04
1.100000000000000000e+01 -6.139200046497922739e-04
1.200000000000000000e+01 -6.057076869309420668e-04
1.300000000000000000e+01 -5.500917822511170200e-04
1.400000000000000000e+01 -3.226904862470005519e-04
1.500000000000000000e+01 -6.247105506365972999e-04
1.600000000000000000e+01 -6.300385163679327613e-04
1.700000000000000000e+01 -6.258310815445201382e-04
1.800000000000000000e+01 -6.311044809621332461e-04
1.900000000000000000e+01 -6.205181522298773827e-04
2.000000000000000000e+01 -6.204943345555992331e-04
2.100000000000000000e+01 1.361600652488547487e-03
2.200000000000000000e+01 -5.731559489310948316e-04
2.300000000000000000e+01 3.322959367833608086e-03
2.400000000000000000e+01 2.378014131679164443e-03
2.500000000000000000e+01 -6.020081975632392193e-04
2.600000000000000000e+01 -5.924917884166451239e-04
2.700000000000000000e+01 -3.721625931325463796e-04
2.800000000000000000e+01 1.947742550503876778e-03
2.900000000000000000e+01 -5.680820029998394447e-04
3.000000000000000000e+01 -6.096166174299346525e-04
1.000000000000000000e+00 -5.287460650218693678e-04
2.000000000000000000e+00 -6.266574636305145959e-04
3.000000000000000000e+00 2.182834219529192709e-04
4.000000000000000000e+00 -1.460170278114328931e-04
5.000000000000000000e+00 -6.680160164253968590e-04
6.000000000000000000e+00 -6.597844897755794245e-04
7.000000000000000000e+00 -1.770386066134758084e-04
8.000000000000000000e+00 2.116812539301213530e-03
9.000000000000000000e+00 -6.576159513834860552e-04
1.000000000000000000e+01 -6.727262071387289221e-04
1.100000000000000000e+01 -6.355441819386175315e-04
1.200000000000000000e+01 -6.585625537905249538e-04
1.300000000000000000e+01 -5.132836942561540966e-04
1.400000000000000000e+01 -1.245409724546246352e-04
1.500000000000000000e+01 -6.724921766137009977e-04
1.600000000000000000e+01 -6.666407802450632480e-04
1.700000000000000000e+01 -6.629977841532915840e-04
1.800000000000000000e+01 -6.700091059797058613e-04
1.900000000000000000e+01 -6.700401662732063598e-04
2.000000000000000000e+01 -6.627150619890101978e-04
2.100000000000000000e+01 1.096273515967899955e-03
2.200000000000000000e+01 -6.040346937281464721e-04
2.300000000000000000e+01 2.832576682962374432e-03
2.400000000000000000e+01 2.364114815469318433e-03
2.500000000000000000e+01 -6.508343482812338054e-04
2.600000000000000000e+01 -4.942259027238103545e-04
2.700000000000000000e+01 -3.406435350347817356e-04
2.800000000000000000e+01 3.241660367628842673e-03
2.900000000000000000e+01 -6.320623010097695940e-04
3.000000000000000000e+01 -6.496522641263741127e-04
1.000000000000000000e+00 -4.706682135189211723e-04
2.000000000000000000e+00 -6.380130462526070962e-04
3.000000000000000000e+00 3.553234293087013267e-04
4.000000000000000000e+00 1.947128932414958675e-04
5.000000000000000000e+00 -6.506019249337967629e-04
6.000000000000000000e+00 -6.190512455377543194e-04
7.000000000000000000e+00 -4.032303221296245428e-04
8.000000000000000000e+00 2.370496669574722638e-03
9.000000000000000000e+00 -6.750654870942247388e-04
1.000000000000000000e+01 -6.664042054584304320e-04
1.100000000000000000e+01 -6.321552242769154202e-04
1.200000000000000000e+01 -6.508416088013809289e-04
1.300000000000000000e+01 -6.628956822778860319e-04
1.400000000000000000e+01 -2.669413314127525244e-04
1.500000000000000000e+01 -6.661487154772318016e-04
1.600000000000000000e+01 -6.729805263186093523e-04
1.700000000000000000e+01 -6.727309034702858535e-04
1.800000000000000000e+01 -6.729982565662246015e-04
1.900000000000000000e+01 -6.604851809238803046e-04
2.000000000000000000e+01 -6.656005856127601315e-04
2.100000000000000000e+01 2.599000096687320224e-03
2.200000000000000000e+01 -6.127702052915538333e-04
2.300000000000000000e+01 2.944309326020223827e-03
2.400000000000000000e+01 2.788687692139523409e-03
2.500000000000000000e+01 -6.178117491586848599e-04
2.600000000000000000e+01 -6.379694466209443870e-04
2.700000000000000000e+01 -5.177429808904448951e-04
2.800000000000000000e+01 1.246649158108814734e-03
2.900000000000000000e+01 -6.500227495816507557e-04
3.000000000000000000e+01 -6.548587279817756884e-04
1.000000000000000000e+00 -1.598721448803542178e-04
2.000000000000000000e+00 -6.085325770200943106e-04
3.000000000000000000e+00 -2.259996007505199976e-04
4.000000000000000000e+00 -3.258980679211031790e-04
5.000000000000000000e+00 -6.355131207459796061e-04
6.000000000000000000e+00 -5.306008199601869833e-04
7.000000000000000000e+00 -2.493147879752545364e-04
8.000000000000000000e+00 1.871441339342250426e-03
9.000000000000000000e+00 -6.375336585322060028e-04
1.000000000000000000e+01 -6.497214858824521336e-04
1.100000000000000000e+01 -6.224077177374091711e-04
1.200000000000000000e+01 -6.422466215460186090e-04
1.300000000000000000e+01 -6.390551707007279935e-04
1.400000000000000000e+01 -6.699964515810571757e-05
1.500000000000000000e+01 -6.528951977093374161e-04
1.600000000000000000e+01 -6.462295730901895709e-04
1.700000000000000000e+01 -6.379433277124899309e-04
1.800000000000000000e+01 -6.538506983325042187e-04
1.900000000000000000e+01 -6.399913889088340840e-04
2.000000000000000000e+01 -6.470341682026307505e-04
2.100000000000000000e+01 1.118364296302872592e-03
2.200000000000000000e+01 -5.974619912805572905e-04
2.300000000000000000e+01 3.140709621060725626e-03
2.400000000000000000e+01 3.251701108063278448e-03
2.500000000000000000e+01 -5.944713329318399280e-04
2.600000000000000000e+01 -5.163898240465872791e-04
2.700000000000000000e+01 -4.460401537617244682e-04
2.800000000000000000e+01 2.371718559650475358e-03
2.900000000000000000e+01 -6.258725066206317043e-04
3.000000000000000000e+01 -6.387090034192664974e-04
1.000000000000000000e+00 -4.716648392914111121e-04
2.000000000000000000e+00 -5.944320602659331843e-04
3.000000000000000000e+00 -9.747404164853001136e-05
4.000000000000000000e+00 -5.111712947227612129e-04
5.000000000000000000e+00 -6.501470573757328619e-04
6.000000000000000000e+00 -5.882735735382310649e-04
7.000000000000000000e+00 -1.434348414763249356e-04
8.000000000000000000e+00 1.702273134171823415e-03
9.000000000000000000e+00 -6.577401003903508457e-04
1.000000000000000000e+01 -6.628651570963789864e-04
1.100000000000000000e+01 -5.636100109484648785e-04
1.200000000000000000e+01 -6.519510437481493151e-04
1.300000000000000000e+01 -6.379513410445605305e-04
1.400000000000000000e+01 5.118833528631919856e-04
1.500000000000000000e+01 -6.635254806706265525e-04
1.600000000000000000e+01 -6.640996554969609902e-04
1.700000000000000000e+01 -6.536072678431540739e-04
1.800000000000000000e+01 -6.601999514473319303e-04
1.900000000000000000e+01 -6.583655184276581730e-04
2.000000000000000000e+01 -6.566786605975147902e-04
2.100000000000000000e+01 8.353093962339367285e-04
2.200000000000000000e+01 -6.407026415426780776e-04
2.300000000000000000e+01 4.186221295300224764e-03
2.400000000000000000e+01 2.287256337277886274e-03
2.500000000000000000e+01 -6.229369583251255678e-04
2.600000000000000000e+01 -6.017225073592407303e-04
2.700000000000000000e+01 -5.581404380496542139e-04
2.800000000000000000e+01 2.786566931902816936e-03
2.900000000000000000e+01 -6.241280482903998348e-04
3.000000000000000000e+01 -6.516191531432999990e-04
1.000000000000000000e+00 -5.078570382559678513e-04
2.000000000000000000e+00 -5.591798904353203472e-04
3.000000000000000000e+00 1.351348065078284922e-05
4.000000000000000000e+00 -2.063401209512302390e-04
5.000000000000000000e+00 -6.311428312304878793e-04
6.000000000000000000e+00 -6.229132458344856932e-04
7.000000000000000000e+00 1.750058488582010923e-04
8.000000000000000000e+00 1.445919102669938243e-03
9.000000000000000000e+00 -6.311173616697859663e-04
1.000000000000000000e+01 -6.366341169266712162e-04
1.100000000000000000e+01 -6.277087731985859283e-04
1.200000000000000000e+01 -6.295156849486689427e-04
1.300000000000000000e+01 -6.269040389457185714e-04
1.400000000000000000e+01 -5.440751429105685627e-04
1.500000000000000000e+01 -6.370677529198844839e-04
1.600000000000000000e+01 -6.339313440511275526e-04
1.700000000000000000e+01 -6.332732251299972789e-04
1.800000000000000000e+01 -6.369867021318300834e-04
1.900000000000000000e+01 -6.377885129829020602e-04
2.000000000000000000e+01 -6.277732702989936723e-04
2.100000000000000000e+01 2.509842383596639238e-03
2.200000000000000000e+01 -6.124712208117272585e-04
2.300000000000000000e+01 3.049990565892101227e-03
2.400000000000000000e+01 1.958497422011580211e-03
2.500000000000000000e+01 -5.992601247456777686e-04
2.600000000000000000e+01 -5.768041173965217459e-04
2.700000000000000000e+01 -1.100345410646789653e-04
2.800000000000000000e+01 2.514974804972024483e-03
2.900000000000000000e+01 -6.272827156883562915e-04
3.000000000000000000e+01 -6.188636530685368443e-04
1.000000000000000000e+00 -5.521558895907002860e-04
2.000000000000000000e+00 -5.902639809674906654e-04
3.000000000000000000e+00 -4.372021040069915833e-04
4.000000000000000000e+00 -3.611362599171594840e-04
5.000000000000000000e+00 -6.205751546334155018e-04
6.000000000000000000e+00 -6.340048394653991816e-04
7.000000000000000000e+00 2.640205150703667388e-04
8.000000000000000000e+00 1.889289986767682698e-03
9.000000000000000000e+00 -6.294613175755504886e-04
1.000000000000000000e+01 -6.341265020561843253e-04
1.100000000000000000e+01 -4.966685773751258141e-04
1.200000000000000000e+01 -6.351509053490962719e-04
1.300000000000000000e+01 -6.244859466328774814e-04
1.400000000000000000e+01 -1.744632576615466125e-04
1.500000000000000000e+01 -6.369180211172829334e-04
1.600000000000000000e+01 -6.359386954922087009e-04
1.700000000000000000e+01 -6.016004239047046190e-04
1.800000000000000000e+01 -6.371040155960595907e-04
1.900000000000000000e+01 -6.374964875622446837e-04
2.000000000000000000e+01 -6.040646708788395373e-04
2.100000000000000000e+01 1.080045342888674882e-03
2.200000000000000000e+01 -5.881571003999832084e-04
2.300000000000000000e+01 3.900561972010057384e-03
2.400000000000000000e+01 1.239827367073988596e-03
2.500000000000000000e+01 -5.848258199254886954e-04
2.600000000000000000e+01 -6.023208059846212135e-04
2.700000000000000000e+01 -4.737173030390274295e-04
2.800000000000000000e+01 3.745166239960167915e-03
2.900000000000000000e+01 -6.129476361649128201e-04
3.000000000000000000e+01 -6.122354426569505187e-04
1.000000000000000000e+00 -2.509287776641716994e-04
2.000000000000000000e+00 -5.298112871315553349e-04
3.000000000000000000e+00 -7.918249289297952544e-06
4.000000000000000000e+00 4.103268967776644714e-04
5.000000000000000000e+00 -6.670240429003426773e-04
6.000000000000000000e+00 -6.621428937498281646e-04
7.000000000000000000e+00 -2.815977455885595006e-04
8.000000000000000000e+00 8.602419011907602329e-04
9.000000000000000000e+00 -6.635600094259571898e-04
1.000000000000000000e+01 -6.645915732707573286e-04
1.100000000000000000e+01 -6.409340648198597794e-04
1.200000000000000000e+01 -6.629816013088184797e-04
1.300000000000000000e+01 -6.339934823182245436e-04
1.400000000000000000e+01 -3.299998186459702636e-05
1.500000000000000000e+01 -6.687664842304425275e-04
1.600000000000000000e+01 -6.641019458667299412e-04
1.700000000000000000e+01 -6.630236566175261911e-04
1.800000000000000000e+01 -6.694464924240034562e-04
1.900000000000000000e+01 -6.624475887806839658e-04
2.000000000000000000e+01 -6.633429902721920800e-04
2.100000000000000000e+01 3.439173016258486107e-03
2.200000000000000000e+01 -5.422576668123892498e-04
2.300000000000000000e+01 3.412440225788747599e-03
2.400000000000000000e+01 2.916504684694605585e-03
2.500000000000000000e+01 -6.530484774928503123e-04
2.600000000000000000e+01 -6.228907163879913219e-04
2.700000000000000000e+01 -5.204229460551535813e-04
2.800000000000000000e+01 6.879923302129944355e-04
2.900000000000000000e+01 -5.971089858728656063e-04
3.000000000000000000e+01 -6.665839594712774912e-04
1.000000000000000000e+00 1.596666067441827950e-04
2.000000000000000000e+00 -6.258261332354565299e-04
3.000000000000000000e+00 5.033243402357136069e-04
4.000000000000000000e+00 -1.910419957226833720e-04
5.000000000000000000e+00 -6.333589670173086659e-04
6.000000000000000000e+00 -6.417958181306786724e-04
7.000000000000000000e+00 -5.758623534522768969e-04
8.000000000000000000e+00 1.543848510257396674e-03
9.000000000000000000e+00 -6.597496300496508538e-04
1.000000000000000000e+01 -6.688752727634994857e-04
1.100000000000000000e+01 -6.598028743576249541e-04
1.200000000000000000e+01 -6.619470339931817198e-04
1.300000000000000000e+01 -6.638613041863124968e-04
1.400000000000000000e+01 -5.150446559611541932e-04
1.500000000000000000e+01 -6.682606037040527336e-04
1.600000000000000000e+01 -6.653365720283969682e-04
1.700000000000000000e+01 -6.430491731962705059e-04
1.800000000000000000e+01 -6.692151882758287608e-04
1.900000000000000000e+01 -6.697482719287810998e-04
2.000000000000000000e+01 -6.342469136480981349e-04
2.100000000000000000e+01 3.805615737878030851e-03
2.200000000000000000e+01 -6.134075029985925969e-04
2.300000000000000000e+01 3.366236473507428894e-03
2.400000000000000000e+01 2.218314671027429245e-03
2.500000000000000000e+01 -6.049396770243768576e-04
2.600000000000000000e+01 -6.017520861931317279e-04
2.700000000000000000e+01 -5.448629752001203251e-04
2.800000000000000000e+01 9.327556773783211418e-04
2.900000000000000000e+01 -6.263573170222268499e-04
3.000000000000000000e+01 -6.482079298258630433e-04
1.000000000000000000e+00 -3.826220488052514495e-04
2.000000000000000000e+00 -6.479961159648277682e-04
3.000000000000000000e+00 -2.122385013528547222e-04
4.000000000000000000e+00 -6.820699621869362917e-05
5.000000000000000000e+00 -6.681213965395265113e-04
6.000000000000000000e+00 -6.594237080586581650e-04
7.000000000000000000e+00 -9.606174787289946057e-05
8.000000000000000000e+00 1.942150194498083347e-03
9.000000000000000000e+00 -6.686646168237334953e-04
1.000000000000000000e+01 -6.722909589471127729e-04
1.100000000000000000e+01 -6.661718131152043068e-04
1.200000000000000000e+01 -6.681340422788803989e-04
1.300000000000000000e+01 -5.927159507321556062e-04
1.400000000000000000e+01 -5.596331011302273749e-04
1.500000000000000000e+01 -6.703204285155033200e-04
1.600000000000000000e+01 -6.797932838937155442e-04
1.700000000000000000e+01 -6.549732333372475191e-04
1.800000000000000000e+01 -6.805950345705287161e-04
1.900000000000000000e+01 -6.793781608282034156e-04
2.000000000000000000e+01 -6.456364787591850705e-04
2.100000000000000000e+01 1.834526880711451419e-03
2.200000000000000000e+01 -6.471841379832917601e-04
2.300000000000000000e+01 2.837924329656300437e-03
2.400000000000000000e+01 3.216461554709842182e-03
2.500000000000000000e+01 -6.427195216823792991e-04
2.600000000000000000e+01 -6.448320756470072353e-04
2.700000000000000000e+01 -4.444062063851750635e-04
2.800000000000000000e+01 2.852264589807518118e-03
2.900000000000000000e+01 -6.514431286543858951e-04
3.000000000000000000e+01 -6.677158793989483414e-04
1.000000000000000000e+00 -3.354112210043919021e-04
2.000000000000000000e+00 -6.006242676506504639e-04
3.000000000000000000e+00 -2.199104947383340137e-04
4.000000000000000000e+00 -2.236156831586648712e-04
5.000000000000000000e+00 -6.401260421850515437e-04
6.000000000000000000e+00 -6.552055797278574746e-04
7.000000000000000000e+00 -2.064729158017188809e-04
8.000000000000000000e+00 2.607375857887869568e-03
9.000000000000000000e+00 -6.467561792014953981e-04
1.000000000000000000e+01 -6.592547938027729310e-04
1.100000000000000000e+01 -6.171286146108409445e-04
1.200000000000000000e+01 -6.307439166754897622e-04
1.300000000000000000e+01 -6.370286503479580904e-04
1.400000000000000000e+01 -5.468725732427127430e-04
1.500000000000000000e+01 -6.558690061454067795e-04
1.600000000000000000e+01 -6.589217528693179157e-04
1.700000000000000000e+01 -6.550766709332814675e-04
1.800000000000000000e+01 -6.519707635695030706e-04
1.900000000000000000e+01 -6.535782773610200385e-04
2.000000000000000000e+01 -6.403830856949686021e-04
2.100000000000000000e+01 2.501832195773165315e-03
2.200000000000000000e+01 -5.551157077879343956e-04
2.300000000000000000e+01 3.367435986014423108e-03
2.400000000000000000e+01 2.310671956593266223e-03
2.500000000000000000e+01 -5.971842144636850449e-04
2.600000000000000000e+01 -6.157503050711834623e-04
2.700000000000000000e+01 -5.057163140781957642e-04
2.800000000000000000e+01 1.744220903978221590e-03
2.900000000000000000e+01 -6.116460038080330768e-04
3.000000000000000000e+01 -6.455033494059369799e-04
1.000000000000000000e+00 -3.669451651082724091e-04
2.000000000000000000e+00 -6.092758023099025932e-04
3.000000000000000000e+00 1.108251547647550482e-05
4.000000000000000000e+00 -2.379990510011673424e-04
5.000000000000000000e+00 -6.019584662742115009e-04
6.000000000000000000e+00 -6.434685072302437142e-04
7.000000000000000000e+00 -4.175982866602302029e-04
8.000000000000000000e+00 2.099664643112172675e-03
9.000000000000000000e+00 -6.425818244437965770e-04
1.000000000000000000e+01 -6.570009518764172380e-04
1.100000000000000000e+01 -6.239034266389619854e-04
1.200000000000000000e+01 -6.195997184721139172e-04
1.300000000000000000e+01 -6.334291253316010235e-04
1.400000000000000000e+01 -2.873447894395429573e-04
1.500000000000000000e+01 -6.538228288774903824e-04
1.600000000000000000e+01 -6.476571663007476371e-04
1.700000000000000000e+01 -6.487702211619284084e-04
1.800000000000000000e+01 -6.541587072200796523e-04
1.900000000000000000e+01 -6.451262971661803243e-04
2.000000000000000000e+01 -6.277260938273747978e-04
2.100000000000000000e+01 2.148763313863122273e-03
2.200000000000000000e+01 -5.828252295292805961e-04
2.300000000000000000e+01 4.129758615015293767e-03
2.400000000000000000e+01 3.470839490049498679e-03
2.500000000000000000e+01 -6.143505768038960398e-04
2.600000000000000000e+01 -4.910176627065784751e-04
2.700000000000000000e+01 -5.293967033740463015e-04
2.800000000000000000e+01 3.376570840105755649e-04
2.900000000000000000e+01 -6.262308409789652582e-04
3.000000000000000000e+01 -6.502425706026508353e-04
1.000000000000000000e+00 -3.011580330050560371e-04
2.000000000000000000e+00 -5.893081036468093186e-04
3.000000000000000000e+00 1.503137295438108153e-04
4.000000000000000000e+00 -4.314386450361017464e-05
5.000000000000000000e+00 -6.510735308323121941e-04
6.000000000000000000e+00 -5.859294592388337086e-04
7.000000000000000000e+00 -2.783322134610073380e-04
8.000000000000000000e+00 7.164222722407496708e-04
9.000000000000000000e+00 -6.649105071530466652e-04
1.000000000000000000e+01 -6.638548956906385919e-04
1.100000000000000000e+01 -6.149252384085860572e-04
1.200000000000000000e+01 -6.464278398001715520e-04
1.300000000000000000e+01 -6.137261975033268292e-04
1.400000000000000000e+01 -5.522119155854610063e-04
1.500000000000000000e+01 -6.580439818557367714e-04
1.600000000000000000e+01 -6.643374318673276853e-04
1.700000000000000000e+01 -6.586840016911589156e-04
1.800000000000000000e+01 -6.599770398207786869e-04
1.900000000000000000e+01 -6.391296637952775328e-04
2.000000000000000000e+01 -6.622440389293570090e-04
2.100000000000000000e+01 2.304082577847248615e-03
2.200000000000000000e+01 -6.198158877863728594e-04
2.300000000000000000e+01 4.279111717514919380e-03
2.400000000000000000e+01 3.577468761467930258e-03
2.500000000000000000e+01 -6.259295240925557072e-04
2.600000000000000000e+01 -5.892930700169403358e-04
2.700000000000000000e+01 -5.533776826720534061e-04
2.800000000000000000e+01 1.378105905693022661e-03
2.900000000000000000e+01 -6.443953099876983514e-04
3.000000000000000000e+01 -6.406740735882772214e-04
1.000000000000000000e+00 -4.843849250876101149e-04
2.000000000000000000e+00 -5.633292962940645871e-04
3.000000000000000000e+00 1.629164632400507127e-04
4.000000000000000000e+00 -4.069471757083315162e-04
5.000000000000000000e+00 -6.173033511876597178e-04
6.000000000000000000e+00 -5.469652074215870189e-04
7.000000000000000000e+00 5.141800491458323012e-04
8.000000000000000000e+00 1.457532165056723379e-03
9.000000000000000000e+00 -6.265707892170024190e-04
1.000000000000000000e+01 -6.343614239885753212e-04
1.100000000000000000e+01 -5.598824012172701724e-04
1.200000000000000000e+01 -6.259437641052197510e-04
1.300000000000000000e+01 -6.353308227126680963e-04
1.400000000000000000e+01 -6.734599631240665337e-05
1.500000000000000000e+01 -6.213450484040552134e-04
1.600000000000000000e+01 -6.341038802213578348e-04
1.700000000000000000e+01 -6.212234588122007546e-04
1.800000000000000000e+01 -6.358329021572763128e-04
1.900000000000000000e+01 -6.337914723227430682e-04
2.000000000000000000e+01 -6.223963579141353905e-04
2.100000000000000000e+01 2.180806894726088768e-03
2.200000000000000000e+01 -6.019758535898686374e-04
2.300000000000000000e+01 3.791928573371319573e-03
2.400000000000000000e+01 7.431011695714455616e-04
2.500000000000000000e+01 -5.930613677256434254e-04
2.600000000000000000e+01 -4.361267505525740352e-04
2.700000000000000000e+01 -3.937079246569151394e-04
2.800000000000000000e+01 2.426186592429720179e-03
2.900000000000000000e+01 -6.069368677627055278e-04
3.000000000000000000e+01 -6.140667021710434492e-04
