1.000000000000000000e+00 8.795565545565545195e-04
2.000000000000000000e+00 -1.626437913937913739e-03
3.000000000000000000e+00 -1.991902079402079351e-03
4.000000000000000000e+00 -1.651924926924926715e-03
5.000000000000000000e+00 -1.681993469493469392e-03
6.000000000000000000e+00 -6.351440226440225375e-04
7.000000000000000000e+00 2.625792725792725456e-03
8.000000000000000000e+00 -2.095894383394383137e-03
9.000000000000000000e+00 -1.992112517112516745e-03
1.000000000000000000e+01 3.814831927331926824e-03
1.100000000000000000e+01 1.367056554556554280e-03
1.200000000000000000e+01 3.102022977022976915e-04
1.300000000000000000e+01 2.395032745032744763e-03
1.000000000000000000e+00 8.650594775594774768e-04
2.000000000000000000e+00 -1.039443889443889338e-03
3.000000000000000000e+00 -2.106134606134606006e-03
4.000000000000000000e+00 -1.769199781699781673e-03
5.000000000000000000e+00 -2.046352258852258618e-03
6.000000000000000000e+00 -1.314564139564139379e-03
7.000000000000000000e+00 3.833758371258370878e-03
8.000000000000000000e+00 -1.677262552262552206e-03
9.000000000000000000e+00 -8.053830428830428302e-04
1.000000000000000000e+01 2.085520035520035259e-03
1.100000000000000000e+01 -1.199472749472749308e-03
1.200000000000000000e+01 1.507555870055869848e-03
1.300000000000000000e+01 3.452270877270876941e-03
1.000000000000000000e+00 1.158963818491790454e-03
2.000000000000000000e+00 -1.924219202191229921e-03
3.000000000000000000e+00 -2.122747231401077468e-03
4.000000000000000000e+00 -2.198305301277328830e-03
5.000000000000000000e+00 -9.791434446154725045e-04
6.000000000000000000e+00 -1.806211746683774547e-03
7.000000000000000000e+00 -7.406034492572952620e-04
8.000000000000000000e+00 -2.235005637977665899e-03
9.000000000000000000e+00 -1.924616027588055408e-03
1.000000000000000000e+01 3.717104751632723230e-03
1.100000000000000000e+01 -2.790171819892098910e-04
1.200000000000000000e+01 5.330807252835224018e-03
1.300000000000000000e+01 3.824301721329693027e-03
1.000000000000000000e+00 1.038222865583005331e-03
2.000000000000000000e+00 -2.062987035626895598e-03
3.000000000000000000e+00 -2.031830229470089292e-03
4.000000000000000000e+00 -1.348713346353206397e-03
5.000000000000000000e+00 -1.783068805708665650e-03
6.000000000000000000e+00 -1.015410075549935676e-03
7.000000000000000000e+00 2.049128163988303726e-03
8.000000000000000000e+00 -2.244648892288752130e-03
9.000000000000000000e+00 -1.466420176560036519e-03
1.000000000000000000e+01 5.565800843160982093e-03
1.100000000000000000e+01 -1.347985833125693112e-03
1.200000000000000000e+01 -1.143350737581506731e-03
1.300000000000000000e+01 5.507575188344418851e-03
1.000000000000000000e+00 5.816822066822067142e-05
2.000000000000000000e+00 -2.287989787989787825e-03
3.000000000000000000e+00 -2.031171606171605984e-03
4.000000000000000000e+00 -2.003718503718503359e-03
5.000000000000000000e+00 -2.105035242535242216e-03
6.000000000000000000e+00 -1.293052318052317819e-03
7.000000000000000000e+00 4.172508047508047095e-03
8.000000000000000000e+00 -1.862869537869537824e-03
9.000000000000000000e+00 -2.260212010212009782e-03
1.000000000000000000e+01 6.740208865208864759e-03
1.100000000000000000e+01 -1.271389258889258711e-03
1.200000000000000000e+01 1.094994819994819834e-03
1.300000000000000000e+01 2.710525123025122728e-03
1.000000000000000000e+00 1.370425870425870201e-04
2.000000000000000000e+00 -2.363901376401376063e-03
3.000000000000000000e+00 -2.254533892033891603e-03
4.000000000000000000e+00 -2.236123598623598191e-03
5.000000000000000000e+00 -2.235378047878047551e-03
6.000000000000000000e+00 -1.460059385059384865e-03
7.000000000000000000e+00 2.900949513449513264e-03
8.000000000000000000e+00 -2.402994690494690382e-03
9.000000000000000000e+00 -2.086027398527398428e-03
1.000000000000000000e+01 7.486441336441335657e-03
1.100000000000000000e+01 -7.150136900136899775e-04
1.200000000000000000e+01 6.724382099382098573e-04
1.300000000000000000e+01 4.341058941058940912e-03
1.000000000000000000e+00 7.526834276834276031e-04
2.000000000000000000e+00 -1.709113109113108908e-03
3.000000000000000000e+00 -2.201326913826913423e-03
4.000000000000000000e+00 -1.493895456395456225e-03
5.000000000000000000e+00 -2.005968568468568126e-03
6.000000000000000000e+00 -1.352210752210751977e-03
7.000000000000000000e+00 1.144157694157694029e-03
8.000000000000000000e+00 -2.175382950382950299e-03
9.000000000000000000e+00 -1.964043364043363982e-03
1.000000000000000000e+01 1.591355866355866197e-03
1.100000000000000000e+01 1.535672660672660539e-04
1.200000000000000000e+01 3.779168516668516414e-03
1.300000000000000000e+01 5.191746679246678556e-03
1.000000000000000000e+00 1.887108902493517607e-03
2.000000000000000000e+00 -1.928457475572860130e-03
3.000000000000000000e+00 -1.997469019584403958e-03
4.000000000000000000e+00 -1.211983209098593502e-03
5.000000000000000000e+00 -1.784457956573341081e-03
6.000000000000000000e+00 -1.213931261046645579e-03
7.000000000000000000e+00 1.343996921881537117e-03
8.000000000000000000e+00 -1.931788403903788275e-03
9.000000000000000000e+00 -1.599056321171705725e-03
1.000000000000000000e+01 3.885233000617615857e-03
1.100000000000000000e+01 -1.089580611695996088e-03
1.200000000000000000e+01 1.597546612931228160e-03
1.300000000000000000e+01 3.835467488352103504e-03
1.000000000000000000e+00 3.282069426300195537e-04
2.000000000000000000e+00 -1.235386870963793918e-03
3.000000000000000000e+00 -1.963261311338234272e-03
4.000000000000000000e+00 -2.019057367134289866e-03
5.000000000000000000e+00 -1.499456597533520416e-03
6.000000000000000000e+00 -5.053127783897013846e-04
7.000000000000000000e+00 1.511414013337090100e-03
8.000000000000000000e+00 -2.080360878437801080e-03
9.000000000000000000e+00 -1.716387814464737397e-03
1.000000000000000000e+01 6.302936379859455825e-03
1.100000000000000000e+01 -4.783286514055744244e-04
1.200000000000000000e+01 9.590150234381002213e-04
1.300000000000000000e+01 2.145324547247624055e-03
1.000000000000000000e+00 -1.790135790135789740e-04
2.000000000000000000e+00 -1.692649942649942542e-03
3.000000000000000000e+00 -2.152504440004439530e-03
4.000000000000000000e+00 -1.931232193732193656e-03
5.000000000000000000e+00 -1.750261775261775050e-03
6.000000000000000000e+00 -1.217553742553742361e-03
7.000000000000000000e+00 1.554884929884929774e-03
8.000000000000000000e+00 -2.080318292818292454e-03
9.000000000000000000e+00 -2.100917138417138317e-03
1.000000000000000000e+01 5.150874588374587497e-03
1.100000000000000000e+01 6.611439486439485468e-04
1.200000000000000000e+01 2.126986901986901816e-03
1.300000000000000000e+01 3.216086228586228449e-03
1.000000000000000000e+00 8.421726421726421835e-04
2.000000000000000000e+00 -1.747960835460835288e-03
3.000000000000000000e+00 -2.223970936470936414e-03
4.000000000000000000e+00 -2.054526492026491694e-03
5.000000000000000000e+00 -2.068150830650830607e-03
6.000000000000000000e+00 -1.245327357827357654e-03
7.000000000000000000e+00 3.342353017353017191e-03
8.000000000000000000e+00 -2.247431734931734648e-03
9.000000000000000000e+00 -2.054742942242942117e-03
1.000000000000000000e+01 2.862428774928774556e-03
1.100000000000000000e+01 1.207696932696932565e-03
1.200000000000000000e+01 1.250189625189625242e-04
1.300000000000000000e+01 5.115615403115402610e-03
1.000000000000000000e+00 9.104426394636184723e-04
2.000000000000000000e+00 -1.858241916720937501e-03
3.000000000000000000e+00 -2.064639223118243990e-03
4.000000000000000000e+00 -1.766869862848883610e-03
5.000000000000000000e+00 -1.930139463618484518e-03
6.000000000000000000e+00 -1.130071139686524137e-03
7.000000000000000000e+00 4.191643845664823863e-03
8.000000000000000000e+00 -1.863587034566055413e-03
9.000000000000000000e+00 -2.104141387620408338e-03
1.000000000000000000e+01 2.994030810551789271e-03
1.100000000000000000e+01 1.651948317158107157e-04
1.200000000000000000e+01 -4.927116136906346117e-04
1.300000000000000000e+01 4.560501250885865693e-03
1.000000000000000000e+00 2.433834683834683495e-03
2.000000000000000000e+00 -1.959924334924334835e-03
3.000000000000000000e+00 -2.105018130018129676e-03
4.000000000000000000e+00 -1.759623709623709493e-03
5.000000000000000000e+00 -1.586938524438524269e-03
6.000000000000000000e+00 2.822293447293447314e-04
7.000000000000000000e+00 1.586858974358974165e-03
8.000000000000000000e+00 -2.147105672105671745e-03
9.000000000000000000e+00 -2.173620823620823258e-03
1.000000000000000000e+01 4.960109335109335119e-03
1.100000000000000000e+01 -8.689310689310688392e-04
1.200000000000000000e+01 -9.255267880267880037e-04
1.300000000000000000e+01 4.119176194176193788e-03
1.000000000000000000e+00 -5.983619656696578977e-04
2.000000000000000000e+00 -1.319440886748578928e-03
3.000000000000000000e+00 -1.905691210498902752e-03
4.000000000000000000e+00 -1.081358598666290732e-03
5.000000000000000000e+00 -1.901193856001548096e-03
6.000000000000000000e+00 -1.705829498137190203e-03
7.000000000000000000e+00 2.151541834234141706e-03
8.000000000000000000e+00 -2.093930748738440963e-03
9.000000000000000000e+00 -2.018738348546040510e-03
1.000000000000000000e+01 2.378856649048956447e-03
1.100000000000000000e+01 -1.344734325503556594e-05
1.200000000000000000e+01 5.008811879004186444e-03
1.300000000000000000e+01 2.858101478293785698e-03
1.000000000000000000e+00 6.748371480888962519e-04
2.000000000000000000e+00 -2.072881925766541060e-03
3.000000000000000000e+00 -2.002068816317067838e-03
4.000000000000000000e+00 -1.971669585917837364e-03
5.000000000000000000e+00 -2.053668142916394244e-03
6.000000000000000000e+00 -1.106115232863484534e-03
7.000000000000000000e+00 3.900498523750271524e-03
8.000000000000000000e+00 -2.186496425744677372e-03
9.000000000000000000e+00 -1.943068094816346450e-03
1.000000000000000000e+01 5.323742871994619971e-03
1.100000000000000000e+01 -1.194607296355548048e-03
1.200000000000000000e+01 1.773688756206238731e-04
1.300000000000000000e+01 4.174239933855318323e-03
1.000000000000000000e+00 -5.607237039055220371e-04
2.000000000000000000e+00 -1.326266031947849955e-03
3.000000000000000000e+00 -2.202684983366801075e-03
4.000000000000000000e+00 -1.514168869850687771e-03
5.000000000000000000e+00 -2.231815574997392856e-03
6.000000000000000000e+00 -7.504783936602118025e-04
7.000000000000000000e+00 1.298662911162911087e-03
8.000000000000000000e+00 -1.787492473856110067e-03
9.000000000000000000e+00 -1.785477191159009136e-03
1.000000000000000000e+01 5.928562010380191566e-03
1.100000000000000000e+01 -8.863009044827225734e-04
1.200000000000000000e+01 2.457067301385482821e-03
1.300000000000000000e+01 3.006883100064917849e-03
1.000000000000000000e+00 9.386890886890885549e-04
2.000000000000000000e+00 -1.155280367780367641e-03
3.000000000000000000e+00 -2.028981666481666311e-03
4.000000000000000000e+00 -1.678482628482628374e-03
5.000000000000000000e+00 -1.751913364413364193e-03
6.000000000000000000e+00 -1.613866226366226153e-03
7.000000000000000000e+00 2.292627280127279652e-03
8.000000000000000000e+00 -2.047265697265696939e-03
9.000000000000000000e+00 -2.042720242720242382e-03
1.000000000000000000e+01 1.002902652902652693e-03
1.100000000000000000e+01 -1.905737780737780753e-04
1.200000000000000000e+01 2.797930310430310052e-03
1.300000000000000000e+01 5.281179468679468060e-03
1.000000000000000000e+00 8.064139208369976554e-04
2.000000000000000000e+00 -1.756838104915027770e-03
3.000000000000000000e+00 -1.842648590725513543e-03
4.000000000000000000e+00 -1.076318624395547355e-03
5.000000000000000000e+00 -1.622801308378231258e-03
6.000000000000000000e+00 -6.347962578731808966e-04
7.000000000000000000e+00 3.057056796479873211e-03
8.000000000000000000e+00 -1.388914824491747435e-03
9.000000000000000000e+00 -1.077214487791410729e-03
1.000000000000000000e+01 1.035700375123451908e-03
1.100000000000000000e+01 2.559444828675597671e-04
1.200000000000000000e+01 6.354057623288391797e-04
1.300000000000000000e+01 3.495290322213398613e-03
1.000000000000000000e+00 2.286761849261848781e-03
2.000000000000000000e+00 -1.717398804898804697e-03
3.000000000000000000e+00 -2.004808617308616835e-03
4.000000000000000000e+00 -2.151320901320901184e-04
5.000000000000000000e+00 -1.999156861656861510e-03
6.000000000000000000e+00 -1.789392551892551734e-03
7.000000000000000000e+00 1.477857327857327830e-03
8.000000000000000000e+00 -2.071619584119583669e-03
9.000000000000000000e+00 -2.111019536019535618e-03
1.000000000000000000e+01 2.902887390387390212e-03
1.100000000000000000e+01 6.689828689828688840e-04
1.200000000000000000e+01 3.933575221075220549e-03
1.300000000000000000e+01 3.932012432012431933e-04
1.000000000000000000e+00 2.331220915836300193e-03
2.000000000000000000e+00 -1.654385144769759952e-03
3.000000000000000000e+00 -1.826739642124257379e-03
4.000000000000000000e+00 -1.363674466559081783e-03
5.000000000000000000e+00 -1.761618189502804676e-03
6.000000000000000000e+00 -8.459907613753767227e-04
7.000000000000000000e+00 3.075683397798782259e-03
8.000000000000000000e+00 -1.871863499748114938e-03
9.000000000000000000e+00 -1.914540267424882751e-03
1.000000000000000000e+01 2.233180992796377200e-03
1.100000000000000000e+01 -5.775813929660083374e-04
1.200000000000000000e+01 8.986271207425053364e-04
1.300000000000000000e+01 3.006324515939900500e-03
1.000000000000000000e+00 -6.847166722166721188e-04
2.000000000000000000e+00 -1.908688533688533435e-03
3.000000000000000000e+00 -2.272445147445147345e-03
4.000000000000000000e+00 -2.148166648166647923e-03
5.000000000000000000e+00 -1.891685166685166475e-03
6.000000000000000000e+00 -1.855910755910755760e-03
7.000000000000000000e+00 3.842435804935804590e-03
8.000000000000000000e+00 -2.330213305213304966e-03
9.000000000000000000e+00 -6.104381729381729363e-04
1.000000000000000000e+01 4.869696507196506763e-03
1.100000000000000000e+01 -4.986217486217483412e-05
1.200000000000000000e+01 7.611286861286860068e-04
1.300000000000000000e+01 4.071668609168608427e-03
1.000000000000000000e+00 1.157766770266770032e-03
2.000000000000000000e+00 -1.811359011359011187e-03
3.000000000000000000e+00 -2.207414807414807313e-03
4.000000000000000000e+00 -1.671303696303696193e-03
5.000000000000000000e+00 -2.037308987308986997e-03
6.000000000000000000e+00 -5.352166352166351851e-04
7.000000000000000000e+00 6.580253080253079673e-04
8.000000000000000000e+00 -2.182979982979982823e-03
9.000000000000000000e+00 -2.162068487068486734e-03
1.000000000000000000e+01 3.557381969881969527e-03
1.100000000000000000e+01 -3.891548266548265763e-04
1.200000000000000000e+01 1.440474802974802933e-03
1.300000000000000000e+01 5.919214581714580918e-03
1.000000000000000000e+00 1.944222890551561755e-03
2.000000000000000000e+00 -1.572380371506245430e-03
3.000000000000000000e+00 -1.939175487164997592e-03
4.000000000000000000e+00 -1.438796699286209665e-03
5.000000000000000000e+00 -1.780054515544025971e-03
6.000000000000000000e+00 -1.966129571024675731e-04
7.000000000000000000e+00 2.262441708770379645e-03
8.000000000000000000e+00 -2.017873178362688657e-03
9.000000000000000000e+00 -1.717715928205438593e-03
1.000000000000000000e+01 1.495125859636349010e-03
1.100000000000000000e+01 -5.872935727830832413e-04
1.200000000000000000e+01 9.354156624261517885e-04
1.300000000000000000e+01 4.286800725174850189e-03
1.000000000000000000e+00 1.749682724682724436e-03
2.000000000000000000e+00 -1.666166241166241015e-03
3.000000000000000000e+00 -1.982935120435120116e-03
4.000000000000000000e+00 -1.801110926110925875e-03
5.000000000000000000e+00 -1.935442335442335259e-03
6.000000000000000000e+00 -7.299649424649423983e-04
7.000000000000000000e+00 2.337465312465312247e-03
8.000000000000000000e+00 -1.966611166611166323e-03
9.000000000000000000e+00 -1.833518333518333304e-03
1.000000000000000000e+01 5.958719521219521011e-03
1.100000000000000000e+01 -1.217092167092167056e-03
1.200000000000000000e+01 7.906038406038405153e-04
1.300000000000000000e+01 2.017612017612017538e-03
1.000000000000000000e+00 -3.445470225190504329e-04
2.000000000000000000e+00 -1.996032111504139270e-03
3.000000000000000000e+00 -2.234331774803802705e-03
4.000000000000000000e+00 -2.621489168691970589e-05
5.000000000000000000e+00 -2.370923886395914174e-03
6.000000000000000000e+00 -1.466198056670084578e-03
7.000000000000000000e+00 2.161573540419693771e-03
8.000000000000000000e+00 -2.429714170186197952e-03
9.000000000000000000e+00 -2.299495314967342496e-03
1.000000000000000000e+01 7.365956825484796730e-03
1.100000000000000000e+01 7.186684656964375736e-04
1.200000000000000000e+01 -4.317283597003875690e-04
1.300000000000000000e+01 2.911826233854205703e-03
1.000000000000000000e+00 2.277976190476190075e-03
2.000000000000000000e+00 -1.556782106782106639e-03
3.000000000000000000e+00 -2.162974987974987644e-03
4.000000000000000000e+00 -1.308730158730158711e-03
5.000000000000000000e+00 -1.055465367965367817e-03
6.000000000000000000e+00 -1.330741943241942971e-03
7.000000000000000000e+00 2.426479076479076159e-03
8.000000000000000000e+00 -2.176034151034150765e-03
9.000000000000000000e+00 -1.945256132756132501e-03
1.000000000000000000e+01 4.258712121212120637e-03
1.100000000000000000e+01 -3.538961038961034594e-05
1.200000000000000000e+01 5.368085618085617497e-04
1.300000000000000000e+01 1.966119528619528472e-03
1.000000000000000000e+00 -2.850030667338359410e-04
2.000000000000000000e+00 -1.682844577075346239e-03
3.000000000000000000e+00 -1.893360450091219251e-03
4.000000000000000000e+00 -1.729994649225418324e-03
5.000000000000000000e+00 -1.896769541000310061e-03
6.000000000000000000e+00 -1.087035293766062775e-03
7.000000000000000000e+00 3.487609968379198899e-03
8.000000000000000000e+00 -2.001459295690064585e-03
9.000000000000000000e+00 -1.992332311563080327e-03
1.000000000000000000e+01 3.469133537402767798e-03
1.100000000000000000e+01 1.684661492353799498e-04
1.200000000000000000e+01 2.380969813662120948e-04
1.300000000000000000e+01 4.839258782528012802e-03
1.000000000000000000e+00 1.235425151771305441e-03
2.000000000000000000e+00 -1.652291298445144425e-03
3.000000000000000000e+00 -2.109987306141152159e-03
4.000000000000000000e+00 -1.533171529325375254e-03
5.000000000000000000e+00 -1.650691971845817934e-03
6.000000000000000000e+00 -1.540344448998295056e-03
7.000000000000000000e+00 5.715492128953666724e-04
8.000000000000000000e+00 -1.926269172423018339e-03
9.000000000000000000e+00 -2.042490913644759345e-03
1.000000000000000000e+01 4.561573540419693561e-03
1.100000000000000000e+01 -6.555200141738602585e-04
1.200000000000000000e+01 2.066305382651536376e-03
1.300000000000000000e+01 4.395742612088765315e-03
1.000000000000000000e+00 -5.202197019504710982e-04
2.000000000000000000e+00 -2.081306763037531812e-03
3.000000000000000000e+00 -2.006036200266969344e-03
4.000000000000000000e+00 -1.943536200266969289e-03
5.000000000000000000e+00 -1.511603780834550048e-03
6.000000000000000000e+00 -1.205951562682331746e-03
7.000000000000000000e+00 2.322463078232308957e-03
8.000000000000000000e+00 -2.193025137255906216e-03
9.000000000000000000e+00 -2.102536921767690723e-03
1.000000000000000000e+01 3.464039557308787581e-03
1.100000000000000000e+01 -4.885578452886144181e-04
1.200000000000000000e+01 1.698894979664210270e-03
1.300000000000000000e+01 6.210486166255396040e-03
1.000000000000000000e+00 2.208314762160915826e-03
2.000000000000000000e+00 -1.732239590893436829e-03
3.000000000000000000e+00 -1.858237666891512929e-03
4.000000000000000000e+00 -1.895046228700074777e-03
5.000000000000000000e+00 -1.743254501908347853e-03
6.000000000000000000e+00 -1.538485375023836339e-04
7.000000000000000000e+00 1.449578590924744661e-03
8.000000000000000000e+00 -1.870773741927587996e-03
9.000000000000000000e+00 -1.708610442264288289e-03
1.000000000000000000e+01 1.711098552444706173e-03
1.100000000000000000e+01 -2.364904326442788087e-04
1.200000000000000000e+01 -3.203468540007001252e-04
1.300000000000000000e+01 5.986171627517780994e-03
1.000000000000000000e+00 -6.709623709623708382e-04
2.000000000000000000e+00 -2.103706478706478429e-03
3.000000000000000000e+00 -2.163290413290413182e-03
4.000000000000000000e+00 -1.589631202131201954e-03
5.000000000000000000e+00 -2.026656214156213973e-03
6.000000000000000000e+00 -7.264036889036887918e-04
7.000000000000000000e+00 2.188525363525363216e-03
8.000000000000000000e+00 -2.164438801938801688e-03
9.000000000000000000e+00 -1.768238705738705641e-03
1.000000000000000000e+01 6.215100640100639472e-03
1.100000000000000000e+01 7.091662966662965698e-04
1.200000000000000000e+01 2.195740370740370540e-03
1.300000000000000000e+01 1.631226181226181141e-03
1.000000000000000000e+00 -7.332436082436084607e-05
2.000000000000000000e+00 -1.810361397861397605e-03
3.000000000000000000e+00 -1.828308728308728056e-03
4.000000000000000000e+00 -1.682445332445332191e-03
5.000000000000000000e+00 -1.649220224220224055e-03
6.000000000000000000e+00 -1.000434750434750280e-03
7.000000000000000000e+00 1.883860583860583800e-03
8.000000000000000000e+00 -1.930389055389055341e-03
9.000000000000000000e+00 -1.687399637399637211e-03
1.000000000000000000e+01 3.892867317867317479e-03
1.100000000000000000e+01 1.795717245717245655e-03
1.200000000000000000e+01 2.049847837347836942e-03
1.300000000000000000e+01 1.924571262071261965e-03
1.000000000000000000e+00 1.654254541754541586e-03
2.000000000000000000e+00 -2.099154549154548868e-03
3.000000000000000000e+00 -2.310241610241610052e-03
4.000000000000000000e+00 -1.330437617937617811e-03
5.000000000000000000e+00 -1.956080956080955956e-03
6.000000000000000000e+00 -1.366434491434491329e-03
7.000000000000000000e+00 1.805769693269692992e-03
8.000000000000000000e+00 -2.024930162430162075e-03
9.000000000000000000e+00 -2.157439782439782381e-03
1.000000000000000000e+01 3.268317793317793152e-03
1.100000000000000000e+01 4.054510304510304552e-04
1.200000000000000000e+01 -1.689417064417064100e-04
1.300000000000000000e+01 6.096871184371183486e-03
1.000000000000000000e+00 -1.114387380296471067e-03
2.000000000000000000e+00 -1.967886658795749578e-03
3.000000000000000000e+00 -2.170820761729852326e-03
4.000000000000000000e+00 -1.834667563076653775e-03
5.000000000000000000e+00 -2.077999693908784678e-03
6.000000000000000000e+00 -1.303222703222703090e-03
7.000000000000000000e+00 2.287398333989242895e-03
8.000000000000000000e+00 -2.287258953168043972e-03
9.000000000000000000e+00 -1.858278674187764960e-03
1.000000000000000000e+01 4.001563798154706905e-03
1.100000000000000000e+01 -5.359493200402292367e-05
1.200000000000000000e+01 2.149206895797804717e-03
1.300000000000000000e+01 5.969065656565655971e-03
1.000000000000000000e+00 2.544288581788581305e-03
2.000000000000000000e+00 -1.673243885743885611e-03
3.000000000000000000e+00 -2.009300884300884143e-03
4.000000000000000000e+00 -1.729166204166203988e-03
5.000000000000000000e+00 -1.891137103637103439e-03
6.000000000000000000e+00 -1.487589725089724906e-03
7.000000000000000000e+00 2.978680116180115918e-03
8.000000000000000000e+00 -2.072444222444222005e-03
9.000000000000000000e+00 -1.743139268139268054e-03
1.000000000000000000e+01 2.142250342250341839e-03
1.100000000000000000e+01 4.777361527361526994e-04
1.200000000000000000e+01 1.982985070485070080e-03
1.300000000000000000e+01 2.290398490398489958e-03
1.000000000000000000e+00 1.212136652521267864e-03
2.000000000000000000e+00 -1.935658944137964898e-03
3.000000000000000000e+00 -1.703185399164419906e-03
4.000000000000000000e+00 -1.734859280838301670e-03
5.000000000000000000e+00 -1.829448025427046331e-03
6.000000000000000000e+00 -1.337534846013866850e-03
7.000000000000000000e+00 2.764154668175646760e-03
8.000000000000000000e+00 -1.962180108159128789e-03
9.000000000000000000e+00 -1.753594249573270500e-03
1.000000000000000000e+01 4.006127972648950916e-03
1.100000000000000000e+01 -4.661521882675728691e-04
1.200000000000000000e+01 2.134639276160255061e-03
1.300000000000000000e+01 2.230933259954238738e-03
1.000000000000000000e+00 1.698423041604859652e-03
2.000000000000000000e+00 -1.281116400434582090e-03
3.000000000000000000e+00 -2.010721980040161474e-03
4.000000000000000000e+00 -1.393730638048819651e-03
5.000000000000000000e+00 -1.967552186870368588e-03
6.000000000000000000e+00 -8.692247567247566795e-04
7.000000000000000000e+00 2.109839697339696910e-03
8.000000000000000000e+00 -2.043189512507694212e-03
9.000000000000000000e+00 -2.003230397548579067e-03
1.000000000000000000e+01 5.461349929531747471e-03
1.100000000000000000e+01 -2.094353037534855565e-04
1.200000000000000000e+01 3.208677265495447190e-04
1.300000000000000000e+01 1.924763830445648570e-03
1.000000000000000000e+00 1.893907018907018650e-04
2.000000000000000000e+00 -1.113483275983275910e-03
3.000000000000000000e+00 -1.696744459244459114e-03
4.000000000000000000e+00 -1.613819976319976097e-03
5.000000000000000000e+00 -1.085723535723535655e-03
6.000000000000000000e+00 -7.967745217745216858e-04
7.000000000000000000e+00 2.313633126133125915e-03
8.000000000000000000e+00 -1.744339456839456588e-03
9.000000000000000000e+00 -1.692764180264180133e-03
1.000000000000000000e+01 1.250790413290413065e-03
1.100000000000000000e+01 9.693870943870943257e-04
1.200000000000000000e+01 1.941404891404891180e-03
1.300000000000000000e+01 2.851133126133125698e-03
1.000000000000000000e+00 -8.215955340955340179e-04
2.000000000000000000e+00 -1.998315110815110634e-03
3.000000000000000000e+00 -2.016821604321604282e-03
4.000000000000000000e+00 -1.800299237799237546e-03
5.000000000000000000e+00 -1.944238631738631502e-03
6.000000000000000000e+00 -1.165192215192214966e-03
7.000000000000000000e+00 6.365477577977577718e-03
8.000000000000000000e+00 -2.072834110334109865e-03
9.000000000000000000e+00 -2.069719632219631927e-03
1.000000000000000000e+01 2.497121397121396680e-03
1.100000000000000000e+01 -6.699360824360823651e-04
1.200000000000000000e+01 2.437447274947274721e-03
1.300000000000000000e+01 2.852328227328226884e-03
1.000000000000000000e+00 -4.000328731097961403e-04
2.000000000000000000e+00 -1.968930179507102137e-03
3.000000000000000000e+00 -1.990923926500849477e-03
4.000000000000000000e+00 -2.151998962575885337e-03
5.000000000000000000e+00 -1.780173565750488686e-03
6.000000000000000000e+00 -1.279662502739425597e-03
7.000000000000000000e+00 1.710242499665576331e-03
8.000000000000000000e+00 -2.228466014042937079e-03
9.000000000000000000e+00 -2.106929217506140276e-03
1.000000000000000000e+01 3.082578959502036298e-03
1.100000000000000000e+01 -6.960225315994545857e-04
1.200000000000000000e+01 4.097856737279814004e-03
1.300000000000000000e+01 5.474654939078015675e-03
1.000000000000000000e+00 1.086686390532544356e-03
2.000000000000000000e+00 -2.041121449775295475e-03
3.000000000000000000e+00 -2.062922796576642341e-03
4.000000000000000000e+00 -1.720414379068225131e-03
5.000000000000000000e+00 -1.721117842271688248e-03
6.000000000000000000e+00 6.585999470614853878e-05
7.000000000000000000e+00 2.779218858065011805e-03
8.000000000000000000e+00 -1.974003845157691010e-03
9.000000000000000000e+00 -1.464702498356344274e-03
1.000000000000000000e+01 5.069911498757652228e-03
1.100000000000000000e+01 -1.198444682098528166e-03
1.200000000000000000e+01 2.048862462324000462e-04
1.300000000000000000e+01 2.763754692600846243e-03
1.000000000000000000e+00 2.864959114959112065e-05
2.000000000000000000e+00 -2.214953102453102399e-03
3.000000000000000000e+00 -2.212512025012024815e-03
4.000000000000000000e+00 -2.067213804713804309e-03
5.000000000000000000e+00 -1.868933381433381330e-03
6.000000000000000000e+00 -1.512037037037036995e-03
7.000000000000000000e+00 7.899290524290523974e-04
8.000000000000000000e+00 -2.121963684463684229e-03
9.000000000000000000e+00 -2.121266233766233491e-03
1.000000000000000000e+01 8.335666185666184072e-03
1.100000000000000000e+01 4.834355459355458976e-04
1.200000000000000000e+01 2.616925204425204175e-03
1.300000000000000000e+01 1.713936988936988828e-03
1.000000000000000000e+00 7.605533355533355185e-04
2.000000000000000000e+00 -1.761061623561623306e-03
3.000000000000000000e+00 -1.932381969881969818e-03
4.000000000000000000e+00 -1.592807655307655265e-03
5.000000000000000000e+00 -1.527127039627039582e-03
6.000000000000000000e+00 -1.521697746697746626e-03
7.000000000000000000e+00 5.461509324009323520e-03
8.000000000000000000e+00 -1.796090483590483382e-03
9.000000000000000000e+00 -1.997112609612609196e-03
1.000000000000000000e+01 1.711052373552373511e-03
1.100000000000000000e+01 3.413193288193287832e-04
1.200000000000000000e+01 1.015892440892440839e-03
1.300000000000000000e+01 2.476095663595663434e-03
1.000000000000000000e+00 2.170086857586857321e-03
2.000000000000000000e+00 -2.012356624856624643e-03
3.000000000000000000e+00 -2.137801550301549926e-03
4.000000000000000000e+00 -1.258869371369371153e-03
5.000000000000000000e+00 -1.707306119806119684e-03
6.000000000000000000e+00 -5.381142006142005090e-04
7.000000000000000000e+00 1.202199652199652073e-03
8.000000000000000000e+00 -2.117828005328004949e-03
9.000000000000000000e+00 -2.181752969252969028e-03
1.000000000000000000e+01 3.010749435749435730e-03
1.100000000000000000e+01 -4.690244940244940163e-04
1.200000000000000000e+01 1.330278055278055196e-03
1.300000000000000000e+01 4.430698930698930525e-03
1.000000000000000000e+00 5.805014561287699312e-04
2.000000000000000000e+00 -2.093765018137704048e-03
3.000000000000000000e+00 -1.868247942620628651e-03
4.000000000000000000e+00 -1.972490585499634807e-03
5.000000000000000000e+00 -1.958321295193981085e-03
6.000000000000000000e+00 -9.098821526371916098e-04
7.000000000000000000e+00 1.143753019380333016e-03
8.000000000000000000e+00 -2.052362901735587525e-03
9.000000000000000000e+00 -1.619426393799079699e-03
1.000000000000000000e+01 7.216632791123740905e-03
1.100000000000000000e+01 -4.643939262666123583e-04
1.200000000000000000e+01 2.609336509963823634e-03
1.300000000000000000e+01 1.064063264690578341e-03
1.000000000000000000e+00 2.431326508249584926e-03
2.000000000000000000e+00 -1.989867575444498240e-03
3.000000000000000000e+00 -2.215011875588798317e-03
4.000000000000000000e+00 -1.804189364766287801e-03
5.000000000000000000e+00 -1.850112885689808714e-03
6.000000000000000000e+00 -1.292320677897600915e-03
7.000000000000000000e+00 2.798036649959726504e-03
8.000000000000000000e+00 -2.241082101659024658e-03
9.000000000000000000e+00 -2.271457282034204748e-03
1.000000000000000000e+01 3.789076628499705134e-03
1.100000000000000000e+01 -1.096036406613329480e-03
1.200000000000000000e+01 4.123760142990911507e-04
1.300000000000000000e+01 4.960485312408388810e-03
1.000000000000000000e+00 -2.004093129093129067e-04
2.000000000000000000e+00 -1.566919654419654268e-03
3.000000000000000000e+00 -2.010101472601472528e-03
4.000000000000000000e+00 -1.559794834794834585e-03
5.000000000000000000e+00 -2.086273911273910965e-03
6.000000000000000000e+00 -1.262560587560587451e-03
7.000000000000000000e+00 2.191269378769378738e-03
8.000000000000000000e+00 -2.220683483183483013e-03
9.000000000000000000e+00 -2.072391034891034756e-03
1.000000000000000000e+01 6.391040903540903297e-03
1.100000000000000000e+01 -3.996156621156620771e-04
1.200000000000000000e+01 8.005466755466755270e-04
1.300000000000000000e+01 3.757509157509157215e-03
1.000000000000000000e+00 -1.939019669788900392e-04
2.000000000000000000e+00 -1.727451750528673355e-03
3.000000000000000000e+00 -1.943276666353589352e-03
4.000000000000000000e+00 -9.538045643814873362e-04
5.000000000000000000e+00 -1.862769210846133752e-03
6.000000000000000000e+00 -1.300527748604671631e-03
7.000000000000000000e+00 2.757607634530710988e-03
8.000000000000000000e+00 -2.008163631240554060e-03
9.000000000000000000e+00 -1.780397878474801335e-03
1.000000000000000000e+01 2.466024680447756988e-03
1.100000000000000000e+01 1.500314144544913841e-04
1.200000000000000000e+01 3.609392886315962792e-03
1.300000000000000000e+01 2.538739928163004714e-03
1.000000000000000000e+00 7.693450068450067127e-04
2.000000000000000000e+00 -1.283378658378658181e-03
3.000000000000000000e+00 -1.996413771413771236e-03
4.000000000000000000e+00 -1.650742775742775536e-03
5.000000000000000000e+00 -2.107777407777407675e-03
6.000000000000000000e+00 -1.540749990749990623e-03
7.000000000000000000e+00 2.577546065046064892e-03
8.000000000000000000e+00 -2.205119880119879930e-03
9.000000000000000000e+00 -2.139872164872164660e-03
1.000000000000000000e+01 7.348806286306285365e-03
1.100000000000000000e+01 -5.918983793983793483e-04
1.200000000000000000e+01 -1.840821215821215851e-04
1.300000000000000000e+01 2.899756262256262141e-03
1.000000000000000000e+00 3.812488340460386522e-06
2.000000000000000000e+00 -1.534300787272815025e-03
3.000000000000000000e+00 -2.032040085012112949e-03
4.000000000000000000e+00 -1.933748729902575987e-03
5.000000000000000000e+00 -1.819227434699462491e-03
6.000000000000000000e+00 -5.009794789515068479e-04
7.000000000000000000e+00 2.388895292741446356e-03
8.000000000000000000e+00 -1.682106222578250371e-03
9.000000000000000000e+00 -1.898808964280992171e-03
1.000000000000000000e+01 1.142376701904673775e-03
1.100000000000000000e+01 1.683315855343827348e-03
1.200000000000000000e+01 1.240825475353447230e-03
1.300000000000000000e+01 4.799140771168742929e-03
