1.000000000000000000e+00 2.884256484256483843e-03
2.000000000000000000e+00 -2.212196137196136871e-03
3.000000000000000000e+00 -2.599383486883486468e-03
4.000000000000000000e+00 -2.525447700447700384e-03
5.000000000000000000e+00 -2.292950105450105008e-03
6.000000000000000000e+00 -1.271244958744958574e-03
7.000000000000000000e+00 3.476945276945276556e-03
8.000000000000000000e+00 -2.529939042439042010e-03
9.000000000000000000e+00 -2.424533799533799393e-03
1.000000000000000000e+01 3.899029211529211284e-03
1.100000000000000000e+01 1.660771635771635547e-03
1.200000000000000000e+01 1.022285584785584704e-03
1.300000000000000000e+01 2.703700928700928513e-03
1.000000000000000000e+00 2.087191512191511819e-03
2.000000000000000000e+00 -1.476697376697376539e-03
3.000000000000000000e+00 -2.654865967365967021e-03
4.000000000000000000e+00 -2.125230325230324964e-03
5.000000000000000000e+00 -2.583677896177895717e-03
6.000000000000000000e+00 -1.717420079920079770e-03
7.000000000000000000e+00 3.451675639175639035e-03
8.000000000000000000e+00 -2.018965293965293683e-03
9.000000000000000000e+00 -1.146719021719021583e-03
1.000000000000000000e+01 2.021168183668183363e-03
1.100000000000000000e+01 -4.482401857401857419e-04
1.200000000000000000e+01 2.956720131720131251e-03
1.300000000000000000e+01 3.354519554519554223e-03
1.000000000000000000e+00 2.997666691635223011e-03
2.000000000000000000e+00 -1.666582947614415975e-03
3.000000000000000000e+00 -2.339403687480610082e-03
4.000000000000000000e+00 -2.370533164064632294e-03
5.000000000000000000e+00 -4.001808312122997081e-04
6.000000000000000000e+00 -1.875162793694262102e-03
7.000000000000000000e+00 -5.843467074236304362e-04
8.000000000000000000e+00 -2.404978811010279223e-03
9.000000000000000000e+00 -2.028872509903978123e-03
1.000000000000000000e+01 2.410515416983948032e-03
1.100000000000000000e+01 3.857679422364737078e-04
1.200000000000000000e+01 3.922017340985872215e-03
1.300000000000000000e+01 3.815986797455328712e-03
1.000000000000000000e+00 4.870136542426751688e-03
2.000000000000000000e+00 -2.207952960662750742e-03
3.000000000000000000e+00 -2.409907025116815073e-03
4.000000000000000000e+00 -1.391881532091322152e-03
5.000000000000000000e+00 -2.238887304097094029e-03
6.000000000000000000e+00 -9.499262651360552805e-04
7.000000000000000000e+00 1.261371233661443339e-03
8.000000000000000000e+00 -2.462793028002817960e-03
9.000000000000000000e+00 -1.986301926511716519e-03
1.000000000000000000e+01 2.581477053767263202e-03
1.100000000000000000e+01 -1.234089324299114318e-03
1.200000000000000000e+01 -4.141015679477217824e-04
1.300000000000000000e+01 6.139451823105668456e-03
1.000000000000000000e+00 1.073110223110222954e-03
2.000000000000000000e+00 -2.342804880304880186e-03
3.000000000000000000e+00 -2.242889055389054968e-03
4.000000000000000000e+00 -2.116133403633403253e-03
5.000000000000000000e+00 -2.065429940429940221e-03
6.000000000000000000e+00 -3.306836681836681363e-04
7.000000000000000000e+00 2.899120324120323718e-03
8.000000000000000000e+00 -2.150981888481888048e-03
9.000000000000000000e+00 -2.227905890405890155e-03
1.000000000000000000e+01 4.803960391460391360e-03
1.100000000000000000e+01 -1.874898249898249831e-04
1.200000000000000000e+01 1.521679246679246431e-03
1.300000000000000000e+01 3.108728308728308382e-03
1.000000000000000000e+00 3.100362600362599648e-04
2.000000000000000000e+00 -2.420224682724682243e-03
3.000000000000000000e+00 -2.707261719761719278e-03
4.000000000000000000e+00 -2.495621508121507928e-03
5.000000000000000000e+00 -2.548838198838198395e-03
6.000000000000000000e+00 -1.295044307544307481e-03
7.000000000000000000e+00 5.107504995004994754e-03
8.000000000000000000e+00 -2.707261719761719278e-03
9.000000000000000000e+00 -2.256937044437043981e-03
1.000000000000000000e+01 4.364936452436451834e-03
1.100000000000000000e+01 1.107998482998482747e-04
1.200000000000000000e+01 2.437693787693787258e-03
1.300000000000000000e+01 3.880051892551892451e-03
1.000000000000000000e+00 2.149899174899174824e-03
2.000000000000000000e+00 -2.069731657231657120e-03
3.000000000000000000e+00 -2.752674177674177547e-03
4.000000000000000000e+00 -2.119046231546231271e-03
5.000000000000000000e+00 -2.304562104562104217e-03
6.000000000000000000e+00 -1.743396880896880751e-03
7.000000000000000000e+00 1.805833518333518212e-03
8.000000000000000000e+00 -2.748435360935360620e-03
9.000000000000000000e+00 -2.280842768342768254e-03
1.000000000000000000e+01 4.340321715321715447e-04
1.100000000000000000e+01 2.615754615754615564e-04
1.200000000000000000e+01 4.406783494283493530e-03
1.300000000000000000e+01 6.711767861767861491e-03
1.000000000000000000e+00 4.311262989147603836e-03
2.000000000000000000e+00 -2.052686024801408937e-03
3.000000000000000000e+00 -2.354032826148210432e-03
4.000000000000000000e+00 -1.999667746783131105e-03
5.000000000000000000e+00 -2.230349564964949349e-03
6.000000000000000000e+00 -1.490113874729259236e-03
7.000000000000000000e+00 1.257659185543800974e-03
8.000000000000000000e+00 -2.455127102242486703e-03
9.000000000000000000e+00 -1.973104495219879691e-03
1.000000000000000000e+01 2.980563133447748387e-03
1.100000000000000000e+01 -1.075244947360331832e-03
1.200000000000000000e+01 3.566349569234184436e-03
1.300000000000000000e+01 3.405749521134136294e-03
1.000000000000000000e+00 6.548344461805999253e-04
2.000000000000000000e+00 -1.258957317611163499e-03
3.000000000000000000e+00 -2.454887776041621804e-03
4.000000000000000000e+00 -2.535575606729452685e-03
5.000000000000000000e+00 -2.358038329192175056e-03
6.000000000000000000e+00 -6.420390506928967764e-04
7.000000000000000000e+00 2.758622324968478413e-03
8.000000000000000000e+00 -2.618993115146960992e-03
9.000000000000000000e+00 -2.230591239245085199e-03
1.000000000000000000e+01 5.552736081582234848e-03
1.100000000000000000e+01 6.741260875876262148e-05
1.200000000000000000e+01 2.544763498609652064e-03
1.300000000000000000e+01 2.220539111885265482e-03
1.000000000000000000e+00 1.003576978576978512e-03
2.000000000000000000e+00 -1.805165205165204989e-03
3.000000000000000000e+00 -2.510714748214747799e-03
4.000000000000000000e+00 -2.225036537536537098e-03
5.000000000000000000e+00 -2.040614940614940160e-03
6.000000000000000000e+00 -1.079533892033891990e-03
7.000000000000000000e+00 1.507966107966107749e-03
8.000000000000000000e+00 -2.372631535131535050e-03
9.000000000000000000e+00 -2.458514171014170892e-03
1.000000000000000000e+01 3.101202038702038487e-03
1.100000000000000000e+01 1.103781403781403572e-03
1.200000000000000000e+01 2.948334073334073126e-03
1.300000000000000000e+01 4.578655141155140579e-03
1.000000000000000000e+00 2.350658369408369173e-03
2.000000000000000000e+00 -1.676948051948051700e-03
3.000000000000000000e+00 -2.577227633477633274e-03
4.000000000000000000e+00 -2.393305074555074439e-03
5.000000000000000000e+00 -2.562094155844155726e-03
6.000000000000000000e+00 -1.536991943241943024e-03
7.000000000000000000e+00 3.808161976911976672e-03
8.000000000000000000e+00 -2.637749518999518705e-03
9.000000000000000000e+00 -2.316922198172197741e-03
1.000000000000000000e+01 1.013507094757094612e-03
1.100000000000000000e+01 1.950159331409331322e-03
1.200000000000000000e+01 7.513858826358825981e-04
1.300000000000000000e+01 5.757019600769600239e-03
1.000000000000000000e+00 3.192796823740879242e-03
2.000000000000000000e+00 -2.049511331067274678e-03
3.000000000000000000e+00 -2.334143365699309705e-03
4.000000000000000000e+00 -2.336746780802724782e-03
5.000000000000000000e+00 -2.406654188210132200e-03
6.000000000000000000e+00 -1.533365566057873610e-03
7.000000000000000000e+00 4.656645475089530271e-03
8.000000000000000000e+00 -2.142939661995605857e-03
9.000000000000000000e+00 -2.290432446988390977e-03
1.000000000000000000e+01 2.358707764651820412e-03
1.100000000000000000e+01 1.032409063353119166e-03
1.200000000000000000e+01 2.303106987547546961e-04
1.300000000000000000e+01 3.429705622013314026e-03
1.000000000000000000e+00 4.968712306212305641e-03
2.000000000000000000e+00 -2.353125115625115567e-03
3.000000000000000000e+00 -2.635869223369223177e-03
4.000000000000000000e+00 -2.148260998260998096e-03
5.000000000000000000e+00 -1.991863691863691738e-03
6.000000000000000000e+00 -5.833740333740333565e-04
7.000000000000000000e+00 2.381927794427794211e-03
8.000000000000000000e+00 -2.633319920819920598e-03
9.000000000000000000e+00 -2.665498852998852627e-03
1.000000000000000000e+01 2.784320771820771642e-03
1.100000000000000000e+01 -7.860135235135234499e-04
1.200000000000000000e+01 -4.135087135087134693e-04
1.300000000000000000e+01 5.878843378843378459e-03
1.000000000000000000e+00 -8.966759735990499755e-05
2.000000000000000000e+00 -1.698592468784776259e-03
3.000000000000000000e+00 -2.522423730116037707e-03
4.000000000000000000e+00 -1.582284239976547522e-03
5.000000000000000000e+00 -2.515779910972218338e-03
6.000000000000000000e+00 -1.542553600245907775e-03
7.000000000000000000e+00 2.382434374742066919e-03
8.000000000000000000e+00 -2.436967982160289682e-03
9.000000000000000000e+00 -2.534671204863512065e-03
1.000000000000000000e+01 1.462581079888772154e-03
1.100000000000000000e+01 1.045890363198055239e-03
1.200000000000000000e+01 6.213194818002509487e-03
1.300000000000000000e+01 3.686522878830571052e-03
1.000000000000000000e+00 2.412986291745032857e-03
2.000000000000000000e+00 -2.233509510432587098e-03
3.000000000000000000e+00 -2.500704184445442721e-03
4.000000000000000000e+00 -2.363438672179930464e-03
5.000000000000000000e+00 -2.443044251785510095e-03
6.000000000000000000e+00 -1.118447089688348389e-03
7.000000000000000000e+00 3.776977393236134132e-03
8.000000000000000000e+00 -2.398323232064490402e-03
9.000000000000000000e+00 -2.225475709216967902e-03
1.000000000000000000e+01 3.884661375920116840e-03
1.100000000000000000e+01 -8.800752763165349936e-04
1.200000000000000000e+01 2.013654604913346115e-03
1.300000000000000000e+01 3.825435711012633612e-03
1.000000000000000000e+00 1.223730646457919010e-03
2.000000000000000000e+00 -1.386424476197203231e-03
3.000000000000000000e+00 -2.352315529588256716e-03
4.000000000000000000e+00 -2.152507929780656665e-03
5.000000000000000000e+00 -2.526816491589218422e-03
6.000000000000000000e+00 -1.156518271290998389e-03
7.000000000000000000e+00 2.135709198209197711e-03
8.000000000000000000e+00 -1.760390871754507905e-03
9.000000000000000000e+00 -1.937999752772479913e-03
1.000000000000000000e+01 3.379815302542574749e-03
1.100000000000000000e+01 2.590116112843383577e-05
1.200000000000000000e+01 3.592910540637813104e-03
1.300000000000000000e+01 2.702220086310995213e-03
1.000000000000000000e+00 1.578544141044140861e-03
2.000000000000000000e+00 -1.199365911865911752e-03
3.000000000000000000e+00 -2.445547970547970289e-03
4.000000000000000000e+00 -2.361775724275724016e-03
5.000000000000000000e+00 -2.582200207200206852e-03
6.000000000000000000e+00 -1.689757927257927190e-03
7.000000000000000000e+00 3.187081899581899452e-03
8.000000000000000000e+00 -2.610597273097272752e-03
9.000000000000000000e+00 -2.685296647796647698e-03
1.000000000000000000e+01 3.490167240167240227e-04
1.100000000000000000e+01 4.260730010730009662e-04
1.200000000000000000e+01 3.270896233396233029e-03
1.300000000000000000e+01 6.583005420505419827e-03
1.000000000000000000e+00 1.146164625972318114e-03
2.000000000000000000e+00 -2.754512937205244594e-03
3.000000000000000000e+00 -2.944351802044109512e-03
4.000000000000000000e+00 -2.079476862169169632e-03
5.000000000000000000e+00 -2.853051898244205690e-03
6.000000000000000000e+00 -7.129544956468032409e-04
7.000000000000000000e+00 4.400868255675947915e-03
8.000000000000000000e+00 -2.756791676983984252e-03
9.000000000000000000e+00 -1.913249108441415899e-03
1.000000000000000000e+01 8.563757111834034404e-04
1.100000000000000000e+01 1.590562820370512633e-03
1.200000000000000000e+01 3.471585394662317489e-04
1.300000000000000000e+01 7.341230208537900294e-03
1.000000000000000000e+00 4.349315499315498969e-03
2.000000000000000000e+00 -2.067236929736929445e-03
3.000000000000000000e+00 -2.465132552632552220e-03
4.000000000000000000e+00 -8.775724275724275164e-04
5.000000000000000000e+00 -2.472539960039959583e-03
6.000000000000000000e+00 -1.748051023051022928e-03
7.000000000000000000e+00 1.928151478151477957e-03
8.000000000000000000e+00 -2.366731879231879099e-03
9.000000000000000000e+00 -2.288767713767713482e-03
1.000000000000000000e+01 1.974742387242386845e-03
1.100000000000000000e+01 1.863769563769563731e-03
1.200000000000000000e+01 4.028205590705590325e-03
1.300000000000000000e+01 -1.666574166574166311e-05
1.000000000000000000e+00 4.983122219660680689e-03
2.000000000000000000e+00 -2.194246707708246130e-03
3.000000000000000000e+00 -2.657937183898722178e-03
4.000000000000000000e+00 -2.390903754365292667e-03
5.000000000000000000e+00 -2.636388362349900445e-03
6.000000000000000000e+00 -7.834445469060853087e-04
7.000000000000000000e+00 2.895766519804980881e-03
8.000000000000000000e+00 -2.710258011219549273e-03
9.000000000000000000e+00 -2.426804427765965732e-03
1.000000000000000000e+01 1.161904085942547411e-03
1.100000000000000000e+01 3.756606996991611780e-04
1.200000000000000000e+01 1.437216736255197708e-03
1.300000000000000000e+01 4.605782429820890790e-03
1.000000000000000000e+00 3.633223258223257867e-04
2.000000000000000000e+00 -1.820973008473008355e-03
3.000000000000000000e+00 -2.481663244163243714e-03
4.000000000000000000e+00 -2.454210141710141523e-03
5.000000000000000000e+00 -2.114870314870314748e-03
6.000000000000000000e+00 -1.872860935360935253e-03
7.000000000000000000e+00 3.289548877048876878e-03
8.000000000000000000e+00 -2.414407351907351708e-03
9.000000000000000000e+00 -8.510114885114884644e-04
1.000000000000000000e+01 3.347906260406260243e-03
1.100000000000000000e+01 1.376725126725128908e-05
1.200000000000000000e+01 1.678720353720353654e-03
1.300000000000000000e+01 5.189669127169126844e-03
1.000000000000000000e+00 2.206713656713656449e-03
2.000000000000000000e+00 -2.268959743959743716e-03
3.000000000000000000e+00 -2.524539349539349411e-03
4.000000000000000000e+00 -2.243550893550893405e-03
5.000000000000000000e+00 -2.522446997446997196e-03
6.000000000000000000e+00 -1.419696044696044251e-04
7.000000000000000000e+00 3.120828245828245317e-04
8.000000000000000000e+00 -2.447314722314721837e-03
9.000000000000000000e+00 -2.434003034003033583e-03
1.000000000000000000e+01 3.159377196877196509e-03
1.100000000000000000e+01 3.290380915380915357e-04
1.200000000000000000e+01 2.324979649979649551e-03
1.300000000000000000e+01 5.891111203611202642e-03
1.000000000000000000e+00 5.248205097156145686e-03
2.000000000000000000e+00 -2.040579392764707307e-03
3.000000000000000000e+00 -2.477495086498582733e-03
4.000000000000000000e+00 -2.062139146142642418e-03
5.000000000000000000e+00 -2.512217308720804745e-03
6.000000000000000000e+00 -1.262716346719843039e-03
7.000000000000000000e+00 2.502720951672000264e-03
8.000000000000000000e+00 -2.422210093713590001e-03
9.000000000000000000e+00 -2.254929226432722533e-03
1.000000000000000000e+01 9.114779774744809692e-04
1.100000000000000000e+01 -8.974445814480778993e-04
1.200000000000000000e+01 2.033092936589439917e-03
1.300000000000000000e+01 5.058741194055879284e-03
1.000000000000000000e+00 3.908760221260220921e-03
2.000000000000000000e+00 -2.302507215007214801e-03
3.000000000000000000e+00 -2.702549302549302288e-03
4.000000000000000000e+00 -2.692875180375180026e-03
5.000000000000000000e+00 -2.723244348244347954e-03
6.000000000000000000e+00 -1.382022607022606771e-03
7.000000000000000000e+00 4.036922799422798872e-03
8.000000000000000000e+00 -2.776394901394901166e-03
9.000000000000000000e+00 -2.289874939874939497e-03
1.000000000000000000e+01 3.122937710437710072e-03
1.100000000000000000e+01 -1.290085377585377521e-03
1.200000000000000000e+01 1.559860509860509651e-03
1.300000000000000000e+01 5.241570466570466373e-03
1.000000000000000000e+00 1.274233180701712107e-03
2.000000000000000000e+00 -2.180155948687416845e-03
3.000000000000000000e+00 -2.406478700010168410e-03
4.000000000000000000e+00 -4.124791810106495497e-04
5.000000000000000000e+00 -2.507993851525319902e-03
6.000000000000000000e+00 -1.611168454699923175e-03
7.000000000000000000e+00 1.883002609925686719e-03
8.000000000000000000e+00 -2.496209339740808070e-03
9.000000000000000000e+00 -2.272724491255959361e-03
1.000000000000000000e+01 4.264979933948464912e-03
1.100000000000000000e+01 1.757121588590119946e-03
1.200000000000000000e+01 -5.416388519535367236e-05
1.300000000000000000e+01 4.518533325001856081e-03
1.000000000000000000e+00 3.526553076553076357e-03
2.000000000000000000e+00 -1.710796610796610660e-03
3.000000000000000000e+00 -2.571913734413734144e-03
4.000000000000000000e+00 -2.104062604062603616e-03
5.000000000000000000e+00 -1.270176120176119954e-03
6.000000000000000000e+00 -1.168751156251156102e-03
7.000000000000000000e+00 2.848546823546823162e-03
8.000000000000000000e+00 -2.586073186073185870e-03
9.000000000000000000e+00 -2.218450530950530786e-03
1.000000000000000000e+01 3.842768805268805075e-03
1.100000000000000000e+01 -3.307294557294553642e-05
1.200000000000000000e+01 1.572849372849372766e-03
1.300000000000000000e+01 1.774935712435712258e-03
1.000000000000000000e+00 1.155128311859080934e-03
2.000000000000000000e+00 -1.677573708342938903e-03
3.000000000000000000e+00 -2.575697806467036870e-03
4.000000000000000000e+00 -2.505736286505516955e-03
5.000000000000000000e+00 -2.534548215317445913e-03
6.000000000000000000e+00 -1.319354612623843161e-03
7.000000000000000000e+00 4.528366647597416479e-03
8.000000000000000000e+00 -2.550709831479061780e-03
9.000000000000000000e+00 -2.336881067650297978e-03
1.000000000000000000e+01 2.344089350820119638e-03
1.100000000000000000e+01 4.733702551010242647e-04
1.200000000000000000e+01 7.263945456253147843e-04
1.300000000000000000e+01 5.927475409206178249e-03
1.000000000000000000e+00 3.851273904158519432e-03
2.000000000000000000e+00 -1.730995215610600050e-03
3.000000000000000000e+00 -2.218657553272937628e-03
4.000000000000000000e+00 -1.748605845721230108e-03
5.000000000000000000e+00 -1.891553176168560670e-03
6.000000000000000000e+00 -1.725361497476881863e-03
7.000000000000000000e+00 2.772215676061829423e-04
8.000000000000000000e+00 -1.916865826481210962e-03
9.000000000000000000e+00 -2.171315080930465071e-03
1.000000000000000000e+01 2.968794346678961873e-03
1.100000000000000000e+01 2.069797723643877361e-04
1.200000000000000000e+01 1.619137059521674792e-03
1.300000000000000000e+01 4.401183716568331065e-03
1.000000000000000000e+00 -5.067491625183931890e-04
2.000000000000000000e+00 -2.287719580988811438e-03
3.000000000000000000e+00 -2.510951904221134581e-03
4.000000000000000000e+00 -2.401217656986887397e-03
5.000000000000000000e+00 -1.566747960017190588e-03
6.000000000000000000e+00 -1.174815818085048766e-03
7.000000000000000000e+00 3.583949490680259781e-03
8.000000000000000000e+00 -2.619201062470293082e-03
9.000000000000000000e+00 -2.363308806578037161e-03
1.000000000000000000e+01 7.196878264185955533e-04
1.100000000000000000e+01 3.145531462839155044e-04
1.200000000000000000e+01 3.291150160380929088e-03
1.300000000000000000e+01 7.370192876923645914e-03
1.000000000000000000e+00 5.862860928245543050e-03
2.000000000000000000e+00 -2.348286257901642093e-03
3.000000000000000000e+00 -2.611489721105105574e-03
4.000000000000000000e+00 -2.670893280508665046e-03
5.000000000000000000e+00 -2.833711943327327752e-03
6.000000000000000000e+00 -1.437227658381504277e-04
7.000000000000000000e+00 1.368560783945399050e-03
8.000000000000000000e+00 -2.616329788445173003e-03
9.000000000000000000e+00 -2.314976974592358912e-03
1.000000000000000000e+01 7.823835352681505432e-04
1.100000000000000000e+01 -6.877523473677319343e-04
1.200000000000000000e+01 -7.193661039814884962e-04
1.300000000000000000e+01 8.742199645084259424e-03
1.000000000000000000e+00 5.247567247567247158e-04
2.000000000000000000e+00 -2.172892385392385158e-03
3.000000000000000000e+00 -2.299533799533799282e-03
4.000000000000000000e+00 -1.997928460428460059e-03
5.000000000000000000e+00 -2.315527065527065061e-03
6.000000000000000000e+00 -1.055041255041254877e-03
7.000000000000000000e+00 2.923710548710548290e-03
8.000000000000000000e+00 -2.421816146816146726e-03
9.000000000000000000e+00 -2.013675213675213301e-03
1.000000000000000000e+01 5.125363987863987628e-03
1.100000000000000000e+01 2.218106893106892765e-03
1.200000000000000000e+01 3.242800255300255004e-03
1.300000000000000000e+01 1.111444111444111378e-04
1.000000000000000000e+00 1.409608909608906452e-05
2.000000000000000000e+00 -2.402384189884189565e-03
3.000000000000000000e+00 -2.612388999888999499e-03
4.000000000000000000e+00 -2.554308191808191651e-03
5.000000000000000000e+00 -2.603430365930365763e-03
6.000000000000000000e+00 -1.876873126873126628e-03
7.000000000000000000e+00 2.467992192992192555e-03
8.000000000000000000e+00 -2.772586210086209774e-03
9.000000000000000000e+00 -2.195638158138157707e-03
1.000000000000000000e+01 3.222291134791134375e-03
1.100000000000000000e+01 2.633576608576608264e-03
1.200000000000000000e+01 4.759863284863284465e-03
1.300000000000000000e+01 3.717817830317830113e-03
1.000000000000000000e+00 5.006031468531468159e-03
2.000000000000000000e+00 -2.352921152921152743e-03
3.000000000000000000e+00 -2.663142413142412929e-03
4.000000000000000000e+00 -1.737769637769637568e-03
5.000000000000000000e+00 -2.297113072113071957e-03
6.000000000000000000e+00 -1.599181374181374120e-03
7.000000000000000000e+00 1.218122618122618062e-03
8.000000000000000000e+00 -2.412276612276611880e-03
9.000000000000000000e+00 -2.455278055278055111e-03
1.000000000000000000e+01 2.119770044770044430e-03
1.100000000000000000e+01 7.288008288008287908e-04
1.200000000000000000e+01 6.698421948421948158e-04
1.300000000000000000e+01 5.573612036112035595e-03
1.000000000000000000e+00 -8.618819312001130013e-04
2.000000000000000000e+00 -2.243652012970194422e-03
3.000000000000000000e+00 -2.569006750824932590e-03
4.000000000000000000e+00 -2.094541863860045240e-03
5.000000000000000000e+00 -2.502827097145278804e-03
6.000000000000000000e+00 -1.308311595811595743e-03
7.000000000000000000e+00 2.148062753744571594e-03
8.000000000000000000e+00 -2.540669809987991350e-03
9.000000000000000000e+00 -2.044175100993282385e-03
1.000000000000000000e+01 3.300353518535336424e-03
1.100000000000000000e+01 5.983754040572221997e-04
1.200000000000000000e+01 3.683584639266457208e-03
1.300000000000000000e+01 6.204561179561179224e-03
1.000000000000000000e+00 5.597808672808672614e-03
2.000000000000000000e+00 -1.886480648980648793e-03
3.000000000000000000e+00 -2.546978484478484329e-03
4.000000000000000000e+00 -2.260157897657897284e-03
5.000000000000000000e+00 -2.570715858215858081e-03
6.000000000000000000e+00 -1.891525141525141453e-03
7.000000000000000000e+00 3.167686017686017434e-03
8.000000000000000000e+00 -2.505347892847892624e-03
9.000000000000000000e+00 -1.857440244940244869e-03
1.000000000000000000e+01 1.616321178821178558e-03
1.100000000000000000e+01 5.629541754541753356e-04
1.200000000000000000e+01 2.085200447700447622e-03
1.300000000000000000e+01 2.302781015281015007e-03
1.000000000000000000e+00 3.121007375815067729e-03
2.000000000000000000e+00 -2.572831991887935751e-03
3.000000000000000000e+00 -2.654145123201067085e-03
4.000000000000000000e+00 -2.241705248261192072e-03
5.000000000000000000e+00 -2.682506114062057842e-03
6.000000000000000000e+00 -1.225645844701788584e-03
7.000000000000000000e+00 2.114481620425676198e-03
8.000000000000000000e+00 -2.730119149175092887e-03
9.000000000000000000e+00 -2.152936609492553475e-03
1.000000000000000000e+01 2.588321206765262662e-03
1.100000000000000000e+01 6.338981887058809262e-04
1.200000000000000000e+01 3.071227652171707855e-03
1.300000000000000000e+01 4.551041819485874586e-03
1.000000000000000000e+00 5.709756993847902272e-03
2.000000000000000000e+00 -1.795642236551327209e-03
3.000000000000000000e+00 -2.651955367864458624e-03
4.000000000000000000e+00 -2.278855319764410466e-03
5.000000000000000000e+00 -2.731260322169412787e-03
6.000000000000000000e+00 -1.449388574388574269e-03
7.000000000000000000e+00 1.920783383283383022e-03
8.000000000000000000e+00 -2.705045795954886742e-03
9.000000000000000000e+00 -2.583833674742765357e-03
1.000000000000000000e+01 4.067146363737271855e-03
1.100000000000000000e+01 1.177115393024483734e-04
1.200000000000000000e+01 1.084257955848864832e-03
1.300000000000000000e+01 3.124908508999417727e-03
1.000000000000000000e+00 8.732707107707106181e-04
2.000000000000000000e+00 -2.144670607170606758e-03
3.000000000000000000e+00 -2.355186480186479987e-03
4.000000000000000000e+00 -2.433709808709808367e-03
5.000000000000000000e+00 -1.841940929440929195e-03
6.000000000000000000e+00 -8.180652680652679897e-04
7.000000000000000000e+00 2.651078551078550703e-03
8.000000000000000000e+00 -2.514878639878639563e-03
9.000000000000000000e+00 -1.820794945794945545e-03
1.000000000000000000e+01 9.007899507899507158e-04
1.100000000000000000e+01 2.413801013801013425e-03
1.200000000000000000e+01 4.026818089318089100e-03
1.300000000000000000e+01 2.760890960890960769e-03
1.000000000000000000e+00 -8.630869130869129333e-04
2.000000000000000000e+00 -2.089578014578014498e-03
3.000000000000000000e+00 -2.290852665852665445e-03
4.000000000000000000e+00 -2.055475080475080343e-03
5.000000000000000000e+00 -2.206611444111444050e-03
6.000000000000000000e+00 -7.760498760498759892e-04
7.000000000000000000e+00 5.196611259111258777e-03
8.000000000000000000e+00 -2.326578976578976259e-03
9.000000000000000000e+00 -2.215028952528952377e-03
1.000000000000000000e+01 2.159447959447959118e-03
1.100000000000000000e+01 6.452103452103451296e-04
1.200000000000000000e+01 4.094897694897694194e-03
1.300000000000000000e+01 2.331519869019868865e-03
1.000000000000000000e+00 -2.732816684739761528e-04
2.000000000000000000e+00 -2.268603938796246149e-03
3.000000000000000000e+00 -2.583659253851561168e-03
4.000000000000000000e+00 -2.471032991225298632e-03
5.000000000000000000e+00 -1.892942563134870654e-03
6.000000000000000000e+00 -1.274393982086289645e-03
7.000000000000000000e+00 1.944094473902165934e-03
8.000000000000000000e+00 -2.654197974390281635e-03
9.000000000000000000e+00 -2.335667430859738117e-03
1.000000000000000000e+01 1.698363353171045403e-03
1.100000000000000000e+01 -6.669865746788823354e-04
1.200000000000000000e+01 3.220561525369217571e-03
1.300000000000000000e+01 9.278045245352936274e-03
1.000000000000000000e+00 2.636739151162227623e-03
2.000000000000000000e+00 -2.550724773801696637e-03
3.000000000000000000e+00 -2.348620396697319573e-03
4.000000000000000000e+00 -2.236234634311556977e-03
5.000000000000000000e+00 -2.093924629501552493e-03
6.000000000000000000e+00 -4.674931905701136493e-04
7.000000000000000000e+00 3.522711974635051035e-03
8.000000000000000000e+00 -2.523524196601119578e-03
9.000000000000000000e+00 -1.543810391887314760e-03
1.000000000000000000e+01 4.322736024659100916e-03
1.100000000000000000e+01 -1.001277924354847292e-03
1.200000000000000000e+01 6.246540140770909331e-04
1.300000000000000000e+01 3.431183595606672031e-03
1.000000000000000000e+00 1.768130018130018022e-03
2.000000000000000000e+00 -2.560886335886335737e-03
3.000000000000000000e+00 -2.798885373885373704e-03
4.000000000000000000e+00 -2.671348096348096206e-03
5.000000000000000000e+00 -1.855715580715580626e-03
6.000000000000000000e+00 -1.752354589854589672e-03
7.000000000000000000e+00 1.498926073926073847e-03
8.000000000000000000e+00 -2.690780515780515341e-03
9.000000000000000000e+00 -2.400424575424575137e-03
1.000000000000000000e+01 5.831531894031893697e-03
1.100000000000000000e+01 1.726631701631701479e-03
1.200000000000000000e+01 3.832980907980907629e-03
1.300000000000000000e+01 1.946665371665371423e-03
1.000000000000000000e+00 2.534126521626521317e-03
2.000000000000000000e+00 -2.273094498094497748e-03
3.000000000000000000e+00 -2.574886224886224415e-03
4.000000000000000000e+00 -2.233021145521145445e-03
5.000000000000000000e+00 -2.096242646242646099e-03
6.000000000000000000e+00 -1.895238557738557639e-03
7.000000000000000000e+00 4.348267935767935639e-03
8.000000000000000000e+00 -2.258640433640433584e-03
9.000000000000000000e+00 -2.485468235468234980e-03
1.000000000000000000e+01 1.945892995892995738e-03
1.100000000000000000e+01 1.687705812705812543e-04
1.200000000000000000e+01 2.610371110371110040e-03
1.300000000000000000e+01 4.005765530765530158e-03
1.000000000000000000e+00 6.316611629111628864e-03
2.000000000000000000e+00 -2.405382117882117442e-03
3.000000000000000000e+00 -2.493898231398231340e-03
4.000000000000000000e+00 -2.205754893254893104e-03
5.000000000000000000e+00 -2.376143301143300666e-03
6.000000000000000000e+00 -6.704434454434454261e-04
7.000000000000000000e+00 9.818112443112441638e-04
8.000000000000000000e+00 -2.534145946645946328e-03
9.000000000000000000e+00 -2.514533152033151912e-03
1.000000000000000000e+01 8.101181226181225492e-04
1.100000000000000000e+01 1.104548229548229501e-04
1.200000000000000000e+01 1.631829281829281705e-03
1.300000000000000000e+01 5.204718892218891321e-03
1.000000000000000000e+00 2.323312543566553867e-03
2.000000000000000000e+00 -2.356196835942825016e-03
3.000000000000000000e+00 -2.116213670959659829e-03
4.000000000000000000e+00 -2.539329570211922710e-03
5.000000000000000000e+00 -2.542091496837485878e-03
6.000000000000000000e+00 -1.393062421337822303e-03
7.000000000000000000e+00 2.152701672955683286e-03
8.000000000000000000e+00 -2.532778125024114178e-03
9.000000000000000000e+00 -1.704549409295398436e-03
1.000000000000000000e+01 4.520374614492260641e-03
1.100000000000000000e+01 3.609388061928169239e-04
1.200000000000000000e+01 3.738423821177831730e-03
1.300000000000000000e+01 1.933431591185601770e-03
1.000000000000000000e+00 4.447764699687776352e-03
2.000000000000000000e+00 -2.156167479244402042e-03
3.000000000000000000e+00 -2.367326690403613078e-03
4.000000000000000000e+00 -2.115222313299236316e-03
5.000000000000000000e+00 -2.178942852019774730e-03
6.000000000000000000e+00 -1.171445257022179923e-03
7.000000000000000000e+00 2.044630334053410773e-03
8.000000000000000000e+00 -2.413045786122708977e-03
9.000000000000000000e+00 -2.358127556204478968e-03
1.000000000000000000e+01 2.560787787710864551e-03
1.100000000000000000e+01 -4.760388116157346599e-04
1.200000000000000000e+01 1.599103176026252758e-03
1.300000000000000000e+01 4.359752249175325930e-03
1.000000000000000000e+00 7.184505309505308636e-04
2.000000000000000000e+00 -1.828819791319791135e-03
3.000000000000000000e+00 -2.370943408443408357e-03
4.000000000000000000e+00 -1.779366929366929225e-03
5.000000000000000000e+00 -2.403699541199540938e-03
6.000000000000000000e+00 -1.536455673955673760e-03
7.000000000000000000e+00 2.796300458800458390e-03
8.000000000000000000e+00 -2.457391219891219558e-03
9.000000000000000000e+00 -1.827677415177415008e-03
1.000000000000000000e+01 4.091057553557553468e-03
1.100000000000000000e+01 2.115014615014613274e-05
1.200000000000000000e+01 1.296162171162171034e-03
1.300000000000000000e+01 5.011644374144373464e-03
1.000000000000000000e+00 1.716461245307399574e-04
2.000000000000000000e+00 -1.781318040933425320e-03
3.000000000000000000e+00 -2.402824774940159371e-03
4.000000000000000000e+00 -1.776237473352857950e-03
5.000000000000000000e+00 -2.317242764358148563e-03
6.000000000000000000e+00 -1.571313230928615386e-03
7.000000000000000000e+00 3.422708025592640854e-03
8.000000000000000000e+00 -2.365583312698696893e-03
9.000000000000000000e+00 -1.930410152525536931e-03
1.000000000000000000e+01 1.088192541077156366e-03
1.100000000000000000e+01 1.207017697402312665e-03
1.200000000000000000e+01 4.870173060557675404e-03
1.300000000000000000e+01 3.203313993698608808e-03
1.000000000000000000e+00 2.836167998667998239e-03
2.000000000000000000e+00 -1.661072261072261014e-03
3.000000000000000000e+00 -2.284448884448884044e-03
4.000000000000000000e+00 -2.091435416435416094e-03
5.000000000000000000e+00 -2.453640803640803197e-03
6.000000000000000000e+00 -1.635290635290635166e-03
7.000000000000000000e+00 3.151638176638176317e-03
8.000000000000000000e+00 -2.434701409701409570e-03
9.000000000000000000e+00 -2.360567210567210417e-03
1.000000000000000000e+01 6.212015762015761673e-03
1.100000000000000000e+01 -7.667961667961666495e-04
1.200000000000000000e+01 2.301314426314425760e-04
1.300000000000000000e+01 3.030221630221629700e-03
1.000000000000000000e+00 7.713416278101592602e-04
2.000000000000000000e+00 -2.049167030198498392e-03
3.000000000000000000e+00 -2.910344278875747186e-03
4.000000000000000000e+00 -2.690915138992061671e-03
5.000000000000000000e+00 -2.808811089842557906e-03
6.000000000000000000e+00 -2.105186415501101075e-04
7.000000000000000000e+00 2.474826064249141012e-03
8.000000000000000000e+00 -2.558702864734333123e-03
9.000000000000000000e+00 -2.736204067235535609e-03
1.000000000000000000e+01 1.683774623459938105e-04
1.100000000000000000e+01 3.024137443105974314e-03
1.200000000000000000e+01 1.830763224731755999e-03
1.300000000000000000e+01 7.552913296881827790e-03
