1.000000000000000000e+00 2.264957264957264847e-04
2.000000000000000000e+00 1.375291375291375236e-04
3.000000000000000000e+00 7.731157731157730609e-05
4.000000000000000000e+00 1.621989121989121988e-04
5.000000000000000000e+00 5.010267510267509992e-04
6.000000000000000000e+00 4.890054390054389410e-03
7.000000000000000000e+00 1.781274281274281056e-04
8.000000000000000000e+00 2.498057498057497947e-04
9.000000000000000000e+00 1.441391941391941380e-03
1.000000000000000000e+01 5.879231879231878663e-03
1.100000000000000000e+01 2.633893883893883864e-03
1.200000000000000000e+01 4.670329670329670326e-04
1.300000000000000000e+01 0.000000000000000000e+00
1.000000000000000000e+00 3.293095793095792713e-04
2.000000000000000000e+00 9.290709290709290430e-05
3.000000000000000000e+00 4.067599067599067162e-04
4.000000000000000000e+00 1.585636585636585418e-04
5.000000000000000000e+00 2.923465423465423192e-04
6.000000000000000000e+00 2.922161172161171980e-03
7.000000000000000000e+00 2.097902097902097900e-04
8.000000000000000000e+00 3.150460650460650295e-04
9.000000000000000000e+00 1.945471195471195269e-03
1.000000000000000000e+01 1.009768009768009615e-03
1.100000000000000000e+01 2.021672771672771655e-03
1.200000000000000000e+01 5.417360417360417247e-04
1.300000000000000000e+01 0.000000000000000000e+00
1.000000000000000000e+00 4.278499278499278062e-04
2.000000000000000000e+00 1.186868686868686759e-04
3.000000000000000000e+00 6.304806304806303717e-05
4.000000000000000000e+00 5.796148296148295222e-04
5.000000000000000000e+00 1.648906648906648797e-04
6.000000000000000000e+00 2.659118659118658769e-03
7.000000000000000000e+00 4.240204240204239930e-05
8.000000000000000000e+00 1.531246531246531083e-04
9.000000000000000000e+00 1.127150627150626944e-03
1.000000000000000000e+01 2.805222555222555009e-03
1.100000000000000000e+01 8.977050727050725487e-03
1.200000000000000000e+01 8.160728160728160287e-04
1.300000000000000000e+01 0.000000000000000000e+00
1.000000000000000000e+00 2.894050394050393560e-04
2.000000000000000000e+00 1.954156954156954047e-04
3.000000000000000000e+00 1.645299145299145081e-04
4.000000000000000000e+00 1.366688866688866688e-04
5.000000000000000000e+00 3.450993450993450665e-04
6.000000000000000000e+00 3.145770895770895383e-03
7.000000000000000000e+00 8.616383616383616376e-05
8.000000000000000000e+00 2.451437451437451218e-04
9.000000000000000000e+00 9.594572094572094293e-04
1.000000000000000000e+01 6.492673992673992289e-04
1.100000000000000000e+01 9.245199245199244324e-04
1.200000000000000000e+01 8.538128538128537687e-04
1.300000000000000000e+01 0.000000000000000000e+00
1.000000000000000000e+00 1.016483516483516456e-04
2.000000000000000000e+00 1.389443889443889334e-04
3.000000000000000000e+00 4.061771561771561389e-04
4.000000000000000000e+00 9.509934509934508842e-05
5.000000000000000000e+00 4.226051726051725560e-04
6.000000000000000000e+00 3.897297147297147223e-03
7.000000000000000000e+00 8.777333777333777055e-05
8.000000000000000000e+00 3.271173271173270737e-04
9.000000000000000000e+00 1.469474969474969398e-03
1.000000000000000000e+01 2.287740037740037570e-03
1.100000000000000000e+01 1.186452436452436424e-03
1.200000000000000000e+01 5.977078477078476585e-04
1.300000000000000000e+01 0.000000000000000000e+00
1.000000000000000000e+00 4.162781662781662724e-04
2.000000000000000000e+00 2.078477078477078340e-05
3.000000000000000000e+00 3.300865800865800592e-04
4.000000000000000000e+00 1.351981351981351872e-04
5.000000000000000000e+00 2.614607614607614497e-04
6.000000000000000000e+00 5.994422244422243848e-03
7.000000000000000000e+00 4.234654234654234108e-05
8.000000000000000000e+00 2.822455322455322399e-04
9.000000000000000000e+00 1.523171273171272959e-03
1.000000000000000000e+01 1.009768009768009615e-03
1.100000000000000000e+01 1.505244755244755173e-03
1.200000000000000000e+01 7.690920190920190642e-04
1.300000000000000000e+01 0.000000000000000000e+00
1.000000000000000000e+00 3.943833943833943722e-04
2.000000000000000000e+00 7.353757353757353751e-05
3.000000000000000000e+00 2.875457875457875347e-04
4.000000000000000000e+00 2.220834720834720670e-04
5.000000000000000000e+00 4.867909867909867797e-04
6.000000000000000000e+00 5.965145965145964707e-03
7.000000000000000000e+00 1.598401598401598197e-05
8.000000000000000000e+00 1.874514374514374513e-04
9.000000000000000000e+00 5.993173493173492789e-04
1.000000000000000000e+01 2.720002220002219577e-03
1.100000000000000000e+01 5.690753690753690142e-03
1.200000000000000000e+01 8.002275502275501889e-04
1.300000000000000000e+01 0.000000000000000000e+00
1.000000000000000000e+00 5.225330225330224784e-04
2.000000000000000000e+00 2.008547008547008383e-04
3.000000000000000000e+00 2.393717393717393661e-04
4.000000000000000000e+00 1.478798978798978581e-04
5.000000000000000000e+00 2.452547452547452112e-04
6.000000000000000000e+00 1.547841047841047634e-03
7.000000000000000000e+00 1.156898656898656816e-04
8.000000000000000000e+00 2.540792540792540465e-04
9.000000000000000000e+00 1.080447330447330311e-03
1.000000000000000000e+01 8.065268065268065044e-04
1.100000000000000000e+01 1.309745809745809647e-03
1.200000000000000000e+01 3.997946497946497564e-04
1.300000000000000000e+01 0.000000000000000000e+00
1.000000000000000000e+00 2.788600288600288110e-04
2.000000000000000000e+00 3.215395715395715013e-04
3.000000000000000000e+00 8.966033966033965484e-05
4.000000000000000000e+00 8.766233766233765413e-05
5.000000000000000000e+00 2.824120324120323738e-04
6.000000000000000000e+00 2.305472305472305253e-03
7.000000000000000000e+00 7.653457653457653180e-05
8.000000000000000000e+00 1.933344433344433234e-04
9.000000000000000000e+00 1.430097680097679961e-03
1.000000000000000000e+01 2.356365856365856288e-03
1.100000000000000000e+01 2.155233655233654982e-03
1.200000000000000000e+01 7.171439671439670729e-04
1.300000000000000000e+01 0.000000000000000000e+00
1.000000000000000000e+00 3.656898656898656462e-04
2.000000000000000000e+00 1.202408702408702381e-04
3.000000000000000000e+00 2.613775113775113285e-04
4.000000000000000000e+00 2.152569652569652459e-04
5.000000000000000000e+00 3.757353757353757350e-04
6.000000000000000000e+00 4.461316461316460619e-03
7.000000000000000000e+00 9.659784659784659234e-05
8.000000000000000000e+00 1.312298812298812081e-04
9.000000000000000000e+00 9.861804861804859736e-04
1.000000000000000000e+01 1.057664557664557588e-03
1.100000000000000000e+01 3.901154401154400923e-03
1.200000000000000000e+01 9.191364191364191248e-04
1.300000000000000000e+01 0.000000000000000000e+00
1.000000000000000000e+00 3.856976356976356485e-04
2.000000000000000000e+00 6.216006216006216001e-05
3.000000000000000000e+00 3.530636030636030470e-04
4.000000000000000000e+00 1.146076146076146075e-04
5.000000000000000000e+00 1.887279387279387224e-04
6.000000000000000000e+00 2.647824397824397567e-03
7.000000000000000000e+00 1.179653679653679598e-04
8.000000000000000000e+00 3.232878232878232875e-04
9.000000000000000000e+00 1.436868686868686710e-03
1.000000000000000000e+01 2.075951825951825522e-03
1.100000000000000000e+01 1.324703074703074664e-03
1.200000000000000000e+01 7.327117327117326894e-04
1.300000000000000000e+01 0.000000000000000000e+00
1.000000000000000000e+00 5.320512820512820346e-04
2.000000000000000000e+00 3.780663780663780444e-04
3.000000000000000000e+00 1.002331002331002222e-04
4.000000000000000000e+00 1.620601620601620600e-04
5.000000000000000000e+00 3.343323343323342887e-04
6.000000000000000000e+00 4.179986679986679929e-03
7.000000000000000000e+00 1.332556332556332447e-04
8.000000000000000000e+00 2.586025086025085535e-04
9.000000000000000000e+00 7.657620157620157342e-04
1.000000000000000000e+01 2.830253080253080245e-03
1.100000000000000000e+01 1.588272838272838244e-03
1.200000000000000000e+01 6.221556221556221551e-04
1.300000000000000000e+01 0.000000000000000000e+00
1.000000000000000000e+00 2.224164724164724163e-04
2.000000000000000000e+00 5.613830613830613555e-05
3.000000000000000000e+00 2.342657342657342547e-04
4.000000000000000000e+00 1.447163947163947163e-04
5.000000000000000000e+00 7.933177933177932737e-04
6.000000000000000000e+00 2.321872571872571865e-03
7.000000000000000000e+00 4.817404817404816859e-05
8.000000000000000000e+00 6.041181041181040769e-05
9.000000000000000000e+00 1.824203574203574164e-03
1.000000000000000000e+01 2.916472416472416264e-03
1.100000000000000000e+01 1.781468531468531321e-03
1.200000000000000000e+01 6.390831390831390284e-04
1.300000000000000000e+01 0.000000000000000000e+00
1.000000000000000000e+00 5.805860805860805747e-04
2.000000000000000000e+00 1.012598512598512516e-04
3.000000000000000000e+00 2.640415140415140142e-04
4.000000000000000000e+00 1.427738927738927738e-04
5.000000000000000000e+00 6.611444111444110625e-04
6.000000000000000000e+00 4.034576534576533868e-03
7.000000000000000000e+00 2.202797202797202633e-04
8.000000000000000000e+00 6.818181818181817092e-05
9.000000000000000000e+00 1.398518148518148371e-03
1.000000000000000000e+01 2.845293595293595275e-03
1.100000000000000000e+01 5.072510822510822165e-03
1.200000000000000000e+01 7.709512709512709398e-04
1.300000000000000000e+01 0.000000000000000000e+00
1.000000000000000000e+00 3.737096237096236714e-04
2.000000000000000000e+00 8.103008103008103001e-05
3.000000000000000000e+00 2.234709734709734545e-04
4.000000000000000000e+00 1.682761682761682543e-04
5.000000000000000000e+00 4.074536574536574370e-04
6.000000000000000000e+00 3.831141081141080981e-03
7.000000000000000000e+00 2.223332223332223222e-04
8.000000000000000000e+00 1.257076257076257075e-04
9.000000000000000000e+00 1.310911310911310910e-03
1.000000000000000000e+01 8.884171384171383893e-04
1.100000000000000000e+01 1.914862914862914840e-03
1.200000000000000000e+01 5.088800088800087820e-04
1.300000000000000000e+01 0.000000000000000000e+00
1.000000000000000000e+00 4.643412143412143245e-04
2.000000000000000000e+00 1.937229437229437174e-04
3.000000000000000000e+00 2.440059940059939895e-04
4.000000000000000000e+00 1.123321123321123293e-04
5.000000000000000000e+00 2.100954600954600899e-04
6.000000000000000000e+00 3.176601176601176208e-03
7.000000000000000000e+00 8.596958596958596680e-05
8.000000000000000000e+00 3.002830502830502774e-04
9.000000000000000000e+00 1.134060384060383859e-03
1.000000000000000000e+01 1.370601620601620595e-03
1.100000000000000000e+01 1.554750804750804549e-03
1.200000000000000000e+01 5.553335553335552680e-04
1.300000000000000000e+01 0.000000000000000000e+00
1.000000000000000000e+00 3.241758241758241647e-04
2.000000000000000000e+00 4.705849705849705412e-04
3.000000000000000000e+00 1.232656232656232547e-04
4.000000000000000000e+00 1.201021201021200993e-04
5.000000000000000000e+00 3.269785769785769620e-04
6.000000000000000000e+00 2.882589632589632224e-03
7.000000000000000000e+00 1.768786768786768568e-04
8.000000000000000000e+00 7.683982683982683163e-05
9.000000000000000000e+00 1.009601509601509590e-03
1.000000000000000000e+01 2.021617271617271502e-03
1.100000000000000000e+01 3.519119769119768981e-03
1.200000000000000000e+01 7.143967143967143744e-04
1.300000000000000000e+01 0.000000000000000000e+00
1.000000000000000000e+00 1.409423909423909206e-04
2.000000000000000000e+00 6.629481629481628663e-05
3.000000000000000000e+00 2.148684648684648520e-04
4.000000000000000000e+00 1.007326007326007325e-04
5.000000000000000000e+00 3.194583194583194472e-04
6.000000000000000000e+00 6.373404373404372575e-03
7.000000000000000000e+00 3.138528138528137983e-05
8.000000000000000000e+00 4.595127095127094635e-04
9.000000000000000000e+00 7.498334998334997732e-04
1.000000000000000000e+01 2.830974580974580934e-03
1.100000000000000000e+01 1.162892662892662859e-03
1.200000000000000000e+01 1.149544899544899463e-03
1.300000000000000000e+01 0.000000000000000000e+00
1.000000000000000000e+00 2.071262071262071043e-04
2.000000000000000000e+00 1.346708846708846545e-04
3.000000000000000000e+00 2.459207459207459097e-04
4.000000000000000000e+00 1.280108780108779945e-04
5.000000000000000000e+00 2.761405261405261349e-04
6.000000000000000000e+00 5.139138639138638408e-03
7.000000000000000000e+00 1.894494394494394384e-04
8.000000000000000000e+00 3.392163392163391944e-04
9.000000000000000000e+00 9.812132312132311636e-04
1.000000000000000000e+01 3.324897324897324591e-03
1.100000000000000000e+01 3.176101676101675698e-03
1.200000000000000000e+01 3.041125541125540635e-04
1.300000000000000000e+01 0.000000000000000000e+00
1.000000000000000000e+00 1.838439338439338438e-04
2.000000000000000000e+00 1.300366300366300311e-04
3.000000000000000000e+00 2.186702186702186700e-04
4.000000000000000000e+00 1.055611055611055529e-04
5.000000000000000000e+00 3.852813852813852594e-04
6.000000000000000000e+00 2.966866466866466788e-03
7.000000000000000000e+00 6.177156177156176609e-05
8.000000000000000000e+00 3.891108891108890997e-04
9.000000000000000000e+00 8.833666333666333496e-04
1.000000000000000000e+01 1.058469308469308289e-03
1.100000000000000000e+01 1.085803085803085759e-03
1.200000000000000000e+01 6.153846153846152973e-04
1.300000000000000000e+01 0.000000000000000000e+00
1.000000000000000000e+00 5.655178155178154685e-04
2.000000000000000000e+00 8.197358197358196538e-05
3.000000000000000000e+00 7.270507270507270501e-05
4.000000000000000000e+00 1.599789099789099788e-04
5.000000000000000000e+00 2.602675102675102185e-04
6.000000000000000000e+00 2.552752802752802745e-03
7.000000000000000000e+00 1.242368742368742259e-04
8.000000000000000000e+00 2.540515040515040242e-04
9.000000000000000000e+00 2.069902319902319678e-03
1.000000000000000000e+01 1.287740037740037549e-03
1.100000000000000000e+01 1.535991785991785985e-03
1.200000000000000000e+01 7.563825063825063439e-04
1.300000000000000000e+01 0.000000000000000000e+00
1.000000000000000000e+00 8.391608391608390788e-05
2.000000000000000000e+00 7.800532800532799984e-05
3.000000000000000000e+00 1.356421356421356258e-04
4.000000000000000000e+00 8.752358752358751538e-05
5.000000000000000000e+00 3.897491397491397217e-04
6.000000000000000000e+00 2.327866577866577556e-03
7.000000000000000000e+00 1.043678543678543623e-04
8.000000000000000000e+00 2.629315129315129042e-04
9.000000000000000000e+00 1.242118992118991950e-03
1.000000000000000000e+01 6.923631923631923084e-04
1.100000000000000000e+01 4.259851259851259696e-03
1.200000000000000000e+01 8.478743478743477977e-04
1.300000000000000000e+01 0.000000000000000000e+00
1.000000000000000000e+00 3.838938838938838719e-04
2.000000000000000000e+00 1.986346986346986183e-04
3.000000000000000000e+00 3.563103563103563100e-04
4.000000000000000000e+00 1.183538683538683538e-04
5.000000000000000000e+00 4.501332001332001274e-04
6.000000000000000000e+00 4.670662670662670268e-03
7.000000000000000000e+00 3.153235653235653070e-04
8.000000000000000000e+00 1.109723609723609641e-04
9.000000000000000000e+00 8.737928737928737487e-04
1.000000000000000000e+01 8.423243423243422477e-04
1.100000000000000000e+01 1.269730269730269534e-03
1.200000000000000000e+01 8.064990564990564279e-04
1.300000000000000000e+01 0.000000000000000000e+00
1.000000000000000000e+00 1.101953601953601898e-04
2.000000000000000000e+00 1.812076812076812075e-04
3.000000000000000000e+00 1.220168720168720059e-04
4.000000000000000000e+00 1.144688644688644688e-04
5.000000000000000000e+00 3.294205794205794149e-04
6.000000000000000000e+00 1.030688755688755585e-02
7.000000000000000000e+00 3.399378399378399375e-05
8.000000000000000000e+00 1.339493839493839384e-04
9.000000000000000000e+00 9.611222111222110943e-04
1.000000000000000000e+01 7.207792207792207027e-04
1.100000000000000000e+01 1.132950382950382749e-03
1.200000000000000000e+01 1.000166500166500046e-03
1.300000000000000000e+01 0.000000000000000000e+00
1.000000000000000000e+00 1.348651348651348650e-04
2.000000000000000000e+00 1.717171717171717008e-04
3.000000000000000000e+00 3.805083805083804972e-04
4.000000000000000000e+00 4.570429570429570019e-05
5.000000000000000000e+00 1.689976689976689975e-04
6.000000000000000000e+00 3.004079254079253941e-03
7.000000000000000000e+00 2.841602841602841465e-05
8.000000000000000000e+00 2.587967587967587640e-04
9.000000000000000000e+00 1.248751248751248750e-03
1.000000000000000000e+01 1.949605949605949518e-03
1.100000000000000000e+01 8.044455544455543419e-04
1.200000000000000000e+01 6.911144411144410325e-04
1.300000000000000000e+01 0.000000000000000000e+00
1.000000000000000000e+00 2.796370296370295988e-04
2.000000000000000000e+00 1.001498501498501416e-04
3.000000000000000000e+00 1.904761904761904543e-04
4.000000000000000000e+00 2.532190032190031917e-04
5.000000000000000000e+00 5.702353202353201318e-04
6.000000000000000000e+00 1.659007659007658876e-03
7.000000000000000000e+00 7.017982017982017163e-05
8.000000000000000000e+00 2.654012654012653794e-04
9.000000000000000000e+00 1.283050283050282854e-03
1.000000000000000000e+01 2.424547674547674215e-03
1.100000000000000000e+01 9.289599289599288724e-04
1.200000000000000000e+01 3.056665556665556392e-04
1.300000000000000000e+01 0.000000000000000000e+00
1.000000000000000000e+00 7.605450105450104522e-04
2.000000000000000000e+00 1.261238761238761238e-04
3.000000000000000000e+00 1.820679320679320624e-04
4.000000000000000000e+00 1.241258741258741095e-04
5.000000000000000000e+00 2.127039627039627038e-04
6.000000000000000000e+00 4.149489399489399155e-03
7.000000000000000000e+00 6.998556998556997467e-05
8.000000000000000000e+00 3.294483294483294372e-04
9.000000000000000000e+00 1.421106671106670992e-03
1.000000000000000000e+01 1.184787434787434651e-03
1.100000000000000000e+01 1.800172050172050165e-03
1.200000000000000000e+01 6.437173937173936789e-04
1.300000000000000000e+01 0.000000000000000000e+00
1.000000000000000000e+00 2.427294927294927184e-04
2.000000000000000000e+00 1.319513819513819513e-04
3.000000000000000000e+00 2.694805194805194749e-04
4.000000000000000000e+00 2.264957264957264847e-04
5.000000000000000000e+00 3.131313131313131094e-04
6.000000000000000000e+00 1.217171717171717160e-03
7.000000000000000000e+00 1.429681429681429572e-04
8.000000000000000000e+00 7.328782328782328234e-05
9.000000000000000000e+00 1.181929181929181755e-03
1.000000000000000000e+01 2.064019314019313860e-03
1.100000000000000000e+01 2.983544233544233298e-03
1.200000000000000000e+01 7.129537129537128880e-04
1.300000000000000000e+01 0.000000000000000000e+00
1.000000000000000000e+00 3.783993783993783665e-04
2.000000000000000000e+00 1.464368964368964259e-04
3.000000000000000000e+00 1.471028971028970973e-04
4.000000000000000000e+00 3.484015984015983742e-04
5.000000000000000000e+00 1.996614496614496613e-04
6.000000000000000000e+00 8.619380619380619113e-03
7.000000000000000000e+00 3.016428016428016358e-05
8.000000000000000000e+00 2.782217782217781890e-04
9.000000000000000000e+00 8.182095682095681275e-04
1.000000000000000000e+01 9.817682317682316102e-04
1.100000000000000000e+01 1.970640470640470238e-03
1.200000000000000000e+01 8.561716061716061546e-04
1.300000000000000000e+01 0.000000000000000000e+00
1.000000000000000000e+00 3.065268065268064940e-04
2.000000000000000000e+00 3.192085692085691920e-04
3.000000000000000000e+00 1.952769452769452659e-04
4.000000000000000000e+00 2.220002220002220000e-05
5.000000000000000000e+00 5.680985680985680330e-04
6.000000000000000000e+00 2.039210789210788802e-03
7.000000000000000000e+00 1.847319347319347209e-04
8.000000000000000000e+00 3.026418026418026090e-04
9.000000000000000000e+00 1.133505383505383412e-03
1.000000000000000000e+01 8.600566100566100396e-04
1.100000000000000000e+01 1.852147852147852016e-03
1.200000000000000000e+01 8.966866466866466696e-04
1.300000000000000000e+01 0.000000000000000000e+00
1.000000000000000000e+00 2.193084693084692920e-04
2.000000000000000000e+00 2.673437673437673219e-04
3.000000000000000000e+00 4.489121989121988739e-04
4.000000000000000000e+00 8.066933066933065842e-05
5.000000000000000000e+00 4.710567210567210292e-04
6.000000000000000000e+00 2.879620379620379238e-03
7.000000000000000000e+00 2.913752913752913750e-05
8.000000000000000000e+00 2.447552447552447550e-04
9.000000000000000000e+00 1.710372960372960344e-03
1.000000000000000000e+01 3.359418359418359090e-03
1.100000000000000000e+01 2.298174048174048134e-03
1.200000000000000000e+01 5.019980019980019434e-04
1.300000000000000000e+01 0.000000000000000000e+00
1.000000000000000000e+00 3.363025863025862535e-04
2.000000000000000000e+00 9.995559995559994467e-05
3.000000000000000000e+00 1.161616161616161561e-04
4.000000000000000000e+00 8.363858363858363038e-05
5.000000000000000000e+00 3.631646131646131264e-04
6.000000000000000000e+00 6.145077145077144400e-03
7.000000000000000000e+00 1.850926850926850857e-05
8.000000000000000000e+00 3.126040626040625767e-04
9.000000000000000000e+00 1.148379398379398200e-03
1.000000000000000000e+01 6.721833721833721242e-03
1.100000000000000000e+01 1.939948939948939795e-03
1.200000000000000000e+01 6.187423687423687039e-04
1.300000000000000000e+01 0.000000000000000000e+00
1.000000000000000000e+00 2.547175047175046685e-04
2.000000000000000000e+00 4.390054390054389644e-05
3.000000000000000000e+00 4.268231768231768174e-04
4.000000000000000000e+00 6.021756021756021751e-05
5.000000000000000000e+00 5.631313131313131146e-04
6.000000000000000000e+00 1.361360861360861154e-03
7.000000000000000000e+00 2.195027195027194822e-05
8.000000000000000000e+00 2.405372405372405208e-04
9.000000000000000000e+00 7.512210012210012149e-04
1.000000000000000000e+01 3.160644910644910387e-03
1.100000000000000000e+01 1.114024864024863943e-03
1.200000000000000000e+01 4.994727494727494235e-04
1.300000000000000000e+01 0.000000000000000000e+00
1.000000000000000000e+00 2.057109557109556945e-04
2.000000000000000000e+00 1.107226107226107225e-04
3.000000000000000000e+00 2.119269619269619159e-04
4.000000000000000000e+00 1.554001554001554000e-04
5.000000000000000000e+00 3.374125874125873635e-04
6.000000000000000000e+00 2.108780108780108388e-03
7.000000000000000000e+00 1.289821289821289658e-04
8.000000000000000000e+00 3.616938616938616719e-04
9.000000000000000000e+00 1.513597513597513466e-03
1.000000000000000000e+01 1.175019425019424840e-03
1.100000000000000000e+01 2.895299145299145161e-03
1.200000000000000000e+01 5.973193473193472375e-04
1.300000000000000000e+01 0.000000000000000000e+00
1.000000000000000000e+00 5.513375513375512937e-04
2.000000000000000000e+00 1.213231213231213122e-04
3.000000000000000000e+00 2.485569985569985188e-04
4.000000000000000000e+00 6.246531246531245984e-05
5.000000000000000000e+00 3.386890886890886617e-04
6.000000000000000000e+00 2.657148407148406805e-03
7.000000000000000000e+00 1.733266733266733211e-04
8.000000000000000000e+00 4.080364080364080144e-04
9.000000000000000000e+00 9.762182262182261686e-04
1.000000000000000000e+01 1.360445110445110363e-03
1.100000000000000000e+01 1.587273837273837224e-03
1.200000000000000000e+01 4.118381618381618324e-04
1.300000000000000000e+01 0.000000000000000000e+00
1.000000000000000000e+00 2.962037962037961819e-04
2.000000000000000000e+00 1.518759018759018595e-04
3.000000000000000000e+00 4.532134532134532022e-04
4.000000000000000000e+00 8.544233544233543413e-05
5.000000000000000000e+00 4.637029637029637026e-04
6.000000000000000000e+00 2.559607059607059507e-03
7.000000000000000000e+00 4.043179043179042769e-05
8.000000000000000000e+00 4.361194361194360865e-04
9.000000000000000000e+00 1.308913308913308869e-03
1.000000000000000000e+01 1.485902985902985869e-03
1.100000000000000000e+01 1.960372960372960133e-03
1.200000000000000000e+01 5.619380619380618834e-04
1.300000000000000000e+01 0.000000000000000000e+00
1.000000000000000000e+00 4.384226884226883735e-04
2.000000000000000000e+00 2.251359751359751195e-04
3.000000000000000000e+00 3.154623154623154187e-04
4.000000000000000000e+00 7.226107226107225288e-05
5.000000000000000000e+00 5.279720279720279390e-04
6.000000000000000000e+00 5.278360528360528242e-03
7.000000000000000000e+00 7.692307692307691217e-05
8.000000000000000000e+00 1.855089355089355088e-04
9.000000000000000000e+00 1.527972027972027960e-03
1.000000000000000000e+01 1.729992229992229980e-03
1.100000000000000000e+01 1.772921522921522709e-03
1.200000000000000000e+01 7.620435120435119832e-04
1.300000000000000000e+01 0.000000000000000000e+00
1.000000000000000000e+00 2.184482184482184372e-04
2.000000000000000000e+00 3.098845598845598463e-04
3.000000000000000000e+00 2.405927405927405925e-04
4.000000000000000000e+00 1.872571872571872408e-04
5.000000000000000000e+00 5.488677988677988185e-04
6.000000000000000000e+00 2.122877122877122550e-03
7.000000000000000000e+00 1.338383838383838220e-04
8.000000000000000000e+00 7.266899766899765972e-04
9.000000000000000000e+00 9.665057165057164019e-04
1.000000000000000000e+01 1.425962925962925929e-03
1.100000000000000000e+01 4.520507270507270227e-03
1.200000000000000000e+01 6.126373626373625989e-04
1.300000000000000000e+01 0.000000000000000000e+00
1.000000000000000000e+00 3.638861138861138695e-04
2.000000000000000000e+00 8.741258741258741251e-05
3.000000000000000000e+00 1.634199134199133981e-04
4.000000000000000000e+00 1.876456876456876347e-04
5.000000000000000000e+00 3.380508380508380397e-04
6.000000000000000000e+00 8.030885780885779410e-03
7.000000000000000000e+00 8.041958041958041680e-05
8.000000000000000000e+00 2.181429681429681374e-04
9.000000000000000000e+00 6.941114441114440946e-04
1.000000000000000000e+01 4.091880341880341741e-03
1.100000000000000000e+01 1.891858141858141721e-03
1.200000000000000000e+01 3.780663780663780444e-04
1.300000000000000000e+01 0.000000000000000000e+00
1.000000000000000000e+00 4.665889665889665669e-04
2.000000000000000000e+00 1.532634032634032470e-04
3.000000000000000000e+00 2.665112665112664894e-04
4.000000000000000000e+00 2.970085470085469920e-04
5.000000000000000000e+00 1.332556332556332447e-04
6.000000000000000000e+00 1.873737373737373616e-03
7.000000000000000000e+00 4.700854700854700715e-05
8.000000000000000000e+00 2.449494949494949113e-04
9.000000000000000000e+00 1.250971250971250970e-03
1.000000000000000000e+01 2.287101787101786677e-03
1.100000000000000000e+01 4.185314685314685083e-03
1.200000000000000000e+01 1.504079254079253910e-03
1.300000000000000000e+01 0.000000000000000000e+00
1.000000000000000000e+00 4.739704739704739430e-05
2.000000000000000000e+00 2.614607614607614497e-04
3.000000000000000000e+00 2.218337218337218118e-04
4.000000000000000000e+00 1.471028971028970973e-04
5.000000000000000000e+00 3.791763791763791544e-04
6.000000000000000000e+00 4.049977799977799893e-03
7.000000000000000000e+00 4.195804195804195394e-05
8.000000000000000000e+00 3.119658119658119547e-04
9.000000000000000000e+00 9.920912420912420850e-04
1.000000000000000000e+01 6.394716394716394494e-04
1.100000000000000000e+01 1.403846153846153742e-03
1.200000000000000000e+01 5.662393162393161575e-04
1.300000000000000000e+01 0.000000000000000000e+00
1.000000000000000000e+00 3.012820512820512438e-04
2.000000000000000000e+00 4.254079254079253805e-05
3.000000000000000000e+00 1.111111111111111029e-04
4.000000000000000000e+00 3.655788655788655569e-04
5.000000000000000000e+00 3.247585747585747420e-04
6.000000000000000000e+00 2.239288489288488934e-03
7.000000000000000000e+00 1.035076035076035075e-04
8.000000000000000000e+00 3.081363081363081144e-04
9.000000000000000000e+00 1.783716283716283617e-03
1.000000000000000000e+01 2.947163947163947140e-03
1.100000000000000000e+01 4.422882672882672700e-03
1.200000000000000000e+01 5.778665778665778444e-04
1.300000000000000000e+01 0.000000000000000000e+00
1.000000000000000000e+00 3.754023754023753587e-04
2.000000000000000000e+00 1.227661227661227443e-04
3.000000000000000000e+00 1.971639471639471638e-04
4.000000000000000000e+00 2.341824841824841606e-04
5.000000000000000000e+00 2.069319569319569209e-04
6.000000000000000000e+00 5.894910644910644586e-03
7.000000000000000000e+00 6.351981351981351163e-05
8.000000000000000000e+00 2.582140082140081867e-04
9.000000000000000000e+00 1.395299145299145130e-03
1.000000000000000000e+01 1.762876012876012782e-03
1.100000000000000000e+01 1.101648351648351490e-03
1.200000000000000000e+01 6.380286380286379630e-04
1.300000000000000000e+01 0.000000000000000000e+00
1.000000000000000000e+00 1.806249306249306031e-04
2.000000000000000000e+00 2.518037518037517818e-04
3.000000000000000000e+00 3.565601065601065110e-04
4.000000000000000000e+00 2.300477300477300475e-04
5.000000000000000000e+00 6.867021867021866691e-04
6.000000000000000000e+00 3.933677433677433381e-03
7.000000000000000000e+00 1.356421356421356258e-04
8.000000000000000000e+00 1.892274392274392056e-04
9.000000000000000000e+00 8.167943167943167177e-04
1.000000000000000000e+01 2.661477411477411372e-03
1.100000000000000000e+01 3.837912087912087513e-03
1.200000000000000000e+01 8.096070596070595793e-04
1.300000000000000000e+01 0.000000000000000000e+00
1.000000000000000000e+00 2.731712731712731494e-04
2.000000000000000000e+00 6.292873792873792489e-04
3.000000000000000000e+00 1.311743811743811634e-04
4.000000000000000000e+00 1.605061605061604843e-04
5.000000000000000000e+00 3.460150960150959660e-04
6.000000000000000000e+00 3.004717504717504400e-03
7.000000000000000000e+00 1.162726162726162725e-04
8.000000000000000000e+00 2.498057498057497947e-04
9.000000000000000000e+00 1.303668553668553510e-03
1.000000000000000000e+01 1.273504273504273438e-03
1.100000000000000000e+01 2.438478188478188351e-03
1.200000000000000000e+01 6.711344211344210525e-04
1.300000000000000000e+01 0.000000000000000000e+00
1.000000000000000000e+00 2.717282717282717172e-04
2.000000000000000000e+00 1.489343989343989234e-04
3.000000000000000000e+00 2.594350094350093860e-04
4.000000000000000000e+00 4.714729714729714590e-05
5.000000000000000000e+00 2.270229770229770174e-04
6.000000000000000000e+00 1.672216672216672107e-03
7.000000000000000000e+00 1.392773892773892556e-04
8.000000000000000000e+00 1.015651015651015650e-04
9.000000000000000000e+00 1.526362526362526340e-03
1.000000000000000000e+01 6.494893994893994075e-04
1.100000000000000000e+01 3.404428904428904307e-03
1.200000000000000000e+01 5.671273171273170889e-04
1.300000000000000000e+01 0.000000000000000000e+00
1.000000000000000000e+00 3.533411033411033245e-04
2.000000000000000000e+00 1.456876456876456875e-04
3.000000000000000000e+00 2.766122766122765687e-04
4.000000000000000000e+00 5.497280497280496734e-05
5.000000000000000000e+00 3.247863247863247644e-04
6.000000000000000000e+00 3.090520590520590138e-03
7.000000000000000000e+00 1.456876456876456875e-05
8.000000000000000000e+00 4.968919968919968590e-04
9.000000000000000000e+00 7.645687645687645030e-04
1.000000000000000000e+01 2.093240093240092848e-03
1.100000000000000000e+01 9.520202020202019272e-04
1.200000000000000000e+01 5.944055944055944051e-04
1.300000000000000000e+01 0.000000000000000000e+00
1.000000000000000000e+00 2.596292596292595965e-04
2.000000000000000000e+00 1.966089466089466088e-04
3.000000000000000000e+00 1.259296259296259133e-04
4.000000000000000000e+00 1.638084138084137920e-04
5.000000000000000000e+00 1.735764235764235763e-04
6.000000000000000000e+00 3.467088467088466977e-03
7.000000000000000000e+00 1.376401376401376400e-04
8.000000000000000000e+00 3.676323676323675887e-04
9.000000000000000000e+00 7.644577644577644137e-04
1.000000000000000000e+01 3.545426795426795136e-03
1.100000000000000000e+01 2.196470196470196295e-03
1.200000000000000000e+01 4.569042069042068767e-04
1.300000000000000000e+01 0.000000000000000000e+00
1.000000000000000000e+00 2.560772560772560337e-04
2.000000000000000000e+00 3.114385614385614220e-04
3.000000000000000000e+00 2.658452658452658450e-04
4.000000000000000000e+00 4.129204129204128929e-05
5.000000000000000000e+00 2.496114996114995842e-04
6.000000000000000000e+00 3.028665778665778387e-03
7.000000000000000000e+00 7.717282717282716734e-05
8.000000000000000000e+00 1.296203796203796148e-04
9.000000000000000000e+00 1.578837828837828701e-03
1.000000000000000000e+01 2.581640581640581248e-03
1.100000000000000000e+01 7.914307914307914301e-04
1.200000000000000000e+01 3.876401376401375910e-04
1.300000000000000000e+01 0.000000000000000000e+00
1.000000000000000000e+00 5.604118104118103842e-04
2.000000000000000000e+00 1.329226329226329225e-04
3.000000000000000000e+00 2.555500055500055010e-04
4.000000000000000000e+00 1.060606060606060497e-04
5.000000000000000000e+00 4.862637362637362471e-04
6.000000000000000000e+00 2.085053835053835014e-03
7.000000000000000000e+00 1.153013653013653013e-04
8.000000000000000000e+00 2.408702408702408700e-04
9.000000000000000000e+00 7.448107448107448101e-04
1.000000000000000000e+01 2.586163836163835918e-03
1.100000000000000000e+01 1.173187923187923041e-03
1.200000000000000000e+01 8.272838272838272181e-04
1.300000000000000000e+01 0.000000000000000000e+00
