1.000000000000000000e+00 -1.229853479853479804e-03
2.000000000000000000e+00 -1.398795648795648702e-03
3.000000000000000000e+00 -1.463036963036962916e-03
4.000000000000000000e+00 -1.231990231990231794e-03
5.000000000000000000e+00 -1.082667332667332531e-03
6.000000000000000000e+00 8.593906093906092869e-04
7.000000000000000000e+00 -1.497086247086246982e-03
8.000000000000000000e+00 -1.284160284160283964e-03
9.000000000000000000e+00 1.613239538239538001e-02
1.000000000000000000e+01 5.649628149628149135e-04
1.100000000000000000e+01 2.941502941502941500e-05
1.200000000000000000e+01 -7.747807747807747801e-04
1.300000000000000000e+01 -1.659895659895659807e-03
1.000000000000000000e+00 -3.412698412698412262e-04
2.000000000000000000e+00 -7.830780330780330286e-04
3.000000000000000000e+00 -6.371961371961371847e-04
4.000000000000000000e+00 -6.993839493839493129e-04
5.000000000000000000e+00 -6.678321678321677991e-04
6.000000000000000000e+00 2.444943944943944909e-03
7.000000000000000000e+00 -7.632090132090131379e-04
8.000000000000000000e+00 -3.614718614718614390e-04
9.000000000000000000e+00 6.936785436785435945e-03
1.000000000000000000e+01 5.477022977022976639e-04
1.100000000000000000e+01 1.281940281940281744e-03
1.200000000000000000e+01 1.888389388389388388e-04
1.300000000000000000e+01 -1.055000555000554794e-03
1.000000000000000000e+00 -1.167499167499167325e-03
2.000000000000000000e+00 -1.451770451770451574e-03
3.000000000000000000e+00 -1.469280719280719079e-03
4.000000000000000000e+00 -7.227772227772227441e-04
5.000000000000000000e+00 -1.288572538572538544e-03
6.000000000000000000e+00 -3.643856143856143799e-04
7.000000000000000000e+00 -1.548701298701298489e-03
8.000000000000000000e+00 -1.365884115884115823e-03
9.000000000000000000e+00 6.572510822510821762e-03
1.000000000000000000e+01 5.932955932955932680e-05
1.100000000000000000e+01 1.947829947829947655e-03
1.200000000000000000e+01 -1.095016095016094961e-04
1.300000000000000000e+01 -1.714785214785214708e-03
1.000000000000000000e+00 -3.598901098901098410e-04
2.000000000000000000e+00 -3.004495504495504113e-04
3.000000000000000000e+00 -5.063270063270062940e-04
4.000000000000000000e+00 -2.689532689532689422e-04
5.000000000000000000e+00 -2.850205350205350149e-04
6.000000000000000000e+00 1.051365301365301272e-03
7.000000000000000000e+00 -7.065434565434564832e-04
8.000000000000000000e+00 -4.464979464979464976e-04
9.000000000000000000e+00 7.658646908646908440e-03
1.000000000000000000e+01 -1.462426462426462425e-04
1.100000000000000000e+01 5.457875457875457437e-04
1.200000000000000000e+01 5.875235875235874580e-04
1.300000000000000000e+01 -8.882783882783882234e-04
1.000000000000000000e+00 -8.138805638805637769e-04
2.000000000000000000e+00 -4.855422355422355039e-04
3.000000000000000000e+00 -3.954933954933954822e-04
4.000000000000000000e+00 -8.519258519258519251e-04
5.000000000000000000e+00 -4.676712176712176545e-04
6.000000000000000000e+00 1.752719502719502550e-03
7.000000000000000000e+00 -8.699911199911199849e-04
8.000000000000000000e+00 -7.305749805749804822e-04
9.000000000000000000e+00 1.097358197358197333e-02
1.000000000000000000e+01 2.106227106227106090e-05
1.100000000000000000e+01 1.045593295593295544e-03
1.200000000000000000e+01 7.083194583194582375e-04
1.300000000000000000e+01 -1.116411366411366405e-03
1.000000000000000000e+00 -6.179098679098678172e-04
2.000000000000000000e+00 -1.116577866577866431e-03
3.000000000000000000e+00 -6.859251859251858270e-04
4.000000000000000000e+00 -8.735431235431234936e-04
5.000000000000000000e+00 -8.059163059163059048e-04
6.000000000000000000e+00 1.741896991896991782e-03
7.000000000000000000e+00 -1.160811410811410805e-03
8.000000000000000000e+00 -7.773337773337772681e-04
9.000000000000000000e+00 2.780525030525030257e-03
1.000000000000000000e+01 3.841436341436341270e-04
1.100000000000000000e+01 5.148185148185147530e-04
1.200000000000000000e+01 5.133755133755133751e-04
1.300000000000000000e+01 -1.238622488622488594e-03
1.000000000000000000e+00 -8.570873570873570541e-04
2.000000000000000000e+00 -1.328893328893328849e-03
3.000000000000000000e+00 -1.141192141192141169e-03
4.000000000000000000e+00 -1.135864135864135798e-03
5.000000000000000000e+00 -1.092379842379842189e-03
6.000000000000000000e+00 3.004218004218003890e-04
7.000000000000000000e+00 -1.647907647907647776e-03
8.000000000000000000e+00 -1.146076146076145967e-03
9.000000000000000000e+00 4.710123210123209718e-03
1.000000000000000000e+01 -1.247086247086246868e-04
1.100000000000000000e+01 1.343573093573093534e-03
1.200000000000000000e+01 -1.701076701076700804e-05
1.300000000000000000e+01 -1.690975690975690887e-03
1.000000000000000000e+00 -1.402208902208902045e-04
2.000000000000000000e+00 -5.045232545232544632e-04
3.000000000000000000e+00 -3.282828282828282825e-04
4.000000000000000000e+00 -4.863192363192362917e-04
5.000000000000000000e+00 -1.797369297369297259e-04
6.000000000000000000e+00 1.593711843711843705e-03
7.000000000000000000e+00 -6.355588855588854879e-04
8.000000000000000000e+00 -2.511655011655011599e-04
9.000000000000000000e+00 1.282955932955932854e-02
1.000000000000000000e+01 1.279831279831279722e-04
1.100000000000000000e+01 1.194361194361194360e-03
1.200000000000000000e+01 7.383727383727383287e-04
1.300000000000000000e+01 -8.063325563325562939e-04
1.000000000000000000e+00 -2.525530025530025474e-04
2.000000000000000000e+00 -6.389166389166388944e-04
3.000000000000000000e+00 -7.163669663669663392e-04
4.000000000000000000e+00 -5.204517704517704242e-04
5.000000000000000000e+00 -4.099789099789099569e-04
6.000000000000000000e+00 1.397408147408147261e-03
7.000000000000000000e+00 -8.687978687978687537e-04
8.000000000000000000e+00 -6.706071706071705741e-04
9.000000000000000000e+00 1.582350982350982233e-02
1.000000000000000000e+01 6.347541347541346777e-04
1.100000000000000000e+01 6.787379287379286886e-04
1.200000000000000000e+01 3.212065712065711792e-04
1.300000000000000000e+01 -1.027861027861027860e-03
1.000000000000000000e+00 -6.504051504051503070e-04
2.000000000000000000e+00 -9.444721944721944443e-04
3.000000000000000000e+00 -7.848540348540347829e-04
4.000000000000000000e+00 -7.040459540459540399e-04
5.000000000000000000e+00 -6.288433788433787832e-04
6.000000000000000000e+00 1.229714729714729638e-03
7.000000000000000000e+00 -1.109473859473859413e-03
8.000000000000000000e+00 -9.368686868686868082e-04
9.000000000000000000e+00 9.871656121656120428e-03
1.000000000000000000e+01 7.143967143967143744e-04
1.100000000000000000e+01 1.182955932955932852e-03
1.200000000000000000e+01 4.698079698079698076e-04
1.300000000000000000e+01 -1.253052503052503024e-03
1.000000000000000000e+00 -3.461815961815961542e-04
2.000000000000000000e+00 -6.271506271506271501e-04
3.000000000000000000e+00 -4.380341880341880067e-04
4.000000000000000000e+00 -6.627816627816627594e-04
5.000000000000000000e+00 -4.397269397269396940e-04
6.000000000000000000e+00 2.229631479631479212e-03
7.000000000000000000e+00 -7.513875013875013489e-04
8.000000000000000000e+00 -5.909368409368409092e-04
9.000000000000000000e+00 5.427128427128427059e-03
1.000000000000000000e+01 1.039821289821289815e-03
1.100000000000000000e+01 9.325119325119324894e-04
1.200000000000000000e+01 5.375735375735375080e-04
1.300000000000000000e+01 -9.930069930069928760e-04
1.000000000000000000e+00 -6.448273948273947889e-04
2.000000000000000000e+00 -5.874403374403373368e-04
3.000000000000000000e+00 -7.677600177600176672e-04
4.000000000000000000e+00 -7.925130425130424636e-04
5.000000000000000000e+00 -7.208624708624708239e-04
6.000000000000000000e+00 2.457792207792207362e-03
7.000000000000000000e+00 -1.024753024753024709e-03
8.000000000000000000e+00 -7.440059940059939999e-04
9.000000000000000000e+00 9.638195138195138068e-03
1.000000000000000000e+01 8.502886002886002282e-04
1.100000000000000000e+01 1.514874014874014656e-04
1.200000000000000000e+01 -1.512931512931512822e-04
1.300000000000000000e+01 -1.185286935286935161e-03
1.000000000000000000e+00 -8.280885780885780282e-04
2.000000000000000000e+00 -8.900821400821400543e-04
3.000000000000000000e+00 -8.451270951270950993e-04
4.000000000000000000e+00 -7.534965034965034796e-04
5.000000000000000000e+00 -3.766788766788766569e-04
6.000000000000000000e+00 7.695637695637694980e-04
7.000000000000000000e+00 -1.123681873681873665e-03
8.000000000000000000e+00 -1.106338106338106185e-03
9.000000000000000000e+00 1.313647463647463556e-02
1.000000000000000000e+01 5.047730047730047590e-05
1.100000000000000000e+01 1.895326895326895054e-05
1.200000000000000000e+01 3.061660561660561495e-04
1.300000000000000000e+01 -1.195165945165945062e-03
1.000000000000000000e+00 -1.071428571428571265e-03
2.000000000000000000e+00 -1.356282606282606254e-03
3.000000000000000000e+00 -1.063963813963813903e-03
4.000000000000000000e+00 -1.134948384948384790e-03
5.000000000000000000e+00 -8.011988011988011331e-04
6.000000000000000000e+00 1.238150738150737944e-03
7.000000000000000000e+00 -1.381618381618381465e-03
8.000000000000000000e+00 -1.371989121989121820e-03
9.000000000000000000e+00 7.167166167166166314e-03
1.000000000000000000e+01 2.952880452880452824e-04
1.100000000000000000e+01 2.126762126762126760e-03
1.200000000000000000e+01 4.281829281829281555e-05
1.300000000000000000e+01 -1.555971805971805965e-03
1.000000000000000000e+00 -4.271006771006770949e-04
2.000000000000000000e+00 -4.877344877344877015e-04
3.000000000000000000e+00 -5.662948162948162022e-04
4.000000000000000000e+00 -7.111499611499610572e-04
5.000000000000000000e+00 -4.547119547119546790e-04
6.000000000000000000e+00 1.655733155733155699e-03
7.000000000000000000e+00 -8.329725829725829339e-04
8.000000000000000000e+00 -7.574925074925074539e-04
9.000000000000000000e+00 8.453435453435452843e-03
1.000000000000000000e+01 9.421134421134421126e-05
1.100000000000000000e+01 1.029526029526029417e-03
1.200000000000000000e+01 -2.647352647352647215e-05
1.300000000000000000e+01 -1.048951048951048950e-03
1.000000000000000000e+00 -5.689033189033188432e-04
2.000000000000000000e+00 -6.816516816516816294e-04
3.000000000000000000e+00 -1.176323676323676241e-04
4.000000000000000000e+00 -7.205294705294704475e-04
5.000000000000000000e+00 -5.753690753690752927e-04
6.000000000000000000e+00 1.228909978909978719e-03
7.000000000000000000e+00 -6.924464424464424296e-04
8.000000000000000000e+00 -4.531857031857031799e-04
9.000000000000000000e+00 7.854728604728604055e-03
1.000000000000000000e+01 3.718781218781218724e-04
1.100000000000000000e+01 1.105033855033854973e-03
1.200000000000000000e+01 7.117882117882117876e-05
1.300000000000000000e+01 -9.887334887334886784e-04
1.000000000000000000e+00 -4.711122211122210739e-04
2.000000000000000000e+00 -5.651015651015650794e-04
3.000000000000000000e+00 -7.266899766899765972e-04
4.000000000000000000e+00 -6.686924186924186539e-04
5.000000000000000000e+00 -7.811355311355310319e-04
6.000000000000000000e+00 1.557664557664557598e-03
7.000000000000000000e+00 -9.339271839271838993e-04
8.000000000000000000e+00 -8.432955932955931919e-04
9.000000000000000000e+00 4.097041847041846437e-03
1.000000000000000000e+01 5.843600843600842620e-04
1.100000000000000000e+01 1.359890109890109699e-03
1.200000000000000000e+01 6.162448662448661522e-04
1.300000000000000000e+01 -1.190864690864690788e-03
1.000000000000000000e+00 -1.091464091464091398e-03
2.000000000000000000e+00 -1.182123432123432074e-03
3.000000000000000000e+00 -6.814296814296813424e-04
4.000000000000000000e+00 -8.852258852258852251e-04
5.000000000000000000e+00 -6.017871017871017541e-04
6.000000000000000000e+00 1.668581418581418369e-03
7.000000000000000000e+00 -1.248445998445998342e-03
8.000000000000000000e+00 -4.731657231657231599e-04
9.000000000000000000e+00 7.185508935508935248e-03
1.000000000000000000e+01 5.723165723165722944e-04
1.100000000000000000e+01 7.981462981462981348e-04
1.200000000000000000e+01 5.632145632145631273e-04
1.300000000000000000e+01 -1.377067377067376936e-03
1.000000000000000000e+00 -7.435342435342434577e-04
2.000000000000000000e+00 -1.066211566211566200e-03
3.000000000000000000e+00 -5.593573093573093189e-04
4.000000000000000000e+00 -1.054834054834054768e-03
5.000000000000000000e+00 -8.886391386391385679e-04
6.000000000000000000e+00 7.006604506604505568e-04
7.000000000000000000e+00 -1.221944721944721868e-03
8.000000000000000000e+00 -9.178599178599177724e-04
9.000000000000000000e+00 9.285575535575534348e-03
1.000000000000000000e+01 7.339327339327338887e-04
1.100000000000000000e+01 1.596930846930846729e-03
1.200000000000000000e+01 -6.307026307026306587e-04
1.300000000000000000e+01 -1.455794205794205733e-03
1.000000000000000000e+00 -5.504773004773004389e-04
2.000000000000000000e+00 -6.358641358641357877e-04
3.000000000000000000e+00 -3.294483294483294372e-04
4.000000000000000000e+00 -5.911033411033410432e-04
5.000000000000000000e+00 -3.617771117771117389e-04
6.000000000000000000e+00 1.634865134865134788e-03
7.000000000000000000e+00 -7.403984903984903382e-04
8.000000000000000000e+00 -2.835497835497835062e-04
9.000000000000000000e+00 6.485292485292485157e-03
1.000000000000000000e+01 6.345598845598844672e-04
1.100000000000000000e+01 1.221056721056720936e-03
1.200000000000000000e+01 4.934787434787434078e-04
1.300000000000000000e+01 -9.254356754356753319e-04
1.000000000000000000e+00 -2.313242313242313186e-04
2.000000000000000000e+00 -8.015318015318015094e-04
3.000000000000000000e+00 -7.224442224442223677e-04
4.000000000000000000e+00 -6.970251970251969270e-04
5.000000000000000000e+00 -5.184260184260184147e-04
6.000000000000000000e+00 1.829698079698079561e-03
7.000000000000000000e+00 -8.046120546120545843e-04
8.000000000000000000e+00 -6.325063825063824896e-04
9.000000000000000000e+00 1.252372627372627320e-02
1.000000000000000000e+01 3.119658119658119547e-04
1.100000000000000000e+01 1.101814851814851733e-03
1.200000000000000000e+01 5.891330891330890784e-04
1.300000000000000000e+01 -9.998612498612498550e-04
1.000000000000000000e+00 -8.133255633255632219e-04
2.000000000000000000e+00 -7.550227550227549787e-04
3.000000000000000000e+00 -8.617771117771117493e-04
4.000000000000000000e+00 -9.343711843711843650e-04
5.000000000000000000e+00 -6.360583860583859982e-04
6.000000000000000000e+00 8.927183927183926634e-04
7.000000000000000000e+00 -9.602342102342101629e-04
8.000000000000000000e+00 -8.237040737040736329e-04
9.000000000000000000e+00 1.281085581085581078e-02
1.000000000000000000e+01 -1.053668553668553559e-04
1.100000000000000000e+01 1.259601509601509595e-03
1.200000000000000000e+01 4.044011544011543845e-04
1.300000000000000000e+01 -1.100482850482850444e-03
1.000000000000000000e+00 -7.140637140637139980e-04
2.000000000000000000e+00 -4.853479853479853476e-04
3.000000000000000000e+00 -4.184981684981684924e-04
4.000000000000000000e+00 -6.978299478299477372e-04
5.000000000000000000e+00 -2.554112554112553893e-04
6.000000000000000000e+00 1.473637473637473506e-03
7.000000000000000000e+00 -7.137862137862137748e-04
8.000000000000000000e+00 -8.397435897435896832e-04
9.000000000000000000e+00 6.515123765123764961e-03
1.000000000000000000e+01 -1.024808524808524781e-04
1.100000000000000000e+01 1.314352314352314329e-03
1.200000000000000000e+01 3.632478632478632475e-04
1.300000000000000000e+01 -1.111055611055610957e-03
1.000000000000000000e+00 -1.106893106893106849e-03
2.000000000000000000e+00 -1.109751359751359745e-03
3.000000000000000000e+00 -1.085664335664335593e-03
4.000000000000000000e+00 -1.220917970917970771e-03
5.000000000000000000e+00 -9.953379953379951853e-04
6.000000000000000000e+00 1.144744144744144678e-03
7.000000000000000000e+00 -1.385558885558885395e-03
8.000000000000000000e+00 -1.105838605838605675e-03
9.000000000000000000e+00 6.884837384837384604e-03
1.000000000000000000e+01 -4.550727050727050235e-04
1.100000000000000000e+01 4.628427128427127935e-04
1.200000000000000000e+01 -1.368076368076367974e-05
1.300000000000000000e+01 -1.483932733932733904e-03
1.000000000000000000e+00 -6.514874014874014489e-04
2.000000000000000000e+00 -4.515762015762015595e-04
3.000000000000000000e+00 -1.600899100899100681e-04
4.000000000000000000e+00 -7.573537573537572880e-04
5.000000000000000000e+00 -5.348540348540347777e-04
6.000000000000000000e+00 1.237512487512487484e-03
7.000000000000000000e+00 -8.687701187701186772e-04
8.000000000000000000e+00 -4.799367299367299092e-04
9.000000000000000000e+00 7.681734931734931354e-03
1.000000000000000000e+01 4.989732489732489132e-04
1.100000000000000000e+01 4.169164169164168944e-04
1.200000000000000000e+01 5.681818181818181542e-04
1.300000000000000000e+01 -9.387001887001886072e-04
1.000000000000000000e+00 -3.585303585303585300e-04
2.000000000000000000e+00 -7.055999555999555072e-04
3.000000000000000000e+00 -4.094516594516594242e-04
4.000000000000000000e+00 5.545010545010544897e-04
5.000000000000000000e+00 -1.959151959151959150e-04
6.000000000000000000e+00 1.609779109779109615e-03
7.000000000000000000e+00 -7.977855477855476819e-04
8.000000000000000000e+00 -4.384226884226883735e-04
9.000000000000000000e+00 1.092507492507492455e-02
1.000000000000000000e+01 3.346653346653346650e-04
1.100000000000000000e+01 7.906260406260406199e-04
1.200000000000000000e+01 -3.216228216228216090e-05
1.300000000000000000e+01 -9.075646575646574826e-04
1.000000000000000000e+00 2.092352092352092215e-05
2.000000000000000000e+00 -8.662171162171161893e-04
3.000000000000000000e+00 -7.606005106005104969e-04
4.000000000000000000e+00 -6.986069486069485792e-04
5.000000000000000000e+00 -6.179098679098678172e-04
6.000000000000000000e+00 1.604201354201353989e-03
7.000000000000000000e+00 -9.712232212232211736e-04
8.000000000000000000e+00 -5.784493284493283675e-04
9.000000000000000000e+00 8.394966144966143490e-03
1.000000000000000000e+01 8.134920634920634643e-04
1.100000000000000000e+01 8.670218670218669994e-04
1.200000000000000000e+01 3.696858696858696747e-04
1.300000000000000000e+01 -1.111305361305361212e-03
1.000000000000000000e+00 -5.708458208458208399e-04
2.000000000000000000e+00 -6.705516705516705294e-04
3.000000000000000000e+00 -4.835164835164834944e-04
4.000000000000000000e+00 -4.955599955599954620e-04
5.000000000000000000e+00 -4.657564657564657344e-04
6.000000000000000000e+00 1.171328671328671165e-03
7.000000000000000000e+00 -5.076035076035075380e-04
8.000000000000000000e+00 -7.685925185925185539e-04
9.000000000000000000e+00 1.121364746364746263e-02
1.000000000000000000e+01 3.907758907758907647e-04
1.100000000000000000e+01 1.944583194583194554e-03
1.200000000000000000e+01 3.945498945498945062e-04
1.300000000000000000e+01 -1.019119769119768929e-03
1.000000000000000000e+00 -8.184315684315684146e-04
2.000000000000000000e+00 -9.604007104007102969e-04
3.000000000000000000e+00 -8.373848373848372974e-04
4.000000000000000000e+00 -8.318625818625818239e-04
5.000000000000000000e+00 -1.046509046509046335e-03
6.000000000000000000e+00 1.835275835275835188e-03
7.000000000000000000e+00 -1.339604839604839528e-03
8.000000000000000000e+00 -1.003052503052503019e-03
9.000000000000000000e+00 2.907203907203907180e-03
1.000000000000000000e+01 1.416916416916416861e-04
1.100000000000000000e+01 6.063381063381062834e-04
1.200000000000000000e+01 7.788877788877788437e-04
1.300000000000000000e+01 -1.394161394161394160e-03
1.000000000000000000e+00 -2.215284715284715120e-04
2.000000000000000000e+00 -4.884004884004884001e-04
3.000000000000000000e+00 -5.108225108225107787e-04
4.000000000000000000e+00 -6.863969363969363692e-04
5.000000000000000000e+00 2.750027750027749822e-05
6.000000000000000000e+00 1.421633921633921578e-03
7.000000000000000000e+00 -7.993950493950493022e-04
8.000000000000000000e+00 -4.645632145632145574e-04
9.000000000000000000e+00 7.678266178266177425e-03
1.000000000000000000e+01 2.947330447330447274e-04
1.100000000000000000e+01 7.994782994782994234e-04
1.200000000000000000e+01 4.261294261294260965e-04
1.300000000000000000e+01 -9.822122322122321843e-04
1.000000000000000000e+00 -4.987789987789987027e-04
2.000000000000000000e+00 -6.827061827061826947e-04
3.000000000000000000e+00 -1.083361083361083279e-04
4.000000000000000000e+00 -8.335553335553334570e-04
5.000000000000000000e+00 -5.777833277833277232e-04
6.000000000000000000e+00 1.251970251970251774e-03
7.000000000000000000e+00 -1.148934398934398863e-03
8.000000000000000000e+00 -7.402874902874902489e-04
9.000000000000000000e+00 1.367682317682317530e-02
1.000000000000000000e+01 1.419830169830169639e-03
1.100000000000000000e+01 1.663475413475413393e-03
1.200000000000000000e+01 5.025530025530024984e-05
1.300000000000000000e+01 -1.225496725496725376e-03
1.000000000000000000e+00 -1.191086691086690966e-03
2.000000000000000000e+00 -1.227966477966477852e-03
3.000000000000000000e+00 -1.384365634365634272e-03
4.000000000000000000e+00 -1.251415251415251327e-03
5.000000000000000000e+00 -1.178765678765678667e-03
6.000000000000000000e+00 8.091075591075590689e-04
7.000000000000000000e+00 -1.639776889776889662e-03
8.000000000000000000e+00 -1.237179487179487000e-03
9.000000000000000000e+00 1.329803529803529755e-02
1.000000000000000000e+01 8.817293817293816527e-04
1.100000000000000000e+01 7.827450327450326522e-04
1.200000000000000000e+01 -3.314740814740814467e-04
1.300000000000000000e+01 -1.691225441225441143e-03
1.000000000000000000e+00 -3.836163836163835944e-04
2.000000000000000000e+00 -8.381063381063380948e-04
3.000000000000000000e+00 -2.854922854922854487e-04
4.000000000000000000e+00 -5.957098457098456172e-04
5.000000000000000000e+00 -2.760017760017759690e-04
6.000000000000000000e+00 1.040570540570540364e-03
7.000000000000000000e+00 -8.732933732933732384e-04
8.000000000000000000e+00 -6.678599178599177672e-04
9.000000000000000000e+00 1.016783216783216648e-02
1.000000000000000000e+01 7.834110334110334049e-04
1.100000000000000000e+01 7.405649905649904722e-04
1.200000000000000000e+01 3.514541014541014267e-04
1.300000000000000000e+01 -9.403929403929403488e-04
1.000000000000000000e+00 -4.127539127539127319e-04
2.000000000000000000e+00 -6.323398823398822472e-04
3.000000000000000000e+00 -2.855200355200354710e-04
4.000000000000000000e+00 -6.080031080031079484e-04
5.000000000000000000e+00 -5.593018093018092742e-04
6.000000000000000000e+00 1.286047286047285916e-03
7.000000000000000000e+00 -8.508436008436007832e-04
8.000000000000000000e+00 -2.720057720057719947e-04
9.000000000000000000e+00 1.173501498501498472e-02
1.000000000000000000e+01 7.980907980907980901e-04
1.100000000000000000e+01 1.345127095127095001e-03
1.200000000000000000e+01 3.571151071151070660e-04
1.300000000000000000e+01 -9.832389832389830647e-04
1.000000000000000000e+00 -4.015151515151514660e-04
2.000000000000000000e+00 -8.074703074703073720e-04
3.000000000000000000e+00 -4.019869019869019540e-04
4.000000000000000000e+00 -6.074758574758574699e-04
5.000000000000000000e+00 -5.327450327450326470e-04
6.000000000000000000e+00 2.154068154068153936e-03
7.000000000000000000e+00 -7.699245199245198425e-04
8.000000000000000000e+00 -3.189033189033188922e-04
9.000000000000000000e+00 8.698606948606947553e-03
1.000000000000000000e+01 8.461538461538460881e-04
1.100000000000000000e+01 1.199744699744699668e-03
1.200000000000000000e+01 1.580364080364080363e-04
1.300000000000000000e+01 -1.008463758463758403e-03
1.000000000000000000e+00 -5.391552891552890518e-04
2.000000000000000000e+00 -5.084915084915084694e-04
3.000000000000000000e+00 -1.026473526473526391e-04
4.000000000000000000e+00 -7.485847485847484974e-04
5.000000000000000000e+00 -5.710678210678210185e-04
6.000000000000000000e+00 2.237068487068486714e-03
7.000000000000000000e+00 -1.013236763236763111e-03
8.000000000000000000e+00 -3.113275613275612785e-04
9.000000000000000000e+00 2.640193140193139963e-03
1.000000000000000000e+01 6.774891774891774127e-04
1.100000000000000000e+01 1.437201687201687195e-03
1.200000000000000000e+01 9.945609945609945601e-04
1.300000000000000000e+01 -1.067515817515817412e-03
1.000000000000000000e+00 -5.586635586635585980e-04
2.000000000000000000e+00 -7.902652902652901670e-04
3.000000000000000000e+00 -7.625152625152624170e-04
4.000000000000000000e+00 -1.128454878454878373e-03
5.000000000000000000e+00 -6.551226551226550787e-04
6.000000000000000000e+00 1.134615384615384522e-03
7.000000000000000000e+00 -1.057165057165057077e-03
8.000000000000000000e+00 -1.047730047730047534e-03
9.000000000000000000e+00 7.929376179376178974e-03
1.000000000000000000e+01 7.348207348207347930e-05
1.100000000000000000e+01 6.139416139416139194e-04
1.200000000000000000e+01 1.973304473304473249e-04
1.300000000000000000e+01 -1.319708069708069561e-03
1.000000000000000000e+00 -6.273171273171272841e-04
2.000000000000000000e+00 -6.793206793206793201e-04
3.000000000000000000e+00 -7.862415362415362246e-04
4.000000000000000000e+00 -5.305805305805305801e-04
5.000000000000000000e+00 -3.534798534798534362e-04
6.000000000000000000e+00 1.591935841935841842e-03
7.000000000000000000e+00 -9.936729936729936288e-04
8.000000000000000000e+00 -2.932900432900432410e-04
9.000000000000000000e+00 8.405538905538904870e-03
1.000000000000000000e+01 1.067821067821067820e-03
1.100000000000000000e+01 1.721195471195471113e-03
1.200000000000000000e+01 3.829781329781329724e-04
1.300000000000000000e+01 -1.199078699078698915e-03
1.000000000000000000e+00 -1.000666000666000557e-03
2.000000000000000000e+00 -1.297452547452547424e-03
3.000000000000000000e+00 -8.737096237096236276e-04
4.000000000000000000e+00 -1.024697524697524556e-03
5.000000000000000000e+00 -8.250638250638249981e-04
6.000000000000000000e+00 2.118964368964368697e-03
7.000000000000000000e+00 -1.365079365079364905e-03
8.000000000000000000e+00 -1.210955710955710857e-03
9.000000000000000000e+00 8.104007104007103154e-03
1.000000000000000000e+01 1.771284271284271120e-04
1.100000000000000000e+01 1.224442224442224419e-03
1.200000000000000000e+01 -3.239260739260739095e-04
1.300000000000000000e+01 -1.540764790764790693e-03
1.000000000000000000e+00 -5.663780663780663234e-04
2.000000000000000000e+00 -7.770007770007770001e-04
3.000000000000000000e+00 -6.474913974913974746e-04
4.000000000000000000e+00 -5.703463203463203296e-04
5.000000000000000000e+00 -9.928404928404926336e-04
6.000000000000000000e+00 9.539072039072038793e-04
7.000000000000000000e+00 -1.131840381840381639e-03
8.000000000000000000e+00 -8.761516261516261346e-04
9.000000000000000000e+00 4.574064824064823405e-03
1.000000000000000000e+01 -2.116494616494616384e-04
1.100000000000000000e+01 2.240009990009989623e-03
1.200000000000000000e+01 1.078893328893328844e-03
1.300000000000000000e+01 -1.226412476412476384e-03
1.000000000000000000e+00 -8.365245865245864425e-04
2.000000000000000000e+00 -3.550616050616050342e-04
3.000000000000000000e+00 -2.942335442335442170e-04
4.000000000000000000e+00 -5.331057831057830999e-04
5.000000000000000000e+00 -2.125097125097124933e-04
6.000000000000000000e+00 2.045121545121544697e-03
7.000000000000000000e+00 -8.473193473193472427e-04
8.000000000000000000e+00 -3.943001443001442510e-04
9.000000000000000000e+00 1.501615051615051537e-02
1.000000000000000000e+01 4.528804528804528394e-05
1.100000000000000000e+01 3.281163281163280944e-04
1.200000000000000000e+01 -1.651126651126651125e-05
1.300000000000000000e+01 -9.507159507159507151e-04
1.000000000000000000e+00 -6.669164169164168996e-04
2.000000000000000000e+00 -1.166999666999666814e-03
3.000000000000000000e+00 -1.050671550671550660e-03
4.000000000000000000e+00 -9.354256854256853219e-04
5.000000000000000000e+00 -1.073926073926073817e-03
6.000000000000000000e+00 7.288544788544787725e-04
7.000000000000000000e+00 -1.137390387390387189e-03
8.000000000000000000e+00 -8.368575868575868189e-04
9.000000000000000000e+00 8.603674103674102680e-03
1.000000000000000000e+01 6.542069042069041792e-04
1.100000000000000000e+01 1.701104451104451043e-03
1.200000000000000000e+01 2.477799977799977310e-04
1.300000000000000000e+01 -1.322261072261072049e-03
1.000000000000000000e+00 -6.179931179931179384e-04
2.000000000000000000e+00 -9.517427017427017039e-04
3.000000000000000000e+00 -8.636918636918636694e-04
4.000000000000000000e+00 -6.344766344766344544e-04
5.000000000000000000e+00 -8.992951492951492022e-04
6.000000000000000000e+00 2.718364968364968097e-03
7.000000000000000000e+00 -9.951992451992450195e-04
8.000000000000000000e+00 -8.975746475746474926e-04
9.000000000000000000e+00 9.804223554223553266e-03
1.000000000000000000e+01 2.168109668109667945e-04
1.100000000000000000e+01 8.013653013653012670e-04
1.200000000000000000e+01 1.729936729936729718e-04
1.300000000000000000e+01 -1.243811743811743800e-03
1.000000000000000000e+00 -1.000305250305250212e-03
2.000000000000000000e+00 -1.015345765345765242e-03
3.000000000000000000e+00 -7.987567987567987344e-04
4.000000000000000000e+00 -9.976967476967475712e-04
5.000000000000000000e+00 -5.631868131868131592e-04
6.000000000000000000e+00 1.333361083361083149e-03
7.000000000000000000e+00 -1.248473748473748418e-03
8.000000000000000000e+00 -1.119241869241869225e-03
9.000000000000000000e+00 4.129786879786879507e-03
1.000000000000000000e+01 3.045843045843045515e-04
1.100000000000000000e+01 8.766233766233765684e-04
1.200000000000000000e+01 -1.254578754578754523e-04
1.300000000000000000e+01 -1.441197691197691061e-03
1.000000000000000000e+00 -6.777111777111776997e-04
2.000000000000000000e+00 1.906149406149405931e-04
3.000000000000000000e+00 -8.525363525363525248e-04
4.000000000000000000e+00 -7.289099789099788172e-04
5.000000000000000000e+00 -5.941280941280940734e-04
6.000000000000000000e+00 8.132145632145631325e-04
7.000000000000000000e+00 -8.681596181596180775e-04
8.000000000000000000e+00 -8.079698079698078824e-04
9.000000000000000000e+00 1.013747363747363739e-02
1.000000000000000000e+01 4.159174159174158737e-04
1.100000000000000000e+01 1.350926850926850806e-03
1.200000000000000000e+01 9.612609612609611788e-05
1.300000000000000000e+01 -1.095349095349095175e-03
1.000000000000000000e+00 -5.605783105783105182e-04
2.000000000000000000e+00 -6.945554445554444518e-04
3.000000000000000000e+00 -5.033300033300032320e-04
4.000000000000000000e+00 -5.460650460650459670e-04
5.000000000000000000e+00 -4.553502053502053010e-04
6.000000000000000000e+00 1.584804084804084749e-03
7.000000000000000000e+00 -6.236818736818736542e-04
8.000000000000000000e+00 -8.414918414918414694e-04
9.000000000000000000e+00 9.151071151071150586e-03
1.000000000000000000e+01 1.489898989898989681e-04
1.100000000000000000e+01 4.609834609834609722e-04
1.200000000000000000e+01 2.882395382395382013e-04
1.300000000000000000e+01 -9.880397380397378491e-04
1.000000000000000000e+00 -2.612942612942612615e-04
2.000000000000000000e+00 -5.647685647685647030e-04
3.000000000000000000e+00 -1.461593961593961484e-04
4.000000000000000000e+00 -6.699689199689198979e-04
5.000000000000000000e+00 -3.869463869463869244e-04
6.000000000000000000e+00 1.540182040182040170e-03
7.000000000000000000e+00 -8.766511266511266449e-04
8.000000000000000000e+00 -1.937506937506937397e-04
9.000000000000000000e+00 1.362382062382062366e-02
1.000000000000000000e+01 5.503108003108003049e-04
1.100000000000000000e+01 1.213869463869463690e-03
1.200000000000000000e+01 3.564768564768564440e-04
1.300000000000000000e+01 -9.437229437229436788e-04
1.000000000000000000e+00 -6.574814074814074646e-04
2.000000000000000000e+00 -7.061549561549560622e-04
3.000000000000000000e+00 -4.737207237207237149e-04
4.000000000000000000e+00 -7.619880119880119386e-04
5.000000000000000000e+00 -7.276334776334775732e-04
6.000000000000000000e+00 1.797480297480297294e-03
7.000000000000000000e+00 -9.411421911421911143e-04
8.000000000000000000e+00 -4.391719391719391390e-04
9.000000000000000000e+00 4.606809856809856475e-03
1.000000000000000000e+01 9.139194139194138427e-04
1.100000000000000000e+01 1.732406482406482302e-03
1.200000000000000000e+01 2.418692418692418636e-04
1.300000000000000000e+01 -1.154206904206904081e-03
1.000000000000000000e+00 -2.424519924519924409e-04
2.000000000000000000e+00 -3.391608391608391497e-04
3.000000000000000000e+00 -1.917804417804417749e-04
4.000000000000000000e+00 -8.025030525030524536e-04
5.000000000000000000e+00 -4.969197469197468272e-04
6.000000000000000000e+00 1.896714396714396659e-03
7.000000000000000000e+00 -8.095793095793095027e-04
8.000000000000000000e+00 -7.670385170385169782e-04
9.000000000000000000e+00 1.604082029082028876e-02
1.000000000000000000e+01 2.029637029637029418e-04
1.100000000000000000e+01 4.234654234654234651e-04
1.200000000000000000e+01 1.537074037074036856e-04
1.300000000000000000e+01 -9.922022422022421743e-04
1.000000000000000000e+00 -2.236097236097235933e-04
2.000000000000000000e+00 -6.807636807636806980e-04
3.000000000000000000e+00 -2.823842823842823515e-04
4.000000000000000000e+00 -4.156954156954156951e-04
5.000000000000000000e+00 -3.692696192696192314e-04
6.000000000000000000e+00 1.314546564546564432e-03
7.000000000000000000e+00 -8.006715506715506546e-04
8.000000000000000000e+00 -6.307858807858807799e-04
9.000000000000000000e+00 5.153707403707403004e-03
1.000000000000000000e+01 1.525391275391275179e-03
1.100000000000000000e+01 1.082528582528582365e-03
1.200000000000000000e+01 3.788988788988788769e-04
1.300000000000000000e+01 -9.623154623154622170e-04
