1.000000000000000000e+00 1.841699966699966631e-03
2.000000000000000000e+00 -2.322718022718022433e-03
3.000000000000000000e+00 -2.615376752876752680e-03
4.000000000000000000e+00 -2.578057128057127754e-03
5.000000000000000000e+00 -2.376127113627113374e-03
6.000000000000000000e+00 -1.557247844747844693e-03
7.000000000000000000e+00 2.445085007585007329e-03
8.000000000000000000e+00 -2.558618696118696023e-03
9.000000000000000000e+00 -2.482313982313982207e-03
1.000000000000000000e+01 2.984430846930846790e-03
1.100000000000000000e+01 1.000436137936137719e-03
1.200000000000000000e+01 3.787430162430161710e-04
1.300000000000000000e+01 1.625069375069374900e-03
1.000000000000000000e+00 1.110802623302623200e-03
2.000000000000000000e+00 -1.735042735042735020e-03
3.000000000000000000e+00 -2.683906371406371161e-03
4.000000000000000000e+00 -2.234952547452547390e-03
5.000000000000000000e+00 -2.621195933695933279e-03
6.000000000000000000e+00 -1.936070873570873430e-03
7.000000000000000000e+00 2.378142690642690363e-03
8.000000000000000000e+00 -2.150699300699300369e-03
9.000000000000000000e+00 -1.473630998630998503e-03
1.000000000000000000e+01 1.419358419358419205e-03
1.100000000000000000e+01 -8.870448995448995330e-04
1.200000000000000000e+01 1.833499833499833325e-03
1.300000000000000000e+01 2.353184778184777819e-03
1.000000000000000000e+00 1.923815080283611516e-03
2.000000000000000000e+00 -1.789057695089163458e-03
3.000000000000000000e+00 -2.365119175696098457e-03
4.000000000000000000e+00 -2.388775107306575617e-03
5.000000000000000000e+00 -8.138292198606883205e-04
6.000000000000000000e+00 -2.030634174165642323e-03
7.000000000000000000e+00 -8.092893153207837351e-04
8.000000000000000000e+00 -2.413817194848663205e-03
9.000000000000000000e+00 -2.117256348287816642e-03
1.000000000000000000e+01 1.669955051423582717e-03
1.100000000000000000e+01 -8.180661283808133015e-05
1.200000000000000000e+01 2.833146489615020764e-03
1.300000000000000000e+01 2.778691222659753716e-03
1.000000000000000000e+00 3.395034329824539541e-03
2.000000000000000000e+00 -2.310790863500653426e-03
3.000000000000000000e+00 -2.446102311312101443e-03
4.000000000000000000e+00 -1.646889949599739675e-03
5.000000000000000000e+00 -2.315907506117295938e-03
6.000000000000000000e+00 -1.241845457055247050e-03
7.000000000000000000e+00 8.047574770476867466e-04
8.000000000000000000e+00 -2.507886823096612972e-03
9.000000000000000000e+00 -2.121246611456401379e-03
1.000000000000000000e+01 1.800139872430082033e-03
1.100000000000000000e+01 -1.511313951523741549e-03
1.200000000000000000e+01 -9.180096968558507054e-04
1.300000000000000000e+01 4.599628809419018492e-03
1.000000000000000000e+00 3.409914159914159714e-04
2.000000000000000000e+00 -2.368057405557405168e-03
3.000000000000000000e+00 -2.302821715321715090e-03
4.000000000000000000e+00 -2.164954952454952331e-03
5.000000000000000000e+00 -2.153032153032152958e-03
6.000000000000000000e+00 -7.712560587560587239e-04
7.000000000000000000e+00 2.043228068228067958e-03
8.000000000000000000e+00 -2.228543216043215799e-03
9.000000000000000000e+00 -2.253158415658415570e-03
1.000000000000000000e+01 3.743799256299256036e-03
1.100000000000000000e+01 -5.872853997853997709e-04
1.200000000000000000e+01 7.801388426388424814e-04
1.300000000000000000e+01 2.120500795500795434e-03
1.000000000000000000e+00 -3.570753320753320683e-04
2.000000000000000000e+00 -2.459426221926221557e-03
3.000000000000000000e+00 -2.728305490805490747e-03
4.000000000000000000e+00 -2.535604673104673024e-03
5.000000000000000000e+00 -2.613376438376438168e-03
6.000000000000000000e+00 -1.635123672623672517e-03
7.000000000000000000e+00 3.824869112369112117e-03
8.000000000000000000e+00 -2.723315110815110584e-03
9.000000000000000000e+00 -2.360472397972397836e-03
1.000000000000000000e+01 3.241559829059828795e-03
1.100000000000000000e+01 -4.608090983090982876e-04
1.200000000000000000e+01 1.501654826654826459e-03
1.300000000000000000e+01 2.653987678987678595e-03
1.000000000000000000e+00 1.190303215303215121e-03
2.000000000000000000e+00 -2.235724923224922858e-03
3.000000000000000000e+00 -2.769208569208568733e-03
4.000000000000000000e+00 -2.223543586043585756e-03
5.000000000000000000e+00 -2.414963739963739593e-03
6.000000000000000000e+00 -1.953497890997890705e-03
7.000000000000000000e+00 1.251300088800088705e-03
8.000000000000000000e+00 -2.777475764975764760e-03
9.000000000000000000e+00 -2.378064990564990322e-03
1.000000000000000000e+01 -8.970520220520216293e-05
1.100000000000000000e+01 -2.286662411662411477e-04
1.200000000000000000e+01 3.089064639064638754e-03
1.300000000000000000e+01 4.854438616938616495e-03
1.000000000000000000e+00 2.954937832822447652e-03
2.000000000000000000e+00 -2.157231479346863757e-03
3.000000000000000000e+00 -2.418907766023150382e-03
4.000000000000000000e+00 -2.098417145532530028e-03
5.000000000000000000e+00 -2.304086938702323232e-03
6.000000000000000000e+00 -1.767506852122236556e-03
7.000000000000000000e+00 5.312462466308619756e-04
8.000000000000000000e+00 -2.486271883387267817e-03
9.000000000000000000e+00 -2.109468131583515978e-03
1.000000000000000000e+01 2.161695889580504681e-03
1.100000000000000000e+01 -1.383722580837965389e-03
1.200000000000000000e+01 2.300458515843130814e-03
1.300000000000000000e+01 2.271249761634376585e-03
1.000000000000000000e+00 -3.091591456976070814e-05
2.000000000000000000e+00 -1.616791612945458947e-03
3.000000000000000000e+00 -2.484012355166200989e-03
4.000000000000000000e+00 -2.576400522554368223e-03
5.000000000000000000e+00 -2.438052759206605150e-03
6.000000000000000000e+00 -1.083164591818437748e-03
7.000000000000000000e+00 1.825806067152220763e-03
8.000000000000000000e+00 -2.633471229625075540e-03
9.000000000000000000e+00 -2.330398839052684988e-03
1.000000000000000000e+01 4.396783700629854075e-03
1.100000000000000000e+01 -4.367540579079039762e-04
1.200000000000000000e+01 1.540410444256597958e-03
1.300000000000000000e+01 1.316306307652461392e-03
1.000000000000000000e+00 2.629685129685129159e-04
2.000000000000000000e+00 -1.963450438450438113e-03
3.000000000000000000e+00 -2.516270303770303321e-03
4.000000000000000000e+00 -2.310341972841972388e-03
5.000000000000000000e+00 -2.166685166685166329e-03
6.000000000000000000e+00 -1.428187090687090465e-03
7.000000000000000000e+00 8.532703407703407048e-04
8.000000000000000000e+00 -2.433658471158470747e-03
9.000000000000000000e+00 -2.483045195545195184e-03
1.000000000000000000e+01 2.264429551929551636e-03
1.100000000000000000e+01 3.175139675139674960e-04
1.200000000000000000e+01 1.948261923261923037e-03
1.300000000000000000e+01 3.326640951640951437e-03
1.000000000000000000e+00 1.313549182299182270e-03
2.000000000000000000e+00 -1.868566618566618390e-03
3.000000000000000000e+00 -2.609635040885040485e-03
4.000000000000000000e+00 -2.439408970658970416e-03
5.000000000000000000e+00 -2.602389971139971048e-03
6.000000000000000000e+00 -1.784635040885040706e-03
7.000000000000000000e+00 2.601187469937469611e-03
8.000000000000000000e+00 -2.650796657046656634e-03
9.000000000000000000e+00 -2.404969336219336083e-03
1.000000000000000000e+01 4.506643819143818811e-04
1.100000000000000000e+01 1.077414021164020902e-03
1.200000000000000000e+01 5.842051467051467503e-05
1.300000000000000000e+01 4.215304834054833458e-03
1.000000000000000000e+00 2.010792254236309917e-03
2.000000000000000000e+00 -2.156473813029756697e-03
3.000000000000000000e+00 -2.364446396002339943e-03
4.000000000000000000e+00 -2.421595265651209274e-03
5.000000000000000000e+00 -2.461428117984061636e-03
6.000000000000000000e+00 -1.781321314013621518e-03
7.000000000000000000e+00 3.278188284132339640e-03
8.000000000000000000e+00 -2.241652985708929638e-03
9.000000000000000000e+00 -2.353142884698828426e-03
1.000000000000000000e+01 1.587345330789386539e-03
1.100000000000000000e+01 3.313929498370057750e-04
1.200000000000000000e+01 -3.120474061033500879e-04
1.300000000000000000e+01 2.410770054214109778e-03
1.000000000000000000e+00 3.597211584711584604e-03
2.000000000000000000e+00 -2.452872590372590263e-03
3.000000000000000000e+00 -2.660255947755947332e-03
4.000000000000000000e+00 -2.240601065601065429e-03
5.000000000000000000e+00 -2.140853590853590734e-03
6.000000000000000000e+00 -9.525419025419024337e-04
7.000000000000000000e+00 1.597331834831834533e-03
8.000000000000000000e+00 -2.648892311392311155e-03
9.000000000000000000e+00 -2.679026991526991305e-03
1.000000000000000000e+01 2.110920098420098097e-03
1.100000000000000000e+01 -1.068673456173456016e-03
1.200000000000000000e+01 -8.536722536722536484e-04
1.300000000000000000e+01 4.463571613571613167e-03
1.000000000000000000e+00 -5.560336387259463137e-04
2.000000000000000000e+00 -1.864982560174867701e-03
3.000000000000000000e+00 -2.550598333290640587e-03
4.000000000000000000e+00 -1.778285923478231060e-03
5.000000000000000000e+00 -2.532374427566735052e-03
6.000000000000000000e+00 -1.753556486248793699e-03
7.000000000000000000e+00 1.531857174164866307e-03
8.000000000000000000e+00 -2.472910743103050486e-03
9.000000000000000000e+00 -2.563098333290640511e-03
1.000000000000000000e+01 9.067369240446163233e-04
1.100000000000000000e+01 4.025702573779496173e-04
1.200000000000000000e+01 4.464385294192985479e-03
1.300000000000000000e+01 2.470475500283192231e-03
1.000000000000000000e+00 1.336134439893181015e-03
2.000000000000000000e+00 -2.314666316589393102e-03
3.000000000000000000e+00 -2.531909090650348929e-03
4.000000000000000000e+00 -2.422481481222739808e-03
5.000000000000000000e+00 -2.490242423983682514e-03
6.000000000000000000e+00 -1.461544732785991342e-03
7.000000000000000000e+00 2.681673160431901574e-03
8.000000000000000000e+00 -2.441733525474784096e-03
9.000000000000000000e+00 -2.313198171939430392e-03
1.000000000000000000e+01 2.932244348503089317e-03
1.100000000000000000e+01 -1.230448051689310256e-03
1.200000000000000000e+01 1.096753450512191579e-03
1.300000000000000000e+01 2.693035409294150095e-03
1.000000000000000000e+00 4.475401702674429547e-04
2.000000000000000000e+00 -1.638733278506005657e-03
3.000000000000000000e+00 -2.414875654648381866e-03
4.000000000000000000e+00 -2.252339579612306839e-03
5.000000000000000000e+00 -2.552718367491094674e-03
6.000000000000000000e+00 -1.462278252050979279e-03
7.000000000000000000e+00 1.277797286888195712e-03
8.000000000000000000e+00 -1.955147966511602484e-03
9.000000000000000000e+00 -2.084596674369401225e-03
1.000000000000000000e+01 2.405873503600775877e-03
1.100000000000000000e+01 -5.014797912525184630e-04
1.200000000000000000e+01 2.228065663292935761e-03
1.300000000000000000e+01 1.841082738810011395e-03
1.000000000000000000e+00 6.974534724534722915e-04
2.000000000000000000e+00 -1.515202852702852553e-03
3.000000000000000000e+00 -2.483066008066007850e-03
4.000000000000000000e+00 -2.493293280793280713e-03
5.000000000000000000e+00 -2.653027528027527594e-03
6.000000000000000000e+00 -1.943942631442631191e-03
7.000000000000000000e+00 2.130961168461167985e-03
8.000000000000000000e+00 -2.640539553039552862e-03
9.000000000000000000e+00 -2.716862304362304033e-03
1.000000000000000000e+01 -1.269212269212268991e-04
1.100000000000000000e+01 -1.803062678062678349e-04
1.200000000000000000e+01 2.082530432530432015e-03
1.300000000000000000e+01 4.988573001073000682e-03
1.000000000000000000e+00 3.664087337164259736e-04
2.000000000000000000e+00 -2.836721931914239301e-03
3.000000000000000000e+00 -2.963772196464503888e-03
4.000000000000000000e+00 -2.276903509595817193e-03
5.000000000000000000e+00 -2.887563682755990308e-03
6.000000000000000000e+00 -1.202240209932517586e-03
7.000000000000000000e+00 3.311660703968395854e-03
8.000000000000000000e+00 -2.822929243121550733e-03
9.000000000000000000e+00 -2.125731070923378343e-03
1.000000000000000000e+01 2.313937487014409717e-04
1.100000000000000000e+01 7.074519497596420264e-04
1.200000000000000000e+01 -3.089080791003867674e-04
1.300000000000000000e+01 5.408299713107404816e-03
1.000000000000000000e+00 3.054203666703666359e-03
2.000000000000000000e+00 -2.182388444888444610e-03
3.000000000000000000e+00 -2.503853091353091219e-03
4.000000000000000000e+00 -1.161909849409849347e-03
5.000000000000000000e+00 -2.502001239501239378e-03
6.000000000000000000e+00 -1.924710474710474538e-03
7.000000000000000000e+00 1.279203666703666474e-03
8.000000000000000000e+00 -2.431967569467569177e-03
9.000000000000000000e+00 -2.343541643541643352e-03
1.000000000000000000e+01 1.317010304510304311e-03
1.100000000000000000e+01 1.049616124616124455e-03
1.200000000000000000e+01 2.693363118363118185e-03
1.300000000000000000e+01 -5.105510230510229347e-04
1.000000000000000000e+00 3.391816303354764674e-03
2.000000000000000000e+00 -2.350493701455239753e-03
3.000000000000000000e+00 -2.696687785149323290e-03
4.000000000000000000e+00 -2.500559839021377403e-03
5.000000000000000000e+00 -2.689478790440328563e-03
6.000000000000000000e+00 -1.214066240027778442e-03
7.000000000000000000e+00 1.835274696813158192e-03
8.000000000000000000e+00 -2.741402792364330387e-03
9.000000000000000000e+00 -2.494625495587033965e-03
1.000000000000000000e+01 4.573886939271554078e-04
1.100000000000000000e+01 -3.131500266115651060e-04
1.200000000000000000e+01 5.192213057597671634e-04
1.300000000000000000e+01 3.240179976718438049e-03
1.000000000000000000e+00 -2.501156251156250892e-04
2.000000000000000000e+00 -1.947656510156510002e-03
3.000000000000000000e+00 -2.493447755947755546e-03
4.000000000000000000e+00 -2.483250545750545664e-03
5.000000000000000000e+00 -2.205779405779405462e-03
6.000000000000000000e+00 -2.015958578458578333e-03
7.000000000000000000e+00 2.236560661560661138e-03
8.000000000000000000e+00 -2.452286139786139397e-03
9.000000000000000000e+00 -1.206915769415769406e-03
1.000000000000000000e+01 2.577018814518814305e-03
1.100000000000000000e+01 -5.006266881266880102e-04
1.200000000000000000e+01 8.681503681503680882e-04
1.300000000000000000e+01 3.691490916490916107e-03
1.000000000000000000e+00 1.198500573500573332e-03
2.000000000000000000e+00 -2.350693750693750271e-03
3.000000000000000000e+00 -2.577154789654789377e-03
4.000000000000000000e+00 -2.333065083065082642e-03
5.000000000000000000e+00 -2.569308469308469005e-03
6.000000000000000000e+00 -6.696752321752320576e-04
7.000000000000000000e+00 -1.759763384763385070e-04
8.000000000000000000e+00 -2.502509527509527362e-03
9.000000000000000000e+00 -2.472302697302696927e-03
1.000000000000000000e+01 2.361253098753098370e-03
1.100000000000000000e+01 -3.017038517038516049e-04
1.200000000000000000e+01 1.535928423428423173e-03
1.300000000000000000e+01 4.493576331076330407e-03
1.000000000000000000e+00 3.732482393933442364e-03
2.000000000000000000e+00 -2.186833601518915846e-03
3.000000000000000000e+00 -2.511730295733791835e-03
4.000000000000000000e+00 -2.169799078802575176e-03
5.000000000000000000e+00 -2.548472719976216209e-03
6.000000000000000000e+00 -1.582263003766500118e-03
7.000000000000000000e+00 1.598972427468930849e-03
8.000000000000000000e+00 -2.451250497753994142e-03
9.000000000000000000e+00 -2.344756066259562430e-03
1.000000000000000000e+01 3.491763901728936470e-04
1.100000000000000000e+01 -1.249885658889155317e-03
1.200000000000000000e+01 1.026695630192133498e-03
1.300000000000000000e+01 3.742087645584148917e-03
1.000000000000000000e+00 2.552717652717652417e-03
2.000000000000000000e+00 -2.429611592111591886e-03
3.000000000000000000e+00 -2.726118326118325951e-03
4.000000000000000000e+00 -2.746073833573833139e-03
5.000000000000000000e+00 -2.764357864357864202e-03
6.000000000000000000e+00 -1.653631553631553387e-03
7.000000000000000000e+00 3.242322029822029567e-03
8.000000000000000000e+00 -2.806337181337181276e-03
9.000000000000000000e+00 -2.427922077922077537e-03
1.000000000000000000e+01 2.125799663299662856e-03
1.100000000000000000e+01 -1.620424482924482821e-03
1.200000000000000000e+01 6.615379990379989398e-04
1.300000000000000000e+01 3.791323953823953503e-03
1.000000000000000000e+00 4.552637242322556772e-04
2.000000000000000000e+00 -2.259761528292996476e-03
3.000000000000000000e+00 -2.427185770717238834e-03
4.000000000000000000e+00 -8.160506095820780877e-04
5.000000000000000000e+00 -2.523566242097710459e-03
6.000000000000000000e+00 -1.803508522039990337e-03
7.000000000000000000e+00 1.173316462739539597e-03
8.000000000000000000e+00 -2.502943346474814645e-03
9.000000000000000000e+00 -2.310603279134747483e-03
1.000000000000000000e+01 3.163092007060538079e-03
1.100000000000000000e+01 8.732892172577485417e-04
1.200000000000000000e+01 -6.037850973165657421e-04
1.300000000000000000e+01 3.189661271129802522e-03
1.000000000000000000e+00 2.277749565249564956e-03
2.000000000000000000e+00 -1.905421430421430293e-03
3.000000000000000000e+00 -2.584179246679246290e-03
4.000000000000000000e+00 -2.205072705072704843e-03
5.000000000000000000e+00 -1.549865874865874720e-03
6.000000000000000000e+00 -1.500833888333888248e-03
7.000000000000000000e+00 1.816488141488141299e-03
8.000000000000000000e+00 -2.594911569911569418e-03
9.000000000000000000e+00 -2.331052743552743372e-03
1.000000000000000000e+01 2.843099493099492635e-03
1.100000000000000000e+01 -4.608146483146482596e-04
1.200000000000000000e+01 6.815554815554813930e-04
1.300000000000000000e+01 1.009916472416472286e-03
1.000000000000000000e+00 3.108882926190618436e-04
2.000000000000000000e+00 -1.822956103725334237e-03
3.000000000000000000e+00 -2.595599201368431995e-03
4.000000000000000000e+00 -2.535618441387671972e-03
5.000000000000000000e+00 -2.565692996462227028e-03
6.000000000000000000e+00 -1.612891168660399209e-03
7.000000000000000000e+00 3.254617248848017726e-03
8.000000000000000000e+00 -2.598328879098109421e-03
9.000000000000000000e+00 -2.402116757885988489e-03
1.000000000000000000e+01 1.583302915033684213e-03
1.100000000000000000e+01 -2.350953533645841465e-04
1.200000000000000000e+01 3.139695062771980096e-05
1.300000000000000000e+01 4.414440296171064614e-03
1.000000000000000000e+00 2.604749132633747688e-03
2.000000000000000000e+00 -1.849742209357593901e-03
3.000000000000000000e+00 -2.236815321430705907e-03
4.000000000000000000e+00 -1.851840573955958495e-03
5.000000000000000000e+00 -1.971579631195015739e-03
6.000000000000000000e+00 -1.856458178573563121e-03
7.000000000000000000e+00 -2.183772779926626214e-04
8.000000000000000000e+00 -2.008195792811177331e-03
9.000000000000000000e+00 -2.221399256014640246e-03
1.000000000000000000e+01 2.225708728593343930e-03
1.100000000000000000e+01 -2.831176302330148031e-04
1.200000000000000000e+01 8.091081994928148516e-04
1.300000000000000000e+01 3.191990594875209874e-03
1.000000000000000000e+00 -9.506164063856369952e-04
2.000000000000000000e+00 -2.355564698833929188e-03
3.000000000000000000e+00 -2.550177493446723846e-03
4.000000000000000000e+00 -2.468768162037392709e-03
5.000000000000000000e+00 -1.812924006193236941e-03
6.000000000000000000e+00 -1.483738377007607712e-03
7.000000000000000000e+00 2.695216926947695962e-03
8.000000000000000000e+00 -2.631827325096555790e-03
9.000000000000000000e+00 -2.413392981662212337e-03
1.000000000000000000e+01 8.279508952585872743e-05
1.100000000000000000e+01 -2.357835540527848141e-04
1.200000000000000000e+01 2.113558770289539375e-03
1.300000000000000000e+01 5.553105334836103309e-03
1.000000000000000000e+00 4.093031683416297958e-03
2.000000000000000000e+00 -2.473707133322517859e-03
3.000000000000000000e+00 -2.649368508983893263e-03
4.000000000000000000e+00 -2.704563314178698354e-03
5.000000000000000000e+00 -2.853072212687597035e-03
6.000000000000000000e+00 -6.664139635293480279e-04
7.000000000000000000e+00 6.106363010209163228e-04
8.000000000000000000e+00 -2.681144603259987425e-03
9.000000000000000000e+00 -2.412499822115206447e-03
1.000000000000000000e+01 2.475771379617533138e-04
1.100000000000000000e+01 -1.132858167473551995e-03
1.200000000000000000e+01 -1.129461101576485944e-03
1.300000000000000000e+01 6.515708543593158597e-03
1.000000000000000000e+00 -1.057026307026306912e-04
2.000000000000000000e+00 -2.238759388759388284e-03
3.000000000000000000e+00 -2.309634809634809362e-03
4.000000000000000000e+00 -2.043888056388056332e-03
5.000000000000000000e+00 -2.354247604247604059e-03
6.000000000000000000e+00 -1.340358715358715234e-03
7.000000000000000000e+00 1.992373367373366944e-03
8.000000000000000000e+00 -2.440857753357753186e-03
9.000000000000000000e+00 -2.091958041958041740e-03
1.000000000000000000e+01 4.074353886853886511e-03
1.100000000000000000e+01 1.414589577089577031e-03
1.200000000000000000e+01 2.112491212491212321e-03
1.300000000000000000e+01 -3.747863247863247329e-04
1.000000000000000000e+00 -5.555948680948680912e-04
2.000000000000000000e+00 -2.489577552077551839e-03
3.000000000000000000e+00 -2.662052299552299453e-03
4.000000000000000000e+00 -2.621648259148258702e-03
5.000000000000000000e+00 -2.662413049913049581e-03
6.000000000000000000e+00 -2.098133348133347960e-03
7.000000000000000000e+00 1.804067229067228854e-03
8.000000000000000000e+00 -2.781484718984718850e-03
9.000000000000000000e+00 -2.333324545824545619e-03
1.000000000000000000e+01 2.346653809153808820e-03
1.100000000000000000e+01 1.791326728826728555e-03
1.200000000000000000e+01 3.243154530654530129e-03
1.300000000000000000e+01 2.449539812039811838e-03
1.000000000000000000e+00 3.514256576756576416e-03
2.000000000000000000e+00 -2.420802345802345636e-03
3.000000000000000000e+00 -2.664405039405039026e-03
4.000000000000000000e+00 -1.883813408813408714e-03
5.000000000000000000e+00 -2.379893254893254619e-03
6.000000000000000000e+00 -1.801862951862951735e-03
7.000000000000000000e+00 5.467060717060716292e-04
8.000000000000000000e+00 -2.473387723387723055e-03
9.000000000000000000e+00 -2.496451696451696019e-03
1.000000000000000000e+01 1.408851333851333758e-03
1.100000000000000000e+01 1.298830798830798768e-04
1.200000000000000000e+01 -3.111980611980611156e-05
1.300000000000000000e+01 4.045852295852295742e-03
1.000000000000000000e+00 -1.279859324177505964e-03
2.000000000000000000e+00 -2.348870868189049596e-03
3.000000000000000000e+00 -2.591535610853792308e-03
4.000000000000000000e+00 -2.207336476654658299e-03
5.000000000000000000e+00 -2.541752061070242600e-03
6.000000000000000000e+00 -1.651331076331076248e-03
7.000000000000000000e+00 1.282237837919656060e-03
8.000000000000000000e+00 -2.567184961503142862e-03
9.000000000000000000e+00 -2.126907183725365146e-03
1.000000000000000000e+01 2.478029083710901574e-03
1.100000000000000000e+01 -5.356062287880472312e-05
1.200000000000000000e+01 2.486290266972085005e-03
1.300000000000000000e+01 4.760328266010083187e-03
1.000000000000000000e+00 4.003183853183852996e-03
2.000000000000000000e+00 -2.015328652828652506e-03
3.000000000000000000e+00 -2.561444573944573685e-03
4.000000000000000000e+00 -2.341026103526103446e-03
5.000000000000000000e+00 -2.589414751914751768e-03
6.000000000000000000e+00 -2.081778869278869213e-03
7.000000000000000000e+00 2.138140563140563007e-03
8.000000000000000000e+00 -2.523024660524660154e-03
9.000000000000000000e+00 -2.030858955858955758e-03
1.000000000000000000e+01 9.902509527509525955e-04
1.100000000000000000e+01 -8.646862396862398852e-05
1.200000000000000000e+01 1.098337773337773170e-03
1.300000000000000000e+01 1.331081881081880866e-03
1.000000000000000000e+00 2.003647084591140409e-03
2.000000000000000000e+00 -2.601962583518527099e-03
3.000000000000000000e+00 -2.693581150137093743e-03
4.000000000000000000e+00 -2.354307460863404658e-03
5.000000000000000000e+00 -2.721310827866771451e-03
6.000000000000000000e+00 -1.562045556101500105e-03
7.000000000000000000e+00 1.155282486226541982e-03
8.000000000000000000e+00 -2.757896926952870930e-03
9.000000000000000000e+00 -2.259838966394910401e-03
1.000000000000000000e+01 1.782128325572381348e-03
1.100000000000000000e+01 -2.359339378570148805e-05
1.200000000000000000e+01 1.846744727688783569e-03
1.300000000000000000e+01 3.133485301929357474e-03
1.000000000000000000e+00 3.999583833674742218e-03
2.000000000000000000e+00 -2.016601832510923290e-03
3.000000000000000000e+00 -2.669632135541226154e-03
4.000000000000000000e+00 -2.350584516493607178e-03
5.000000000000000000e+00 -2.755250221159311671e-03
6.000000000000000000e+00 -1.735162985162984990e-03
7.000000000000000000e+00 1.217242563833472856e-03
8.000000000000000000e+00 -2.727773068682159095e-03
9.000000000000000000e+00 -2.640651856560947107e-03
1.000000000000000000e+01 2.950648047238955962e-03
1.100000000000000000e+01 -4.002057286148195145e-04
1.200000000000000000e+01 3.472569938479028975e-04
1.300000000000000000e+01 2.002325536416445229e-03
1.000000000000000000e+00 2.052331927331926917e-04
2.000000000000000000e+00 -2.238634051134050749e-03
3.000000000000000000e+00 -2.403394753394752937e-03
4.000000000000000000e+00 -2.468221593221592985e-03
5.000000000000000000e+00 -2.025791338291337961e-03
6.000000000000000000e+00 -1.224564787064786860e-03
7.000000000000000000e+00 1.849310874310874193e-03
8.000000000000000000e+00 -2.537245162245161789e-03
9.000000000000000000e+00 -1.926386576386576255e-03
1.000000000000000000e+01 3.800107300107299414e-04
1.100000000000000000e+01 1.380864505864505759e-03
1.200000000000000000e+01 2.791566766566766326e-03
1.300000000000000000e+01 1.812562437562437439e-03
1.000000000000000000e+00 -1.216075128575128464e-03
2.000000000000000000e+00 -2.138820438820438364e-03
3.000000000000000000e+00 -2.317007067007066830e-03
4.000000000000000000e+00 -2.140972915972915672e-03
5.000000000000000000e+00 -2.240720390720390368e-03
6.000000000000000000e+00 -1.136211011211011104e-03
7.000000000000000000e+00 4.044428719428718941e-03
8.000000000000000000e+00 -2.336679986679986339e-03
9.000000000000000000e+00 -2.243456080956080824e-03
1.000000000000000000e+01 1.450946275946275862e-03
1.100000000000000000e+01 1.912601287601287342e-04
1.200000000000000000e+01 2.847891922891922570e-03
1.300000000000000000e+01 1.504986679986679851e-03
1.000000000000000000e+00 -7.601744053667130324e-04
2.000000000000000000e+00 -2.338216733409040696e-03
3.000000000000000000e+00 -2.603861274053581327e-03
4.000000000000000000e+00 -2.495022890215197516e-03
5.000000000000000000e+00 -2.059128229320536865e-03
6.000000000000000000e+00 -1.515555598247905885e-03
7.000000000000000000e+00 1.166088220895913127e-03
8.000000000000000000e+00 -2.667665987858295219e-03
9.000000000000000000e+00 -2.419421639613947034e-03
1.000000000000000000e+01 1.089356619164311276e-03
1.100000000000000000e+01 -1.007360552552860134e-03
1.200000000000000000e+01 2.147822227629919874e-03
1.300000000000000000e+01 7.157428362236054054e-03
1.000000000000000000e+00 1.631063345486422327e-03
2.000000000000000000e+00 -2.558300531377454088e-03
3.000000000000000000e+00 -2.382711305788228536e-03
4.000000000000000000e+00 -2.318473691550614231e-03
5.000000000000000000e+00 -2.202570613147535831e-03
6.000000000000000000e+00 -8.719544700313930190e-04
7.000000000000000000e+00 2.628880805803882493e-03
8.000000000000000000e+00 -2.547598270675193507e-03
9.000000000000000000e+00 -1.762244735321658214e-03
1.000000000000000000e+01 3.242950069873146417e-03
1.100000000000000000e+01 -1.319519867596790534e-03
1.200000000000000000e+01 -8.222368799291883575e-06
1.300000000000000000e+01 2.265635255058331878e-03
1.000000000000000000e+00 9.030506530506529107e-04
2.000000000000000000e+00 -2.598488548488548343e-03
3.000000000000000000e+00 -2.805198505198505058e-03
4.000000000000000000e+00 -2.710489510489510426e-03
5.000000000000000000e+00 -2.043834868834868649e-03
6.000000000000000000e+00 -1.954398841898841426e-03
7.000000000000000000e+00 7.971824471824471171e-04
8.000000000000000000e+00 -2.723668923668923301e-03
9.000000000000000000e+00 -2.510525585525585045e-03
1.000000000000000000e+01 4.558576146076145919e-03
1.100000000000000000e+01 8.783031783031781947e-04
1.200000000000000000e+01 2.648889998889998685e-03
1.300000000000000000e+01 1.063055463055462930e-03
1.000000000000000000e+00 1.451051726051725979e-03
2.000000000000000000e+00 -2.359013209013208733e-03
3.000000000000000000e+00 -2.593464868464868348e-03
4.000000000000000000e+00 -2.296362896362895943e-03
5.000000000000000000e+00 -2.223972323972323636e-03
6.000000000000000000e+00 -2.074254911754911355e-03
7.000000000000000000e+00 3.069407906907906537e-03
8.000000000000000000e+00 -2.356031006031005740e-03
9.000000000000000000e+00 -2.512825137825137368e-03
1.000000000000000000e+01 1.368836718836718676e-03
1.100000000000000000e+01 -3.655127280127279756e-04
1.200000000000000000e+01 1.629358604358604199e-03
1.300000000000000000e+01 2.735822048322047919e-03
1.000000000000000000e+00 4.596517834017833579e-03
2.000000000000000000e+00 -2.505358067858067753e-03
3.000000000000000000e+00 -2.531777019277019029e-03
4.000000000000000000e+00 -2.317767880267879946e-03
5.000000000000000000e+00 -2.462302512302512025e-03
6.000000000000000000e+00 -1.076792651792651562e-03
7.000000000000000000e+00 3.906376031376030604e-04
8.000000000000000000e+00 -2.591553354053353821e-03
9.000000000000000000e+00 -2.569667832167831911e-03
1.000000000000000000e+01 2.632205757205757497e-04
1.100000000000000000e+01 -3.538369038369038174e-04
1.200000000000000000e+01 8.722032597032596543e-04
1.300000000000000000e+01 3.805993543493543275e-03
1.000000000000000000e+00 1.277521297775308312e-03
2.000000000000000000e+00 -2.430270910016899075e-03
3.000000000000000000e+00 -2.216502271248260367e-03
4.000000000000000000e+00 -2.578921922304275131e-03
5.000000000000000000e+00 -2.573236277982266992e-03
6.000000000000000000e+00 -1.676790730066131082e-03
7.000000000000000000e+00 1.315171610425621036e-03
8.000000000000000000e+00 -2.577511169757158629e-03
9.000000000000000000e+00 -1.916670621416610536e-03
1.000000000000000000e+01 3.400446983200993822e-03
1.100000000000000000e+01 -2.477192024651916707e-04
1.200000000000000000e+01 2.421234066488076736e-03
1.300000000000000000e+01 1.130798113552124000e-03
1.000000000000000000e+00 3.023852963276039713e-03
2.000000000000000000e+00 -2.245200668277590964e-03
3.000000000000000000e+00 -2.405951029027951840e-03
4.000000000000000000e+00 -2.181961130038052865e-03
5.000000000000000000e+00 -2.262414472991395968e-03
6.000000000000000000e+00 -1.449734097811020833e-03
7.000000000000000000e+00 1.223526437949514715e-03
8.000000000000000000e+00 -2.430722553799476507e-03
9.000000000000000000e+00 -2.401116974193897007e-03
1.000000000000000000e+01 1.806266383189459928e-03
1.100000000000000000e+01 -9.347028327797557825e-04
1.200000000000000000e+01 8.235981255212024114e-04
1.300000000000000000e+01 3.172516799439876068e-03
1.000000000000000000e+00 6.039377289377288369e-05
2.000000000000000000e+00 -1.967768805268805144e-03
3.000000000000000000e+00 -2.387357549857549791e-03
4.000000000000000000e+00 -1.911245236245236049e-03
5.000000000000000000e+00 -2.428170440670440570e-03
6.000000000000000000e+00 -1.728795741295741139e-03
7.000000000000000000e+00 1.905036630036629998e-03
8.000000000000000000e+00 -2.470017482517482266e-03
9.000000000000000000e+00 -1.919091556591556421e-03
1.000000000000000000e+01 3.035153272653272425e-03
1.100000000000000000e+01 -4.495509120509120116e-04
1.200000000000000000e+01 5.569726569726569194e-04
1.300000000000000000e+01 3.647581122581122336e-03
1.000000000000000000e+00 -4.207300178454023666e-04
2.000000000000000000e+00 -1.998213182828567375e-03
3.000000000000000000e+00 -2.442026314141698684e-03
4.000000000000000000e+00 -1.938406785522170037e-03
5.000000000000000000e+00 -2.398255270370654862e-03
6.000000000000000000e+00 -1.801508036123420503e-03
7.000000000000000000e+00 2.391617357001972217e-03
8.000000000000000000e+00 -2.427031124146508678e-03
9.000000000000000000e+00 -2.053558300673685201e-03
1.000000000000000000e+01 4.856191885038038344e-04
1.100000000000000000e+01 5.660605064451217994e-04
1.200000000000000000e+01 3.425367865752480898e-03
1.300000000000000000e+01 2.118044633429248640e-03
1.000000000000000000e+00 1.750333462833462712e-03
2.000000000000000000e+00 -1.819297369297369045e-03
3.000000000000000000e+00 -2.315172790172789936e-03
4.000000000000000000e+00 -2.167782217782217649e-03
5.000000000000000000e+00 -2.470896695896695507e-03
6.000000000000000000e+00 -1.850357975357975115e-03
7.000000000000000000e+00 2.266194453694453555e-03
8.000000000000000000e+00 -2.463320938320938056e-03
9.000000000000000000e+00 -2.403496503496503362e-03
1.000000000000000000e+01 4.951301476301475657e-03
1.100000000000000000e+01 -1.065028490028489773e-03
1.200000000000000000e+01 -3.380503755503755782e-04
1.300000000000000000e+01 2.006496281496281120e-03
1.000000000000000000e+00 -2.958429811576661719e-05
2.000000000000000000e+00 -2.262418593450061643e-03
3.000000000000000000e+00 -2.931448174979643315e-03
4.000000000000000000e+00 -2.756000516577439448e-03
5.000000000000000000e+00 -2.866783672815141192e-03
6.000000000000000000e+00 -7.568750629065313902e-04
7.000000000000000000e+00 1.506936125904657312e-03
8.000000000000000000e+00 -2.646244952276420332e-03
9.000000000000000000e+00 -2.791398872430340700e-03
1.000000000000000000e+01 -3.686535621850306607e-04
1.100000000000000000e+01 1.886992180960712223e-03
1.200000000000000000e+01 8.601162790848105623e-04
1.300000000000000000e+01 5.602516471485002175e-03
