path1	path2	strict1	strict2	cum1	cum2	Perm1	Perm2	Gini	Perm	Count

1.0	0.29020979021	0.193706293706	0.148671328671	0.181118881119	0.202797202797	0.183356643357	0.153706293706	0.0482517482517	0.0398601398601	0.0793006993007	0.0688111888112	0.00223776223776	0.0579020979021	0.141958041958	0.0697902097902	0.0257342657343	0.0640559440559	0.0902097902098	0.0163636363636	0.0772027972028	0.160839160839	0.0272727272727	0.10041958042	0.0393006993007	-0.00321678321678	0.018041958042	0.125454545455	0.113286713287	0.087972027972	0.133706293706
0.0	1.0	0.229370629371	0.138321678322	0.173986013986	0.148951048951	0.0509090909091	0.0748251748252	0.0812587412587	0.0721678321678	0.0647552447552	0.101258741259	0.0718881118881	0.0709090909091	0.0602797202797	0.0734265734266	0.0798601398601	0.0420979020979	0.11006993007	0.0812587412587	0.0853146853147	0.131748251748	0.0367832167832	0.0625174825175	0.0605594405594	0.0572027972028	0.0555244755245	0.0490909090909	0.0671328671329	0.215104895105	0.0892307692308
0.0	0.0	1.0	0.12027972028	0.0181818181818	0.15972027972	0.0924475524476	0.088951048951	0.128951048951	0.0366433566434	0.21020979021	0.175944055944	0.101958041958	0.124755244755	0.11048951049	0.154125874126	0.0546853146853	0.154405594406	0.188111888112	0.117062937063	0.157622377622	0.0765034965035	0.11972027972	0.0883916083916	0.0951048951049	0.0490909090909	0.0772027972028	0.099020979021	0.0264335664336	0.0825174825175	0.0658741258741
0.0	0.0	0.0	1.0	0.228251748252	0.106573426573	0.0591608391608	0.0795804195804	0.154685314685	0.0840559440559	0.0834965034965	0.153846153846	0.0565034965035	0.085034965035	0.0753846153846	0.197202797203	0.105034965035	0.0535664335664	0.151048951049	0.0806993006993	0.116783216783	0.0163636363636	0.0703496503497	0.0903496503497	0.0688111888112	0.00713286713287	0.052027972028	0.0865734265734	0.116643356643	0.0644755244755	0.0262937062937
0.0	0.0	0.0	0.0	1.0	0.20979020979	0.113146853147	0.0265734265734	0.0773426573427	0.00573426573427	0.0482517482517	0.123636363636	0.0664335664336	0.0222377622378	0.0222377622378	0.0772027972028	0.0562237762238	0.00797202797203	0.0847552447552	0.0744055944056	0.0131468531469	0.0616783216783	0.00853146853147	0.0338461538462	-0.0201398601399	0.0573426573427	0.0216783216783	0.026013986014	0.0970629370629	0.0541258741259	-0.00153846153846
0.0	0.0	0.0	0.0	0.0	1.0	0.188111888112	0.112307692308	0.086993006993	0.0261538461538	0.121818181818	0.123076923077	0.0837762237762	0.12027972028	0.0973426573427	0.0765034965035	0.0872727272727	0.0774825174825	0.133146853147	0.094965034965	0.124055944056	0.173566433566	0.0218181818182	0.0706293706294	0.047972027972	-0.0570629370629	0.0230769230769	0.0756643356643	0.0802797202797	0.020979020979	0.0307692307692
0.0	0.0	0.0	0.0	0.0	0.0	1.0	0.126153846154	0.108811188811	0.0786013986014	0.0618181818182	0.107972027972	0.0745454545455	0.123216783217	0.143496503497	0.103636363636	0.0918881118881	0.0387412587413	0.119160839161	0.086013986014	0.126433566434	0.166573426573	0.0184615384615	0.0854545454545	0.00685314685315	-0.000979020979021	0.0981818181818	0.06	0.122377622378	0.0813986013986	0.0492307692308
0.0	0.0	0.0	0.0	0.0	0.0	0.0	1.0	0.315384615385	0.341118881119	0.24965034965	0.264475524476	0.110629370629	0.374545454545	0.860979020979	0.291888111888	0.368811188811	0.240979020979	0.299160839161	0.104335664336	0.396503496503	0.0993006993007	0.178321678322	0.0632167832168	0.0787412587413	0.0215384615385	0.0434965034965	0.0724475524476	0.147132867133	0.148391608392	0.0372027972028
0.0	0.0	0.0	0.0	0.0	0.0	0.0	0.0	1.0	0.308951048951	0.251888111888	0.428111888112	0.146433566434	0.295944055944	0.289370629371	0.798041958042	0.30027972028	0.24965034965	0.442377622378	0.144475524476	0.369370629371	0.0746853146853	0.186013986014	0.00265734265734	0.0718881118881	0.021958041958	0.051048951049	0.0430769230769	0.10027972028	0.0834965034965	0.105734265734
0.0	0.0	0.0	0.0	0.0	0.0	0.0	0.0	0.0	1.0	0.257902097902	0.337762237762	0.140559440559	0.407132867133	0.347552447552	0.326013986014	0.772167832168	0.263076923077	0.302377622378	0.134545454545	0.40993006993	0.0958041958042	0.145174825175	0.0867132867133	0.0384615384615	0.0441958041958	0.0124475524476	0.0851748251748	0.155244755245	0.178181818182	0.0872727272727
0.0	0.0	0.0	0.0	0.0	0.0	0.0	0.0	0.0	0.0	1.0	0.357342657343	0.319300699301	0.286013986014	0.254405594406	0.228671328671	0.254825174825	0.864475524476	0.392587412587	0.332167832168	0.283496503497	0.0379020979021	0.088951048951	0.0602797202797	0.351608391608	0.0577622377622	0.21006993007	0.0616783216783	0.0758041958042	0.0781818181818	0.0909090909091
0.0	0.0	0.0	0.0	0.0	0.0	0.0	0.0	0.0	0.0	0.0	1.0	0.205594405594	0.298461538462	0.255384615385	0.398601398601	0.308251748252	0.338181818182	0.853426573427	0.202237762238	0.301118881119	0.125594405594	0.114405594406	0.0724475524476	0.122377622378	0.132867132867	0.125174825175	0.0657342657343	0.128951048951	0.0840559440559	0.0827972027972
0.0	0.0	0.0	0.0	0.0	0.0	0.0	0.0	0.0	0.0	0.0	0.0	1.0	0.0820979020979	0.131468531469	0.152867132867	0.156783216783	0.314125874126	0.243216783217	0.958181818182	0.085034965035	0.0948251748252	0.0524475524476	0.104335664336	0.240839160839	0.0388811188811	0.509370629371	0.0197202797203	0.0805594405594	0.046013986014	0.144755244755
0.0	0.0	0.0	0.0	0.0	0.0	0.0	0.0	0.0	0.0	0.0	0.0	0.0	1.0	0.386293706294	0.293146853147	0.38993006993	0.255944055944	0.291048951049	0.0713286713287	0.867132867133	0.0911888111888	0.108951048951	0.113846153846	0.0865734265734	0.0681118881119	0.0123076923077	0.0716083916084	0.0760839160839	0.154405594406	-0.0215384615385
0.0	0.0	0.0	0.0	0.0	0.0	0.0	0.0	0.0	0.0	0.0	0.0	0.0	0.0	1.0	0.271748251748	0.347132867133	0.22965034965	0.253986013986	0.119440559441	0.419020979021	0.0875524475524	0.141538461538	0.0748251748252	0.120699300699	0.0338461538462	0.0724475524476	0.0717482517483	0.139300699301	0.172447552448	0.00965034965035
0.0	0.0	0.0	0.0	0.0	0.0	0.0	0.0	0.0	0.0	0.0	0.0	0.0	0.0	0.0	1.0	0.309370629371	0.232167832168	0.413706293706	0.148951048951	0.338041958042	0.0903496503497	0.16979020979	0.0184615384615	0.0581818181818	0.00125874125874	0.047972027972	0.0201398601399	0.0795804195804	0.0885314685315	0.0820979020979
0.0	0.0	0.0	0.0	0.0	0.0	0.0	0.0	0.0	0.0	0.0	0.0	0.0	0.0	0.0	0.0	1.0	0.24951048951	0.267132867133	0.155664335664	0.400979020979	0.10979020979	0.163076923077	0.144475524476	0.0388811188811	0.046013986014	0.0041958041958	0.0944055944056	0.201678321678	0.170769230769	0.0601398601399
0.0	0.0	0.0	0.0	0.0	0.0	0.0	0.0	0.0	0.0	0.0	0.0	0.0	0.0	0.0	0.0	0.0	1.0	0.388111888112	0.317902097902	0.247132867133	0.068951048951	0.114825174825	0.0664335664336	0.363356643357	0.0798601398601	0.195664335664	0.0446153846154	0.0753846153846	0.106713286713	0.126573426573
0.0	0.0	0.0	0.0	0.0	0.0	0.0	0.0	0.0	0.0	0.0	0.0	0.0	0.0	0.0	0.0	0.0	0.0	1.0	0.22951048951	0.288251748252	0.134825174825	0.160839160839	0.0667132867133	0.18013986014	0.116783216783	0.115384615385	0.0904895104895	0.152027972028	0.124755244755	0.0927272727273
0.0	0.0	0.0	0.0	0.0	0.0	0.0	0.0	0.0	0.0	0.0	0.0	0.0	0.0	0.0	0.0	0.0	0.0	0.0	1.0	0.0717482517483	0.104335664336	0.0406993006993	0.11048951049	0.226013986014	0.0369230769231	0.493146853147	0.0236363636364	0.0737062937063	0.0275524475524	0.119020979021
0.0	0.0	0.0	0.0	0.0	0.0	0.0	0.0	0.0	0.0	0.0	0.0	0.0	0.0	0.0	0.0	0.0	0.0	0.0	0.0	1.0	0.0763636363636	0.118881118881	0.109230769231	0.079020979021	0.058041958042	0.0135664335664	0.0818181818182	0.0917482517483	0.129370629371	0.00041958041958
0.0	0.0	0.0	0.0	0.0	0.0	0.0	0.0	0.0	0.0	0.0	0.0	0.0	0.0	0.0	0.0	0.0	0.0	0.0	0.0	0.0	1.0	0.012027972028	0.102797202797	0.066993006993	0.0646153846154	0.0282517482517	0.0988811188811	0.135524475524	0.121258741259	0.041958041958
0.0	0.0	0.0	0.0	0.0	0.0	0.0	0.0	0.0	0.0	0.0	0.0	0.0	0.0	0.0	0.0	0.0	0.0	0.0	0.0	0.0	0.0	1.0	-0.0556643356643	0.00937062937063	0.191608391608	-0.0116083916084	0.0622377622378	0.0525874125874	0.073006993007	0.0152447552448
0.0	0.0	0.0	0.0	0.0	0.0	0.0	0.0	0.0	0.0	0.0	0.0	0.0	0.0	0.0	0.0	0.0	0.0	0.0	0.0	0.0	0.0	0.0	1.0	0.118321678322	-0.0373426573427	0.053986013986	0.074965034965	0.10041958042	0.081958041958	0.0734265734266
0.0	0.0	0.0	0.0	0.0	0.0	0.0	0.0	0.0	0.0	0.0	0.0	0.0	0.0	0.0	0.0	0.0	0.0	0.0	0.0	0.0	0.0	0.0	0.0	1.0	-0.0576223776224	0.193706293706	0.0461538461538	0.0661538461538	0.0275524475524	0.0755244755245
0.0	0.0	0.0	0.0	0.0	0.0	0.0	0.0	0.0	0.0	0.0	0.0	0.0	0.0	0.0	0.0	0.0	0.0	0.0	0.0	0.0	0.0	0.0	0.0	0.0	1.0	-0.0152447552448	-0.0544055944056	-0.0453146853147	0.0805594405594	-0.0711888111888
0.0	0.0	0.0	0.0	0.0	0.0	0.0	0.0	0.0	0.0	0.0	0.0	0.0	0.0	0.0	0.0	0.0	0.0	0.0	0.0	0.0	0.0	0.0	0.0	0.0	0.0	1.0	0.0230769230769	0.00657342657343	0.0365034965035	0.121398601399
0.0	0.0	0.0	0.0	0.0	0.0	0.0	0.0	0.0	0.0	0.0	0.0	0.0	0.0	0.0	0.0	0.0	0.0	0.0	0.0	0.0	0.0	0.0	0.0	0.0	0.0	0.0	1.0	0.137062937063	0.0744055944056	0.0974825174825
0.0	0.0	0.0	0.0	0.0	0.0	0.0	0.0	0.0	0.0	0.0	0.0	0.0	0.0	0.0	0.0	0.0	0.0	0.0	0.0	0.0	0.0	0.0	0.0	0.0	0.0	0.0	0.0	1.0	0.169090909091	0.205454545455
0.0	0.0	0.0	0.0	0.0	0.0	0.0	0.0	0.0	0.0	0.0	0.0	0.0	0.0	0.0	0.0	0.0	0.0	0.0	0.0	0.0	0.0	0.0	0.0	0.0	0.0	0.0	0.0	0.0	1.0	0.132727272727
0.0	0.0	0.0	0.0	0.0	0.0	0.0	0.0	0.0	0.0	0.0	0.0	0.0	0.0	0.0	0.0	0.0	0.0	0.0	0.0	0.0	0.0	0.0	0.0	0.0	0.0	0.0	0.0	0.0	0.0	1.0

0.0	0.331663953487	0.360123565386	0.341490263089	0.281950029024	0.337138371851	0.367944597139	0.317376187487	0.295065950435	0.272928919537	0.273563752186	0.323876224947	0.296204625727	0.35764029043	0.330304675325	0.317437814542	0.294890851352	0.298713102049	0.2748714351	0.307264833381	0.32891215697	0.315278384416	0.320570454661	0.362954605664	0.315640787221	0.278554247983	0.34740000315	0.265208939708	0.316699073405	0.361508269965	0.32989695598
0.0	0.0	0.33697877834	0.31302214728	0.374291552101	0.349234017869	0.405476327158	0.312051918475	0.289830875728	0.281304743207	0.277670144382	0.275926156385	0.295280629079	0.32677030947	0.289009701668	0.309556495211	0.294664072702	0.304572518127	0.236466274732	0.307288005197	0.280735918392	0.312769177922	0.330137512342	0.339187252955	0.300336779359	0.320483307817	0.338436715266	0.318379221021	0.315684505368	0.323108889527	0.331299003593
0.0	0.0	0.0	0.357610097943	0.328302128599	0.285415312023	0.369557203656	0.330055232575	0.314191251627	0.326202781537	0.286738562761	0.310541040265	0.291087525965	0.305088666345	0.336943947892	0.316816281329	0.310293171716	0.285022612056	0.305155627453	0.303834074776	0.313059389304	0.275816855268	0.257189221513	0.302090650004	0.307215141769	0.307130733558	0.309568216724	0.278512637867	0.344570909173	0.300425961308	0.282115930097
0.0	0.0	0.0	0.0	0.347373735201	0.346713709848	0.283965030746	0.314691188756	0.311824258884	0.326472304315	0.286810183183	0.279849620447	0.287043439454	0.348996199274	0.327437917787	0.319065092311	0.350207919073	0.333564557031	0.241593969999	0.291185351611	0.342009520343	0.304576114648	0.293674357238	0.345700317432	0.294850783777	0.315515579153	0.303619452393	0.296542714124	0.356145106504	0.29611166219	0.305457747364
0.0	0.0	0.0	0.0	0.0	0.315058054306	0.335809088835	0.366895027856	0.31788400725	0.308706814479	0.297074427234	0.26886430422	0.272652849806	0.273671272831	0.377937423618	0.290552363315	0.327514583994	0.314178332866	0.21743029976	0.27266185337	0.280103374028	0.269624414793	0.319151798993	0.319886649199	0.302998657125	0.286839474193	0.318710081722	0.328909421276	0.375603617085	0.354196487618	0.332923806658
0.0	0.0	0.0	0.0	0.0	0.0	0.339163722863	0.331590694788	0.316591460819	0.328450483756	0.233684028853	0.267403663133	0.300508933073	0.306985838679	0.351151574446	0.327942682869	0.317988075957	0.267015095043	0.248974462637	0.303500016093	0.306720684607	0.352621474459	0.307633942335	0.309499619033	0.304975321455	0.307264037615	0.320866259883	0.302054807856	0.356097868865	0.350535941427	0.347394119077
0.0	0.0	0.0	0.0	0.0	0.0	0.0	0.329316314023	0.282448790375	0.280908525131	0.309266032723	0.286215361597	0.326361800825	0.272450603794	0.329848331444	0.266071519519	0.266142527752	0.289433488628	0.29128190205	0.327909398049	0.275477756857	0.3264579242	0.368153121163	0.28915315267	0.324681903261	0.356687259056	0.286392315649	0.298201005693	0.310222432855	0.341260919402	0.302356662037
0.0	0.0	0.0	0.0	0.0	0.0	0.0	0.0	0.310600528253	0.296431875503	0.329872081275	0.303939897181	0.355227382429	0.328749165013	0.209695269893	0.347142925422	0.298295186992	0.356289993598	0.326402794554	0.365484384278	0.287436406887	0.326479823665	0.272936086459	0.31348632502	0.285019077633	0.261691141254	0.289960428718	0.293881932165	0.292651987151	0.284082386101	0.294890851352
0.0	0.0	0.0	0.0	0.0	0.0	0.0	0.0	0.0	0.344063590796	0.279204034104	0.291561566565	0.306279049367	0.275987116464	0.34494991596	0.267899314193	0.317477619259	0.299278641106	0.268282992558	0.310359104474	0.252104216093	0.270543308627	0.303338555787	0.303679780953	0.300240469585	0.317504111893	0.316304304627	0.275053233726	0.269627752006	0.286260635352	0.277137163837
0.0	0.0	0.0	0.0	0.0	0.0	0.0	0.0	0.0	0.0	0.311007694603	0.302664742745	0.390047463542	0.284371435461	0.302215238803	0.309691186876	0.237700897065	0.32120941805	0.303098446704	0.379945096939	0.255695129054	0.286686848517	0.255104128327	0.293086258618	0.278122183133	0.30572940322	0.297383869152	0.321123541059	0.244875095531	0.282206572674	0.332535652074
0.0	0.0	0.0	0.0	0.0	0.0	0.0	0.0	0.0	0.0	0.0	0.327509477454	0.357961666041	0.310380028578	0.318561642196	0.299758652328	0.291923192091	0.210798926915	0.288735864473	0.357361815752	0.300924326275	0.330975674425	0.398775670405	0.281476618917	0.404437801102	0.313064387896	0.294972163833	0.293375404686	0.3247357288	0.295127066413	0.277987640851
0.0	0.0	0.0	0.0	0.0	0.0	0.0	0.0	0.0	0.0	0.0	0.0	0.323932509216	0.310846641457	0.298945086433	0.331397708642	0.307742653224	0.329752009982	0.236966830778	0.312701876698	0.307483750043	0.324960332296	0.239315208022	0.314442050496	0.29604546361	0.30261222729	0.259153895121	0.314995961666	0.266803736758	0.281565556834	0.29761094147
0.0	0.0	0.0	0.0	0.0	0.0	0.0	0.0	0.0	0.0	0.0	0.0	0.0	0.313925454001	0.356412924323	0.312868133206	0.387720687364	0.358464676161	0.325406459344	0.110112572932	0.307378606774	0.317356680031	0.307855169867	0.307364224324	0.308121633092	0.315238550209	0.376190915455	0.300148104345	0.295026138697	0.29539670059	0.321304891181
0.0	0.0	0.0	0.0	0.0	0.0	0.0	0.0	0.0	0.0	0.0	0.0	0.0	0.0	0.323580753271	0.284998590843	0.285854282015	0.320337735607	0.29259159098	0.318015018141	0.189663963866	0.303364219826	0.291104325289	0.272124275114	0.285742480602	0.251630936146	0.302423290187	0.246707736645	0.336414197383	0.276098369337	0.291761258585
0.0	0.0	0.0	0.0	0.0	0.0	0.0	0.0	0.0	0.0	0.0	0.0	0.0	0.0	0.0	0.342703036771	0.298429422643	0.336035226329	0.332524475451	0.363294190814	0.273342823366	0.330230611594	0.271827671776	0.321113063713	0.274809373378	0.249337172079	0.302469209783	0.328754073798	0.275072718992	0.28394229787	0.28472409051
0.0	0.0	0.0	0.0	0.0	0.0	0.0	0.0	0.0	0.0	0.0	0.0	0.0	0.0	0.0	0.0	0.324877855221	0.289030377889	0.290146121586	0.30851209926	0.258293356416	0.270186623976	0.310574674895	0.325287626123	0.283213986	0.312463610283	0.317473306296	0.251116690318	0.290087226626	0.290742993196	0.31639569375
0.0	0.0	0.0	0.0	0.0	0.0	0.0	0.0	0.0	0.0	0.0	0.0	0.0	0.0	0.0	0.0	0.0	0.311503541637	0.316905917977	0.370267166992	0.282218251836	0.299471391102	0.261831629563	0.313884326362	0.277340083001	0.310634660207	0.306571384813	0.299239422523	0.286905478821	0.28920659027	0.328465937907
0.0	0.0	0.0	0.0	0.0	0.0	0.0	0.0	0.0	0.0	0.0	0.0	0.0	0.0	0.0	0.0	0.0	0.0	0.324174715883	0.360183200597	0.315202713735	0.309981976669	0.369162130726	0.28041958042	0.38563364256	0.292458521665	0.289724896115	0.296948109713	0.322435381565	0.307287750571	0.278884240116
0.0	0.0	0.0	0.0	0.0	0.0	0.0	0.0	0.0	0.0	0.0	0.0	0.0	0.0	0.0	0.0	0.0	0.0	0.0	0.317324411511	0.289085495972	0.308644553197	0.222926709186	0.312412021945	0.300837697863	0.330097337964	0.246357393592	0.326370191774	0.278278838464	0.264499745575	0.30242409869
0.0	0.0	0.0	0.0	0.0	0.0	0.0	0.0	0.0	0.0	0.0	0.0	0.0	0.0	0.0	0.0	0.0	0.0	0.0	0.0	0.318883603229	0.297734087033	0.302028903024	0.324773795872	0.309070150871	0.30313226185	0.380841600551	0.269831823854	0.292378651005	0.291964230913	0.311296406323
0.0	0.0	0.0	0.0	0.0	0.0	0.0	0.0	0.0	0.0	0.0	0.0	0.0	0.0	0.0	0.0	0.0	0.0	0.0	0.0	0.0	0.29425137565	0.295535429819	0.254383603351	0.286748249616	0.26120261897	0.311434365286	0.249085569062	0.320458740087	0.300778164971	0.293824185464
0.0	0.0	0.0	0.0	0.0	0.0	0.0	0.0	0.0	0.0	0.0	0.0	0.0	0.0	0.0	0.0	0.0	0.0	0.0	0.0	0.0	0.0	0.360844690151	0.332867867426	0.316192474705	0.355279333156	0.289442781177	0.345768691567	0.314604154258	0.307830896951	0.303928022962
0.0	0.0	0.0	0.0	0.0	0.0	0.0	0.0	0.0	0.0	0.0	0.0	0.0	0.0	0.0	0.0	0.0	0.0	0.0	0.0	0.0	0.0	0.0	0.282787242256	0.372835786301	0.370365389563	0.314581521344	0.296451539187	0.373406248628	0.378523038848	0.34856247547
0.0	0.0	0.0	0.0	0.0	0.0	0.0	0.0	0.0	0.0	0.0	0.0	0.0	0.0	0.0	0.0	0.0	0.0	0.0	0.0	0.0	0.0	0.0	0.0	0.287247804667	0.282606127476	0.28901697743	0.377236373551	0.306994631788	0.326958907576	0.332267927502
0.0	0.0	0.0	0.0	0.0	0.0	0.0	0.0	0.0	0.0	0.0	0.0	0.0	0.0	0.0	0.0	0.0	0.0	0.0	0.0	0.0	0.0	0.0	0.0	0.0	0.358054414119	0.342937661848	0.327592336914	0.285428504652	0.354076626896	0.339557838445
0.0	0.0	0.0	0.0	0.0	0.0	0.0	0.0	0.0	0.0	0.0	0.0	0.0	0.0	0.0	0.0	0.0	0.0	0.0	0.0	0.0	0.0	0.0	0.0	0.0	0.0	0.3576639449	0.306747723665	0.29812933321	0.305296585608	0.346699971817
0.0	0.0	0.0	0.0	0.0	0.0	0.0	0.0	0.0	0.0	0.0	0.0	0.0	0.0	0.0	0.0	0.0	0.0	0.0	0.0	0.0	0.0	0.0	0.0	0.0	0.0	0.0	0.25031155705	0.25479281764	0.340099745748	0.295623975916
0.0	0.0	0.0	0.0	0.0	0.0	0.0	0.0	0.0	0.0	0.0	0.0	0.0	0.0	0.0	0.0	0.0	0.0	0.0	0.0	0.0	0.0	0.0	0.0	0.0	0.0	0.0	0.0	0.318951654572	0.364516846887	0.343414063818
0.0	0.0	0.0	0.0	0.0	0.0	0.0	0.0	0.0	0.0	0.0	0.0	0.0	0.0	0.0	0.0	0.0	0.0	0.0	0.0	0.0	0.0	0.0	0.0	0.0	0.0	0.0	0.0	0.0	0.372150697461	0.34667514607
0.0	0.0	0.0	0.0	0.0	0.0	0.0	0.0	0.0	0.0	0.0	0.0	0.0	0.0	0.0	0.0	0.0	0.0	0.0	0.0	0.0	0.0	0.0	0.0	0.0	0.0	0.0	0.0	0.0	0.0	0.35386961972
0.0	0.0	0.0	0.0	0.0	0.0	0.0	0.0	0.0	0.0	0.0	0.0	0.0	0.0	0.0	0.0	0.0	0.0	0.0	0.0	0.0	0.0	0.0	0.0	0.0	0.0	0.0	0.0	0.0	0.0	0.0
