1.000000000000000000e+00 -6.651797508627081733e-04
2.000000000000000000e+00 1.153146245684576491e-03
3.000000000000000000e+00 -6.654654129130760853e-04
4.000000000000000000e+00 -6.654654129130760853e-04
5.000000000000000000e+00 -6.654654129130760853e-04
6.000000000000000000e+00 -6.638194553847656578e-04
7.000000000000000000e+00 -6.096644600532997050e-04
8.000000000000000000e+00 -6.524221938124340333e-04
9.000000000000000000e+00 -6.487140542499527252e-04
1.000000000000000000e+01 3.483524835867088214e-03
1.100000000000000000e+01 -6.507864644105981798e-04
1.200000000000000000e+01 -2.044117606829533589e-04
1.300000000000000000e+01 -5.746096909299031486e-04
1.400000000000000000e+01 -6.370715508357406402e-04
1.500000000000000000e+01 -6.654654129130760853e-04
1.600000000000000000e+01 -5.422992402020855368e-04
1.700000000000000000e+01 -5.311018125130611417e-04
1.800000000000000000e+01 -4.204730427456359536e-04
1.900000000000000000e+01 4.813983748258773496e-03
1.000000000000000000e+00 -5.167065231871665731e-04
2.000000000000000000e+00 1.935224126047404214e-03
3.000000000000000000e+00 -5.175907152478292353e-04
4.000000000000000000e+00 -5.175907152478292353e-04
5.000000000000000000e+00 -5.175907152478292353e-04
6.000000000000000000e+00 -5.175907152478292353e-04
7.000000000000000000e+00 -5.154496101655476085e-04
8.000000000000000000e+00 -5.111173799929813683e-04
9.000000000000000000e+00 -5.134847993772074723e-04
1.000000000000000000e+01 7.409968793983373039e-04
1.100000000000000000e+01 1.671050345942251287e-03
1.200000000000000000e+01 -5.012154051256085749e-04
1.300000000000000000e+01 1.756712187731544186e-03
1.400000000000000000e+01 -5.035282915215399209e-04
1.500000000000000000e+01 -5.162081109240483634e-04
1.600000000000000000e+01 -2.739369646118739528e-04
1.700000000000000000e+01 5.709574921729271713e-04
1.800000000000000000e+01 -5.164364073708322712e-04
1.900000000000000000e+01 -2.733784097610139218e-04
1.000000000000000000e+00 -8.655757000792383337e-04
2.000000000000000000e+00 -5.499385672152147173e-04
3.000000000000000000e+00 -8.737456347197611155e-04
4.000000000000000000e+00 -8.729104132963044771e-04
5.000000000000000000e+00 -8.737456347197611155e-04
6.000000000000000000e+00 -8.727118101565248471e-04
7.000000000000000000e+00 -8.721894566929949385e-04
8.000000000000000000e+00 -8.441183992101726615e-04
9.000000000000000000e+00 -8.581838544520985863e-04
1.000000000000000000e+01 4.427642927698212383e-03
1.100000000000000000e+01 -6.156122725948023899e-04
1.200000000000000000e+01 -8.737456347197611155e-04
1.300000000000000000e+01 -8.737456347197611155e-04
1.400000000000000000e+01 -8.737456347197611155e-04
1.500000000000000000e+01 2.841223900102714944e-03
1.600000000000000000e+01 -8.230666024230818070e-04
1.700000000000000000e+01 -4.552630901867964750e-04
1.800000000000000000e+01 -8.678707906096229862e-04
1.900000000000000000e+01 5.552320557102732347e-03
1.000000000000000000e+00 -7.070472515397001291e-04
2.000000000000000000e+00 -4.951947528349605115e-04
3.000000000000000000e+00 -7.104441036760480695e-04
4.000000000000000000e+00 -7.104441036760480695e-04
5.000000000000000000e+00 -7.104441036760480695e-04
6.000000000000000000e+00 -6.952849708698565206e-04
7.000000000000000000e+00 -7.104441036760480695e-04
8.000000000000000000e+00 -7.029304144396698048e-04
9.000000000000000000e+00 -7.021122938736500943e-04
1.000000000000000000e+01 4.045258229247614308e-03
1.100000000000000000e+01 -6.459715068154961047e-04
1.200000000000000000e+01 -4.849142064024533692e-04
1.300000000000000000e+01 4.689580649815091110e-03
1.400000000000000000e+01 -6.987778210013620905e-04
1.500000000000000000e+01 -7.097857206647239636e-04
1.600000000000000000e+01 -3.668332390413327920e-04
1.700000000000000000e+01 -7.104441036760480695e-04
1.800000000000000000e+01 -6.867382343819435379e-04
1.900000000000000000e+01 1.647564730523262124e-03
1.000000000000000000e+00 -6.441672130895187550e-04
2.000000000000000000e+00 -2.127657351194134350e-04
3.000000000000000000e+00 -6.459628031204028972e-04
4.000000000000000000e+00 -6.459628031204028972e-04
5.000000000000000000e+00 -6.459628031204028972e-04
6.000000000000000000e+00 -6.377928684798801155e-04
7.000000000000000000e+00 -6.455139056126818617e-04
8.000000000000000000e+00 -6.381819129865716868e-04
9.000000000000000000e+00 -6.381819129865716868e-04
1.000000000000000000e+01 1.523711884936637716e-03
1.100000000000000000e+01 4.912337634381714821e-03
1.200000000000000000e+01 -5.203378704226411383e-04
1.300000000000000000e+01 -6.412918075530488421e-04
1.400000000000000000e+01 -6.349373815557657385e-04
1.500000000000000000e+01 -6.459628031204028972e-04
1.600000000000000000e+01 1.193084872411866127e-03
1.700000000000000000e+01 1.194010132440767894e-03
1.800000000000000000e+01 -5.759454799518192976e-04
1.900000000000000000e+01 -5.029857405004831529e-04
1.000000000000000000e+00 -1.002468220347477309e-03
2.000000000000000000e+00 5.446530765416213692e-03
3.000000000000000000e+00 -1.004802487387626521e-03
4.000000000000000000e+00 -1.004802487387626521e-03
5.000000000000000000e+00 -1.003904692372184449e-03
6.000000000000000000e+00 -1.002348514345418164e-03
7.000000000000000000e+00 -1.003768662824390361e-03
8.000000000000000000e+00 -9.973657520097147563e-04
9.000000000000000000e+00 -9.912670032639072596e-04
1.000000000000000000e+01 2.241613678146185413e-03
1.100000000000000000e+01 -9.872312786399473593e-04
1.200000000000000000e+01 -1.574877650729043809e-04
1.300000000000000000e+01 -9.438781176397274863e-04
1.400000000000000000e+01 -7.569093130238640447e-04
1.500000000000000000e+01 -1.004503222382479308e-03
1.600000000000000000e+01 2.782665219197726515e-03
1.700000000000000000e+01 -1.000989851222049316e-03
1.800000000000000000e+01 -9.990565992887973090e-04
1.900000000000000000e+01 3.306670897615169961e-03
1.000000000000000000e+00 -6.033682652558795042e-04
2.000000000000000000e+00 -5.960759543921401345e-04
3.000000000000000000e+00 -6.354007363639809077e-04
4.000000000000000000e+00 -6.354007363639809077e-04
5.000000000000000000e+00 -6.330664693238314796e-04
6.000000000000000000e+00 -6.318478259483254096e-04
7.000000000000000000e+00 -6.349518388562598722e-04
8.000000000000000000e+00 -6.330664693238314796e-04
9.000000000000000000e+00 -6.288617960015111061e-04
1.000000000000000000e+01 6.693606049264191199e-03
1.100000000000000000e+01 -6.326325350663677830e-04
1.200000000000000000e+01 1.472756629146325727e-03
1.300000000000000000e+01 -5.988583416283088309e-04
1.400000000000000000e+01 -6.293625661101243367e-04
1.500000000000000000e+01 -2.891791343496205981e-04
1.600000000000000000e+01 -3.097569293187897891e-04
1.700000000000000000e+01 9.959143420387559127e-04
1.800000000000000000e+01 -5.944424435674527723e-04
1.900000000000000000e+01 -5.061949229844980337e-04
1.000000000000000000e+00 -6.788715497826076223e-04
2.000000000000000000e+00 2.303359642357547844e-03
3.000000000000000000e+00 -6.871911169257042271e-04
4.000000000000000000e+00 -6.871911169257042271e-04
5.000000000000000000e+00 -6.867422194179831916e-04
6.000000000000000000e+00 -6.871911169257042271e-04
7.000000000000000000e+00 -6.829116273520969421e-04
8.000000000000000000e+00 -6.844079523778337634e-04
9.000000000000000000e+00 -6.871911169257042271e-04
1.000000000000000000e+01 1.999322783544366534e-03
1.100000000000000000e+01 3.602199594033633854e-03
1.200000000000000000e+01 -4.024150723457381126e-04
1.300000000000000000e+01 -6.871911169257042271e-04
1.400000000000000000e+01 -6.770405920692969736e-04
1.500000000000000000e+01 -6.840616600147347284e-04
1.600000000000000000e+01 -5.352841031489425326e-04
1.700000000000000000e+01 1.844139465720993085e-03
1.800000000000000000e+01 -6.850513721389006388e-04
1.900000000000000000e+01 -6.382394266925013994e-04
1.000000000000000000e+00 -8.144646314611668709e-04
2.000000000000000000e+00 2.112659850810374215e-03
3.000000000000000000e+00 -8.311681077234667247e-04
4.000000000000000000e+00 -8.311681077234667247e-04
5.000000000000000000e+00 -8.311681077234667247e-04
6.000000000000000000e+00 -8.304199452105982598e-04
7.000000000000000000e+00 -8.295221501951561887e-04
8.000000000000000000e+00 -8.307192102157456891e-04
9.000000000000000000e+00 -8.307192102157456891e-04
1.000000000000000000e+01 -4.300834443839014168e-04
1.100000000000000000e+01 -7.870091983684788422e-04
1.200000000000000000e+01 3.472139883434664353e-03
1.300000000000000000e+01 1.950947160036058808e-03
1.400000000000000000e+01 -6.620449676619513061e-04
1.500000000000000000e+01 1.735938442226220291e-03
1.600000000000000000e+01 1.597097442215752745e-03
1.700000000000000000e+01 -8.284388108765227462e-04
1.800000000000000000e+01 -7.831828167409768220e-04
1.900000000000000000e+01 -7.504560572985310854e-04
1.000000000000000000e+00 -6.827711322813583786e-04
2.000000000000000000e+00 -4.836375161309354942e-04
3.000000000000000000e+00 -6.997737375192576844e-04
4.000000000000000000e+00 -6.997737375192576844e-04
5.000000000000000000e+00 -6.997737375192576844e-04
6.000000000000000000e+00 -6.943271144255757938e-04
7.000000000000000000e+00 -6.997737375192576844e-04
8.000000000000000000e+00 -6.959567484081509523e-04
9.000000000000000000e+00 -6.806556914404273285e-04
1.000000000000000000e+01 1.952918048246345606e-03
1.100000000000000000e+01 -6.942447193851975732e-04
1.200000000000000000e+01 6.572341167685725322e-03
1.300000000000000000e+01 -4.172908790560070878e-04
1.400000000000000000e+01 -6.855484022154909648e-04
1.500000000000000000e+01 -6.982746919025650031e-04
1.600000000000000000e+01 -3.504786452269665156e-04
1.700000000000000000e+01 1.547205046224231755e-03
1.800000000000000000e+01 -6.962859399138130595e-04
1.900000000000000000e+01 -5.066949085654905540e-04
1.000000000000000000e+00 -7.936637727655404756e-04
2.000000000000000000e+00 2.602110638135867181e-05
3.000000000000000000e+00 -8.034557237339620944e-04
4.000000000000000000e+00 -8.034557237339620944e-04
5.000000000000000000e+00 -7.970364893735512211e-04
6.000000000000000000e+00 -8.026939582663142206e-04
7.000000000000000000e+00 -8.024082962159463086e-04
8.000000000000000000e+00 -8.032271940936677864e-04
9.000000000000000000e+00 -8.034557237339620944e-04
1.000000000000000000e+01 1.961289063069647769e-03
1.100000000000000000e+01 2.177930135453017522e-03
1.200000000000000000e+01 5.032842076285858751e-03
1.300000000000000000e+01 -7.741702424588613879e-04
1.400000000000000000e+01 -7.627728227569434069e-04
1.500000000000000000e+01 -8.016892828918909713e-04
1.600000000000000000e+01 1.615959789168945832e-03
1.700000000000000000e+01 -7.914979491711454911e-04
1.800000000000000000e+01 -7.796043028237176382e-04
1.900000000000000000e+01 -5.548221820743864463e-04
1.000000000000000000e+00 -7.966644200829702416e-04
2.000000000000000000e+00 -5.025647224468580282e-04
3.000000000000000000e+00 -8.093634585173028030e-04
4.000000000000000000e+00 -8.093634585173028030e-04
5.000000000000000000e+00 -8.011935238767799129e-04
6.000000000000000000e+00 -8.078072804905365176e-04
7.000000000000000000e+00 -8.083296339540664262e-04
8.000000000000000000e+00 -8.075515449406833919e-04
9.000000000000000000e+00 -8.071325739334770343e-04
1.000000000000000000e+01 1.993955317840689044e-03
1.100000000000000000e+01 -7.718656829242891105e-04
1.200000000000000000e+01 -8.053832339488429474e-04
1.300000000000000000e+01 5.441212669574303946e-03
1.400000000000000000e+01 -7.926646007820304599e-04
1.500000000000000000e+01 -8.081800014514928200e-04
1.600000000000000000e+01 1.784897763194898904e-03
1.700000000000000000e+01 1.945804718569641486e-03
1.800000000000000000e+01 -7.567363470666619088e-04
1.900000000000000000e+01 -7.634400192115105245e-04
1.000000000000000000e+00 -7.983013932373591920e-04
2.000000000000000000e+00 -7.489751747934937295e-04
3.000000000000000000e+00 -8.129046315800933812e-04
4.000000000000000000e+00 -8.129046315800933812e-04
5.000000000000000000e+00 -8.129046315800933812e-04
6.000000000000000000e+00 -8.129046315800933812e-04
7.000000000000000000e+00 -7.993871810878529736e-04
8.000000000000000000e+00 -7.902270485033506498e-04
9.000000000000000000e+00 -7.986072459591783777e-04
1.000000000000000000e+01 -5.917739881805423588e-04
1.100000000000000000e+01 1.682286736860574578e-03
1.200000000000000000e+01 2.290263727190506009e-03
1.300000000000000000e+01 -8.109539678647238042e-04
1.400000000000000000e+01 -7.691698882655181001e-04
1.500000000000000000e+01 -6.177990317125887573e-04
1.600000000000000000e+01 -8.104715164018801328e-04
1.700000000000000000e+01 4.651955864479724069e-03
1.800000000000000000e+01 -8.046748439385410269e-04
1.900000000000000000e+01 2.897863831464279460e-03
1.000000000000000000e+00 -7.601478384931736280e-04
2.000000000000000000e+00 2.773667824524169920e-03
3.000000000000000000e+00 -7.734209540071855645e-04
4.000000000000000000e+00 -7.725759384562875696e-04
5.000000000000000000e+00 -7.732413950040970636e-04
6.000000000000000000e+00 -7.705864868870041006e-04
7.000000000000000000e+00 -7.686301747066023394e-04
8.000000000000000000e+00 -7.676990071087680520e-04
9.000000000000000000e+00 -7.718647759804192791e-04
1.000000000000000000e+01 -7.239282483520148278e-04
1.100000000000000000e+01 -5.082804248610541670e-04
1.200000000000000000e+01 -5.837387965791061579e-04
1.300000000000000000e+01 7.923794402245811375e-04
1.400000000000000000e+01 -6.975592535368179987e-04
1.500000000000000000e+01 2.005508328271733611e-03
1.600000000000000000e+01 -6.017022406218054328e-04
1.700000000000000000e+01 1.619347406898430245e-03
1.800000000000000000e+01 -7.686669156397017439e-04
1.900000000000000000e+01 2.776380422124722497e-03
1.000000000000000000e+00 -6.523549892195337156e-04
2.000000000000000000e+00 -5.684410170002393656e-04
3.000000000000000000e+00 -6.528882250468872814e-04
4.000000000000000000e+00 -6.528882250468872814e-04
5.000000000000000000e+00 -6.528882250468872814e-04
6.000000000000000000e+00 -6.519545182308274451e-04
7.000000000000000000e+00 -6.476168857419344971e-04
8.000000000000000000e+00 -6.523672318788351944e-04
9.000000000000000000e+00 -6.528882250468872814e-04
1.000000000000000000e+01 1.475349822308807133e-03
1.100000000000000000e+01 -2.252299582573797450e-04
1.200000000000000000e+01 -6.498057954938693884e-04
1.300000000000000000e+01 1.615702583459887503e-03
1.400000000000000000e+01 -6.526596954065928650e-04
1.500000000000000000e+01 1.739358339468584846e-03
1.600000000000000000e+01 1.342263668914530543e-03
1.700000000000000000e+01 -6.432188302234307818e-04
1.800000000000000000e+01 -6.484468991769899238e-04
1.900000000000000000e+01 2.358356895287456404e-03
1.000000000000000000e+00 -8.440676922359068284e-04
2.000000000000000000e+00 -8.499168850598895660e-04
3.000000000000000000e+00 -8.607383853771882753e-04
4.000000000000000000e+00 -8.597045608139518985e-04
5.000000000000000000e+00 -8.607383853771882753e-04
6.000000000000000000e+00 -8.551720562814473479e-04
7.000000000000000000e+00 -8.575063233215967761e-04
8.000000000000000000e+00 -8.602894878694672398e-04
9.000000000000000000e+00 -8.512054346677669012e-04
1.000000000000000000e+01 1.657282264996403232e-03
1.100000000000000000e+01 -8.300162933805864699e-04
1.200000000000000000e+01 6.579604755246063787e-03
1.300000000000000000e+01 7.399861442689099553e-04
1.400000000000000000e+01 -8.437945578591309927e-04
1.500000000000000000e+01 2.875563620532660663e-03
1.600000000000000000e+01 -2.247481177342595536e-04
1.700000000000000000e+01 -7.410464397048504171e-04
1.800000000000000000e+01 -8.357198309468691052e-04
1.900000000000000000e+01 -7.546953854266252914e-04
1.000000000000000000e+00 -8.999959944569863816e-04
2.000000000000000000e+00 -4.074506857352071265e-04
3.000000000000000000e+00 -9.085370954350621480e-04
4.000000000000000000e+00 -9.085370954350621480e-04
5.000000000000000000e+00 -9.060831223928537915e-04
6.000000000000000000e+00 -9.058437103887359348e-04
7.000000000000000000e+00 -9.085370954350621480e-04
8.000000000000000000e+00 -8.929769475219730699e-04
9.000000000000000000e+00 -9.029109133382917565e-04
1.000000000000000000e+01 -6.765050143545381627e-04
1.100000000000000000e+01 -8.982260557122577396e-04
1.200000000000000000e+01 -7.311557920445315665e-04
1.300000000000000000e+01 -8.329830781793641633e-04
1.400000000000000000e+01 -9.085370954350621480e-04
1.500000000000000000e+01 1.608025494505175863e-03
1.600000000000000000e+01 6.051343710033978487e-03
1.700000000000000000e+01 -8.601294067962810723e-04
1.800000000000000000e+01 -5.389763729331631219e-04
1.900000000000000000e+01 5.360942141481148462e-03
1.000000000000000000e+00 -6.789715940902730715e-04
2.000000000000000000e+00 1.865298950180271096e-03
3.000000000000000000e+00 -6.867375209738470513e-04
4.000000000000000000e+00 -6.867375209738470513e-04
5.000000000000000000e+00 -6.867375209738470513e-04
6.000000000000000000e+00 -6.867375209738470513e-04
7.000000000000000000e+00 -6.811711918781061239e-04
8.000000000000000000e+00 -6.860791379625228370e-04
9.000000000000000000e+00 -6.842835479316386948e-04
1.000000000000000000e+01 1.905816439227171625e-03
1.100000000000000000e+01 2.085413439902603864e-03
1.200000000000000000e+01 2.310795447147356071e-03
1.300000000000000000e+01 7.233885729757762477e-04
1.400000000000000000e+01 -6.728203379390169112e-04
1.500000000000000000e+01 -6.867375209738470513e-04
1.600000000000000000e+01 -5.083992470473377556e-04
1.700000000000000000e+01 -6.439681987927601105e-04
1.800000000000000000e+01 -6.861988439645817653e-04
1.900000000000000000e+01 -2.699525992869645694e-04
1.000000000000000000e+00 -5.383029968758996963e-04
2.000000000000000000e+00 2.234406889979645081e-03
3.000000000000000000e+00 -5.383029968758996963e-04
4.000000000000000000e+00 -5.383029968758996963e-04
5.000000000000000000e+00 -5.301330622353768061e-04
6.000000000000000000e+00 -5.380173348255316759e-04
7.000000000000000000e+00 -5.095123430852459192e-04
8.000000000000000000e+00 -5.349349052725138913e-04
9.000000000000000000e+00 -5.342030663053808038e-04
1.000000000000000000e+01 -3.367866223903375074e-04
1.100000000000000000e+01 1.016629841320243737e-03
1.200000000000000000e+01 -5.383029968758996963e-04
1.300000000000000000e+01 -2.715746272063535439e-04
1.400000000000000000e+01 -5.383029968758996963e-04
1.500000000000000000e+01 2.760403743007310440e-03
1.600000000000000000e+01 -5.383029968758996963e-04
1.700000000000000000e+01 -4.864969338653548909e-04
1.800000000000000000e+01 -4.526353965024169511e-04
1.900000000000000000e+01 1.367341195532998646e-03
1.000000000000000000e+00 -8.511444642901379873e-04
2.000000000000000000e+00 4.815230192280596164e-03
3.000000000000000000e+00 -8.574507941258795824e-04
4.000000000000000000e+00 -8.574507941258795824e-04
5.000000000000000000e+00 -8.574507941258795824e-04
6.000000000000000000e+00 -8.520418058737541179e-04
7.000000000000000000e+00 -8.574507941258795824e-04
8.000000000000000000e+00 -8.568658670703643496e-04
9.000000000000000000e+00 -8.551165270857302627e-04
1.000000000000000000e+01 -8.418332417436213792e-04
1.100000000000000000e+01 -8.527841644592499149e-04
1.200000000000000000e+01 9.544362066156100591e-04
1.300000000000000000e+01 -5.988754914329298467e-04
1.400000000000000000e+01 -8.092871748838289950e-04
1.500000000000000000e+01 -8.555341377974585819e-04
1.600000000000000000e+01 3.756258390661736633e-03
1.700000000000000000e+01 -5.608387279059702264e-04
1.800000000000000000e+01 -6.466825318870291980e-04
1.900000000000000000e+01 2.347155510970621358e-03
1.000000000000000000e+00 -7.419175084938758359e-04
2.000000000000000000e+00 2.610863561198958124e-03
3.000000000000000000e+00 -7.536586721958238918e-04
4.000000000000000000e+00 -7.536586721958238918e-04
5.000000000000000000e+00 -7.536586721958238918e-04
6.000000000000000000e+00 -7.322612243277877922e-04
7.000000000000000000e+00 -7.434238090197842165e-04
8.000000000000000000e+00 -7.458717967618895940e-04
9.000000000000000000e+00 -7.536586721958238918e-04
1.000000000000000000e+01 8.498969950853335186e-04
1.100000000000000000e+01 2.924221532967662043e-04
1.200000000000000000e+01 -5.010655409262219744e-04
1.300000000000000000e+01 2.963408211537726412e-03
1.400000000000000000e+01 -7.255362408871180195e-04
1.500000000000000000e+01 -7.536586721958238918e-04
1.600000000000000000e+01 -6.400427129916293418e-04
1.700000000000000000e+01 -2.898742267937313879e-04
1.800000000000000000e+01 -7.055208985678540837e-04
1.900000000000000000e+01 2.834932248502939657e-03
1.000000000000000000e+00 -7.436693915951522174e-04
2.000000000000000000e+00 -7.093979712943201043e-04
3.000000000000000000e+00 -7.781324775288264413e-04
4.000000000000000000e+00 -7.781324775288264413e-04
5.000000000000000000e+00 -7.781324775288264413e-04
6.000000000000000000e+00 -7.698605207274578218e-04
7.000000000000000000e+00 -7.740611131633444051e-04
8.000000000000000000e+00 -7.750881362491910233e-04
9.000000000000000000e+00 -7.781324775288264413e-04
1.000000000000000000e+01 -7.697723606252921628e-04
1.100000000000000000e+01 1.616528417132068142e-03
1.200000000000000000e+01 -7.745370222526988709e-04
1.300000000000000000e+01 2.092471717776988281e-03
1.400000000000000000e+01 -5.591897139432056366e-04
1.500000000000000000e+01 -6.059054670665218589e-04
1.600000000000000000e+01 1.065582086773973021e-03
1.700000000000000000e+01 2.675408116889857815e-03
1.800000000000000000e+01 -7.740148631170943498e-04
1.900000000000000000e+01 2.828465979506544076e-03
1.000000000000000000e+00 -8.371552297359462127e-04
2.000000000000000000e+00 -7.232235265185286976e-04
3.000000000000000000e+00 -8.383223632560208183e-04
4.000000000000000000e+00 -8.383223632560208183e-04
5.000000000000000000e+00 -8.383223632560208183e-04
6.000000000000000000e+00 -8.364014317132405316e-04
7.000000000000000000e+00 -8.368559647307987834e-04
8.000000000000000000e+00 -8.005850461069390469e-04
9.000000000000000000e+00 -8.094432902593008293e-04
1.000000000000000000e+01 1.279049954746548949e-03
1.100000000000000000e+01 -8.250929844804235410e-04
1.200000000000000000e+01 5.563930223870514925e-03
1.300000000000000000e+01 -5.941285318773154933e-04
1.400000000000000000e+01 -7.819676146743815464e-04
1.500000000000000000e+01 -8.370736120072696509e-04
1.600000000000000000e+01 2.819445056066019733e-03
1.700000000000000000e+01 2.196127935900160297e-03
1.800000000000000000e+01 -8.355092722076356768e-04
1.900000000000000000e+01 -6.470288683910974331e-04
1.000000000000000000e+00 -5.495576100518215559e-04
2.000000000000000000e+00 1.890557583914912907e-03
3.000000000000000000e+00 -5.840773749637433350e-04
4.000000000000000000e+00 -5.840773749637433350e-04
5.000000000000000000e+00 -5.840773749637433350e-04
6.000000000000000000e+00 -5.840773749637433350e-04
7.000000000000000000e+00 -5.831436681476834987e-04
8.000000000000000000e+00 -5.417313767353921714e-04
9.000000000000000000e+00 -5.825021528002858121e-04
1.000000000000000000e+01 1.978608577428091209e-03
1.100000000000000000e+01 -5.754550060472567695e-04
1.200000000000000000e+01 3.420175277923362834e-03
1.300000000000000000e+01 -5.800971503952834793e-04
1.400000000000000000e+01 -5.409275975702684076e-04
1.500000000000000000e+01 -5.840773749637433350e-04
1.600000000000000000e+01 -4.654382601485265118e-04
1.700000000000000000e+01 -5.598501238457358328e-04
1.800000000000000000e+01 -3.801319661864017963e-04
1.900000000000000000e+01 7.768944343900503844e-04
1.000000000000000000e+00 -7.671674791864972537e-04
2.000000000000000000e+00 3.003539664069665525e-03
3.000000000000000000e+00 -7.682013037497336305e-04
4.000000000000000000e+00 -7.682013037497336305e-04
5.000000000000000000e+00 -7.682013037497336305e-04
6.000000000000000000e+00 -7.593865890526659349e-04
7.000000000000000000e+00 -7.682013037497336305e-04
8.000000000000000000e+00 -5.780812386296684717e-04
9.000000000000000000e+00 -7.645951604377080072e-04
1.000000000000000000e+01 1.393630600729229684e-03
1.100000000000000000e+01 2.336345371175092486e-03
1.200000000000000000e+01 -7.653000655543777979e-04
1.300000000000000000e+01 -7.251100579273953581e-04
1.400000000000000000e+01 -5.482075305346719579e-04
1.500000000000000000e+01 1.435141921652315251e-03
1.600000000000000000e+01 1.787904433028271976e-03
1.700000000000000000e+01 -5.429096201247167160e-04
1.800000000000000000e+01 -7.653269994048410947e-04
1.900000000000000000e+01 -7.046728879804215525e-04
1.000000000000000000e+00 -9.100028095061092051e-04
2.000000000000000000e+00 2.448816663634092051e-03
3.000000000000000000e+00 -9.534819338675865064e-04
4.000000000000000000e+00 -9.534819338675865064e-04
5.000000000000000000e+00 -9.534819338675865064e-04
6.000000000000000000e+00 -9.476943300407669702e-04
7.000000000000000000e+00 -9.531962718172185944e-04
8.000000000000000000e+00 -6.576870173361401258e-04
9.000000000000000000e+00 -9.532914925006745650e-04
1.000000000000000000e+01 2.401048857226064683e-03
1.100000000000000000e+01 -9.439190566576504543e-04
1.200000000000000000e+01 2.490472940234345761e-03
1.300000000000000000e+01 -7.355888973470989895e-04
1.400000000000000000e+01 2.246132138645645388e-03
1.500000000000000000e+01 -9.508021517760397020e-04
1.600000000000000000e+01 -9.517135497462611820e-04
1.700000000000000000e+01 2.784397425335301789e-03
1.800000000000000000e+01 -9.094659462241478981e-04
1.900000000000000000e+01 -6.225559543071531622e-04
1.000000000000000000e+00 -6.427772015163480714e-04
2.000000000000000000e+00 -4.725728597433789075e-04
3.000000000000000000e+00 -6.539786129278435086e-04
4.000000000000000000e+00 -6.539786129278435086e-04
5.000000000000000000e+00 -6.539786129278435086e-04
6.000000000000000000e+00 -6.530699355485778887e-04
7.000000000000000000e+00 -6.489672843871032446e-04
8.000000000000000000e+00 -6.238843815030798920e-04
9.000000000000000000e+00 -6.520782801451577770e-04
1.000000000000000000e+01 3.744166864404571519e-03
1.100000000000000000e+01 1.197838700374063547e-03
1.200000000000000000e+01 -6.438451241528982344e-04
1.300000000000000000e+01 -6.266644108937535675e-04
1.400000000000000000e+01 -6.505805948239431341e-04
1.500000000000000000e+01 1.680954712901840771e-03
1.600000000000000000e+01 -5.161416340544501286e-04
1.700000000000000000e+01 2.499639774270817280e-03
1.800000000000000000e+01 -6.417549977630518897e-04
1.900000000000000000e+01 -3.952861973173976196e-04
1.000000000000000000e+00 -8.377774254782952273e-04
2.000000000000000000e+00 -2.206853153889863357e-04
3.000000000000000000e+00 -8.479374724030480995e-04
4.000000000000000000e+00 -8.474232807123857712e-04
5.000000000000000000e+00 -8.479374724030480995e-04
6.000000000000000000e+00 -8.401565822692167807e-04
7.000000000000000000e+00 -8.479374724030480995e-04
8.000000000000000000e+00 -8.450046753526039211e-04
9.000000000000000000e+00 -8.469036478398117226e-04
1.000000000000000000e+01 -8.019105146113844011e-04
1.100000000000000000e+01 -8.394592429864433311e-04
1.200000000000000000e+01 1.339748207929691024e-03
1.300000000000000000e+01 2.338805885908937579e-03
1.400000000000000000e+01 -8.384426099670090919e-04
1.500000000000000000e+01 -8.347099591755347816e-04
1.600000000000000000e+01 4.310540992798105736e-03
1.700000000000000000e+01 -8.356395332843806305e-04
1.800000000000000000e+01 -3.888536575769363556e-04
1.900000000000000000e+01 3.445086587777874531e-03
1.000000000000000000e+00 -8.022248505994635133e-04
2.000000000000000000e+00 8.177508651192860051e-03
3.000000000000000000e+00 -8.052773536519666200e-04
4.000000000000000000e+00 -8.029610425121260203e-04
5.000000000000000000e+00 -7.998307305582846210e-04
6.000000000000000000e+00 -7.671090948954725330e-04
7.000000000000000000e+00 -7.974964635181353012e-04
8.000000000000000000e+00 -7.765628764080775761e-04
9.000000000000000000e+00 -8.043795586365245489e-04
1.000000000000000000e+01 -5.786904873592179548e-04
1.100000000000000000e+01 -7.773409654214607188e-04
1.200000000000000000e+01 1.984164141671881324e-03
1.300000000000000000e+01 -7.988970237422248931e-04
1.400000000000000000e+01 -8.052773536519666200e-04
1.500000000000000000e+01 -6.457790814085963066e-04
1.600000000000000000e+01 -7.749418576301960468e-04
1.700000000000000000e+01 1.745734361575434828e-03
1.800000000000000000e+01 -7.537199785651797594e-04
1.900000000000000000e+01 -4.312233031273278732e-04
1.000000000000000000e+00 -7.732882425789000145e-04
2.000000000000000000e+00 -5.378939065913855219e-04
3.000000000000000000e+00 -7.855740426798260741e-04
4.000000000000000000e+00 -7.855740426798260741e-04
5.000000000000000000e+00 -7.855740426798260741e-04
6.000000000000000000e+00 -7.849646303057078835e-04
7.000000000000000000e+00 -7.846898506191635203e-04
8.000000000000000000e+00 -7.676231301210704322e-04
9.000000000000000000e+00 -7.855740426798260741e-04
1.000000000000000000e+01 -7.828208046324703967e-04
1.100000000000000000e+01 -7.810111582149809051e-04
1.200000000000000000e+01 5.012760964266565686e-03
1.300000000000000000e+01 1.616867586652559561e-03
1.400000000000000000e+01 2.260005928495382836e-03
1.500000000000000000e+01 -7.849696828317688285e-04
1.600000000000000000e+01 -5.305568324805431122e-04
1.700000000000000000e+01 2.042293137603320378e-03
1.800000000000000000e+01 -7.824648347386853678e-04
1.900000000000000000e+01 -7.650040755062174989e-04
1.000000000000000000e+00 -6.458214463502878755e-04
2.000000000000000000e+00 -3.447286963779860750e-04
3.000000000000000000e+00 -6.458214463502878755e-04
4.000000000000000000e+00 -6.458214463502878755e-04
5.000000000000000000e+00 -6.434871793101384473e-04
6.000000000000000000e+00 -6.434871793101384473e-04
7.000000000000000000e+00 -6.449236513348458044e-04
8.000000000000000000e+00 -6.458214463502878755e-04
9.000000000000000000e+00 -6.458214463502878755e-04
1.000000000000000000e+01 1.613073548451569340e-03
1.100000000000000000e+01 -6.414051499171847344e-04
1.200000000000000000e+01 2.266245569008043872e-03
1.300000000000000000e+01 -5.927808050743524522e-04
1.400000000000000000e+01 -6.435211866970870238e-04
1.500000000000000000e+01 -6.458214463502878755e-04
1.600000000000000000e+01 -6.391456991283221093e-04
1.700000000000000000e+01 2.673516800359642624e-03
1.800000000000000000e+01 -6.255013525007822395e-04
1.900000000000000000e+01 2.725499092888153483e-03
1.000000000000000000e+00 -8.422408795432617494e-04
2.000000000000000000e+00 -6.051712524176122536e-04
3.000000000000000000e+00 -8.691907685379686617e-04
4.000000000000000000e+00 -8.691907685379686617e-04
5.000000000000000000e+00 -8.691907685379686617e-04
6.000000000000000000e+00 -8.690479375127847057e-04
7.000000000000000000e+00 -8.667367954957603052e-04
8.000000000000000000e+00 -8.665708394474513215e-04
9.000000000000000000e+00 -8.407184238891534430e-04
1.000000000000000000e+01 5.155662412827817162e-03
1.100000000000000000e+01 1.973241270322641152e-03
1.200000000000000000e+01 -5.644597913321190924e-04
1.300000000000000000e+01 3.343777357451247455e-03
1.400000000000000000e+01 -8.691907685379686617e-04
1.500000000000000000e+01 -8.685051796170856295e-04
1.600000000000000000e+01 -6.725774689834926063e-04
1.700000000000000000e+01 1.525244822326193503e-03
1.800000000000000000e+01 -8.425336410405049855e-04
1.900000000000000000e+01 -7.407091246501622478e-04
1.000000000000000000e+00 -8.049388606054811357e-04
2.000000000000000000e+00 -5.784488862163470130e-04
3.000000000000000000e+00 -8.075655911733881261e-04
4.000000000000000000e+00 -8.075655911733881261e-04
5.000000000000000000e+00 -8.075655911733881261e-04
6.000000000000000000e+00 -7.994691124886741090e-04
7.000000000000000000e+00 -8.048177943079441688e-04
8.000000000000000000e+00 -7.922513846827110339e-04
9.000000000000000000e+00 -8.072799291230202141e-04
1.000000000000000000e+01 5.609302632417523769e-03
1.100000000000000000e+01 -5.648848358875908958e-04
1.200000000000000000e+01 2.040232938126688642e-03
1.300000000000000000e+01 4.046723272322098365e-03
1.400000000000000000e+01 -7.954976326768582132e-04
1.500000000000000000e+01 -7.381775018273156134e-04
1.600000000000000000e+01 -3.974620310808851093e-04
1.700000000000000000e+01 -6.602228316828283143e-04
1.800000000000000000e+01 -8.007260255102930735e-04
1.900000000000000000e+01 -7.775664508801301495e-04
1.000000000000000000e+00 -7.498943482286896719e-04
2.000000000000000000e+00 -5.617211379966558209e-04
3.000000000000000000e+00 -7.638859847693457760e-04
4.000000000000000000e+00 -7.638859847693457760e-04
5.000000000000000000e+00 -7.638859847693457760e-04
6.000000000000000000e+00 -7.638859847693457760e-04
7.000000000000000000e+00 -7.638859847693457760e-04
8.000000000000000000e+00 -7.563132198436397060e-04
9.000000000000000000e+00 -7.569892866961771194e-04
1.000000000000000000e+01 -5.290634402221760678e-04
1.100000000000000000e+01 -5.512617969175669227e-04
1.200000000000000000e+01 -5.742824387026262706e-04
1.300000000000000000e+01 -5.133718837650487607e-04
1.400000000000000000e+01 -7.466147665177353971e-04
1.500000000000000000e+01 9.589920359027923318e-04
1.600000000000000000e+01 4.799558066769943517e-03
1.700000000000000000e+01 -7.638859847693457760e-04
1.800000000000000000e+01 -7.237933548657915104e-04
1.900000000000000000e+01 5.259470995216609240e-03
1.000000000000000000e+00 -7.250526077741173935e-04
2.000000000000000000e+00 -6.314109941745205947e-04
3.000000000000000000e+00 -7.356759324730723689e-04
4.000000000000000000e+00 -7.356759324730723689e-04
5.000000000000000000e+00 -7.356759324730723689e-04
6.000000000000000000e+00 -7.342571442895783193e-04
7.000000000000000000e+00 -7.267673573880266327e-04
8.000000000000000000e+00 -7.345781740223727378e-04
9.000000000000000000e+00 -7.331131357926286328e-04
1.000000000000000000e+01 -5.610444119031764067e-04
1.100000000000000000e+01 -7.042218201366070565e-04
1.200000000000000000e+01 -7.194497838939826464e-04
1.300000000000000000e+01 2.481105379896474897e-03
1.400000000000000000e+01 -7.233045892193761157e-04
1.500000000000000000e+01 -7.314955501414295656e-04
1.600000000000000000e+01 -5.382005035550664227e-04
1.700000000000000000e+01 1.845774091203842117e-03
1.800000000000000000e+01 2.915788862199005221e-03
1.900000000000000000e+01 2.878920307473307755e-03
1.000000000000000000e+00 -9.098035334582584054e-04
2.000000000000000000e+00 -5.921960449824226463e-04
3.000000000000000000e+00 -9.159085395632645104e-04
4.000000000000000000e+00 -9.159085395632645104e-04
5.000000000000000000e+00 -9.159085395632645104e-04
6.000000000000000000e+00 -9.159085395632645104e-04
7.000000000000000000e+00 -9.142761849897334918e-04
8.000000000000000000e+00 -9.122575065004667619e-04
9.000000000000000000e+00 -9.159085395632645104e-04
1.000000000000000000e+01 -5.242175456313742828e-04
1.100000000000000000e+01 -9.060397901987168748e-04
1.200000000000000000e+01 -9.159085395632645104e-04
1.300000000000000000e+01 2.807958370578155123e-03
1.400000000000000000e+01 -9.135742725231151906e-04
1.500000000000000000e+01 2.765840901990098376e-03
1.600000000000000000e+01 7.676809822062658981e-03
1.700000000000000000e+01 -6.391344007443078247e-04
1.800000000000000000e+01 -8.890037087368650665e-04
1.900000000000000000e+01 -6.033815603696187106e-04
1.000000000000000000e+00 -7.202923925060147588e-04
2.000000000000000000e+00 1.872174236725320006e-03
3.000000000000000000e+00 -7.607153863603811038e-04
4.000000000000000000e+00 -7.607153863603811038e-04
5.000000000000000000e+00 -7.607153863603811038e-04
6.000000000000000000e+00 -7.607153863603811038e-04
7.000000000000000000e+00 -7.596679588423654265e-04
8.000000000000000000e+00 -7.598175913449390327e-04
9.000000000000000000e+00 -7.598311942997184416e-04
1.000000000000000000e+01 -7.607153863603811038e-04
1.100000000000000000e+01 -5.654645587566123821e-04
1.200000000000000000e+01 -7.229660986110933744e-04
1.300000000000000000e+01 2.004297106593287952e-03
1.400000000000000000e+01 -7.266323669832440912e-04
1.500000000000000000e+01 -7.232041503197333011e-04
1.600000000000000000e+01 2.592851163284599567e-03
1.700000000000000000e+01 -7.607153863603811038e-04
1.800000000000000000e+01 -7.457657390577926253e-04
1.900000000000000000e+01 4.342402628522338756e-03
1.000000000000000000e+00 -5.515519553832247401e-04
2.000000000000000000e+00 -3.103847620101489652e-04
3.000000000000000000e+00 -5.515519553832247401e-04
4.000000000000000000e+00 -5.515519553832247401e-04
5.000000000000000000e+00 -5.515519553832247401e-04
6.000000000000000000e+00 -5.506541603677826691e-04
7.000000000000000000e+00 -5.509534253729299899e-04
8.000000000000000000e+00 -5.506541603677826691e-04
9.000000000000000000e+00 -5.481882167253683547e-04
1.000000000000000000e+01 -2.263672453945931781e-04
1.100000000000000000e+01 5.816981006609489363e-04
1.200000000000000000e+01 1.323792471431790374e-03
1.300000000000000000e+01 1.627826128406623628e-03
1.400000000000000000e+01 -5.500197185568702620e-04
1.500000000000000000e+01 -4.205916847170717231e-04
1.600000000000000000e+01 -5.100957717701783785e-04
1.700000000000000000e+01 1.184581011141898474e-03
1.800000000000000000e+01 -5.451327210228138669e-04
1.900000000000000000e+01 2.233728260044049591e-03
1.000000000000000000e+00 -7.570789055585483993e-04
2.000000000000000000e+00 1.102679663758844401e-03
3.000000000000000000e+00 -7.636028826707607535e-04
4.000000000000000000e+00 -7.636028826707607535e-04
5.000000000000000000e+00 -7.636028826707607535e-04
6.000000000000000000e+00 -7.602660778633677733e-04
7.000000000000000000e+00 -7.624194256049507705e-04
8.000000000000000000e+00 -7.516796596130838771e-04
9.000000000000000000e+00 -7.571285563434932255e-04
1.000000000000000000e+01 -7.173904194414908045e-04
1.100000000000000000e+01 -6.063256555405924101e-04
1.200000000000000000e+01 2.232690500684025772e-03
1.300000000000000000e+01 1.857375843380428731e-03
1.400000000000000000e+01 -7.606850488705740225e-04
1.500000000000000000e+01 -7.147251989891554875e-04
1.600000000000000000e+01 -1.434968254126755833e-04
1.700000000000000000e+01 1.925149617201775062e-03
1.800000000000000000e+01 -6.903459834334694026e-04
1.900000000000000000e+01 2.275301159909752079e-03
1.000000000000000000e+00 -7.920974282650531566e-04
2.000000000000000000e+00 2.919320588825232484e-03
3.000000000000000000e+00 -7.941786803463052108e-04
4.000000000000000000e+00 -7.941786803463052108e-04
5.000000000000000000e+00 -7.941786803463052108e-04
6.000000000000000000e+00 -7.941786803463052108e-04
7.000000000000000000e+00 -7.925327228179947833e-04
8.000000000000000000e+00 -7.683940075028088557e-04
9.000000000000000000e+00 -7.901984557778453551e-04
1.000000000000000000e+01 -7.595633773486492810e-04
1.100000000000000000e+01 -5.495724915874554374e-04
1.200000000000000000e+01 1.625968347643859868e-03
1.300000000000000000e+01 1.785473693423715244e-03
1.400000000000000000e+01 -7.904514707367427291e-04
1.500000000000000000e+01 -7.901685292773306772e-04
1.600000000000000000e+01 2.149152362249443209e-03
1.700000000000000000e+01 1.967338578719972884e-03
1.800000000000000000e+01 -7.741765782363599531e-04
1.900000000000000000e+01 -4.920479083275779890e-04
1.000000000000000000e+00 -6.473611599385593017e-04
2.000000000000000000e+00 6.831703257851348514e-03
3.000000000000000000e+00 -6.569240371484952453e-04
4.000000000000000000e+00 -6.569240371484952453e-04
5.000000000000000000e+00 -6.545897701083459256e-04
6.000000000000000000e+00 -6.564751396407742098e-04
7.000000000000000000e+00 -6.475869689878977495e-04
8.000000000000000000e+00 -6.080735140332662464e-04
9.000000000000000000e+00 -6.160743639458809030e-04
1.000000000000000000e+01 -6.287183104133568096e-04
1.100000000000000000e+01 3.338108027736510358e-03
1.200000000000000000e+01 -6.433498752900197000e-04
1.300000000000000000e+01 -4.136769519896454548e-04
1.400000000000000000e+01 -6.569240371484952453e-04
1.500000000000000000e+01 -6.569240371484952453e-04
1.600000000000000000e+01 -6.364005791250372784e-04
1.700000000000000000e+01 -5.756561311256872589e-04
1.800000000000000000e+01 -2.795210751867097999e-04
1.900000000000000000e+01 -5.521694507762618361e-04
1.000000000000000000e+00 -6.596447071185096087e-04
2.000000000000000000e+00 -1.943614913976188490e-04
3.000000000000000000e+00 -6.596447071185096087e-04
4.000000000000000000e+00 -6.596447071185096087e-04
5.000000000000000000e+00 -6.596447071185096087e-04
6.000000000000000000e+00 -6.581575155052675225e-04
7.000000000000000000e+00 -6.523776200194897346e-04
8.000000000000000000e+00 -6.509034483772508945e-04
9.000000000000000000e+00 -6.516170593849795242e-04
1.000000000000000000e+01 2.500957511556279808e-03
1.100000000000000000e+01 -6.362861406927162794e-04
1.200000000000000000e+01 4.742635084598740267e-04
1.300000000000000000e+01 1.055099323101710848e-03
1.400000000000000000e+01 -6.121748061822221594e-04
1.500000000000000000e+01 -6.577712304551169321e-04
1.600000000000000000e+01 -5.298720780461605969e-04
1.700000000000000000e+01 1.374626910578583341e-03
1.800000000000000000e+01 -6.531566806724999237e-04
1.900000000000000000e+01 2.872312746932781814e-03
1.000000000000000000e+00 -8.630341894660779629e-04
2.000000000000000000e+00 2.493933779021497744e-03
3.000000000000000000e+00 -8.630341894660779629e-04
4.000000000000000000e+00 -8.630341894660779629e-04
5.000000000000000000e+00 -8.628437480991660215e-04
6.000000000000000000e+00 -8.624492624105626216e-04
7.000000000000000000e+00 -8.573481543682781071e-04
8.000000000000000000e+00 -8.530564221353694517e-04
9.000000000000000000e+00 -8.630341894660779629e-04
1.000000000000000000e+01 3.131441559911631815e-03
1.100000000000000000e+01 2.365257943237818964e-03
1.200000000000000000e+01 2.137567741282911295e-03
1.300000000000000000e+01 -8.467797467410470135e-04
1.400000000000000000e+01 -8.527598777211779909e-04
1.500000000000000000e+01 -6.864509687652102119e-04
1.600000000000000000e+01 -8.606999224259285347e-04
1.700000000000000000e+01 1.539504720425772990e-03
1.800000000000000000e+01 -8.535907461991052098e-04
1.900000000000000000e+01 -7.253414990773091086e-04
1.000000000000000000e+00 -6.243236755085945690e-04
2.000000000000000000e+00 -3.838310461854330872e-04
3.000000000000000000e+00 -6.257751107835592651e-04
4.000000000000000000e+00 -6.257751107835592651e-04
5.000000000000000000e+00 -6.257751107835592651e-04
6.000000000000000000e+00 -6.234408437434098369e-04
7.000000000000000000e+00 -6.057393186889436110e-04
8.000000000000000000e+00 -6.235605497454688737e-04
9.000000000000000000e+00 -6.249371687691466582e-04
1.000000000000000000e+01 1.379501108839621768e-03
1.100000000000000000e+01 1.771745086106385394e-03
1.200000000000000000e+01 8.844042976801628391e-04
1.300000000000000000e+01 4.472049178217200188e-03
1.400000000000000000e+01 -5.939642969658250797e-04
1.500000000000000000e+01 -4.688506471364065672e-04
1.600000000000000000e+01 -2.714402795888665610e-04
1.700000000000000000e+01 -6.257751107835592651e-04
1.800000000000000000e+01 -6.155367497048620708e-04
1.900000000000000000e+01 -5.879499574121874444e-04
1.000000000000000000e+00 -6.769017248524840684e-04
2.000000000000000000e+00 2.307473921287868032e-03
3.000000000000000000e+00 -6.802834194106491738e-04
4.000000000000000000e+00 -6.778294463684408173e-04
5.000000000000000000e+00 -6.787272413838829968e-04
6.000000000000000000e+00 -6.770043299971059605e-04
7.000000000000000000e+00 -6.743759282090403982e-04
8.000000000000000000e+00 -6.723154886486007930e-04
9.000000000000000000e+00 -6.574046097671337003e-04
1.000000000000000000e+01 -4.637732527954406200e-04
1.100000000000000000e+01 2.157157688863791788e-03
1.200000000000000000e+01 8.169693278420979421e-04
1.300000000000000000e+01 -6.802834194106491738e-04
1.400000000000000000e+01 -6.777396668668966753e-04
1.500000000000000000e+01 -6.802834194106491738e-04
1.600000000000000000e+01 1.756194007612996155e-03
1.700000000000000000e+01 -6.487109613676029715e-04
1.800000000000000000e+01 -6.449647464869342648e-04
1.900000000000000000e+01 2.000809005904464945e-03
1.000000000000000000e+00 -8.694191264517382592e-04
2.000000000000000000e+00 -4.596125205667009957e-04
3.000000000000000000e+00 -8.703033185124008130e-04
4.000000000000000000e+00 -8.703033185124008130e-04
5.000000000000000000e+00 -8.703033185124008130e-04
6.000000000000000000e+00 -8.632515467547467215e-04
7.000000000000000000e+00 -8.686573609840903855e-04
8.000000000000000000e+00 -8.377495433115667890e-04
9.000000000000000000e+00 -8.611252105947971545e-04
1.000000000000000000e+01 2.906068788216848494e-03
1.100000000000000000e+01 1.899214745123309822e-03
1.200000000000000000e+01 1.815422336071384826e-03
1.300000000000000000e+01 -8.586113068203892005e-04
1.400000000000000000e+01 1.420472263929848126e-03
1.500000000000000000e+01 -6.845191712230632580e-04
1.600000000000000000e+01 -5.835232736791347644e-04
1.700000000000000000e+01 -8.703033185124008130e-04
1.800000000000000000e+01 -8.686709639388697944e-04
1.900000000000000000e+01 2.886287371376608252e-03
1.000000000000000000e+00 -7.440279856425885668e-04
2.000000000000000000e+00 -4.246478650804805591e-04
3.000000000000000000e+00 -7.443136476929564788e-04
4.000000000000000000e+00 -7.443136476929564788e-04
5.000000000000000000e+00 -7.443136476929564788e-04
6.000000000000000000e+00 -7.401144544181329464e-04
7.000000000000000000e+00 -7.438565884123677545e-04
8.000000000000000000e+00 -7.395575105838781901e-04
9.000000000000000000e+00 -7.390152968063702643e-04
1.000000000000000000e+01 -7.362185293037203917e-04
1.100000000000000000e+01 2.770243690393793274e-03
1.200000000000000000e+01 1.012119988096041095e-03
1.300000000000000000e+01 -6.069797965831538267e-04
1.400000000000000000e+01 -7.055131624638998154e-04
1.500000000000000000e+01 -3.807742277809875501e-04
1.600000000000000000e+01 1.261275012363316170e-03
1.700000000000000000e+01 2.997085954062301844e-03
1.800000000000000000e+01 -7.258920728988327038e-04
1.900000000000000000e+01 1.462618800788996259e-03
1.000000000000000000e+00 -9.558240743372690626e-04
2.000000000000000000e+00 3.829878201911225688e-03
3.000000000000000000e+00 -9.661351140600734711e-04
4.000000000000000000e+00 -9.661351140600734711e-04
5.000000000000000000e+00 -9.661351140600734711e-04
6.000000000000000000e+00 -8.209154100168400024e-04
7.000000000000000000e+00 -9.644891565317630436e-04
8.000000000000000000e+00 -9.652373190446314000e-04
9.000000000000000000e+00 -9.661351140600734711e-04
1.000000000000000000e+01 -9.170817708890832915e-04
1.100000000000000000e+01 5.697474884458888188e-03
1.200000000000000000e+01 -9.646387890343366498e-04
1.300000000000000000e+01 -9.336873058769712061e-04
1.400000000000000000e+01 -9.509863194995142122e-04
1.500000000000000000e+01 -9.488974497635856197e-04
1.600000000000000000e+01 4.840087718248192554e-03
1.700000000000000000e+01 -5.451071587183926740e-04
1.800000000000000000e+01 -9.564952829916710270e-04
1.900000000000000000e+01 -6.116902151473874475e-04
1.000000000000000000e+00 -6.922484591104670001e-04
2.000000000000000000e+00 1.491885580415729020e-03
3.000000000000000000e+00 -6.964708162740006810e-04
4.000000000000000000e+00 -6.954233887559848953e-04
5.000000000000000000e+00 -6.960219187662796455e-04
6.000000000000000000e+00 -6.964708162740006810e-04
7.000000000000000000e+00 -6.914567671423044485e-04
8.000000000000000000e+00 -6.863393355542846651e-04
9.000000000000000000e+00 -6.938508871834833409e-04
1.000000000000000000e+01 -3.637484758485790199e-04
1.100000000000000000e+01 2.296061530775152845e-03
1.200000000000000000e+01 1.696078083627840282e-03
1.300000000000000000e+01 -6.609691447429173793e-04
1.400000000000000000e+01 1.640819027143293647e-03
1.500000000000000000e+01 -4.937774040217648682e-04
1.600000000000000000e+01 -4.735076799705282527e-04
1.700000000000000000e+01 -6.964708162740006810e-04
1.800000000000000000e+01 -6.869282463322710485e-04
1.900000000000000000e+01 1.709895148915493990e-03
1.000000000000000000e+00 -8.380288184006497599e-04
2.000000000000000000e+00 -8.025147681807172188e-04
3.000000000000000000e+00 -8.517199203270458228e-04
4.000000000000000000e+00 -8.517199203270458228e-04
5.000000000000000000e+00 -8.517199203270458228e-04
6.000000000000000000e+00 -8.493557267863817168e-04
7.000000000000000000e+00 -8.415571528113370905e-04
8.000000000000000000e+00 -8.500726025032573569e-04
9.000000000000000000e+00 -8.418531531073374010e-04
1.000000000000000000e+01 1.776434630796692787e-03
1.100000000000000000e+01 2.698231761977577543e-03
1.200000000000000000e+01 -4.411190573452304685e-04
1.300000000000000000e+01 2.654348535171917149e-03
1.400000000000000000e+01 -8.385941572012827134e-04
1.500000000000000000e+01 -8.506860957638094460e-04
1.600000000000000000e+01 -8.228808141069872363e-04
1.700000000000000000e+01 -8.075794883189667522e-04
1.800000000000000000e+01 -8.252025923391296007e-04
1.900000000000000000e+01 4.970259320620517424e-03
