1.000000000000000000e+00 -2.237483687432087508e-04
2.000000000000000000e+00 6.652183290470183377e-04
3.000000000000000000e+00 -2.237483687432087508e-04
4.000000000000000000e+00 -2.237483687432087508e-04
5.000000000000000000e+00 -2.237483687432087508e-04
6.000000000000000000e+00 -2.237483687432087508e-04
7.000000000000000000e+00 -2.237483687432087508e-04
8.000000000000000000e+00 -2.237483687432087508e-04
9.000000000000000000e+00 -2.237483687432087508e-04
1.000000000000000000e+01 1.006280679913290621e-03
1.100000000000000000e+01 -1.828986955405943813e-04
1.200000000000000000e+01 -9.536368153499215328e-05
1.300000000000000000e+01 -1.511267274941165324e-04
1.400000000000000000e+01 -2.237483687432087508e-04
1.500000000000000000e+01 -2.237483687432087508e-04
1.600000000000000000e+01 -2.237483687432087508e-04
1.700000000000000000e+01 -1.284324646037752040e-04
1.800000000000000000e+01 -2.237483687432087508e-04
1.900000000000000000e+01 1.571302985131674268e-03
1.000000000000000000e+00 -2.139442055117466281e-04
2.000000000000000000e+00 5.812627661658132262e-04
3.000000000000000000e+00 -2.139442055117466281e-04
4.000000000000000000e+00 -2.139442055117466281e-04
5.000000000000000000e+00 -2.139442055117466281e-04
6.000000000000000000e+00 -2.139442055117466281e-04
7.000000000000000000e+00 -2.139442055117466281e-04
8.000000000000000000e+00 -2.139442055117466281e-04
9.000000000000000000e+00 -2.139442055117466281e-04
1.000000000000000000e+01 3.708511161256802021e-04
1.100000000000000000e+01 7.664479513509983750e-04
1.200000000000000000e+01 -2.139442055117466281e-04
1.300000000000000000e+01 4.805002389326977616e-04
1.400000000000000000e+01 -2.139442055117466281e-04
1.500000000000000000e+01 -2.139442055117466281e-04
1.600000000000000000e+01 -2.139442055117466281e-04
1.700000000000000000e+01 7.961568045892633907e-04
1.800000000000000000e+01 -2.139442055117466281e-04
1.900000000000000000e+01 -2.139442055117466281e-04
1.000000000000000000e+00 -2.246401259559154201e-04
2.000000000000000000e+00 -1.457987603498439209e-04
3.000000000000000000e+00 -2.246401259559154201e-04
4.000000000000000000e+00 -2.246401259559154201e-04
5.000000000000000000e+00 -2.246401259559154201e-04
6.000000000000000000e+00 -2.246401259559154201e-04
7.000000000000000000e+00 -2.246401259559154201e-04
8.000000000000000000e+00 -2.246401259559154201e-04
9.000000000000000000e+00 -2.246401259559154201e-04
1.000000000000000000e+01 1.390089099067427173e-03
1.100000000000000000e+01 -1.716702200448330369e-04
1.200000000000000000e+01 -2.246401259559154201e-04
1.300000000000000000e+01 -2.246401259559154201e-04
1.400000000000000000e+01 -2.246401259559154201e-04
1.500000000000000000e+01 7.103984193767475192e-04
1.600000000000000000e+01 -2.246401259559154201e-04
1.700000000000000000e+01 -2.191935028622335024e-04
1.800000000000000000e+01 -2.246401259559154201e-04
1.900000000000000000e+01 1.356496602239636202e-03
1.000000000000000000e+00 -2.151201815804498817e-04
2.000000000000000000e+00 -1.406829993001303483e-04
3.000000000000000000e+00 -2.151201815804498817e-04
4.000000000000000000e+00 -2.151201815804498817e-04
5.000000000000000000e+00 -2.151201815804498817e-04
6.000000000000000000e+00 -2.151201815804498817e-04
7.000000000000000000e+00 -2.151201815804498817e-04
8.000000000000000000e+00 -2.151201815804498817e-04
9.000000000000000000e+00 -2.151201815804498817e-04
1.000000000000000000e+01 1.256864623737688567e-03
1.100000000000000000e+01 -2.060424764243133612e-04
1.200000000000000000e+01 -2.151201815804498817e-04
1.300000000000000000e+01 1.232125383312173599e-03
1.400000000000000000e+01 -2.151201815804498817e-04
1.500000000000000000e+01 -2.151201815804498817e-04
1.600000000000000000e+01 -2.151201815804498817e-04
1.700000000000000000e+01 -2.151201815804498817e-04
1.800000000000000000e+01 -2.151201815804498817e-04
1.900000000000000000e+01 8.694180108008796705e-04
1.000000000000000000e+00 -2.412957985713403612e-04
2.000000000000000000e+00 -2.412957985713403612e-04
3.000000000000000000e+00 -2.412957985713403612e-04
4.000000000000000000e+00 -2.412957985713403612e-04
5.000000000000000000e+00 -2.412957985713403612e-04
6.000000000000000000e+00 -2.412957985713403612e-04
7.000000000000000000e+00 -2.412957985713403612e-04
8.000000000000000000e+00 -2.412957985713403612e-04
9.000000000000000000e+00 -2.412957985713403612e-04
1.000000000000000000e+01 8.153490816029514360e-04
1.100000000000000000e+01 1.537774804028673933e-03
1.200000000000000000e+01 -1.910192777065841912e-04
1.300000000000000000e+01 -2.412957985713403612e-04
1.400000000000000000e+01 -2.412957985713403612e-04
1.500000000000000000e+01 -2.412957985713403612e-04
1.600000000000000000e+01 6.026315159442092962e-04
1.700000000000000000e+01 6.134050561295143660e-04
1.800000000000000000e+01 -2.412957985713403612e-04
1.900000000000000000e+01 -2.412957985713403612e-04
1.000000000000000000e+00 -2.577089090246984437e-04
2.000000000000000000e+00 2.077710301394511752e-03
3.000000000000000000e+00 -2.600431760648478719e-04
4.000000000000000000e+00 -2.600431760648478719e-04
5.000000000000000000e+00 -2.600431760648478719e-04
6.000000000000000000e+00 -2.600431760648478719e-04
7.000000000000000000e+00 -2.600431760648478719e-04
8.000000000000000000e+00 -2.600431760648478719e-04
9.000000000000000000e+00 -2.600431760648478719e-04
1.000000000000000000e+01 4.806975646758928321e-04
1.100000000000000000e+01 -2.600431760648478719e-04
1.200000000000000000e+01 -1.049191606467148193e-04
1.300000000000000000e+01 -2.600431760648478719e-04
1.400000000000000000e+01 -1.449009653344018498e-04
1.500000000000000000e+01 -2.600431760648478719e-04
1.600000000000000000e+01 4.779742531290518868e-04
1.700000000000000000e+01 -2.600431760648478719e-04
1.800000000000000000e+01 -2.600431760648478719e-04
1.900000000000000000e+01 5.916650285845331857e-04
1.000000000000000000e+00 -1.710531344989006002e-04
2.000000000000000000e+00 -1.710531344989006002e-04
3.000000000000000000e+00 -1.710531344989006002e-04
4.000000000000000000e+00 -1.710531344989006002e-04
5.000000000000000000e+00 -1.710531344989006002e-04
6.000000000000000000e+00 -1.710531344989006002e-04
7.000000000000000000e+00 -1.710531344989006002e-04
8.000000000000000000e+00 -1.710531344989006002e-04
9.000000000000000000e+00 -1.710531344989006002e-04
1.000000000000000000e+01 1.684620908997640134e-03
1.100000000000000000e+01 -1.710531344989006002e-04
1.200000000000000000e+01 4.825416367429293928e-04
1.300000000000000000e+01 -1.710531344989006002e-04
1.400000000000000000e+01 -1.710531344989006002e-04
1.500000000000000000e+01 -1.710531344989006002e-04
1.600000000000000000e+01 -1.710531344989006002e-04
1.700000000000000000e+01 5.696876062418400766e-04
1.800000000000000000e+01 -1.710531344989006002e-04
1.900000000000000000e+01 -1.710531344989006002e-04
1.000000000000000000e+00 -1.996610678241224964e-04
2.000000000000000000e+00 7.144574933532621538e-04
3.000000000000000000e+00 -1.996610678241224964e-04
4.000000000000000000e+00 -1.996610678241224964e-04
5.000000000000000000e+00 -1.996610678241224964e-04
6.000000000000000000e+00 -1.996610678241224964e-04
7.000000000000000000e+00 -1.996610678241224964e-04
8.000000000000000000e+00 -1.996610678241224964e-04
9.000000000000000000e+00 -1.996610678241224964e-04
1.000000000000000000e+01 4.176228827931613603e-04
1.100000000000000000e+01 1.349484231321176593e-03
1.200000000000000000e+01 -1.996610678241224964e-04
1.300000000000000000e+01 -1.996610678241224964e-04
1.400000000000000000e+01 -1.996610678241224964e-04
1.500000000000000000e+01 -1.996610678241224964e-04
1.600000000000000000e+01 -1.996610678241224964e-04
1.700000000000000000e+01 5.133514098942374738e-04
1.800000000000000000e+01 -1.996610678241224964e-04
1.900000000000000000e+01 -1.996610678241224964e-04
1.000000000000000000e+00 -2.234312528430175285e-04
2.000000000000000000e+00 5.717757188345422986e-04
3.000000000000000000e+00 -2.234312528430175285e-04
4.000000000000000000e+00 -2.234312528430175285e-04
5.000000000000000000e+00 -2.234312528430175285e-04
6.000000000000000000e+00 -2.234312528430175285e-04
7.000000000000000000e+00 -2.234312528430175285e-04
8.000000000000000000e+00 -2.234312528430175285e-04
9.000000000000000000e+00 -2.234312528430175285e-04
1.000000000000000000e+01 -1.186885010414422082e-04
1.100000000000000000e+01 -2.234312528430175285e-04
1.200000000000000000e+01 5.765041059158705107e-04
1.300000000000000000e+01 6.312696018578371716e-04
1.400000000000000000e+01 -1.704613469319351453e-04
1.500000000000000000e+01 6.204960616725322103e-04
1.600000000000000000e+01 5.702793938088054774e-04
1.700000000000000000e+01 -2.234312528430175285e-04
1.800000000000000000e+01 -2.234312528430175285e-04
1.900000000000000000e+01 -2.234312528430175285e-04
1.000000000000000000e+00 -1.781378397260206846e-04
2.000000000000000000e+00 -1.781378397260206846e-04
3.000000000000000000e+00 -1.781378397260206846e-04
4.000000000000000000e+00 -1.781378397260206846e-04
5.000000000000000000e+00 -1.781378397260206846e-04
6.000000000000000000e+00 -1.781378397260206846e-04
7.000000000000000000e+00 -1.781378397260206846e-04
8.000000000000000000e+00 -1.781378397260206846e-04
9.000000000000000000e+00 -1.781378397260206846e-04
1.000000000000000000e+01 4.391461108912631992e-04
1.100000000000000000e+01 -1.781378397260206846e-04
1.200000000000000000e+01 1.894752720006644131e-03
1.300000000000000000e+01 -1.781378397260206846e-04
1.400000000000000000e+01 -1.781378397260206846e-04
1.500000000000000000e+01 -1.781378397260206846e-04
1.600000000000000000e+01 -1.781378397260206846e-04
1.700000000000000000e+01 5.163066047184236779e-04
1.800000000000000000e+01 -1.781378397260206846e-04
1.900000000000000000e+01 -1.781378397260206846e-04
1.000000000000000000e+00 -2.197947409030456920e-04
2.000000000000000000e+00 -3.291472929189508914e-06
3.000000000000000000e+00 -2.197947409030456920e-04
4.000000000000000000e+00 -2.197947409030456920e-04
5.000000000000000000e+00 -2.197947409030456920e-04
6.000000000000000000e+00 -2.197947409030456920e-04
7.000000000000000000e+00 -2.197947409030456920e-04
8.000000000000000000e+00 -2.197947409030456920e-04
9.000000000000000000e+00 -2.197947409030456920e-04
1.000000000000000000e+01 6.464128532457247972e-04
1.100000000000000000e+01 8.255379220766760747e-04
1.200000000000000000e+01 9.822845313516648594e-04
1.300000000000000000e+01 -2.197947409030456920e-04
1.400000000000000000e+01 -2.197947409030456920e-04
1.500000000000000000e+01 -2.197947409030456920e-04
1.600000000000000000e+01 5.935028003356719595e-04
1.700000000000000000e+01 -2.197947409030456920e-04
1.800000000000000000e+01 -2.197947409030456920e-04
1.900000000000000000e+01 -2.197947409030456920e-04
1.000000000000000000e+00 -2.063685052115881271e-04
2.000000000000000000e+00 -2.063685052115881271e-04
3.000000000000000000e+00 -2.063685052115881271e-04
4.000000000000000000e+00 -2.063685052115881271e-04
5.000000000000000000e+00 -2.063685052115881271e-04
6.000000000000000000e+00 -2.063685052115881271e-04
7.000000000000000000e+00 -2.063685052115881271e-04
8.000000000000000000e+00 -2.063685052115881271e-04
9.000000000000000000e+00 -2.063685052115881271e-04
1.000000000000000000e+01 6.483323494892665731e-04
1.100000000000000000e+01 -2.063685052115881271e-04
1.200000000000000000e+01 -2.063685052115881271e-04
1.300000000000000000e+01 1.172077610076632326e-03
1.400000000000000000e+01 -2.063685052115881271e-04
1.500000000000000000e+01 -2.063685052115881271e-04
1.600000000000000000e+01 6.375588093039616117e-04
1.700000000000000000e+01 6.375588093039616117e-04
1.800000000000000000e+01 -2.063685052115881271e-04
1.900000000000000000e+01 -2.063685052115881271e-04
1.000000000000000000e+00 -1.651628641607458389e-04
2.000000000000000000e+00 -1.651628641607458389e-04
3.000000000000000000e+00 -1.651628641607458389e-04
4.000000000000000000e+00 -1.651628641607458389e-04
5.000000000000000000e+00 -1.651628641607458389e-04
6.000000000000000000e+00 -1.651628641607458389e-04
7.000000000000000000e+00 -1.651628641607458389e-04
8.000000000000000000e+00 -1.651628641607458389e-04
9.000000000000000000e+00 -1.651628641607458389e-04
1.000000000000000000e+01 -1.651628641607458389e-04
1.100000000000000000e+01 5.292815802836985236e-04
1.200000000000000000e+01 5.456214495647443040e-04
1.300000000000000000e+01 -1.651628641607458389e-04
1.400000000000000000e+01 -1.651628641607458389e-04
1.500000000000000000e+01 -1.569929295202229758e-04
1.600000000000000000e+01 -1.651628641607458389e-04
1.700000000000000000e+01 9.487329865772099920e-04
1.800000000000000000e+01 -1.651628641607458389e-04
1.900000000000000000e+01 4.211272074234433116e-04
1.000000000000000000e+00 -2.431779099260495943e-04
2.000000000000000000e+00 1.201333461055909555e-03
3.000000000000000000e+00 -2.431779099260495943e-04
4.000000000000000000e+00 -2.431779099260495943e-04
5.000000000000000000e+00 -2.431779099260495943e-04
6.000000000000000000e+00 -2.431779099260495943e-04
7.000000000000000000e+00 -2.431779099260495943e-04
8.000000000000000000e+00 -2.431779099260495943e-04
9.000000000000000000e+00 -2.431779099260495943e-04
1.000000000000000000e+01 -2.023282367234352248e-04
1.100000000000000000e+01 -1.996049251765942795e-04
1.200000000000000000e+01 -2.038254686128239813e-04
1.300000000000000000e+01 5.446372161243705125e-04
1.400000000000000000e+01 -2.338517241292755659e-04
1.500000000000000000e+01 5.152500608342223997e-04
1.600000000000000000e+01 -2.431779099260495943e-04
1.700000000000000000e+01 5.909335124206667456e-04
1.800000000000000000e+01 -2.431779099260495943e-04
1.900000000000000000e+01 4.176790254406896044e-04
1.000000000000000000e+00 -2.065606458211022994e-04
2.000000000000000000e+00 -1.965751701493521214e-04
3.000000000000000000e+00 -2.065606458211022994e-04
4.000000000000000000e+00 -2.065606458211022994e-04
5.000000000000000000e+00 -2.065606458211022994e-04
6.000000000000000000e+00 -2.065606458211022994e-04
7.000000000000000000e+00 -2.065606458211022994e-04
8.000000000000000000e+00 -2.065606458211022994e-04
9.000000000000000000e+00 -2.065606458211022994e-04
1.000000000000000000e+01 4.470341254207276936e-04
1.100000000000000000e+01 -1.504742629613630485e-04
1.200000000000000000e+01 -2.065606458211022994e-04
1.300000000000000000e+01 4.878837986233420902e-04
1.400000000000000000e+01 -2.065606458211022994e-04
1.500000000000000000e+01 5.882926490321924900e-04
1.600000000000000000e+01 7.125919154883217019e-04
1.700000000000000000e+01 -2.047451047898750116e-04
1.800000000000000000e+01 -2.065606458211022994e-04
1.900000000000000000e+01 5.779467350674779950e-04
1.000000000000000000e+00 -2.144029001614140882e-04
2.000000000000000000e+00 -2.144029001614140882e-04
3.000000000000000000e+00 -2.144029001614140882e-04
4.000000000000000000e+00 -2.144029001614140882e-04
5.000000000000000000e+00 -2.144029001614140882e-04
6.000000000000000000e+00 -2.144029001614140882e-04
7.000000000000000000e+00 -2.144029001614140882e-04
8.000000000000000000e+00 -2.144029001614140882e-04
9.000000000000000000e+00 -2.144029001614140882e-04
1.000000000000000000e+01 4.800415442830303285e-04
1.100000000000000000e+01 -2.144029001614140882e-04
1.200000000000000000e+01 1.133636315524860294e-03
1.300000000000000000e+01 5.263378405793266157e-04
1.400000000000000000e+01 -2.144029001614140882e-04
1.500000000000000000e+01 8.581628782867173214e-04
1.600000000000000000e+01 -2.144029001614140882e-04
1.700000000000000000e+01 -2.144029001614140882e-04
1.800000000000000000e+01 -2.144029001614140882e-04
1.900000000000000000e+01 3.462023585862582734e-06
1.000000000000000000e+00 -2.629445186374467728e-04
2.000000000000000000e+00 -1.004959922183321200e-04
3.000000000000000000e+00 -2.629445186374467728e-04
4.000000000000000000e+00 -2.629445186374467728e-04
5.000000000000000000e+00 -2.629445186374467728e-04
6.000000000000000000e+00 -2.629445186374467728e-04
7.000000000000000000e+00 -2.629445186374467728e-04
8.000000000000000000e+00 -2.629445186374467728e-04
9.000000000000000000e+00 -2.629445186374467728e-04
1.000000000000000000e+01 -2.074907131836413010e-04
1.100000000000000000e+01 -2.629445186374467728e-04
1.200000000000000000e+01 -2.266336980129006636e-04
1.300000000000000000e+01 -2.538668134813101981e-04
1.400000000000000000e+01 -2.629445186374467728e-04
1.500000000000000000e+01 3.581616236245261666e-04
1.600000000000000000e+01 1.670059840837500751e-03
1.700000000000000000e+01 -2.493279609032419378e-04
1.800000000000000000e+01 -1.839684837790589520e-04
1.900000000000000000e+01 1.804265912543572600e-03
1.000000000000000000e+00 -2.109534772073471494e-04
2.000000000000000000e+00 5.800637843981496433e-04
3.000000000000000000e+00 -2.109534772073471494e-04
4.000000000000000000e+00 -2.109534772073471494e-04
5.000000000000000000e+00 -2.109534772073471494e-04
6.000000000000000000e+00 -2.109534772073471494e-04
7.000000000000000000e+00 -2.109534772073471494e-04
8.000000000000000000e+00 -2.109534772073471494e-04
9.000000000000000000e+00 -2.109534772073471494e-04
1.000000000000000000e+01 5.826973164434463923e-04
1.100000000000000000e+01 6.329738373082025894e-04
1.200000000000000000e+01 7.149724487185787035e-04
1.300000000000000000e+01 4.426412940344828708e-04
1.400000000000000000e+01 -2.109534772073471494e-04
1.500000000000000000e+01 -2.109534772073471494e-04
1.600000000000000000e+01 -2.109534772073471494e-04
1.700000000000000000e+01 -2.109534772073471494e-04
1.800000000000000000e+01 -2.109534772073471494e-04
1.900000000000000000e+01 -2.109534772073471494e-04
1.000000000000000000e+00 -2.264271246469388673e-04
2.000000000000000000e+00 6.793936341149962215e-04
3.000000000000000000e+00 -2.264271246469388673e-04
4.000000000000000000e+00 -2.264271246469388673e-04
5.000000000000000000e+00 -2.264271246469388673e-04
6.000000000000000000e+00 -2.264271246469388673e-04
7.000000000000000000e+00 -2.264271246469388673e-04
8.000000000000000000e+00 -2.264271246469388673e-04
9.000000000000000000e+00 -2.264271246469388673e-04
1.000000000000000000e+01 -1.488127455619715463e-04
1.100000000000000000e+01 4.754445331070717763e-04
1.200000000000000000e+01 -2.264271246469388673e-04
1.300000000000000000e+01 -1.429770779615980843e-04
1.400000000000000000e+01 -2.264271246469388673e-04
1.500000000000000000e+01 1.327930826769835922e-03
1.600000000000000000e+01 -2.264271246469388673e-04
1.700000000000000000e+01 -2.264271246469388673e-04
1.800000000000000000e+01 -1.770184722971100634e-04
1.900000000000000000e+01 7.031647975920421543e-04
1.000000000000000000e+00 -2.396349493872713704e-04
2.000000000000000000e+00 1.768842684090362119e-03
3.000000000000000000e+00 -2.396349493872713704e-04
4.000000000000000000e+00 -2.396349493872713704e-04
5.000000000000000000e+00 -2.396349493872713704e-04
6.000000000000000000e+00 -2.396349493872713704e-04
7.000000000000000000e+00 -2.396349493872713704e-04
8.000000000000000000e+00 -2.396349493872713704e-04
9.000000000000000000e+00 -2.396349493872713704e-04
1.000000000000000000e+01 -2.396349493872713704e-04
1.100000000000000000e+01 -2.396349493872713704e-04
1.200000000000000000e+01 3.159206061682842117e-04
1.300000000000000000e+01 -1.657164931158739232e-04
1.400000000000000000e+01 -2.219334243328051175e-04
1.500000000000000000e+01 -2.396349493872713704e-04
1.600000000000000000e+01 6.769593495599687339e-04
1.700000000000000000e+01 -1.573166685395787408e-04
1.800000000000000000e+01 -1.285627427268294003e-04
1.900000000000000000e+01 5.477911321564571650e-04
1.000000000000000000e+00 -2.434079794760909011e-04
2.000000000000000000e+00 5.476092821294058915e-04
3.000000000000000000e+00 -2.434079794760909011e-04
4.000000000000000000e+00 -2.434079794760909011e-04
5.000000000000000000e+00 -2.434079794760909011e-04
6.000000000000000000e+00 -2.434079794760909011e-04
7.000000000000000000e+00 -2.434079794760909011e-04
8.000000000000000000e+00 -2.434079794760909011e-04
9.000000000000000000e+00 -2.434079794760909011e-04
1.000000000000000000e+01 4.973327612646498029e-04
1.100000000000000000e+01 8.132369006982008691e-04
1.200000000000000000e+01 -1.831060809388982617e-04
1.300000000000000000e+01 5.735854845761965970e-04
1.400000000000000000e+01 -2.434079794760909011e-04
1.500000000000000000e+01 -2.434079794760909011e-04
1.600000000000000000e+01 -2.434079794760909011e-04
1.700000000000000000e+01 1.146027461816935533e-04
1.800000000000000000e+01 -2.434079794760909011e-04
1.900000000000000000e+01 5.576346598018423880e-04
1.000000000000000000e+00 -2.251010083827421036e-04
2.000000000000000000e+00 -2.361738135731943587e-04
3.000000000000000000e+00 -2.361738135731943587e-04
4.000000000000000000e+00 -2.361738135731943587e-04
5.000000000000000000e+00 -2.361738135731943587e-04
6.000000000000000000e+00 -2.361738135731943587e-04
7.000000000000000000e+00 -2.361738135731943587e-04
8.000000000000000000e+00 -2.361738135731943587e-04
9.000000000000000000e+00 -2.361738135731943587e-04
1.000000000000000000e+01 -2.361738135731943587e-04
1.100000000000000000e+01 5.045669271675463181e-04
1.200000000000000000e+01 -2.352760185577522877e-04
1.300000000000000000e+01 3.196570657870967370e-04
1.400000000000000000e+01 -1.767561070966643545e-04
1.500000000000000000e+01 -1.784156675797542451e-04
1.600000000000000000e+01 1.041627905404995166e-03
1.700000000000000000e+01 5.574769800775991558e-04
1.800000000000000000e+01 -2.361738135731943587e-04
1.900000000000000000e+01 7.539580589116191747e-04
1.000000000000000000e+00 -2.127553675541291327e-04
2.000000000000000000e+00 -2.127553675541291327e-04
3.000000000000000000e+00 -2.127553675541291327e-04
4.000000000000000000e+00 -2.127553675541291327e-04
5.000000000000000000e+00 -2.127553675541291327e-04
6.000000000000000000e+00 -2.127553675541291327e-04
7.000000000000000000e+00 -2.127553675541291327e-04
8.000000000000000000e+00 -2.127553675541291327e-04
9.000000000000000000e+00 -2.127553675541291327e-04
1.000000000000000000e+01 5.279853731866115171e-04
1.100000000000000000e+01 -2.127553675541291327e-04
1.200000000000000000e+01 1.268726113927352113e-03
1.300000000000000000e+01 -1.624788466893729898e-04
1.400000000000000000e+01 -2.127553675541291327e-04
1.500000000000000000e+01 -2.127553675541291327e-04
1.600000000000000000e+01 6.311719469614205519e-04
1.700000000000000000e+01 7.131705583717966659e-04
1.800000000000000000e+01 -2.127553675541291327e-04
1.900000000000000000e+01 -2.127553675541291327e-04
1.000000000000000000e+00 -2.648993379738586156e-04
2.000000000000000000e+00 4.571024256945716902e-04
3.000000000000000000e+00 -2.958932170069533490e-04
4.000000000000000000e+00 -2.958932170069533490e-04
5.000000000000000000e+00 -2.958932170069533490e-04
6.000000000000000000e+00 -2.958932170069533490e-04
7.000000000000000000e+00 -2.934392439647449924e-04
8.000000000000000000e+00 -2.702910958165968217e-04
9.000000000000000000e+00 -2.958932170069533490e-04
1.000000000000000000e+01 4.977575766438402469e-04
1.100000000000000000e+01 -2.931699054601123494e-04
1.200000000000000000e+01 1.026858105744369275e-03
1.300000000000000000e+01 -2.935589499668039208e-04
1.400000000000000000e+01 -2.958932170069533490e-04
1.500000000000000000e+01 -2.893542766444835474e-04
1.600000000000000000e+01 -1.016983175746958304e-04
1.700000000000000000e+01 -2.890849381398509586e-04
1.800000000000000000e+01 -2.400653302967136989e-04
1.900000000000000000e+01 2.120523904647526187e-03
1.000000000000000000e+00 -2.519061032992921177e-04
2.000000000000000000e+00 6.681542285257455411e-04
3.000000000000000000e+00 -2.519061032992921177e-04
4.000000000000000000e+00 -2.519061032992921177e-04
5.000000000000000000e+00 -2.519061032992921177e-04
6.000000000000000000e+00 -2.519061032992921177e-04
7.000000000000000000e+00 -2.519061032992921177e-04
8.000000000000000000e+00 -2.153359196702849790e-04
9.000000000000000000e+00 -2.519061032992921177e-04
1.000000000000000000e+01 4.016886679425378482e-04
1.100000000000000000e+01 6.681542285257455411e-04
1.200000000000000000e+01 -2.464594802056102271e-04
1.300000000000000000e+01 -2.347282920038337847e-04
1.400000000000000000e+01 -1.468042334915399853e-04
1.500000000000000000e+01 2.897145853802200440e-04
1.600000000000000000e+01 1.334677247989941341e-03
1.700000000000000000e+01 -2.519061032992921177e-04
1.800000000000000000e+01 -2.519061032992921177e-04
1.900000000000000000e+01 -2.519061032992921177e-04
1.000000000000000000e+00 -2.888984885520341664e-04
2.000000000000000000e+00 4.292218598204149832e-04
3.000000000000000000e+00 -2.888984885520341664e-04
4.000000000000000000e+00 -2.888984885520341664e-04
5.000000000000000000e+00 -2.888984885520341664e-04
6.000000000000000000e+00 -2.888984885520341664e-04
7.000000000000000000e+00 -2.888984885520341664e-04
8.000000000000000000e+00 -2.828003227900028325e-04
9.000000000000000000e+00 -2.888984885520341664e-04
1.000000000000000000e+01 3.288343595729707530e-04
1.100000000000000000e+01 -2.884495910443131308e-04
1.200000000000000000e+01 5.047523050987593211e-04
1.300000000000000000e+01 -2.442780762845630929e-04
1.400000000000000000e+01 2.047647007657327559e-03
1.500000000000000000e+01 -2.888984885520341664e-04
1.600000000000000000e+01 -2.888984885520341664e-04
1.700000000000000000e+01 5.658023661488204795e-04
1.800000000000000000e+01 -2.888984885520341664e-04
1.900000000000000000e+01 -1.745752145648946346e-04
1.000000000000000000e+00 -1.886866686443026617e-04
2.000000000000000000e+00 -1.886866686443026617e-04
3.000000000000000000e+00 -1.886866686443026617e-04
4.000000000000000000e+00 -1.886866686443026617e-04
5.000000000000000000e+00 -1.886866686443026617e-04
6.000000000000000000e+00 -1.886866686443026617e-04
7.000000000000000000e+00 -1.886866686443026617e-04
8.000000000000000000e+00 -1.886866686443026617e-04
9.000000000000000000e+00 -1.886866686443026617e-04
1.000000000000000000e+01 1.262419414814721936e-03
1.100000000000000000e+01 6.660141860565520384e-04
1.200000000000000000e+01 -1.886866686443026617e-04
1.300000000000000000e+01 -1.886866686443026617e-04
1.400000000000000000e+01 -1.886866686443026617e-04
1.500000000000000000e+01 5.057577758001417009e-04
1.600000000000000000e+01 -1.886866686443026617e-04
1.700000000000000000e+01 3.961086529931241956e-04
1.800000000000000000e+01 -1.886866686443026617e-04
1.900000000000000000e+01 -1.886866686443026617e-04
1.000000000000000000e+00 -2.503766300205928410e-04
2.000000000000000000e+00 -1.063408364749954043e-04
3.000000000000000000e+00 -2.503766300205928410e-04
4.000000000000000000e+00 -2.503766300205928410e-04
5.000000000000000000e+00 -2.503766300205928410e-04
6.000000000000000000e+00 -2.449300069269109504e-04
7.000000000000000000e+00 -2.503766300205928410e-04
8.000000000000000000e+00 -2.503766300205928410e-04
9.000000000000000000e+00 -2.503766300205928410e-04
1.000000000000000000e+01 -2.485610889893655260e-04
1.100000000000000000e+01 -2.488911873586795685e-04
1.200000000000000000e+01 7.597243800804172591e-04
1.300000000000000000e+01 4.903641107201477545e-04
1.400000000000000000e+01 -2.503766300205928410e-04
1.500000000000000000e+01 -2.503766300205928410e-04
1.600000000000000000e+01 1.463229299271610884e-03
1.700000000000000000e+01 -2.503766300205928410e-04
1.800000000000000000e+01 -1.441135213065037636e-04
1.900000000000000000e+01 7.832851511902078068e-04
1.000000000000000000e+00 -2.961894486662288231e-04
2.000000000000000000e+00 3.296140153467294349e-03
3.000000000000000000e+00 -2.961894486662288231e-04
4.000000000000000000e+00 -2.942219172869327184e-04
5.000000000000000000e+00 -2.961894486662288231e-04
6.000000000000000000e+00 -2.914986057400917731e-04
7.000000000000000000e+00 -2.961894486662288231e-04
8.000000000000000000e+00 -2.961894486662288231e-04
9.000000000000000000e+00 -2.961894486662288231e-04
1.000000000000000000e+01 -2.212983811281024745e-04
1.100000000000000000e+01 -2.703179889712397071e-04
1.200000000000000000e+01 5.723524125226910671e-04
1.300000000000000000e+01 -2.956045216107135360e-04
1.400000000000000000e+01 -2.961894486662288231e-04
1.500000000000000000e+01 -2.961894486662288231e-04
1.600000000000000000e+01 -2.961894486662288231e-04
1.700000000000000000e+01 5.956950829241850235e-04
1.800000000000000000e+01 -2.678965723341367872e-04
1.900000000000000000e+01 -1.589641104604984595e-04
1.000000000000000000e+00 -2.168261066609879716e-04
2.000000000000000000e+00 -1.976073080304246337e-04
3.000000000000000000e+00 -2.168261066609879716e-04
4.000000000000000000e+00 -2.168261066609879716e-04
5.000000000000000000e+00 -2.168261066609879716e-04
6.000000000000000000e+00 -2.168261066609879716e-04
7.000000000000000000e+00 -2.168261066609879716e-04
8.000000000000000000e+00 -2.168261066609879716e-04
9.000000000000000000e+00 -2.168261066609879716e-04
1.000000000000000000e+01 -2.144918396208385705e-04
1.100000000000000000e+01 -2.168261066609879716e-04
1.200000000000000000e+01 1.114121087031303640e-03
1.300000000000000000e+01 5.295168749761112624e-04
1.400000000000000000e+01 1.150431907655849722e-03
1.500000000000000000e+01 -2.168261066609879716e-04
1.600000000000000000e+01 -2.168261066609879716e-04
1.700000000000000000e+01 4.367686645808420485e-04
1.800000000000000000e+01 -2.168261066609879716e-04
1.900000000000000000e+01 -2.168261066609879716e-04
1.000000000000000000e+00 -2.364596379044263375e-04
2.000000000000000000e+00 -2.364596379044263375e-04
3.000000000000000000e+00 -2.364596379044263375e-04
4.000000000000000000e+00 -2.364596379044263375e-04
5.000000000000000000e+00 -2.364596379044263375e-04
6.000000000000000000e+00 -2.364596379044263375e-04
7.000000000000000000e+00 -2.364596379044263375e-04
8.000000000000000000e+00 -2.364596379044263375e-04
9.000000000000000000e+00 -2.364596379044263375e-04
1.000000000000000000e+01 7.488839944980294925e-04
1.100000000000000000e+01 -2.364596379044263375e-04
1.200000000000000000e+01 1.668302266857478369e-03
1.300000000000000000e+01 -2.364596379044263375e-04
1.400000000000000000e+01 -2.364596379044263375e-04
1.500000000000000000e+01 -2.364596379044263375e-04
1.600000000000000000e+01 -2.364596379044263375e-04
1.700000000000000000e+01 3.808243127128575463e-04
1.800000000000000000e+01 -2.364596379044263375e-04
1.900000000000000000e+01 7.488839944980294925e-04
1.000000000000000000e+00 -1.768241409624278331e-04
2.000000000000000000e+00 -1.768241409624278331e-04
3.000000000000000000e+00 -1.768241409624278331e-04
4.000000000000000000e+00 -1.768241409624278331e-04
5.000000000000000000e+00 -1.768241409624278331e-04
6.000000000000000000e+00 -1.768241409624278331e-04
7.000000000000000000e+00 -1.768241409624278331e-04
8.000000000000000000e+00 -1.768241409624278331e-04
9.000000000000000000e+00 -1.768241409624278331e-04
1.000000000000000000e+01 1.171215074723846441e-03
1.100000000000000000e+01 4.767706302794021871e-04
1.200000000000000000e+01 -1.768241409624278331e-04
1.300000000000000000e+01 4.404598096548560508e-04
1.400000000000000000e+01 -1.768241409624278331e-04
1.500000000000000000e+01 -1.768241409624278331e-04
1.600000000000000000e+01 -1.768241409624278331e-04
1.700000000000000000e+01 5.639165997783128709e-04
1.800000000000000000e+01 -1.768241409624278331e-04
1.900000000000000000e+01 -1.768241409624278331e-04
1.000000000000000000e+00 -1.727084596021644461e-04
2.000000000000000000e+00 -1.727084596021644461e-04
3.000000000000000000e+00 -1.727084596021644461e-04
4.000000000000000000e+00 -1.727084596021644461e-04
5.000000000000000000e+00 -1.727084596021644461e-04
6.000000000000000000e+00 -1.727084596021644461e-04
7.000000000000000000e+00 -1.727084596021644461e-04
8.000000000000000000e+00 -1.727084596021644461e-04
9.000000000000000000e+00 -1.727084596021644461e-04
1.000000000000000000e+01 1.308773021879316989e-03
1.100000000000000000e+01 -1.727084596021644461e-04
1.200000000000000000e+01 3.563920694983646088e-04
1.300000000000000000e+01 1.098170262256949322e-03
1.400000000000000000e+01 -1.727084596021644461e-04
1.500000000000000000e+01 -1.727084596021644461e-04
1.600000000000000000e+01 -1.727084596021644461e-04
1.700000000000000000e+01 -1.727084596021644461e-04
1.800000000000000000e+01 -1.727084596021644461e-04
1.900000000000000000e+01 -1.727084596021644461e-04
1.000000000000000000e+00 -2.006924785296969967e-04
2.000000000000000000e+00 -1.381610557041565185e-04
3.000000000000000000e+00 -2.006924785296969967e-04
4.000000000000000000e+00 -2.006924785296969967e-04
5.000000000000000000e+00 -2.006924785296969967e-04
6.000000000000000000e+00 -2.006924785296969967e-04
7.000000000000000000e+00 -2.006924785296969967e-04
8.000000000000000000e+00 -2.006924785296969967e-04
9.000000000000000000e+00 -2.006924785296969967e-04
1.000000000000000000e+01 -1.622457272801775853e-04
1.100000000000000000e+01 -1.578003216669518775e-04
1.200000000000000000e+01 -1.520333089795239726e-04
1.300000000000000000e+01 -1.176314763510477579e-04
1.400000000000000000e+01 -2.006924785296969967e-04
1.500000000000000000e+01 3.713002074335771232e-04
1.600000000000000000e+01 1.420740282608946425e-03
1.700000000000000000e+01 -1.734593630612874080e-04
1.800000000000000000e+01 -2.006924785296969967e-04
1.900000000000000000e+01 1.110768925203909621e-03
1.000000000000000000e+00 -2.642976409746275218e-04
2.000000000000000000e+00 -2.552364407369566899e-04
3.000000000000000000e+00 -2.642976409746275218e-04
4.000000000000000000e+00 -2.642976409746275218e-04
5.000000000000000000e+00 -2.642976409746275218e-04
6.000000000000000000e+00 -2.642976409746275218e-04
7.000000000000000000e+00 -2.642976409746275218e-04
8.000000000000000000e+00 -2.642976409746275218e-04
9.000000000000000000e+00 -2.642976409746275218e-04
1.000000000000000000e+01 -2.642976409746275218e-04
1.100000000000000000e+01 -2.642976409746275218e-04
1.200000000000000000e+01 -2.526263057738805978e-04
1.300000000000000000e+01 4.764430997661131279e-04
1.400000000000000000e+01 -2.642976409746275218e-04
1.500000000000000000e+01 -2.642976409746275218e-04
1.600000000000000000e+01 -2.007702098001375667e-04
1.700000000000000000e+01 5.506987279433098702e-04
1.800000000000000000e+01 6.539306449007170792e-04
1.900000000000000000e+01 2.114839198946525788e-03
1.000000000000000000e+00 -2.855995722352791142e-04
2.000000000000000000e+00 -2.180119311182262469e-04
3.000000000000000000e+00 -2.855995722352791142e-04
4.000000000000000000e+00 -2.855995722352791142e-04
5.000000000000000000e+00 -2.855995722352791142e-04
6.000000000000000000e+00 -2.855995722352791142e-04
7.000000000000000000e+00 -2.855995722352791142e-04
8.000000000000000000e+00 -2.855995722352791142e-04
9.000000000000000000e+00 -2.855995722352791142e-04
1.000000000000000000e+01 -1.303708140653444994e-04
1.100000000000000000e+01 -2.855995722352791142e-04
1.200000000000000000e+01 -2.855995722352791142e-04
1.300000000000000000e+01 5.691012824655755859e-04
1.400000000000000000e+01 -2.855995722352791142e-04
1.500000000000000000e+01 6.235675134023947091e-04
1.600000000000000000e+01 3.099641729672689226e-03
1.700000000000000000e+01 -2.311333412984599640e-04
1.800000000000000000e+01 -2.855995722352791142e-04
1.900000000000000000e+01 -2.855995722352791142e-04
1.000000000000000000e+00 -4.427040824099647389e-04
2.000000000000000000e+00 4.232913056442467385e-04
3.000000000000000000e+00 -4.820923448374428259e-04
4.000000000000000000e+00 -4.820923448374428259e-04
5.000000000000000000e+00 -4.820923448374428259e-04
6.000000000000000000e+00 -4.820923448374428259e-04
7.000000000000000000e+00 -4.820923448374428259e-04
8.000000000000000000e+00 -4.820923448374428259e-04
9.000000000000000000e+00 -4.820923448374428259e-04
1.000000000000000000e+01 -4.797580777972934520e-04
1.100000000000000000e+01 -4.252918468604742746e-04
1.200000000000000000e+01 -4.606948969694067263e-04
1.300000000000000000e+01 3.726085098634118200e-04
1.400000000000000000e+01 -4.816434473297217904e-04
1.500000000000000000e+01 -4.820923448374428259e-04
1.600000000000000000e+01 2.153248440013145679e-03
1.700000000000000000e+01 -4.820923448374428259e-04
1.800000000000000000e+01 -4.719771876634621332e-04
1.900000000000000000e+01 4.038687800942702792e-03
1.000000000000000000e+00 -2.437993150067453263e-04
2.000000000000000000e+00 -2.437993150067453263e-04
3.000000000000000000e+00 -2.437993150067453263e-04
4.000000000000000000e+00 -2.437993150067453263e-04
5.000000000000000000e+00 -2.437993150067453263e-04
6.000000000000000000e+00 -2.437993150067453263e-04
7.000000000000000000e+00 -2.437993150067453263e-04
8.000000000000000000e+00 -2.437993150067453263e-04
9.000000000000000000e+00 -2.437993150067453263e-04
1.000000000000000000e+01 -1.893330840699261760e-04
1.100000000000000000e+01 7.663016950942647468e-04
1.200000000000000000e+01 6.109015396941093468e-04
1.300000000000000000e+01 7.663016950942647468e-04
1.400000000000000000e+01 -2.437993150067453263e-04
1.500000000000000000e+01 -2.437993150067453263e-04
1.600000000000000000e+01 -2.437993150067453263e-04
1.700000000000000000e+01 5.498514786440481883e-04
1.800000000000000000e+01 -2.437993150067453263e-04
1.900000000000000000e+01 6.653677706309284699e-04
1.000000000000000000e+00 -1.813982699139965492e-04
2.000000000000000000e+00 7.358326473169206176e-04
3.000000000000000000e+00 -1.813982699139965492e-04
4.000000000000000000e+00 -1.813982699139965492e-04
5.000000000000000000e+00 -1.813982699139965492e-04
6.000000000000000000e+00 -1.813982699139965492e-04
7.000000000000000000e+00 -1.813982699139965492e-04
8.000000000000000000e+00 -1.813982699139965492e-04
9.000000000000000000e+00 -1.813982699139965492e-04
1.000000000000000000e+01 -1.813982699139965492e-04
1.100000000000000000e+01 -1.219805634374665585e-04
1.200000000000000000e+01 3.741572856415589787e-04
1.300000000000000000e+01 3.016935175256169380e-04
1.400000000000000000e+01 -1.813982699139965492e-04
1.500000000000000000e+01 -1.813982699139965492e-04
1.600000000000000000e+01 -1.813982699139965492e-04
1.700000000000000000e+01 4.366637697166704502e-04
1.800000000000000000e+01 -1.708587005508977786e-04
1.900000000000000000e+01 5.671587286430019529e-04
1.000000000000000000e+00 -2.220404581085695336e-04
2.000000000000000000e+00 6.342465011195660756e-04
3.000000000000000000e+00 -2.220404581085695336e-04
4.000000000000000000e+00 -2.220404581085695336e-04
5.000000000000000000e+00 -2.220404581085695336e-04
6.000000000000000000e+00 -2.220404581085695336e-04
7.000000000000000000e+00 -2.220404581085695336e-04
8.000000000000000000e+00 -2.220404581085695336e-04
9.000000000000000000e+00 -2.220404581085695336e-04
1.000000000000000000e+01 -2.220404581085695336e-04
1.100000000000000000e+01 -1.594042925312274931e-04
1.200000000000000000e+01 5.187002826321711162e-04
1.300000000000000000e+01 5.716103355422239539e-04
1.400000000000000000e+01 -2.220404581085695336e-04
1.500000000000000000e+01 -2.220404581085695336e-04
1.600000000000000000e+01 6.871266275291043439e-04
1.700000000000000000e+01 5.716103355422239539e-04
1.800000000000000000e+01 -2.220404581085695336e-04
1.900000000000000000e+01 -1.594042925312274931e-04
1.000000000000000000e+00 -2.521819569033190915e-04
2.000000000000000000e+00 2.582680620606316729e-03
3.000000000000000000e+00 -2.521819569033190915e-04
4.000000000000000000e+00 -2.521819569033190915e-04
5.000000000000000000e+00 -2.521819569033190915e-04
6.000000000000000000e+00 -2.521819569033190915e-04
7.000000000000000000e+00 -2.521819569033190915e-04
8.000000000000000000e+00 -2.521819569033190915e-04
9.000000000000000000e+00 -2.521819569033190915e-04
1.000000000000000000e+01 -2.317571203020119203e-04
1.100000000000000000e+01 1.291935690155504276e-03
1.200000000000000000e+01 -1.023998218270664079e-04
1.300000000000000000e+01 -1.459728065765217363e-04
1.400000000000000000e+01 -2.521819569033190915e-04
1.500000000000000000e+01 -2.521819569033190915e-04
1.600000000000000000e+01 -2.521819569033190915e-04
1.700000000000000000e+01 -1.868224797791361057e-04
1.800000000000000000e+01 -1.814805994372557503e-04
1.900000000000000000e+01 -2.521819569033190915e-04
1.000000000000000000e+00 -2.062059254091191214e-04
2.000000000000000000e+00 -1.991133447871267490e-04
3.000000000000000000e+00 -2.062059254091191214e-04
4.000000000000000000e+00 -2.062059254091191214e-04
5.000000000000000000e+00 -2.062059254091191214e-04
6.000000000000000000e+00 -2.062059254091191214e-04
7.000000000000000000e+00 -2.062059254091191214e-04
8.000000000000000000e+00 -2.062059254091191214e-04
9.000000000000000000e+00 -2.062059254091191214e-04
1.000000000000000000e+01 3.798463092499265920e-04
1.100000000000000000e+01 -2.062059254091191214e-04
1.200000000000000000e+01 8.038950846918909788e-04
1.300000000000000000e+01 6.808155498476501375e-04
1.400000000000000000e+01 -2.062059254091191214e-04
1.500000000000000000e+01 -2.062059254091191214e-04
1.600000000000000000e+01 -2.062059254091191214e-04
1.700000000000000000e+01 4.719600778342833989e-04
1.800000000000000000e+01 -2.062059254091191214e-04
1.900000000000000000e+01 4.953310996573176677e-04
1.000000000000000000e+00 -2.332107750064406132e-04
2.000000000000000000e+00 6.198577251208829599e-04
3.000000000000000000e+00 -2.332107750064406132e-04
4.000000000000000000e+00 -2.332107750064406132e-04
5.000000000000000000e+00 -2.332107750064406132e-04
6.000000000000000000e+00 -2.332107750064406132e-04
7.000000000000000000e+00 -2.332107750064406132e-04
8.000000000000000000e+00 -2.332107750064406132e-04
9.000000000000000000e+00 -2.332107750064406132e-04
1.000000000000000000e+01 6.927151509194852397e-04
1.100000000000000000e+01 7.521328573960151627e-04
1.200000000000000000e+01 6.927151509194852397e-04
1.300000000000000000e+01 -2.332107750064406132e-04
1.400000000000000000e+01 -2.332107750064406132e-04
1.500000000000000000e+01 -2.332107750064406132e-04
1.600000000000000000e+01 -2.332107750064406132e-04
1.700000000000000000e+01 5.075299657343000908e-04
1.800000000000000000e+01 -2.332107750064406132e-04
1.900000000000000000e+01 -2.332107750064406132e-04
1.000000000000000000e+00 -1.894474317889667276e-04
2.000000000000000000e+00 -1.894474317889667276e-04
3.000000000000000000e+00 -1.894474317889667276e-04
4.000000000000000000e+00 -1.894474317889667276e-04
5.000000000000000000e+00 -1.894474317889667276e-04
6.000000000000000000e+00 -1.894474317889667276e-04
7.000000000000000000e+00 -1.894474317889667276e-04
8.000000000000000000e+00 -1.894474317889667276e-04
9.000000000000000000e+00 -1.894474317889667276e-04
1.000000000000000000e+01 3.953478898484601026e-04
1.100000000000000000e+01 5.512933089517738951e-04
1.200000000000000000e+01 5.049970126554776621e-04
1.300000000000000000e+01 1.390073265378789173e-03
1.400000000000000000e+01 -1.894474317889667276e-04
1.500000000000000000e+01 -1.894474317889667276e-04
1.600000000000000000e+01 -1.894474317889667276e-04
1.700000000000000000e+01 -1.894474317889667276e-04
1.800000000000000000e+01 -1.894474317889667276e-04
1.900000000000000000e+01 -1.894474317889667276e-04
1.000000000000000000e+00 -2.710080644807166556e-04
2.000000000000000000e+00 1.585888669866997950e-03
3.000000000000000000e+00 -2.733423315208660838e-04
4.000000000000000000e+00 -2.733423315208660838e-04
5.000000000000000000e+00 -2.733423315208660838e-04
6.000000000000000000e+00 -2.733423315208660838e-04
7.000000000000000000e+00 -2.733423315208660838e-04
8.000000000000000000e+00 -2.733423315208660838e-04
9.000000000000000000e+00 -2.733423315208660838e-04
1.000000000000000000e+01 -2.162575317890075234e-04
1.100000000000000000e+01 4.528740809700561548e-04
1.200000000000000000e+01 4.211021129235783329e-04
1.300000000000000000e+01 -2.651723968803431936e-04
1.400000000000000000e+01 -2.733423315208660838e-04
1.500000000000000000e+01 -2.733423315208660838e-04
1.600000000000000000e+01 5.518859079230595483e-04
1.700000000000000000e+01 -2.733423315208660838e-04
1.800000000000000000e+01 -2.733423315208660838e-04
1.900000000000000000e+01 6.338518722419650159e-04
1.000000000000000000e+00 -2.877738852326055456e-04
2.000000000000000000e+00 -1.775545838368335755e-04
3.000000000000000000e+00 -2.901081522727549196e-04
4.000000000000000000e+00 -2.901081522727549196e-04
5.000000000000000000e+00 -2.901081522727549196e-04
6.000000000000000000e+00 -2.901081522727549196e-04
7.000000000000000000e+00 -2.901081522727549196e-04
8.000000000000000000e+00 -2.901081522727549196e-04
9.000000000000000000e+00 -2.901081522727549196e-04
1.000000000000000000e+01 4.145487104723430557e-04
1.100000000000000000e+01 5.645927024280997806e-04
1.200000000000000000e+01 3.525833972815396516e-04
1.300000000000000000e+01 -2.901081522727549196e-04
1.400000000000000000e+01 1.905778749496499702e-03
1.500000000000000000e+01 -2.877738852326055456e-04
1.600000000000000000e+01 -2.901081522727549196e-04
1.700000000000000000e+01 -2.901081522727549196e-04
1.800000000000000000e+01 -2.901081522727549196e-04
1.900000000000000000e+01 6.421098203863942087e-04
1.000000000000000000e+00 -1.718040105097714491e-04
2.000000000000000000e+00 -1.718040105097714491e-04
3.000000000000000000e+00 -1.718040105097714491e-04
4.000000000000000000e+00 -1.718040105097714491e-04
5.000000000000000000e+00 -1.718040105097714491e-04
6.000000000000000000e+00 -1.718040105097714491e-04
7.000000000000000000e+00 -1.718040105097714491e-04
8.000000000000000000e+00 -1.718040105097714491e-04
9.000000000000000000e+00 -1.718040105097714491e-04
1.000000000000000000e+01 -1.718040105097714491e-04
1.100000000000000000e+01 4.817907607320585711e-04
1.200000000000000000e+01 6.218467831410220926e-04
1.300000000000000000e+01 -1.333572592602520106e-04
1.400000000000000000e+01 -1.718040105097714491e-04
1.500000000000000000e+01 -1.718040105097714491e-04
1.600000000000000000e+01 4.839266913570318732e-04
1.700000000000000000e+01 4.148751055811093270e-04
1.800000000000000000e+01 -1.718040105097714491e-04
1.900000000000000000e+01 3.643700550760588220e-04
1.000000000000000000e+00 -2.704577175681406381e-04
2.000000000000000000e+00 7.437813113767705042e-04
3.000000000000000000e+00 -2.704577175681406381e-04
4.000000000000000000e+00 -2.704577175681406381e-04
5.000000000000000000e+00 -2.704577175681406381e-04
6.000000000000000000e+00 -1.342921402260927489e-04
7.000000000000000000e+00 -2.704577175681406381e-04
8.000000000000000000e+00 -2.704577175681406381e-04
9.000000000000000000e+00 -2.704577175681406381e-04
1.000000000000000000e+01 -2.704577175681406381e-04
1.100000000000000000e+01 1.518688140205168031e-03
1.200000000000000000e+01 -2.704577175681406381e-04
1.300000000000000000e+01 -2.432246020997310765e-04
1.400000000000000000e+01 -2.704577175681406381e-04
1.500000000000000000e+01 -2.650110944744587475e-04
1.600000000000000000e+01 1.599662902552479327e-03
1.700000000000000000e+01 -1.397387633197746666e-04
1.800000000000000000e+01 -2.704577175681406381e-04
1.900000000000000000e+01 -1.130007954053361552e-04
1.000000000000000000e+00 -2.287991219879764585e-04
2.000000000000000000e+00 7.624862810621323801e-04
3.000000000000000000e+00 -2.287991219879764585e-04
4.000000000000000000e+00 -2.287991219879764585e-04
5.000000000000000000e+00 -2.287991219879764585e-04
6.000000000000000000e+00 -2.287991219879764585e-04
7.000000000000000000e+00 -2.287991219879764585e-04
8.000000000000000000e+00 -2.287991219879764585e-04
9.000000000000000000e+00 -2.287991219879764585e-04
1.000000000000000000e+01 -1.167543040608056006e-04
1.100000000000000000e+01 4.656453224564679311e-04
1.200000000000000000e+01 6.753403115632216963e-04
1.300000000000000000e+01 -2.287991219879764585e-04
1.400000000000000000e+01 6.290440152669254633e-04
1.500000000000000000e+01 -2.287991219879764585e-04
1.600000000000000000e+01 -2.287991219879764585e-04
1.700000000000000000e+01 -2.287991219879764585e-04
1.800000000000000000e+01 -2.287991219879764585e-04
1.900000000000000000e+01 5.586269595557520227e-04
1.000000000000000000e+00 -2.064403509191950785e-04
2.000000000000000000e+00 -2.064403509191950785e-04
3.000000000000000000e+00 -2.064403509191950785e-04
4.000000000000000000e+00 -2.064403509191950785e-04
5.000000000000000000e+00 -2.064403509191950785e-04
6.000000000000000000e+00 -2.064403509191950785e-04
7.000000000000000000e+00 -2.064403509191950785e-04
8.000000000000000000e+00 -2.064403509191950785e-04
9.000000000000000000e+00 -2.064403509191950785e-04
1.000000000000000000e+01 5.872104427315984632e-04
1.100000000000000000e+01 4.471544203226349417e-04
1.200000000000000000e+01 -1.519741199823759011e-04
1.300000000000000000e+01 4.611201205628449483e-04
1.400000000000000000e+01 -2.064403509191950785e-04
1.500000000000000000e+01 -2.064403509191950785e-04
1.600000000000000000e+01 -2.064403509191950785e-04
1.700000000000000000e+01 -2.064403509191950785e-04
1.800000000000000000e+01 -2.064403509191950785e-04
1.900000000000000000e+01 1.546654049234028484e-03
