1.000000000000000000e+00 6.324944405439761117e-06
2.000000000000000000e+00 -2.080564774063225786e-05
3.000000000000000000e+00 -2.080564774063225786e-05
4.000000000000000000e+00 -2.080564774063225786e-05
5.000000000000000000e+00 -2.080564774063225786e-05
6.000000000000000000e+00 -1.882362563477114398e-06
7.000000000000000000e+00 3.741528509330366630e-06
8.000000000000000000e+00 -2.689948510381946496e-06
9.000000000000000000e+00 3.631559359113538572e-06
1.000000000000000000e+01 -1.686737754849209644e-05
1.100000000000000000e+01 -1.697734669870892661e-05
1.200000000000000000e+01 -3.020715095018500425e-06
1.300000000000000000e+01 3.520731074910641184e-06
1.400000000000000000e+01 -1.613711366033347268e-05
1.500000000000000000e+01 1.839405864173665904e-06
1.600000000000000000e+01 1.067903544683730413e-06
1.700000000000000000e+01 -5.635918948612446987e-07
1.800000000000000000e+01 4.198587789919059108e-06
1.900000000000000000e+01 -2.080564774063225786e-05
1.000000000000000000e+00 4.134152740963886474e-06
2.000000000000000000e+00 -6.349859291035761519e-06
3.000000000000000000e+00 -6.349859291035761519e-06
4.000000000000000000e+00 -6.349859291035761519e-06
5.000000000000000000e+00 -6.019092706399207591e-06
6.000000000000000000e+00 -4.790531106320579198e-06
7.000000000000000000e+00 -5.877471754111437050e-40
8.000000000000000000e+00 -4.664238410368441072e-06
9.000000000000000000e+00 -2.918478150676292947e-06
1.000000000000000000e+01 -1.926178396766632009e-06
1.100000000000000000e+01 -9.063863553027639510e-07
1.200000000000000000e+01 2.001782187540701326e-07
1.300000000000000000e+01 -2.405575160993117415e-08
1.400000000000000000e+01 -4.880740174857821564e-06
1.500000000000000000e+01 3.977790355499333661e-06
1.600000000000000000e+01 -2.427912644630910581e-06
1.700000000000000000e+01 -3.726064097581125046e-06
1.800000000000000000e+01 2.232030095807185536e-06
1.900000000000000000e+01 -6.349859291035761519e-06
1.000000000000000000e+00 4.574029341831198707e-06
2.000000000000000000e+00 -3.898750028780988349e-06
3.000000000000000000e+00 -2.768129703114222903e-06
4.000000000000000000e+00 -3.898750028780988349e-06
5.000000000000000000e+00 -2.567951484360152902e-06
6.000000000000000000e+00 -3.567983444144434844e-06
7.000000000000000000e+00 -2.110892203771460425e-06
8.000000000000000000e+00 -3.237216859507880916e-06
9.000000000000000000e+00 4.924556008147338752e-06
1.000000000000000000e+01 -1.323066338546214654e-06
1.100000000000000000e+01 -3.110924163555742367e-06
1.200000000000000000e+01 -3.898750028780988349e-06
1.300000000000000000e+01 -3.898750028780988349e-06
1.400000000000000000e+01 1.998345651596425224e-06
1.500000000000000000e+01 3.805963558285539688e-06
1.600000000000000000e+01 6.769975810223488059e-07
1.700000000000000000e+01 1.460527776317249833e-07
1.800000000000000000e+01 7.043180417793420180e-06
1.900000000000000000e+01 -3.898750028780988349e-06
1.000000000000000000e+00 3.571419980088710470e-06
2.000000000000000000e+00 -5.321475909711203127e-06
3.000000000000000000e+00 -5.321475909711203127e-06
4.000000000000000000e+00 -5.321475909711203127e-06
5.000000000000000000e+00 -2.873803183400706429e-06
6.000000000000000000e+00 -5.321475909711203127e-06
7.000000000000000000e+00 -3.655615110723469644e-06
8.000000000000000000e+00 -3.461450829871882411e-06
9.000000000000000000e+00 1.570496926534078103e-06
1.000000000000000000e+01 -2.216565684057943951e-06
1.100000000000000000e+01 -1.228561600078627757e-06
1.200000000000000000e+01 -6.572374993427624778e-07
1.300000000000000000e+01 1.048143463004144085e-06
1.400000000000000000e+01 -3.840328917728298483e-06
1.500000000000000000e+01 2.989786271520017255e-06
1.600000000000000000e+01 -5.321475909711203127e-06
1.700000000000000000e+01 -3.721768427650780514e-06
1.800000000000000000e+01 1.606580553948974763e-07
1.900000000000000000e+01 -5.321475909711203127e-06
1.000000000000000000e+00 2.044738886844149978e-06
2.000000000000000000e+00 -4.415089554408439599e-06
3.000000000000000000e+00 -4.415089554408439599e-06
4.000000000000000000e+00 -4.415089554408439599e-06
5.000000000000000000e+00 -3.272441352936708617e-06
6.000000000000000000e+00 -3.386706173083882054e-06
7.000000000000000000e+00 -2.488911157641807590e-06
8.000000000000000000e+00 -2.950266108160844599e-06
9.000000000000000000e+00 2.652146614994912076e-06
1.000000000000000000e+01 1.142648201471730797e-07
1.100000000000000000e+01 -4.484679407280026201e-07
1.200000000000000000e+01 -1.374614377710352846e-06
1.300000000000000000e+01 4.450314047837267300e-07
1.400000000000000000e+01 -3.848061123602919063e-06
1.500000000000000000e+01 5.354123001181824109e-06
1.600000000000000000e+01 -2.701117252200843126e-06
1.700000000000000000e+01 -1.500907073662491607e-06
1.800000000000000000e+01 6.051739797869828573e-06
1.900000000000000000e+01 -4.415089554408439599e-06
1.000000000000000000e+00 1.671960650288823607e-05
2.000000000000000000e+00 -5.358418671112169064e-06
3.000000000000000000e+00 -5.358418671112169064e-06
4.000000000000000000e+00 -5.358418671112169064e-06
5.000000000000000000e+00 -4.811150321986234644e-06
6.000000000000000000e+00 -5.027652086475615136e-06
7.000000000000000000e+00 -4.901359390523477010e-06
8.000000000000000000e+00 -3.232062055591467054e-06
9.000000000000000000e+00 -2.608330781705394465e-06
1.000000000000000000e+01 -1.101409770140420090e-06
1.100000000000000000e+01 1.820504916480148483e-05
1.200000000000000000e+01 -3.656474244709538550e-06
1.300000000000000000e+01 1.311210289538462857e-05
1.400000000000000000e+01 -4.901359390523477010e-06
1.500000000000000000e+01 1.471954258331967304e-05
1.600000000000000000e+01 -4.093773443618644064e-06
1.700000000000000000e+01 -3.648742038834917969e-06
1.800000000000000000e+01 -2.611767317649670090e-07
1.900000000000000000e+01 -5.358418671112169064e-06
1.000000000000000000e+00 -1.219970260217938058e-07
2.000000000000000000e+00 -5.079200125639753751e-06
3.000000000000000000e+00 -3.088586679917949108e-06
4.000000000000000000e+00 -4.838642609540442188e-06
5.000000000000000000e+00 1.268940897423869531e-06
6.000000000000000000e+00 -5.079200125639753751e-06
7.000000000000000000e+00 -1.945938478446218126e-06
8.000000000000000000e+00 -4.531931776513819332e-06
9.000000000000000000e+00 2.171031582796288527e-06
1.000000000000000000e+01 -2.036147546983460068e-06
1.100000000000000000e+01 -3.459732561899744175e-06
1.200000000000000000e+01 -2.341140112037944688e-06
1.300000000000000000e+01 -5.910841824154517133e-07
1.400000000000000000e+01 -5.713241007358653852e-07
1.500000000000000000e+01 3.264709147062088142e-07
1.600000000000000000e+01 9.063863553027639510e-07
1.700000000000000000e+01 1.509498413523181306e-06
1.800000000000000000e+01 9.922997539096609378e-07
1.900000000000000000e+01 -5.079200125639753751e-06
1.000000000000000000e+00 1.827377988368700411e-05
2.000000000000000000e+00 -1.041098564318378545e-05
3.000000000000000000e+00 -1.017042812708447304e-05
4.000000000000000000e+00 -1.019448387869440411e-05
5.000000000000000000e+00 -9.863717294057850181e-06
6.000000000000000000e+00 -1.017042812708447304e-05
7.000000000000000000e+00 -8.985682360295362681e-06
8.000000000000000000e+00 -9.232253814297157858e-06
9.000000000000000000e+00 -1.918446190892011005e-06
1.000000000000000000e+01 -4.733828263240027568e-07
1.100000000000000000e+01 2.016387465303873951e-06
1.200000000000000000e+01 -1.041098564318378545e-05
1.300000000000000000e+01 1.255366580443979795e-05
1.400000000000000000e+01 -8.374838096200324110e-06
1.500000000000000000e+01 1.089124154139634009e-05
1.600000000000000000e+01 1.247118894177717616e-05
1.700000000000000000e+01 -7.366214796555353528e-06
1.800000000000000000e+01 -4.330035289787611413e-07
1.900000000000000000e+01 -1.041098564318378545e-05
1.000000000000000000e+00 8.018297491981702144e-06
2.000000000000000000e+00 -5.851561579115758572e-06
3.000000000000000000e+00 -5.851561579115758572e-06
4.000000000000000000e+00 -5.851561579115758572e-06
5.000000000000000000e+00 -4.949470893743339153e-06
6.000000000000000000e+00 -5.153944782427754108e-06
7.000000000000000000e+00 -5.520794994479204644e-06
8.000000000000000000e+00 -5.280237478379893081e-06
9.000000000000000000e+00 4.427976564199473618e-06
1.000000000000000000e+01 1.958825488237252832e-07
1.100000000000000000e+01 -8.118816168351771598e-07
1.200000000000000000e+01 1.064638835536668188e-05
1.300000000000000000e+01 2.261240651333530469e-06
1.400000000000000000e+01 -4.382442462937818617e-06
1.500000000000000000e+01 8.553537965302670181e-06
1.600000000000000000e+01 -1.273236567354214275e-06
1.700000000000000000e+01 3.399593182874916496e-06
1.800000000000000000e+01 -4.115251793270368946e-07
1.900000000000000000e+01 -5.851561579115758572e-06
1.000000000000000000e+00 2.395265553160289599e-06
2.000000000000000000e+00 -5.435740729858376564e-06
3.000000000000000000e+00 -5.435740729858376564e-06
4.000000000000000000e+00 -5.435740729858376564e-06
5.000000000000000000e+00 -5.219238965368996072e-06
6.000000000000000000e+00 -5.435740729858376564e-06
7.000000000000000000e+00 -1.954529818306908036e-06
8.000000000000000000e+00 -2.942533902286224019e-06
9.000000000000000000e+00 -2.828269082139051005e-06
1.000000000000000000e+01 -3.366946091404295514e-06
1.100000000000000000e+01 5.521654128465273974e-06
1.200000000000000000e+01 -2.525853919042773104e-07
1.300000000000000000e+01 -1.154676077276696306e-06
1.400000000000000000e+01 -2.828269082139051005e-06
1.500000000000000000e+01 3.485506581481813483e-06
1.600000000000000000e+01 -1.689916550597664978e-06
1.700000000000000000e+01 -2.497502497502497500e-06
1.800000000000000000e+01 2.244917105598219978e-06
1.900000000000000000e+01 -5.435740729858376564e-06
1.000000000000000000e+00 5.031947756405960091e-06
2.000000000000000000e+00 -4.202883459849404063e-06
3.000000000000000000e+00 -4.202883459849404063e-06
4.000000000000000000e+00 -3.088586679917949108e-06
5.000000000000000000e+00 -2.848029163818637121e-06
6.000000000000000000e+00 -3.635855029043883527e-06
7.000000000000000000e+00 -2.186495994545530112e-06
8.000000000000000000e+00 -1.840264998159734811e-06
9.000000000000000000e+00 8.591339860689705289e-08
1.000000000000000000e+01 3.346326875738640068e-06
1.100000000000000000e+01 2.579120226179049532e-06
1.200000000000000000e+01 1.804181370744838045e-07
1.300000000000000000e+01 3.897890894794919019e-06
1.400000000000000000e+01 -4.811150321986234433e-07
1.500000000000000000e+01 1.988036043763597924e-06
1.600000000000000000e+01 1.204505848468696686e-06
1.700000000000000000e+01 -2.448531860296565710e-07
1.800000000000000000e+01 8.422949599420186253e-06
1.900000000000000000e+01 -4.202883459849404063e-06
1.000000000000000000e+00 2.016387465303873951e-06
2.000000000000000000e+00 -4.293092528386645582e-06
3.000000000000000000e+00 -3.721768427650780514e-06
4.000000000000000000e+00 -3.962325943750091653e-06
5.000000000000000000e+00 -2.457123200157255514e-06
6.000000000000000000e+00 -3.395297512944571541e-06
7.000000000000000000e+00 -1.268940897423869531e-06
8.000000000000000000e+00 -2.828269082139051005e-06
9.000000000000000000e+00 7.715023194899354913e-07
1.000000000000000000e+01 -2.166735912865943572e-06
1.100000000000000000e+01 -1.921882726836287054e-06
1.200000000000000000e+01 5.281096612365961564e-06
1.300000000000000000e+01 5.429726791955893584e-07
1.400000000000000000e+01 -3.174500078524846094e-06
1.500000000000000000e+01 -2.603175977788980498e-07
1.600000000000000000e+01 -1.048143463004144085e-06
1.700000000000000000e+01 3.307665846365536636e-07
1.800000000000000000e+01 1.138352531541386027e-06
1.900000000000000000e+01 -4.293092528386645582e-06
1.000000000000000000e+00 1.256913021618903784e-06
2.000000000000000000e+00 -5.888504340516723663e-06
3.000000000000000000e+00 -5.888504340516723663e-06
4.000000000000000000e+00 -5.888504340516723663e-06
5.000000000000000000e+00 -5.431445059928031608e-06
6.000000000000000000e+00 -2.890126729136016920e-06
7.000000000000000000e+00 5.877471754111437050e-40
8.000000000000000000e+00 -4.509594292876026073e-06
9.000000000000000000e+00 8.118816168351771598e-07
1.000000000000000000e+01 2.835142154027602679e-08
1.100000000000000000e+01 -1.567060390589802266e-06
1.200000000000000000e+01 -2.619499523524291094e-06
1.300000000000000000e+01 -1.105705440070765045e-06
1.400000000000000000e+01 -1.831673658299045112e-06
1.500000000000000000e+01 -4.509594292876026073e-06
1.600000000000000000e+01 9.665257343275918417e-07
1.700000000000000000e+01 -4.745856139044993527e-06
1.800000000000000000e+01 3.447704686094778639e-06
1.900000000000000000e+01 -5.888504340516723663e-06
1.000000000000000000e+00 1.052439132934488828e-06
2.000000000000000000e+00 -4.632450452883888573e-06
3.000000000000000000e+00 -2.840296957944016541e-06
4.000000000000000000e+00 -3.387565307069950960e-06
5.000000000000000000e+00 -2.910745944801671943e-06
6.000000000000000000e+00 -2.118624409646081429e-06
7.000000000000000000e+00 -3.056798722433397032e-06
8.000000000000000000e+00 -4.415948688394508082e-06
9.000000000000000000e+00 -4.166799832434507032e-07
1.000000000000000000e+01 -2.489770291627876496e-06
1.100000000000000000e+01 -6.374774176631761497e-07
1.200000000000000000e+01 -1.587679606255457500e-06
1.300000000000000000e+01 -1.425303282888422132e-06
1.400000000000000000e+01 -1.804181370744838045e-07
1.500000000000000000e+01 -1.918446190892011005e-06
1.600000000000000000e+01 -2.159003706991322991e-06
1.700000000000000000e+01 6.452096235377968361e-07
1.800000000000000000e+01 3.852356793533264019e-06
1.900000000000000000e+01 -4.632450452883888573e-06
1.000000000000000000e+00 1.335094214351180190e-06
2.000000000000000000e+00 -4.873007968983200983e-06
3.000000000000000000e+00 -4.873007968983200983e-06
4.000000000000000000e+00 -4.873007968983200983e-06
5.000000000000000000e+00 -4.061126352148023929e-06
6.000000000000000000e+00 -3.061094392363741987e-06
7.000000000000000000e+00 -3.080854474043328527e-06
8.000000000000000000e+00 -4.415948688394508082e-06
9.000000000000000000e+00 -1.902122645156700726e-06
1.000000000000000000e+01 8.977950154420742524e-07
1.100000000000000000e+01 -3.411621058679882032e-06
1.200000000000000000e+01 -3.387565307069950960e-06
1.300000000000000000e+01 -4.632450452883888573e-06
1.400000000000000000e+01 -2.530149588973118059e-06
1.500000000000000000e+01 1.902122645156700726e-06
1.600000000000000000e+01 -3.080854474043328527e-06
1.700000000000000000e+01 -2.623795193454636050e-06
1.800000000000000000e+01 2.689948510381946496e-06
1.900000000000000000e+01 -4.873007968983200983e-06
1.000000000000000000e+00 -1.890094769351735190e-06
2.000000000000000000e+00 -5.215802429424719600e-06
3.000000000000000000e+00 -3.415916728610226987e-06
4.000000000000000000e+00 -5.215802429424719600e-06
5.000000000000000000e+00 -3.199414964120846072e-06
6.000000000000000000e+00 -4.668534080298786028e-06
7.000000000000000000e+00 -5.215802429424719600e-06
8.000000000000000000e+00 -2.592007235970083974e-06
9.000000000000000000e+00 1.183886632803041451e-06
1.000000000000000000e+01 -1.799885700814493248e-06
1.100000000000000000e+01 5.411684978248445492e-06
1.200000000000000000e+01 -3.796513084438780871e-06
1.300000000000000000e+01 4.704617707713682635e-06
1.400000000000000000e+01 -3.982945159415747100e-06
1.500000000000000000e+01 6.403984732158106430e-06
1.600000000000000000e+01 -3.555955568339468885e-06
1.700000000000000000e+01 -3.987240829346092055e-06
1.800000000000000000e+01 4.383301596923887100e-06
1.900000000000000000e+01 -5.215802429424719600e-06
1.000000000000000000e+00 2.116906141673943193e-06
2.000000000000000000e+00 -3.930537986265540001e-06
3.000000000000000000e+00 -3.930537986265540001e-06
4.000000000000000000e+00 -3.599771401628986496e-06
5.000000000000000000e+00 -2.371209801550358528e-06
6.000000000000000000e+00 -4.905655060453821542e-07
7.000000000000000000e+00 -1.890094769351735190e-06
8.000000000000000000e+00 -3.269004816992432992e-06
9.000000000000000000e+00 6.398829928241692145e-06
1.000000000000000000e+01 6.520826954263486162e-07
1.100000000000000000e+01 -2.371209801550358528e-06
1.200000000000000000e+01 2.447672726310497121e-06
1.300000000000000000e+01 -3.930537986265540001e-06
1.400000000000000000e+01 -1.804181370744838203e-06
1.500000000000000000e+01 4.272473312720990135e-06
1.600000000000000000e+01 1.219111126231869152e-06
1.700000000000000000e+01 1.399529263306353036e-06
1.800000000000000000e+01 1.022541270219288643e-05
1.900000000000000000e+01 -3.930537986265540001e-06
1.000000000000000000e+00 5.578356971545826028e-06
2.000000000000000000e+00 -3.339453803850088394e-06
3.000000000000000000e+00 -3.339453803850088394e-06
4.000000000000000000e+00 -3.339453803850088394e-06
5.000000000000000000e+00 -3.339453803850088394e-06
6.000000000000000000e+00 -9.450473846758676480e-08
7.000000000000000000e+00 5.877471754111437050e-40
8.000000000000000000e+00 -7.637701136153148049e-07
9.000000000000000000e+00 -1.924460128794493932e-07
1.000000000000000000e+01 4.549973590221267635e-06
1.100000000000000000e+01 2.814522938361947233e-06
1.200000000000000000e+01 1.647818985280285391e-06
1.300000000000000000e+01 5.007032870809960536e-06
1.400000000000000000e+01 -2.768129703114222903e-06
1.500000000000000000e+01 -6.254495418582105080e-07
1.600000000000000000e+01 4.116970061242506653e-06
1.700000000000000000e+01 -8.617113880271774332e-07
1.800000000000000000e+01 8.916092507423776609e-06
1.900000000000000000e+01 -3.339453803850088394e-06
1.000000000000000000e+00 -1.419289344985939364e-06
2.000000000000000000e+00 -6.444364029503347992e-06
3.000000000000000000e+00 -6.444364029503347992e-06
4.000000000000000000e+00 -6.113597444866794064e-06
5.000000000000000000e+00 -5.873039928767482501e-06
6.000000000000000000e+00 -5.235562511104306563e-06
7.000000000000000000e+00 -3.942565862070505537e-06
8.000000000000000000e+00 -3.379833101195329956e-06
9.000000000000000000e+00 -4.570592805886923187e-07
1.000000000000000000e+01 7.715023194899354913e-07
1.100000000000000000e+01 -6.444364029503347992e-06
1.200000000000000000e+01 1.484583527927181116e-06
1.300000000000000000e+01 -3.770739064856711563e-06
1.400000000000000000e+01 -7.062081365486937391e-07
1.500000000000000000e+01 -5.065453981862650403e-06
1.600000000000000000e+01 4.003564375081402652e-07
1.700000000000000000e+01 -1.122888119792144442e-06
1.800000000000000000e+01 3.170204408594501139e-06
1.900000000000000000e+01 -6.444364029503347992e-06
1.000000000000000000e+00 1.280882859830228134e-05
2.000000000000000000e+00 -6.932352133590523216e-06
3.000000000000000000e+00 -6.932352133590523216e-06
4.000000000000000000e+00 -6.932352133590523216e-06
5.000000000000000000e+00 -5.513062788604584064e-06
6.000000000000000000e+00 -5.908264422196310626e-06
7.000000000000000000e+00 -4.178827708239472145e-06
8.000000000000000000e+00 -5.798295271979482144e-06
9.000000000000000000e+00 -5.581793507490101653e-06
1.000000000000000000e+01 -2.281000733013116586e-06
1.100000000000000000e+01 9.424699827176606643e-07
1.200000000000000000e+01 -3.867821205282505180e-06
1.300000000000000000e+01 4.962357903534374019e-06
1.400000000000000000e+01 9.424699827176606643e-07
1.500000000000000000e+01 7.989946070441425271e-06
1.600000000000000000e+01 4.162504162504162501e-06
1.700000000000000000e+01 2.621217791496428907e-06
1.800000000000000000e+01 2.904732006899189175e-06
1.900000000000000000e+01 -6.932352133590523216e-06
1.000000000000000000e+00 1.299010586936283456e-05
2.000000000000000000e+00 -5.317180239780858171e-06
3.000000000000000000e+00 -5.317180239780858171e-06
4.000000000000000000e+00 -5.317180239780858171e-06
5.000000000000000000e+00 -4.769911890654924599e-06
6.000000000000000000e+00 -3.481210911551468528e-06
7.000000000000000000e+00 -4.595507691482923483e-06
8.000000000000000000e+00 -3.190823624260156585e-06
9.000000000000000000e+00 -1.945938478446218126e-06
1.000000000000000000e+01 1.810367135444534626e-05
1.100000000000000000e+01 -1.155535211262765424e-06
1.200000000000000000e+01 -3.635855029043883527e-06
1.300000000000000000e+01 2.782734980877395581e-06
1.400000000000000000e+01 -5.076622723681546609e-06
1.500000000000000000e+01 3.413253413253413250e-05
1.600000000000000000e+01 3.001126840136127751e-05
1.700000000000000000e+01 -3.305088444407329599e-06
1.800000000000000000e+01 3.546333267695496287e-05
1.900000000000000000e+01 -5.317180239780858171e-06
1.000000000000000000e+00 -3.088414853120735072e-05
2.000000000000000000e+00 -3.915760881705153965e-05
3.000000000000000000e+00 -3.915760881705153965e-05
4.000000000000000000e+00 -3.915760881705153965e-05
5.000000000000000000e+00 -3.433099408331606385e-06
6.000000000000000000e+00 -3.595475731698641541e-06
7.000000000000000000e+00 -3.834572720021636429e-05
8.000000000000000000e+00 -4.918542070244855984e-06
9.000000000000000000e+00 -2.044738886844149819e-07
1.000000000000000000e+01 -3.258952949355425644e-05
1.100000000000000000e+01 -3.781048672689539287e-05
1.200000000000000000e+01 8.075859469048323104e-07
1.300000000000000000e+01 -1.000031959784281730e-06
1.400000000000000000e+01 -3.749604368799414858e-05
1.500000000000000000e+01 1.340249018267593946e-07
1.600000000000000000e+01 -3.527604146799192858e-06
1.700000000000000000e+01 -2.545012606932111536e-05
1.800000000000000000e+01 5.833519765408310269e-07
1.900000000000000000e+01 -3.915760881705153965e-05
1.000000000000000000e+00 -2.958857448021534510e-06
2.000000000000000000e+00 -7.284597067878801073e-06
3.000000000000000000e+00 -7.044039551779489510e-06
4.000000000000000000e+00 -7.284597067878801073e-06
5.000000000000000000e+00 -6.039711922064863037e-06
6.000000000000000000e+00 -6.232157934944312456e-06
7.000000000000000000e+00 -6.015656170454931965e-06
8.000000000000000000e+00 -1.154676077276696306e-06
9.000000000000000000e+00 1.279765985648338429e-05
1.000000000000000000e+01 -5.472683491259342501e-06
1.100000000000000000e+01 -3.415916728610226987e-06
1.200000000000000000e+01 -4.506157756931750447e-06
1.300000000000000000e+01 1.253304658877414250e-05
1.400000000000000000e+01 -6.370478506701416118e-06
1.500000000000000000e+01 -3.391860977000295492e-06
1.600000000000000000e+01 1.166703953081662054e-05
1.700000000000000000e+01 -5.538836808186652948e-06
1.800000000000000000e+01 -3.718331891706504465e-06
1.900000000000000000e+01 -7.284597067878801073e-06
1.000000000000000000e+00 9.502021885922814566e-07
2.000000000000000000e+00 -6.407421268102382055e-06
3.000000000000000000e+00 -6.076654683465828974e-06
4.000000000000000000e+00 -6.407421268102382055e-06
5.000000000000000000e+00 -5.595539651267205001e-06
6.000000000000000000e+00 -3.237216859507880916e-06
7.000000000000000000e+00 -1.383205717571042439e-07
8.000000000000000000e+00 -6.407421268102382055e-06
9.000000000000000000e+00 -2.476883281836842054e-06
1.000000000000000000e+01 -1.340249018267593946e-07
1.100000000000000000e+01 5.008751138782097714e-07
1.200000000000000000e+01 -4.240685355236438483e-06
1.300000000000000000e+01 8.161772867655220091e-07
1.400000000000000000e+01 -5.840392837296861519e-06
1.500000000000000000e+01 3.350622545668985023e-06
1.600000000000000000e+01 -1.771534279274217221e-06
1.700000000000000000e+01 -1.959684622223321898e-06
1.800000000000000000e+01 4.162504162504162501e-06
1.900000000000000000e+01 -6.407421268102382055e-06
1.000000000000000000e+00 2.151271501116701987e-06
2.000000000000000000e+00 -6.435772689642658082e-06
3.000000000000000000e+00 -5.537977674200583618e-06
4.000000000000000000e+00 -6.435772689642658082e-06
5.000000000000000000e+00 -3.721768427650780514e-06
6.000000000000000000e+00 -6.435772689642658082e-06
7.000000000000000000e+00 -2.547332268694497456e-06
8.000000000000000000e+00 -2.539600062819876876e-06
9.000000000000000000e+00 2.405575160993117415e-08
1.000000000000000000e+01 4.208038263765817501e-06
1.100000000000000000e+01 -4.288796858456300626e-06
1.200000000000000000e+01 -3.244949065382501497e-06
1.300000000000000000e+01 3.880708215073540045e-06
1.400000000000000000e+01 -3.020715095018500425e-06
1.500000000000000000e+01 4.227798345445403618e-06
1.600000000000000000e+01 -3.852356793533264019e-06
1.700000000000000000e+01 -3.575715650019055425e-06
1.800000000000000000e+01 2.799058526612706072e-06
1.900000000000000000e+01 -6.435772689642658082e-06
1.000000000000000000e+00 3.264709147062088036e-06
2.000000000000000000e+00 -6.063767673674794108e-06
3.000000000000000000e+00 -6.063767673674794108e-06
4.000000000000000000e+00 -6.063767673674794108e-06
5.000000000000000000e+00 -3.897031760808850536e-06
6.000000000000000000e+00 -4.835206073596165716e-06
7.000000000000000000e+00 1.248321681758214085e-06
8.000000000000000000e+00 -5.847265909185413617e-06
9.000000000000000000e+00 -1.354854296030766518e-06
1.000000000000000000e+01 -2.383237677355324063e-06
1.100000000000000000e+01 -2.945111304244431161e-06
1.200000000000000000e+01 -2.448531860296565710e-07
1.300000000000000000e+01 -8.780349337624879242e-07
1.400000000000000000e+01 -4.594648557496854153e-06
1.500000000000000000e+01 -5.516499324548859689e-06
1.600000000000000000e+01 -3.059376124391604175e-06
1.700000000000000000e+01 -5.472683491259342077e-07
1.800000000000000000e+01 -7.465874338939354075e-07
1.900000000000000000e+01 -6.063767673674794108e-06
1.000000000000000000e+00 1.523244557300284654e-06
2.000000000000000000e+00 -4.870430567024993841e-06
3.000000000000000000e+00 -4.870430567024993841e-06
4.000000000000000000e+00 -4.870430567024993841e-06
5.000000000000000000e+00 -3.817991434090505224e-06
6.000000000000000000e+00 -6.349000157049692189e-07
7.000000000000000000e+00 -9.081046232749018696e-07
8.000000000000000000e+00 -3.275018754894915760e-06
9.000000000000000000e+00 1.172717890984144822e-06
1.000000000000000000e+01 -9.983136918121437057e-07
1.100000000000000000e+01 -1.320488936588007723e-06
1.200000000000000000e+01 -1.238871207911455480e-06
1.300000000000000000e+01 -1.565342122617664242e-06
1.400000000000000000e+01 1.707958364305113494e-06
1.500000000000000000e+01 1.374614377710352879e-08
1.600000000000000000e+01 1.372896109738214822e-06
1.700000000000000000e+01 3.436535944275882116e-08
1.800000000000000000e+01 5.449486873635479912e-06
1.900000000000000000e+01 -4.870430567024993841e-06
1.000000000000000000e+00 6.047444127939483617e-06
2.000000000000000000e+00 -3.431381140359468148e-06
3.000000000000000000e+00 -2.950266108160844599e-06
4.000000000000000000e+00 -3.431381140359468148e-06
5.000000000000000000e+00 -2.202819540280840179e-06
6.000000000000000000e+00 -2.202819540280840179e-06
7.000000000000000000e+00 -1.986317775791459688e-06
8.000000000000000000e+00 -3.100614555722914644e-06
9.000000000000000000e+00 3.726064097581125046e-06
1.000000000000000000e+01 2.835142154027602679e-08
1.100000000000000000e+01 2.371209801550358528e-06
1.200000000000000000e+01 -2.048175422788425603e-06
1.300000000000000000e+01 -1.897826975226355982e-06
1.400000000000000000e+01 -3.214879375870087657e-06
1.500000000000000000e+01 -3.307665846365536636e-07
1.600000000000000000e+01 -5.429726791955893584e-07
1.700000000000000000e+01 4.125561401103196563e-06
1.800000000000000000e+01 8.615395612299636520e-06
1.900000000000000000e+01 -3.431381140359468148e-06
1.000000000000000000e+00 5.726128017149688929e-06
2.000000000000000000e+00 -4.714068181560441028e-06
3.000000000000000000e+00 -4.473510665461129465e-06
4.000000000000000000e+00 -4.257008900971748974e-06
5.000000000000000000e+00 -3.244949065382501497e-06
6.000000000000000000e+00 -4.142744080824575537e-06
7.000000000000000000e+00 -5.515640190562790571e-07
8.000000000000000000e+00 -4.714068181560441028e-06
9.000000000000000000e+00 -2.909886810815603037e-06
1.000000000000000000e+01 1.799885700814493248e-06
1.100000000000000000e+01 7.715023194899354913e-07
1.200000000000000000e+01 -3.240653395452156965e-06
1.300000000000000000e+01 -4.257008900971748974e-06
1.400000000000000000e+01 -2.225157023918633438e-06
1.500000000000000000e+01 -9.880040839793161414e-08
1.600000000000000000e+01 -1.890094769351735190e-06
1.700000000000000000e+01 2.697680716256567501e-06
1.800000000000000000e+01 6.293156447955209465e-06
1.900000000000000000e+01 -4.714068181560441028e-06
1.000000000000000000e+00 5.965826399262931162e-06
2.000000000000000000e+00 -4.263022838874231742e-06
3.000000000000000000e+00 -3.455436891969399643e-06
4.000000000000000000e+00 -4.263022838874231742e-06
5.000000000000000000e+00 -4.022465322774920179e-06
6.000000000000000000e+00 -2.553346206596980224e-06
7.000000000000000000e+00 -1.524962825272422679e-06
8.000000000000000000e+00 -4.263022838874231742e-06
9.000000000000000000e+00 -3.451141222039054688e-06
1.000000000000000000e+01 -2.903872872913120269e-06
1.100000000000000000e+01 7.044039551779489510e-06
1.200000000000000000e+01 -7.835301952949011330e-07
1.300000000000000000e+01 -4.484679407280026201e-07
1.400000000000000000e+01 -2.162440242935598617e-06
1.500000000000000000e+01 8.573298046982257144e-06
1.600000000000000000e+01 -1.264645227493524576e-06
1.700000000000000000e+01 3.223470715730777568e-06
1.800000000000000000e+01 3.393579244972433622e-07
1.900000000000000000e+01 -4.263022838874231742e-06
1.000000000000000000e+00 4.644478328688854956e-06
2.000000000000000000e+00 -1.069106332264226840e-05
3.000000000000000000e+00 -1.045050580654295768e-05
4.000000000000000000e+00 -9.462501722563641698e-06
5.000000000000000000e+00 -9.398066673608468217e-06
6.000000000000000000e+00 -9.462501722563641698e-06
7.000000000000000000e+00 -9.131735137927087770e-06
8.000000000000000000e+00 -1.069106332264226840e-05
9.000000000000000000e+00 -4.361823247272163171e-06
1.000000000000000000e+01 -8.831038242802947681e-06
1.100000000000000000e+01 8.282051625704875449e-07
1.200000000000000000e+01 -6.728737378892177590e-06
1.300000000000000000e+01 -8.343909272701841788e-06
1.400000000000000000e+01 -1.069106332264226840e-05
1.500000000000000000e+01 -4.332612691745818661e-06
1.600000000000000000e+01 -8.343909272701841788e-06
1.700000000000000000e+01 -2.060203298593391139e-06
1.800000000000000000e+01 5.452064275593687055e-06
1.900000000000000000e+01 -1.069106332264226840e-05
1.000000000000000000e+00 2.954561778091189554e-06
2.000000000000000000e+00 -4.892768050662787099e-06
3.000000000000000000e+00 -4.652210534563475537e-06
4.000000000000000000e+00 -4.892768050662787099e-06
5.000000000000000000e+00 -4.435708770074095045e-06
6.000000000000000000e+00 -3.305088444407329599e-06
7.000000000000000000e+00 -4.195151253974782636e-06
8.000000000000000000e+00 -4.411653018464163974e-06
9.000000000000000000e+00 3.885003885003885001e-06
1.000000000000000000e+01 5.501034912799618528e-06
1.100000000000000000e+01 -3.521590208896710090e-06
1.200000000000000000e+01 2.880676255289258103e-06
1.300000000000000000e+01 -4.411653018464163974e-06
1.400000000000000000e+01 -4.652210534563475537e-06
1.500000000000000000e+01 7.410889763830940046e-06
1.600000000000000000e+01 -9.794127441186264162e-08
1.700000000000000000e+01 -2.950266108160844599e-06
1.800000000000000000e+01 8.479652442500738307e-06
1.900000000000000000e+01 -4.892768050662787099e-06
1.000000000000000000e+00 4.444300109934784109e-06
2.000000000000000000e+00 -4.990709325074650045e-06
3.000000000000000000e+00 -3.545645960506641585e-06
4.000000000000000000e+00 -4.990709325074650045e-06
5.000000000000000000e+00 -3.305088444407329599e-06
6.000000000000000000e+00 -2.950266108160844599e-06
7.000000000000000000e+00 1.601425750032561061e-06
8.000000000000000000e+00 -2.974321859770776094e-06
9.000000000000000000e+00 1.313615864699455837e-06
1.000000000000000000e+01 1.970853364042218527e-06
1.100000000000000000e+01 -1.072199214614075157e-06
1.200000000000000000e+01 6.003628294649966429e-06
1.300000000000000000e+01 -1.158112613220972143e-06
1.400000000000000000e+01 1.523244557300284654e-06
1.500000000000000000e+01 2.389251615257806831e-06
1.600000000000000000e+01 3.970917283610781564e-06
1.700000000000000000e+01 -2.974321859770776094e-06
1.800000000000000000e+01 -1.272377433368145369e-06
1.900000000000000000e+01 -4.990709325074650045e-06
1.000000000000000000e+00 -3.513858003022089510e-07
2.000000000000000000e+00 -7.574125221184044109e-06
3.000000000000000000e+00 -7.574125221184044109e-06
4.000000000000000000e+00 -7.574125221184044109e-06
5.000000000000000000e+00 -5.781971726244171653e-06
6.000000000000000000e+00 -7.333567705084732546e-06
7.000000000000000000e+00 -4.147039750754920492e-06
8.000000000000000000e+00 -2.300760814692703125e-06
9.000000000000000000e+00 -1.643523315349940648e-06
1.000000000000000000e+01 3.086009277959741965e-06
1.100000000000000000e+01 -3.068826598238362568e-06
1.200000000000000000e+01 -2.130652285451046965e-06
1.300000000000000000e+01 -1.689916550597664978e-06
1.400000000000000000e+01 -1.966557694111873572e-06
1.500000000000000000e+01 3.384987905111744030e-07
1.600000000000000000e+01 -4.880740174857821564e-06
1.700000000000000000e+01 -8.359373684451083372e-07
1.800000000000000000e+01 6.493334666709279465e-06
1.900000000000000000e+01 -7.574125221184044109e-06
1.000000000000000000e+00 1.799885700814493248e-06
2.000000000000000000e+00 -3.517294538966365559e-06
3.000000000000000000e+00 -3.517294538966365559e-06
4.000000000000000000e+00 -3.517294538966365559e-06
5.000000000000000000e+00 -2.753524425351050648e-06
6.000000000000000000e+00 -2.374646337494634576e-06
7.000000000000000000e+00 -1.472555652122215581e-06
8.000000000000000000e+00 -3.517294538966365559e-06
9.000000000000000000e+00 1.148919879570034295e-05
1.000000000000000000e+01 7.354186920750387781e-07
1.100000000000000000e+01 1.028039727730130152e-05
1.200000000000000000e+01 -2.043879752858080648e-06
1.300000000000000000e+01 1.016355505519592009e-06
1.400000000000000000e+01 -2.252649311472840559e-06
1.500000000000000000e+01 -1.460527776317249833e-07
1.600000000000000000e+01 2.787889784793809442e-06
1.700000000000000000e+01 1.327362008476559398e-06
1.800000000000000000e+01 1.556149388966726393e-05
1.900000000000000000e+01 -3.517294538966365559e-06
1.000000000000000000e+00 1.228561600078627757e-06
2.000000000000000000e+00 -3.942565862070505537e-06
3.000000000000000000e+00 -3.942565862070505537e-06
4.000000000000000000e+00 -3.942565862070505537e-06
5.000000000000000000e+00 -3.942565862070505537e-06
6.000000000000000000e+00 -1.902122645156700726e-06
7.000000000000000000e+00 -2.714004261991877992e-06
8.000000000000000000e+00 -3.942565862070505537e-06
9.000000000000000000e+00 1.795590030884148505e-06
1.000000000000000000e+01 5.670284308055205359e-07
1.100000000000000000e+01 -3.942565862070505537e-06
1.200000000000000000e+01 -1.709676632277251306e-06
1.300000000000000000e+01 -3.702008345971193974e-06
1.400000000000000000e+01 -2.714004261991877992e-06
1.500000000000000000e+01 1.031819917268833594e-06
1.600000000000000000e+01 -1.902122645156700726e-06
1.700000000000000000e+01 9.837084140489712391e-07
1.800000000000000000e+01 7.431508979496594645e-07
1.900000000000000000e+01 -3.942565862070505537e-06
1.000000000000000000e+00 1.889149721967059393e-05
2.000000000000000000e+00 -5.190887543828720046e-06
3.000000000000000000e+00 -4.052535012287334019e-06
4.000000000000000000e+00 -5.190887543828720046e-06
5.000000000000000000e+00 -5.190887543828720046e-06
6.000000000000000000e+00 -4.379005926993542992e-06
7.000000000000000000e+00 -5.190887543828720046e-06
8.000000000000000000e+00 -4.623859113023199510e-06
9.000000000000000000e+00 -3.631559359113538572e-06
1.000000000000000000e+01 1.518089753383871005e-06
1.100000000000000000e+01 2.306602925797972197e-05
1.200000000000000000e+01 1.274009787941676375e-05
1.300000000000000000e+01 4.296529064330921207e-06
1.400000000000000000e+01 -3.763006858982090877e-07
1.500000000000000000e+01 1.798511086436782786e-05
1.600000000000000000e+01 -5.190887543828720046e-06
1.700000000000000000e+01 5.300856694045548104e-07
1.800000000000000000e+01 3.112556518129273500e-05
1.900000000000000000e+01 -5.190887543828720046e-06
1.000000000000000000e+00 1.329080276448697422e-06
2.000000000000000000e+00 -6.599867280981831475e-06
3.000000000000000000e+00 -6.599867280981831475e-06
4.000000000000000000e+00 -6.383365516492450984e-06
5.000000000000000000e+00 -4.799981580167338438e-06
6.000000000000000000e+00 -6.269100696345277547e-06
7.000000000000000000e+00 -2.281859866999185492e-06
8.000000000000000000e+00 -3.996691303192850448e-06
9.000000000000000000e+00 -1.114296779931454744e-06
1.000000000000000000e+01 3.549941630436986117e-06
1.100000000000000000e+01 -2.933942562425534532e-06
1.200000000000000000e+01 1.569637792548009197e-06
1.300000000000000000e+01 -4.493270747140715582e-06
1.400000000000000000e+01 -4.824037331777269510e-06
1.500000000000000000e+01 3.014701157116017657e-06
1.600000000000000000e+01 -1.890094769351735190e-06
1.700000000000000000e+01 -2.437363118477669398e-06
1.800000000000000000e+01 1.885799099421390235e-06
1.900000000000000000e+01 -6.599867280981831475e-06
1.000000000000000000e+00 -1.256913021618903911e-05
2.000000000000000000e+00 -1.963636638559239036e-05
3.000000000000000000e+00 -1.963636638559239036e-05
4.000000000000000000e+00 -1.963636638559239036e-05
5.000000000000000000e+00 -1.891469383729445483e-05
6.000000000000000000e+00 -1.660018687882464751e-05
7.000000000000000000e+00 -1.473586612905498268e-05
8.000000000000000000e+00 -9.328476820736882145e-06
9.000000000000000000e+00 -1.119709324043689277e-05
1.000000000000000000e+01 -1.609072042508574751e-05
1.100000000000000000e+01 -1.076924451537454607e-05
1.200000000000000000e+01 -2.447672726310497121e-06
1.300000000000000000e+01 -1.555977562169512358e-05
1.400000000000000000e+01 -1.214815456301524366e-05
1.500000000000000000e+01 7.333567705084732546e-06
1.600000000000000000e+01 -1.132510420436116956e-05
1.700000000000000000e+01 5.507048850702100449e-07
1.800000000000000000e+01 -1.345146081988187241e-05
1.900000000000000000e+01 -1.963636638559239036e-05
1.000000000000000000e+00 6.133357526546381028e-06
2.000000000000000000e+00 -2.778439310947050626e-06
3.000000000000000000e+00 -2.778439310947050626e-06
4.000000000000000000e+00 -2.778439310947050626e-06
5.000000000000000000e+00 -2.778439310947050626e-06
6.000000000000000000e+00 -2.447672726310497121e-06
7.000000000000000000e+00 4.166799832434507032e-07
8.000000000000000000e+00 -2.345435781968289643e-06
9.000000000000000000e+00 -1.730295847942906752e-06
1.000000000000000000e+01 -3.513858003022089510e-07
1.100000000000000000e+01 2.493206827572152545e-06
1.200000000000000000e+01 8.617113880271774332e-07
1.300000000000000000e+01 1.958825488237252832e-07
1.400000000000000000e+01 -2.778439310947050626e-06
1.500000000000000000e+01 4.683998492048027189e-06
1.600000000000000000e+01 3.635855029043883527e-06
1.700000000000000000e+01 2.974321859770776094e-06
1.800000000000000000e+01 1.248321681758214085e-06
1.900000000000000000e+01 -2.778439310947050626e-06
1.000000000000000000e+00 2.902154604940982456e-06
2.000000000000000000e+00 -6.750215728543901519e-06
3.000000000000000000e+00 -6.750215728543901519e-06
4.000000000000000000e+00 -5.521654128465273974e-06
5.000000000000000000e+00 -5.616158866932860448e-06
6.000000000000000000e+00 -4.860120959192166117e-06
7.000000000000000000e+00 -4.166799832434507032e-07
8.000000000000000000e+00 -6.178891627808036028e-06
9.000000000000000000e+00 -4.709772511630096073e-06
1.000000000000000000e+01 6.615331692731073271e-07
1.100000000000000000e+01 -3.024151630962776474e-06
1.200000000000000000e+01 -1.469119116177939532e-06
1.300000000000000000e+01 -6.509658212444589956e-06
1.400000000000000000e+01 -3.926242316335195046e-06
1.500000000000000000e+01 -2.583415896109394487e-06
1.600000000000000000e+01 -4.288796858456300626e-06
1.700000000000000000e+01 -9.020906853724190223e-08
1.800000000000000000e+01 4.497566417071060537e-06
1.900000000000000000e+01 -6.750215728543901519e-06
1.000000000000000000e+00 3.575715650019055425e-06
2.000000000000000000e+00 -2.579979360165118438e-06
3.000000000000000000e+00 -2.363477595675737947e-06
4.000000000000000000e+00 -2.579979360165118438e-06
5.000000000000000000e+00 -1.804181370744838045e-07
6.000000000000000000e+00 1.146084737416006608e-06
7.000000000000000000e+00 -1.689916550597664978e-06
8.000000000000000000e+00 -6.297452117885553573e-07
9.000000000000000000e+00 -4.330035289787611413e-07
1.000000000000000000e+01 6.787158489944866980e-08
1.100000000000000000e+01 5.578356971545826028e-06
1.200000000000000000e+01 3.264709147062088142e-07
1.300000000000000000e+01 3.745824179260711586e-06
1.400000000000000000e+01 -1.426162416874490932e-07
1.500000000000000000e+01 8.933275187145154735e-06
1.600000000000000000e+01 7.987368668483218128e-06
1.700000000000000000e+01 3.962325943750091653e-06
1.800000000000000000e+01 7.268273522143490582e-06
1.900000000000000000e+01 -2.579979360165118438e-06
1.000000000000000000e+00 9.699622702718676789e-06
2.000000000000000000e+00 -5.541414210144860090e-06
3.000000000000000000e+00 -5.541414210144860090e-06
4.000000000000000000e+00 -5.084354929556167189e-06
5.000000000000000000e+00 -5.541414210144860090e-06
6.000000000000000000e+00 -3.745824179260711586e-06
7.000000000000000000e+00 -4.603239897357544064e-06
8.000000000000000000e+00 -5.300856694045548527e-06
9.000000000000000000e+00 7.225316822840042301e-07
1.000000000000000000e+01 3.104910225653259599e-06
1.100000000000000000e+01 -2.848029163818637121e-06
1.200000000000000000e+01 6.529418294124175226e-08
1.300000000000000000e+01 3.058516990405535268e-07
1.400000000000000000e+01 2.006936991457115134e-06
1.500000000000000000e+01 -8.728801298460740627e-07
1.600000000000000000e+01 -3.505266663161399917e-07
1.700000000000000000e+01 -3.374678297278916095e-06
1.800000000000000000e+01 4.549973590221267635e-06
1.900000000000000000e+01 -5.541414210144860090e-06
1.000000000000000000e+00 5.433163327900169421e-06
2.000000000000000000e+00 -6.153117608225967144e-06
3.000000000000000000e+00 -6.153117608225967144e-06
4.000000000000000000e+00 -6.153117608225967144e-06
5.000000000000000000e+00 -5.491584438952859287e-06
6.000000000000000000e+00 -5.365291743000721162e-06
7.000000000000000000e+00 -5.124734226901408752e-06
8.000000000000000000e+00 -5.014765076684581117e-06
9.000000000000000000e+00 9.682440022997296544e-07
1.000000000000000000e+01 -3.324848526086916139e-06
1.100000000000000000e+01 6.134216660532449722e-07
1.200000000000000000e+01 -9.905814859375229133e-07
1.300000000000000000e+01 2.428771778616979487e-06
1.400000000000000000e+01 -8.917810775395913786e-07
1.500000000000000000e+01 5.012187674726373974e-06
1.600000000000000000e+01 -3.505266663161399599e-06
1.700000000000000000e+01 -2.667611026744153661e-06
1.800000000000000000e+01 -1.819645782494079576e-06
1.900000000000000000e+01 -6.153117608225967144e-06
1.000000000000000000e+00 -2.452827530226910983e-06
2.000000000000000000e+00 -1.132854074030544518e-05
3.000000000000000000e+00 -9.528655039490952145e-06
4.000000000000000000e+00 -1.076151230949992465e-05
5.000000000000000000e+00 -9.945335022734403484e-06
6.000000000000000000e+00 -8.055240253382667235e-06
7.000000000000000000e+00 -5.271646138519203171e-06
8.000000000000000000e+00 -8.745124844196050271e-06
9.000000000000000000e+00 -7.161740907870938573e-06
1.000000000000000000e+01 -6.043148458009138662e-06
1.100000000000000000e+01 -8.059535923313013037e-06
1.200000000000000000e+01 -7.888568260085286699e-06
1.300000000000000000e+01 -9.614568438097849555e-06
1.400000000000000000e+01 -1.132854074030544518e-05
1.500000000000000000e+01 2.835142154027602679e-08
1.600000000000000000e+01 -6.133357526546381028e-06
1.700000000000000000e+01 -6.464124111182934109e-06
1.800000000000000000e+01 3.273300486922777523e-06
1.900000000000000000e+01 -1.132854074030544518e-05
1.000000000000000000e+00 4.804277250097683394e-06
2.000000000000000000e+00 -5.182296203968030135e-06
3.000000000000000000e+00 -4.284501188525955671e-06
4.000000000000000000e+00 -5.182296203968030135e-06
5.000000000000000000e+00 -1.701085292416561608e-06
6.000000000000000000e+00 -5.182296203968030135e-06
7.000000000000000000e+00 -5.988163882900723998e-07
8.000000000000000000e+00 -4.304261270205542635e-06
9.000000000000000000e+00 1.012059835589247266e-06
1.000000000000000000e+01 -1.417571077013801340e-07
1.100000000000000000e+01 2.347154049940427456e-06
1.200000000000000000e+01 -7.087855385069006698e-07
1.300000000000000000e+01 2.862634441581809800e-06
1.400000000000000000e+01 -3.165908738664156608e-06
1.500000000000000000e+01 4.894486318634924912e-06
1.600000000000000000e+01 -3.406466254763468170e-06
1.700000000000000000e+01 -5.182296203968030135e-06
1.800000000000000000e+01 3.307665846365536636e-07
1.900000000000000000e+01 -5.182296203968030135e-06
1.000000000000000000e+00 1.609501609501609500e-05
2.000000000000000000e+00 -9.635187653763505001e-06
3.000000000000000000e+00 -9.635187653763505001e-06
4.000000000000000000e+00 -9.635187653763505001e-06
5.000000000000000000e+00 -4.444300109934784109e-06
6.000000000000000000e+00 -8.823306036928327948e-06
7.000000000000000000e+00 -3.530181548757400001e-06
8.000000000000000000e+00 -2.432208314561255536e-06
9.000000000000000000e+00 -6.044007591995207992e-06
1.000000000000000000e+01 -1.791294360953803550e-06
1.100000000000000000e+01 9.700481836704745271e-06
1.200000000000000000e+01 -6.247622346693553618e-06
1.300000000000000000e+01 -4.093773443618644064e-06
1.400000000000000000e+01 -3.591180061768297009e-06
1.500000000000000000e+01 1.228389773281414018e-05
1.600000000000000000e+01 1.005100850302088616e-05
1.700000000000000000e+01 -4.252713231041404019e-06
1.800000000000000000e+01 6.529418294124176285e-07
1.900000000000000000e+01 -9.635187653763505001e-06
1.000000000000000000e+00 3.941706728084437054e-06
2.000000000000000000e+00 -2.970026189840431139e-06
3.000000000000000000e+00 -2.970026189840431139e-06
4.000000000000000000e+00 -2.970026189840431139e-06
5.000000000000000000e+00 -1.917587056905942099e-06
6.000000000000000000e+00 -2.970026189840431139e-06
7.000000000000000000e+00 -2.729468673741119153e-06
8.000000000000000000e+00 -2.182200324615185157e-06
9.000000000000000000e+00 -1.681325210736975279e-06
1.000000000000000000e+01 1.217650598455551884e-05
1.100000000000000000e+01 -2.970026189840431139e-06
1.200000000000000000e+01 -1.374614377710352846e-06
1.300000000000000000e+01 6.092119095215070135e-06
1.400000000000000000e+01 -4.037929734524161552e-08
1.500000000000000000e+01 7.958158112956874465e-06
1.600000000000000000e+01 1.248321681758214085e-06
1.700000000000000000e+01 2.903872872913120480e-07
1.800000000000000000e+01 1.088780500545206277e-05
1.900000000000000000e+01 -2.970026189840431139e-06
1.000000000000000000e+00 -1.704521828360837445e-06
2.000000000000000000e+00 -8.506285596068876521e-06
3.000000000000000000e+00 -7.939257165263355985e-06
4.000000000000000000e+00 -8.265728079969565805e-06
5.000000000000000000e+00 -8.506285596068876521e-06
6.000000000000000000e+00 -6.519967820277417680e-06
7.000000000000000000e+00 -5.421994586081273215e-06
8.000000000000000000e+00 -8.265728079969565805e-06
9.000000000000000000e+00 -5.704649667497963730e-07
1.000000000000000000e+01 -2.451968396240841653e-06
1.100000000000000000e+01 -5.129029896831754131e-07
1.200000000000000000e+01 -7.327553767182249778e-06
1.300000000000000000e+01 4.929710812063753037e-06
1.400000000000000000e+01 -6.279410304178105270e-06
1.500000000000000000e+01 -7.465874338939354075e-07
1.600000000000000000e+01 -8.506285596068876521e-06
1.700000000000000000e+01 -6.434054421670520269e-06
1.800000000000000000e+01 2.567092350374083996e-06
1.900000000000000000e+01 -8.506285596068876521e-06
1.000000000000000000e+00 -2.276705063082772054e-06
2.000000000000000000e+00 -4.116970061242506653e-06
3.000000000000000000e+00 -4.116970061242506653e-06
4.000000000000000000e+00 -4.116970061242506653e-06
5.000000000000000000e+00 -1.529258495202767634e-06
6.000000000000000000e+00 -2.407293428965255558e-06
7.000000000000000000e+00 -2.407293428965255558e-06
8.000000000000000000e+00 -4.269895910762783734e-07
9.000000000000000000e+00 3.494097921342502970e-06
1.000000000000000000e+01 9.519204565644193752e-07
1.100000000000000000e+01 2.592007235970083974e-06
1.200000000000000000e+01 9.278647049544881977e-07
1.300000000000000000e+01 5.970981203179344812e-07
1.400000000000000000e+01 -3.455436891969399643e-06
1.500000000000000000e+01 1.036974721185247456e-06
1.600000000000000000e+01 -1.860025079839321139e-06
1.700000000000000000e+01 1.761224671441389551e-07
1.800000000000000000e+01 9.346518634444330448e-06
1.900000000000000000e+01 -4.116970061242506653e-06
