1.000000000000000000e+00 1.175209379543744777e-05
2.000000000000000000e+00 0.000000000000000000e+00
3.000000000000000000e+00 0.000000000000000000e+00
4.000000000000000000e+00 0.000000000000000000e+00
5.000000000000000000e+00 4.570592805886923187e-07
6.000000000000000000e+00 1.028383381324557757e-06
7.000000000000000000e+00 1.992245800295335608e-05
8.000000000000000000e+00 1.138352531541386027e-06
9.000000000000000000e+00 2.228937213457336965e-05
1.000000000000000000e+01 3.415057594624158081e-06
1.100000000000000000e+01 3.631559359113538572e-06
1.200000000000000000e+01 2.697680716256567501e-06
1.300000000000000000e+01 8.904064631618811073e-06
1.400000000000000000e+01 0.000000000000000000e+00
1.500000000000000000e+01 1.853925228538231607e-05
1.600000000000000000e+01 6.986477574712868127e-06
1.700000000000000000e+01 1.506233704376119081e-05
1.800000000000000000e+01 1.061803693382640670e-05
1.900000000000000000e+01 0.000000000000000000e+00
1.000000000000000000e+00 9.084482768693294110e-06
2.000000000000000000e+00 0.000000000000000000e+00
3.000000000000000000e+00 0.000000000000000000e+00
4.000000000000000000e+00 0.000000000000000000e+00
5.000000000000000000e+00 0.000000000000000000e+00
6.000000000000000000e+00 1.795590030884148505e-06
7.000000000000000000e+00 6.060331137730518483e-06
8.000000000000000000e+00 0.000000000000000000e+00
9.000000000000000000e+00 2.559360144499462992e-06
1.000000000000000000e+01 5.953798523457965627e-06
1.100000000000000000e+01 2.228593559862909487e-06
1.200000000000000000e+01 5.489007036994652992e-06
1.300000000000000000e+01 6.717568637073280537e-06
1.400000000000000000e+01 0.000000000000000000e+00
1.500000000000000000e+01 8.848220922524327502e-06
1.600000000000000000e+01 1.799885700814493248e-06
1.700000000000000000e+01 4.330035289787611413e-07
1.800000000000000000e+01 6.619627362661417591e-06
1.900000000000000000e+01 0.000000000000000000e+00
1.000000000000000000e+00 3.044770846628431496e-06
2.000000000000000000e+00 0.000000000000000000e+00
3.000000000000000000e+00 9.020906853724191017e-07
4.000000000000000000e+00 0.000000000000000000e+00
5.000000000000000000e+00 2.607471647719325559e-06
6.000000000000000000e+00 2.405575160993117216e-07
7.000000000000000000e+00 5.149649112497409153e-06
8.000000000000000000e+00 1.469119116177939532e-06
9.000000000000000000e+00 9.402362343538814019e-06
1.000000000000000000e+01 1.816209246549803739e-06
1.100000000000000000e+01 2.405575160993117216e-07
1.200000000000000000e+01 0.000000000000000000e+00
1.300000000000000000e+01 0.000000000000000000e+00
1.400000000000000000e+01 3.264709147062088036e-06
1.500000000000000000e+01 4.403061678603474063e-06
1.600000000000000000e+01 7.528591119922389108e-06
1.700000000000000000e+01 3.942565862070505537e-06
1.800000000000000000e+01 1.088780500545206277e-05
1.900000000000000000e+01 0.000000000000000000e+00
1.000000000000000000e+00 1.788631045596989643e-05
2.000000000000000000e+00 0.000000000000000000e+00
3.000000000000000000e+00 0.000000000000000000e+00
4.000000000000000000e+00 0.000000000000000000e+00
5.000000000000000000e+00 4.921119472203063126e-06
6.000000000000000000e+00 0.000000000000000000e+00
7.000000000000000000e+00 1.449530861295567027e-05
8.000000000000000000e+00 7.878258652252459823e-07
9.000000000000000000e+00 7.488211822577147546e-06
1.000000000000000000e+01 1.906933795478686983e-05
1.100000000000000000e+01 5.909123556182379109e-06
1.200000000000000000e+01 5.488147903008583662e-06
1.300000000000000000e+01 2.965730519910086184e-06
1.400000000000000000e+01 1.902122645156700726e-06
1.500000000000000000e+01 5.072327053751201653e-06
1.600000000000000000e+01 0.000000000000000000e+00
1.700000000000000000e+01 1.595411812130078293e-06
1.800000000000000000e+01 1.527883880825057215e-05
1.900000000000000000e+01 0.000000000000000000e+00
1.000000000000000000e+00 1.305883658824835215e-05
2.000000000000000000e+00 0.000000000000000000e+00
3.000000000000000000e+00 0.000000000000000000e+00
4.000000000000000000e+00 0.000000000000000000e+00
5.000000000000000000e+00 1.228561600078627757e-06
6.000000000000000000e+00 6.976167966880040404e-07
7.000000000000000000e+00 1.228561600078627757e-06
8.000000000000000000e+00 1.559328184715181474e-06
9.000000000000000000e+00 9.094190982735873895e-05
1.000000000000000000e+01 8.585325922787222680e-06
1.100000000000000000e+01 4.473510665461129465e-06
1.200000000000000000e+01 2.914182480745947992e-06
1.300000000000000000e+01 4.383301596923887100e-06
1.400000000000000000e+01 1.228561600078627757e-06
1.500000000000000000e+01 2.228249906268481840e-05
1.600000000000000000e+01 2.347154049940427456e-06
1.700000000000000000e+01 6.958727546962840038e-05
1.800000000000000000e+01 9.352962139339847966e-05
1.900000000000000000e+01 0.000000000000000000e+00
1.000000000000000000e+00 1.009654260428254116e-05
2.000000000000000000e+00 0.000000000000000000e+00
3.000000000000000000e+00 0.000000000000000000e+00
4.000000000000000000e+00 0.000000000000000000e+00
5.000000000000000000e+00 7.835301952949011330e-07
6.000000000000000000e+00 8.075859469048323104e-07
7.000000000000000000e+00 1.228561600078627757e-06
8.000000000000000000e+00 3.737232839400021675e-06
9.000000000000000000e+00 6.855889208830385046e-06
1.000000000000000000e+01 5.627327608751756654e-06
1.100000000000000000e+01 1.179762789669910277e-05
1.200000000000000000e+01 4.280205518595610716e-06
1.300000000000000000e+01 3.591180061768297009e-06
1.400000000000000000e+01 0.000000000000000000e+00
1.500000000000000000e+01 5.182296203968030135e-06
1.600000000000000000e+01 4.252713231041404019e-06
1.700000000000000000e+01 1.795590030884148505e-06
1.800000000000000000e+01 1.245916106597221063e-05
1.900000000000000000e+01 0.000000000000000000e+00
1.000000000000000000e+00 9.277787915558812859e-06
2.000000000000000000e+00 0.000000000000000000e+00
3.000000000000000000e+00 1.028383381324557757e-06
4.000000000000000000e+00 0.000000000000000000e+00
5.000000000000000000e+00 5.136762102706375135e-06
6.000000000000000000e+00 5.670284308055205359e-07
7.000000000000000000e+00 2.162440242935598617e-06
8.000000000000000000e+00 0.000000000000000000e+00
9.000000000000000000e+00 4.900500256537407680e-06
1.000000000000000000e+01 1.930474066696976541e-06
1.100000000000000000e+01 2.603175977788980603e-06
1.200000000000000000e+01 2.281000733013116586e-06
1.300000000000000000e+01 3.195119294190501541e-06
1.400000000000000000e+01 3.635855029043883527e-06
1.500000000000000000e+01 5.242435582992857814e-06
1.600000000000000000e+01 8.686703733143361252e-06
1.700000000000000000e+01 5.136762102706375135e-06
1.800000000000000000e+01 9.494289680048192503e-06
1.900000000000000000e+01 0.000000000000000000e+00
1.000000000000000000e+00 8.831038242802947681e-06
2.000000000000000000e+00 0.000000000000000000e+00
3.000000000000000000e+00 3.307665846365536636e-07
4.000000000000000000e+00 0.000000000000000000e+00
5.000000000000000000e+00 5.713241007358653852e-07
6.000000000000000000e+00 8.977950154420742524e-07
7.000000000000000000e+00 0.000000000000000000e+00
8.000000000000000000e+00 6.615331692731073271e-07
9.000000000000000000e+00 7.598180972793975181e-06
1.000000000000000000e+01 1.993534501274439179e-05
1.100000000000000000e+01 8.831038242802947681e-06
1.200000000000000000e+01 0.000000000000000000e+00
1.300000000000000000e+01 3.028447300893121005e-06
1.400000000000000000e+01 8.977950154420742524e-07
1.500000000000000000e+01 1.559328184715181304e-05
1.600000000000000000e+01 3.595475731698641541e-06
1.700000000000000000e+01 9.020906853724191017e-07
1.800000000000000000e+01 1.673163437869320161e-05
1.900000000000000000e+01 0.000000000000000000e+00
1.000000000000000000e+00 1.047112502220861313e-05
2.000000000000000000e+00 0.000000000000000000e+00
3.000000000000000000e+00 0.000000000000000000e+00
4.000000000000000000e+00 0.000000000000000000e+00
5.000000000000000000e+00 8.977950154420742524e-07
6.000000000000000000e+00 6.615331692731073271e-07
7.000000000000000000e+00 1.024087711394212802e-06
8.000000000000000000e+00 3.307665846365536636e-07
9.000000000000000000e+00 9.488275742145709735e-06
1.000000000000000000e+01 8.495975988236049645e-06
1.100000000000000000e+01 3.386706173083882054e-06
1.200000000000000000e+01 1.083367956432971786e-05
1.300000000000000000e+01 8.055240253382667235e-06
1.400000000000000000e+01 3.921946646404850091e-06
1.500000000000000000e+01 9.850830284266816163e-06
1.600000000000000000e+01 2.362618461689669041e-06
1.700000000000000000e+01 6.495912068667486608e-06
1.800000000000000000e+01 1.221344874595648563e-05
1.900000000000000000e+01 0.000000000000000000e+00
1.000000000000000000e+00 1.079759593691482125e-05
2.000000000000000000e+00 0.000000000000000000e+00
3.000000000000000000e+00 0.000000000000000000e+00
4.000000000000000000e+00 0.000000000000000000e+00
5.000000000000000000e+00 0.000000000000000000e+00
6.000000000000000000e+00 0.000000000000000000e+00
7.000000000000000000e+00 7.402298423970250136e-06
8.000000000000000000e+00 1.681325210736975279e-06
9.000000000000000000e+00 1.835969328229390067e-06
1.000000000000000000e+01 4.708913377644027590e-06
1.100000000000000000e+01 1.307000533006724920e-05
1.200000000000000000e+01 2.729468673741119153e-06
1.300000000000000000e+01 2.819677742278361095e-06
1.400000000000000000e+01 1.835969328229390067e-06
1.500000000000000000e+01 9.384320529831365716e-06
1.600000000000000000e+01 4.493270747140715582e-06
1.700000000000000000e+01 4.252713231041404019e-06
1.800000000000000000e+01 7.712445792941147771e-06
1.900000000000000000e+01 0.000000000000000000e+00
1.000000000000000000e+00 1.098488714587785723e-05
2.000000000000000000e+00 0.000000000000000000e+00
3.000000000000000000e+00 0.000000000000000000e+00
4.000000000000000000e+00 2.405575160993117216e-07
5.000000000000000000e+00 4.570592805886923187e-07
6.000000000000000000e+00 1.795590030884148505e-06
7.000000000000000000e+00 6.976167966880040404e-07
8.000000000000000000e+00 1.795590030884148505e-06
9.000000000000000000e+00 6.666879731895211252e-06
1.000000000000000000e+01 6.259650222498519153e-06
1.100000000000000000e+01 9.536387245365571879e-06
1.200000000000000000e+01 1.481146991982905279e-06
1.300000000000000000e+01 5.544850746089135716e-06
1.400000000000000000e+01 4.570592805886923187e-07
1.500000000000000000e+01 4.206319995793679688e-06
1.600000000000000000e+01 5.378178752791755180e-06
1.700000000000000000e+01 9.866294696016057324e-06
1.800000000000000000e+01 1.016011851925164616e-05
1.900000000000000000e+01 0.000000000000000000e+00
1.000000000000000000e+00 8.169505073529839825e-06
2.000000000000000000e+00 0.000000000000000000e+00
3.000000000000000000e+00 0.000000000000000000e+00
4.000000000000000000e+00 0.000000000000000000e+00
5.000000000000000000e+00 1.890094769351735190e-06
6.000000000000000000e+00 2.693385046326222545e-06
7.000000000000000000e+00 3.354918215599329978e-06
8.000000000000000000e+00 1.464823446247594788e-06
9.000000000000000000e+00 7.271710058087767055e-06
1.000000000000000000e+01 3.260413477131743081e-06
1.100000000000000000e+01 5.381615288736031653e-06
1.200000000000000000e+01 1.298924673537676607e-05
1.300000000000000000e+01 5.060299177946236118e-06
1.400000000000000000e+01 3.260413477131743081e-06
1.500000000000000000e+01 5.386770092652445091e-06
1.600000000000000000e+01 6.190060369626933081e-06
1.700000000000000000e+01 6.284565108094519555e-06
1.800000000000000000e+01 5.391065762582790046e-06
1.900000000000000000e+01 0.000000000000000000e+00
1.000000000000000000e+00 7.139403424233145314e-06
2.000000000000000000e+00 0.000000000000000000e+00
3.000000000000000000e+00 0.000000000000000000e+00
4.000000000000000000e+00 0.000000000000000000e+00
5.000000000000000000e+00 2.165017644893805706e-07
6.000000000000000000e+00 5.406530174332031207e-06
7.000000000000000000e+00 7.574984355170113439e-06
8.000000000000000000e+00 2.165017644893805706e-07
9.000000000000000000e+00 8.212461772833289377e-06
1.000000000000000000e+01 7.265696120185283440e-06
1.100000000000000000e+01 4.002705241095333216e-06
1.200000000000000000e+01 9.802718781046954020e-07
1.300000000000000000e+01 2.159003706991322991e-06
1.400000000000000000e+01 5.123015958929270939e-06
1.500000000000000000e+01 2.583415896109394487e-06
1.600000000000000000e+01 8.162632001641288574e-06
1.700000000000000000e+01 5.472683491259342077e-07
1.800000000000000000e+01 1.031304436877192250e-05
1.900000000000000000e+01 0.000000000000000000e+00
1.000000000000000000e+00 1.802463102772700179e-05
2.000000000000000000e+00 0.000000000000000000e+00
3.000000000000000000e+00 9.020906853724191017e-07
4.000000000000000000e+00 1.142648201471730770e-06
5.000000000000000000e+00 8.118816168351771598e-07
6.000000000000000000e+00 1.142648201471730770e-06
7.000000000000000000e+00 5.670284308055205359e-07
8.000000000000000000e+00 4.811150321986234433e-07
9.000000000000000000e+00 3.990677365290367680e-06
1.000000000000000000e+01 1.473414786108284487e-06
1.100000000000000000e+01 1.623763233670354320e-06
1.200000000000000000e+01 1.607439687935043786e-05
1.300000000000000000e+01 1.623763233670354320e-06
1.400000000000000000e+01 2.766411435142085090e-06
1.500000000000000000e+01 2.040443216913805023e-06
1.600000000000000000e+01 1.469119116177939532e-06
1.700000000000000000e+01 4.974385779339339554e-06
1.800000000000000000e+01 1.949804581383528501e-05
1.900000000000000000e+01 0.000000000000000000e+00
1.000000000000000000e+00 5.187451007884443573e-06
2.000000000000000000e+00 0.000000000000000000e+00
3.000000000000000000e+00 0.000000000000000000e+00
4.000000000000000000e+00 0.000000000000000000e+00
5.000000000000000000e+00 1.138352531541386027e-06
6.000000000000000000e+00 4.799122446181269109e-06
7.000000000000000000e+00 2.166735912865943572e-06
8.000000000000000000e+00 5.713241007358653852e-07
9.000000000000000000e+00 9.830211068601160717e-06
1.000000000000000000e+01 9.858562490141435896e-06
1.100000000000000000e+01 2.142680161256012500e-06
1.200000000000000000e+01 7.878258652252459823e-07
1.300000000000000000e+01 4.570592805886923187e-07
1.400000000000000000e+01 1.142648201471730770e-06
1.500000000000000000e+01 6.235594470888588082e-06
1.600000000000000000e+01 1.354854296030766518e-06
1.700000000000000000e+01 5.842970239255068662e-06
1.800000000000000000e+01 1.311553943132890420e-05
1.900000000000000000e+01 0.000000000000000000e+00
1.000000000000000000e+00 2.709708592061533036e-06
2.000000000000000000e+00 0.000000000000000000e+00
3.000000000000000000e+00 5.670284308055205359e-07
4.000000000000000000e+00 0.000000000000000000e+00
5.000000000000000000e+00 0.000000000000000000e+00
6.000000000000000000e+00 8.977950154420742524e-07
7.000000000000000000e+00 3.307665846365536636e-07
8.000000000000000000e+00 1.449359034498353204e-06
9.000000000000000000e+00 2.016387465303873951e-06
1.000000000000000000e+01 1.650310473839885304e-05
1.100000000000000000e+01 2.587711566039739019e-06
1.200000000000000000e+01 1.401419358075704715e-05
1.300000000000000000e+01 4.269036776776714510e-06
1.400000000000000000e+01 1.701085292416561608e-06
1.500000000000000000e+01 4.288796858456300626e-06
1.600000000000000000e+01 1.401419358075704715e-05
1.700000000000000000e+01 0.000000000000000000e+00
1.800000000000000000e+01 1.830299043921334608e-05
1.900000000000000000e+01 0.000000000000000000e+00
1.000000000000000000e+00 6.373915042645692590e-06
2.000000000000000000e+00 0.000000000000000000e+00
3.000000000000000000e+00 0.000000000000000000e+00
4.000000000000000000e+00 0.000000000000000000e+00
5.000000000000000000e+00 1.138352531541386027e-06
6.000000000000000000e+00 4.007000911025678171e-06
7.000000000000000000e+00 1.673163437869320161e-05
8.000000000000000000e+00 5.670284308055205359e-07
9.000000000000000000e+00 1.160947755374999831e-05
1.000000000000000000e+01 6.940943473451213126e-06
1.100000000000000000e+01 1.138352531541386027e-06
1.200000000000000000e+01 9.965095104413988753e-06
1.300000000000000000e+01 0.000000000000000000e+00
1.400000000000000000e+01 1.705380962346906563e-06
1.500000000000000000e+01 1.993104934281404768e-05
1.600000000000000000e+01 1.640086779405664768e-05
1.700000000000000000e+01 1.706240096332975554e-05
1.800000000000000000e+01 1.397639168537001188e-05
1.900000000000000000e+01 0.000000000000000000e+00
1.000000000000000000e+00 1.015668198330736884e-05
2.000000000000000000e+00 0.000000000000000000e+00
3.000000000000000000e+00 0.000000000000000000e+00
4.000000000000000000e+00 0.000000000000000000e+00
5.000000000000000000e+00 0.000000000000000000e+00
6.000000000000000000e+00 1.807617906689114041e-06
7.000000000000000000e+00 2.016387465303873951e-06
8.000000000000000000e+00 1.264645227493524576e-06
9.000000000000000000e+00 1.926178396766632009e-06
1.000000000000000000e+01 1.191618838677662116e-05
1.100000000000000000e+01 1.028383381324557757e-06
1.200000000000000000e+01 8.561270171177291609e-06
1.300000000000000000e+01 3.481210911551468528e-06
1.400000000000000000e+01 7.835301952949011330e-07
1.500000000000000000e+01 1.359149965961111262e-06
1.600000000000000000e+01 2.909886810815603037e-06
1.700000000000000000e+01 1.359149965961111262e-06
1.800000000000000000e+01 1.171601016802255116e-05
1.900000000000000000e+01 0.000000000000000000e+00
1.000000000000000000e+00 6.590416807135073082e-06
2.000000000000000000e+00 0.000000000000000000e+00
3.000000000000000000e+00 0.000000000000000000e+00
4.000000000000000000e+00 0.000000000000000000e+00
5.000000000000000000e+00 3.307665846365536636e-07
6.000000000000000000e+00 8.075859469048323104e-07
7.000000000000000000e+00 1.685620880667320235e-06
8.000000000000000000e+00 4.804277250097683394e-06
9.000000000000000000e+00 9.703918372649022591e-06
1.000000000000000000e+01 1.249180815744283161e-05
1.100000000000000000e+01 0.000000000000000000e+00
1.200000000000000000e+01 1.569551879149402179e-05
1.300000000000000000e+01 1.138352531541386027e-06
1.400000000000000000e+01 9.581921346627228573e-06
1.500000000000000000e+01 8.780349337624879242e-07
1.600000000000000000e+01 9.378306591928882948e-06
1.700000000000000000e+01 1.212409881140531259e-05
1.800000000000000000e+01 1.913978694164452607e-05
1.900000000000000000e+01 0.000000000000000000e+00
1.000000000000000000e+00 1.097801407398930598e-05
2.000000000000000000e+00 0.000000000000000000e+00
3.000000000000000000e+00 0.000000000000000000e+00
4.000000000000000000e+00 0.000000000000000000e+00
5.000000000000000000e+00 1.264645227493524576e-06
6.000000000000000000e+00 6.735610450780728629e-07
7.000000000000000000e+00 2.405575160993117216e-07
8.000000000000000000e+00 0.000000000000000000e+00
9.000000000000000000e+00 8.075859469048323104e-07
1.000000000000000000e+01 4.032774930607747902e-06
1.100000000000000000e+01 4.804277250097683394e-06
1.200000000000000000e+01 2.256944981403185514e-06
1.300000000000000000e+01 6.153976742212035627e-06
1.400000000000000000e+01 4.558564930081957546e-06
1.500000000000000000e+01 5.521654128465273974e-06
1.600000000000000000e+01 6.173736823891622590e-06
1.700000000000000000e+01 6.704681627282245672e-06
1.800000000000000000e+01 5.742451562884998573e-06
1.900000000000000000e+01 0.000000000000000000e+00
1.000000000000000000e+00 8.981386690365016878e-06
2.000000000000000000e+00 0.000000000000000000e+00
3.000000000000000000e+00 0.000000000000000000e+00
4.000000000000000000e+00 0.000000000000000000e+00
5.000000000000000000e+00 5.713241007358653852e-07
6.000000000000000000e+00 2.405575160993117216e-07
7.000000000000000000e+00 3.024151630962776474e-06
8.000000000000000000e+00 0.000000000000000000e+00
9.000000000000000000e+00 2.848029163818637121e-06
1.000000000000000000e+01 7.606772312654665091e-06
1.100000000000000000e+01 3.024151630962776474e-06
1.200000000000000000e+01 5.476120027203618126e-06
1.300000000000000000e+01 1.077697672124916581e-05
1.400000000000000000e+01 2.405575160993117216e-07
1.500000000000000000e+01 1.095739485832365054e-05
1.600000000000000000e+01 7.361919126625008573e-06
1.700000000000000000e+01 5.145353442567064198e-06
1.800000000000000000e+01 1.577198171625415911e-05
1.900000000000000000e+01 0.000000000000000000e+00
1.000000000000000000e+00 2.081252081252081250e-05
2.000000000000000000e+00 0.000000000000000000e+00
3.000000000000000000e+00 0.000000000000000000e+00
4.000000000000000000e+00 0.000000000000000000e+00
5.000000000000000000e+00 2.828269082139051005e-06
6.000000000000000000e+00 1.419289344985939364e-06
7.000000000000000000e+00 1.799885700814493248e-06
8.000000000000000000e+00 5.670284308055205359e-07
9.000000000000000000e+00 3.214879375870087657e-06
1.000000000000000000e+01 1.710278026067499625e-05
1.100000000000000000e+01 1.950234148376563081e-06
1.200000000000000000e+01 1.521698116125360581e-05
1.300000000000000000e+01 4.202883459849404063e-06
1.400000000000000000e+01 1.619467563740009364e-06
1.500000000000000000e+01 1.640945913391733590e-05
1.600000000000000000e+01 3.726064097581125046e-06
1.700000000000000000e+01 2.787889784793809442e-06
1.800000000000000000e+01 8.043212377577701699e-06
1.900000000000000000e+01 0.000000000000000000e+00
1.000000000000000000e+00 4.052535012287334019e-06
2.000000000000000000e+00 0.000000000000000000e+00
3.000000000000000000e+00 3.307665846365536636e-07
4.000000000000000000e+00 0.000000000000000000e+00
5.000000000000000000e+00 1.359149965961111262e-06
6.000000000000000000e+00 9.020906853724191017e-07
7.000000000000000000e+00 7.346798368470193789e-05
8.000000000000000000e+00 7.878258652252459823e-07
9.000000000000000000e+00 7.892434363022597752e-05
1.000000000000000000e+01 3.264709147062088036e-06
1.100000000000000000e+01 3.726064097581125046e-06
1.200000000000000000e+01 2.130652285451046965e-06
1.300000000000000000e+01 9.136889941843502055e-06
1.400000000000000000e+01 2.405575160993117216e-07
1.500000000000000000e+01 7.606772312654665091e-06
1.600000000000000000e+01 9.341363830527916163e-06
1.700000000000000000e+01 8.075859469048323104e-07
1.800000000000000000e+01 7.294648935515808251e-05
1.900000000000000000e+01 0.000000000000000000e+00
1.000000000000000000e+00 7.099883260873972234e-06
2.000000000000000000e+00 0.000000000000000000e+00
3.000000000000000000e+00 0.000000000000000000e+00
4.000000000000000000e+00 0.000000000000000000e+00
5.000000000000000000e+00 2.405575160993117216e-07
6.000000000000000000e+00 6.615331692731073271e-07
7.000000000000000000e+00 2.603175977788980603e-06
8.000000000000000000e+00 1.048143463004144085e-06
9.000000000000000000e+00 1.288700979103455860e-06
1.000000000000000000e+01 2.186495994545530112e-06
1.100000000000000000e+01 8.560411037191221432e-06
1.200000000000000000e+01 1.945938478446218126e-06
1.300000000000000000e+01 8.148026723878115896e-06
1.400000000000000000e+01 0.000000000000000000e+00
1.500000000000000000e+01 3.741528509330366630e-06
1.600000000000000000e+01 7.095587590943627279e-06
1.700000000000000000e+01 7.572406953211906296e-06
1.800000000000000000e+01 5.446909471677272770e-06
1.900000000000000000e+01 0.000000000000000000e+00
1.000000000000000000e+00 3.244949065382501497e-06
2.000000000000000000e+00 0.000000000000000000e+00
3.000000000000000000e+00 0.000000000000000000e+00
4.000000000000000000e+00 0.000000000000000000e+00
5.000000000000000000e+00 2.016387465303873951e-06
6.000000000000000000e+00 0.000000000000000000e+00
7.000000000000000000e+00 3.545645960506641585e-06
8.000000000000000000e+00 1.619467563740009364e-06
9.000000000000000000e+00 3.872116875212850135e-06
1.000000000000000000e+01 4.604099031343612546e-06
1.100000000000000000e+01 1.685620880667320235e-06
1.200000000000000000e+01 2.497502497502497500e-06
1.300000000000000000e+01 3.726064097581125046e-06
1.400000000000000000e+01 1.619467563740009364e-06
1.500000000000000000e+01 5.171127462149133929e-06
1.600000000000000000e+01 1.232857270008972712e-06
1.700000000000000000e+01 3.635855029043883527e-06
1.800000000000000000e+01 7.211570679062938529e-06
1.900000000000000000e+01 0.000000000000000000e+00
1.000000000000000000e+00 1.749626362629458500e-05
2.000000000000000000e+00 0.000000000000000000e+00
3.000000000000000000e+00 0.000000000000000000e+00
4.000000000000000000e+00 0.000000000000000000e+00
5.000000000000000000e+00 1.449359034498353204e-06
6.000000000000000000e+00 1.559328184715181474e-06
7.000000000000000000e+00 1.890008855953128215e-05
8.000000000000000000e+00 2.405575160993117216e-07
9.000000000000000000e+00 8.986541494281431164e-06
1.000000000000000000e+01 5.897095680377413573e-06
1.100000000000000000e+01 6.142808000393139421e-06
1.200000000000000000e+01 9.577625676696882771e-06
1.300000000000000000e+01 1.111289810980213402e-05
1.400000000000000000e+01 2.126356615520702009e-06
1.500000000000000000e+01 3.307665846365536636e-07
1.600000000000000000e+01 5.812041415756585493e-06
1.700000000000000000e+01 8.329303994938669109e-06
1.800000000000000000e+01 1.249696296135924589e-05
1.900000000000000000e+01 0.000000000000000000e+00
1.000000000000000000e+00 4.860120959192166117e-06
2.000000000000000000e+00 0.000000000000000000e+00
3.000000000000000000e+00 0.000000000000000000e+00
4.000000000000000000e+00 0.000000000000000000e+00
5.000000000000000000e+00 2.165017644893805706e-07
6.000000000000000000e+00 2.342858380010082501e-06
7.000000000000000000e+00 4.497566417071060537e-06
8.000000000000000000e+00 4.811150321986234433e-07
9.000000000000000000e+00 6.990773244643213082e-06
1.000000000000000000e+01 3.962325943750091653e-06
1.100000000000000000e+01 2.938238232355879063e-06
1.200000000000000000e+01 3.721768427650780514e-06
1.300000000000000000e+01 2.709708592061533036e-06
1.400000000000000000e+01 4.509594292876026073e-06
1.500000000000000000e+01 4.799981580167338438e-06
1.600000000000000000e+01 4.714068181560441028e-06
1.700000000000000000e+01 2.950266108160844599e-06
1.800000000000000000e+01 9.538105513337710538e-06
1.900000000000000000e+01 0.000000000000000000e+00
1.000000000000000000e+00 1.119365670449261715e-05
2.000000000000000000e+00 0.000000000000000000e+00
3.000000000000000000e+00 0.000000000000000000e+00
4.000000000000000000e+00 0.000000000000000000e+00
5.000000000000000000e+00 0.000000000000000000e+00
6.000000000000000000e+00 1.228561600078627757e-06
7.000000000000000000e+00 2.405575160993117216e-07
8.000000000000000000e+00 1.795590030884148505e-06
9.000000000000000000e+00 8.831038242802947681e-06
1.000000000000000000e+01 4.158208492573817545e-06
1.100000000000000000e+01 6.464124111182934109e-06
1.200000000000000000e+01 2.362618461689669041e-06
1.300000000000000000e+01 8.977950154420742524e-07
1.400000000000000000e+01 1.469119116177939532e-06
1.500000000000000000e+01 5.391065762582790046e-06
1.600000000000000000e+01 4.158208492573817545e-06
1.700000000000000000e+01 1.038607075758778420e-05
1.800000000000000000e+01 1.349957232310173456e-05
1.900000000000000000e+01 0.000000000000000000e+00
1.000000000000000000e+00 8.882414455169872431e-05
2.000000000000000000e+00 0.000000000000000000e+00
3.000000000000000000e+00 5.670284308055205359e-07
4.000000000000000000e+00 0.000000000000000000e+00
5.000000000000000000e+00 2.036147546983460068e-06
6.000000000000000000e+00 0.000000000000000000e+00
7.000000000000000000e+00 7.772069691574334360e-05
8.000000000000000000e+00 5.670284308055205359e-07
9.000000000000000000e+00 1.941642808515873170e-06
1.000000000000000000e+01 6.137653196476725136e-06
1.100000000000000000e+01 7.862278760111576217e-05
1.200000000000000000e+01 4.072295093966920135e-06
1.300000000000000000e+01 0.000000000000000000e+00
1.400000000000000000e+01 9.488275742145709735e-06
1.500000000000000000e+01 1.358978139163897607e-05
1.600000000000000000e+01 9.634328519777434825e-06
1.700000000000000000e+01 2.223610582743709661e-05
1.800000000000000000e+01 1.879613334721693643e-05
1.900000000000000000e+01 0.000000000000000000e+00
1.000000000000000000e+00 6.572374993427624778e-06
2.000000000000000000e+00 0.000000000000000000e+00
3.000000000000000000e+00 1.469119116177939532e-06
4.000000000000000000e+00 0.000000000000000000e+00
5.000000000000000000e+00 4.570592805886923187e-07
6.000000000000000000e+00 5.432304193914100938e-06
7.000000000000000000e+00 5.125593360887478082e-06
8.000000000000000000e+00 0.000000000000000000e+00
9.000000000000000000e+00 2.405575160993117216e-07
1.000000000000000000e+01 1.024087711394212802e-06
1.100000000000000000e+01 1.137493397555317036e-05
1.200000000000000000e+01 3.914214440530229510e-06
1.300000000000000000e+01 5.237280779076444376e-06
1.400000000000000000e+01 6.735610450780728629e-07
1.500000000000000000e+01 1.327705662070987045e-05
1.600000000000000000e+01 4.926274276119476564e-06
1.700000000000000000e+01 3.347186009724709398e-06
1.800000000000000000e+01 5.123015958929270939e-06
1.900000000000000000e+01 0.000000000000000000e+00
1.000000000000000000e+00 1.293683956222655813e-05
2.000000000000000000e+00 0.000000000000000000e+00
3.000000000000000000e+00 3.307665846365536636e-07
4.000000000000000000e+00 0.000000000000000000e+00
5.000000000000000000e+00 9.020906853724191017e-07
6.000000000000000000e+00 1.134056861611041072e-06
7.000000000000000000e+00 0.000000000000000000e+00
8.000000000000000000e+00 0.000000000000000000e+00
9.000000000000000000e+00 8.594776396633981074e-06
1.000000000000000000e+01 4.257008900971748974e-06
1.100000000000000000e+01 1.179848703068517295e-05
1.200000000000000000e+01 4.493270747140715582e-06
1.300000000000000000e+01 5.713241007358653852e-07
1.400000000000000000e+01 0.000000000000000000e+00
1.500000000000000000e+01 2.371209801550358528e-06
1.600000000000000000e+01 2.366914131620013572e-06
1.700000000000000000e+01 6.704681627282245672e-06
1.800000000000000000e+01 1.506319617774726098e-05
1.900000000000000000e+01 0.000000000000000000e+00
1.000000000000000000e+00 6.699526823365832234e-06
2.000000000000000000e+00 0.000000000000000000e+00
3.000000000000000000e+00 3.307665846365536636e-07
4.000000000000000000e+00 0.000000000000000000e+00
5.000000000000000000e+00 2.405575160993117216e-07
6.000000000000000000e+00 1.485442661913250023e-06
7.000000000000000000e+00 0.000000000000000000e+00
8.000000000000000000e+00 7.216725482979352178e-07
9.000000000000000000e+00 5.737296758968585135e-06
1.000000000000000000e+01 6.725300842947901118e-06
1.100000000000000000e+01 2.190791664475874644e-06
1.200000000000000000e+01 4.883317576816028706e-06
1.300000000000000000e+01 6.976167966880040404e-07
1.400000000000000000e+01 7.216725482979352178e-07
1.500000000000000000e+01 9.858562490141435896e-06
1.600000000000000000e+01 4.909091596398097590e-06
1.700000000000000000e+01 9.622300643972468865e-07
1.800000000000000000e+01 7.687530907345148216e-06
1.900000000000000000e+01 0.000000000000000000e+00
1.000000000000000000e+00 7.574984355170113439e-06
2.000000000000000000e+00 0.000000000000000000e+00
3.000000000000000000e+00 0.000000000000000000e+00
4.000000000000000000e+00 0.000000000000000000e+00
5.000000000000000000e+00 4.570592805886923187e-07
6.000000000000000000e+00 2.106596533841115470e-06
7.000000000000000000e+00 5.387629226638514421e-06
8.000000000000000000e+00 5.472683491259342077e-07
9.000000000000000000e+00 1.048830770192999295e-05
1.000000000000000000e+01 1.006733204875619581e-05
1.100000000000000000e+01 4.509594292876026073e-06
1.200000000000000000e+01 1.196945469391289759e-05
1.300000000000000000e+01 4.154771956629541073e-06
1.400000000000000000e+01 6.415153473977002636e-06
1.500000000000000000e+01 6.946957411353695894e-06
1.600000000000000000e+01 3.276737022867053572e-06
1.700000000000000000e+01 1.795590030884148505e-06
1.800000000000000000e+01 1.238269814121207161e-05
1.900000000000000000e+01 0.000000000000000000e+00
1.000000000000000000e+00 2.697680716256567501e-06
2.000000000000000000e+00 0.000000000000000000e+00
3.000000000000000000e+00 0.000000000000000000e+00
4.000000000000000000e+00 0.000000000000000000e+00
5.000000000000000000e+00 1.354854296030766518e-06
6.000000000000000000e+00 3.307665846365536636e-07
7.000000000000000000e+00 3.906482234655608930e-06
8.000000000000000000e+00 1.481146991982905279e-06
9.000000000000000000e+00 8.900628095674534600e-07
1.000000000000000000e+01 5.974417739123621073e-06
1.100000000000000000e+01 2.130652285451046965e-06
1.200000000000000000e+01 3.008687219213534889e-06
1.300000000000000000e+01 2.563655814429807947e-06
1.400000000000000000e+01 3.170204408594501139e-06
1.500000000000000000e+01 4.808572920028028349e-06
1.600000000000000000e+01 0.000000000000000000e+00
1.700000000000000000e+01 4.288796858456300626e-06
1.800000000000000000e+01 8.652338373700601610e-06
1.900000000000000000e+01 0.000000000000000000e+00
1.000000000000000000e+00 5.702072265539757011e-06
2.000000000000000000e+00 0.000000000000000000e+00
3.000000000000000000e+00 0.000000000000000000e+00
4.000000000000000000e+00 0.000000000000000000e+00
5.000000000000000000e+00 9.020906853724191017e-07
6.000000000000000000e+00 2.405575160993117216e-07
7.000000000000000000e+00 2.457123200157255514e-06
8.000000000000000000e+00 1.445063364568008460e-06
9.000000000000000000e+00 1.436901591700353215e-05
1.000000000000000000e+01 2.787889784793809442e-06
1.100000000000000000e+01 1.469548683170974027e-05
1.200000000000000000e+01 1.890094769351735190e-06
1.300000000000000000e+01 4.563719733998370984e-06
1.400000000000000000e+01 1.445063364568008460e-06
1.500000000000000000e+01 2.914182480745947992e-06
1.600000000000000000e+01 5.371305680903203930e-06
1.700000000000000000e+01 6.032838850176310939e-06
1.800000000000000000e+01 1.949976408180742536e-05
1.900000000000000000e+01 0.000000000000000000e+00
1.000000000000000000e+00 5.059440043960167635e-06
2.000000000000000000e+00 0.000000000000000000e+00
3.000000000000000000e+00 0.000000000000000000e+00
4.000000000000000000e+00 0.000000000000000000e+00
5.000000000000000000e+00 0.000000000000000000e+00
6.000000000000000000e+00 1.374614377710352846e-06
7.000000000000000000e+00 1.134056861611041072e-06
8.000000000000000000e+00 0.000000000000000000e+00
9.000000000000000000e+00 9.633469385791366342e-06
1.000000000000000000e+01 9.633469385791366342e-06
1.100000000000000000e+01 0.000000000000000000e+00
1.200000000000000000e+01 5.385910958666376608e-06
1.300000000000000000e+01 0.000000000000000000e+00
1.400000000000000000e+01 1.701085292416561608e-06
1.500000000000000000e+01 8.821587768956189288e-06
1.600000000000000000e+01 1.941642808515873170e-06
1.700000000000000000e+01 6.519967820277417680e-06
1.800000000000000000e+01 6.519967820277417680e-06
1.900000000000000000e+01 0.000000000000000000e+00
1.000000000000000000e+00 5.276800942435616609e-06
2.000000000000000000e+00 0.000000000000000000e+00
3.000000000000000000e+00 1.228561600078627757e-06
4.000000000000000000e+00 0.000000000000000000e+00
5.000000000000000000e+00 0.000000000000000000e+00
6.000000000000000000e+00 8.977950154420742524e-07
7.000000000000000000e+00 1.228561600078627757e-06
8.000000000000000000e+00 7.835301952949011330e-07
9.000000000000000000e+00 3.307665846365536636e-07
1.000000000000000000e+01 2.126356615520702009e-06
1.100000000000000000e+01 1.346692523163111357e-05
1.200000000000000000e+01 1.616460594788768107e-05
1.300000000000000000e+01 4.138448410894230582e-06
1.400000000000000000e+01 3.024151630962776474e-06
1.500000000000000000e+01 6.174595957877691073e-06
1.600000000000000000e+01 0.000000000000000000e+00
1.700000000000000000e+01 3.476915241621123572e-06
1.800000000000000000e+01 2.063382094341846643e-05
1.900000000000000000e+01 0.000000000000000000e+00
1.000000000000000000e+00 1.211550747154462268e-05
2.000000000000000000e+00 0.000000000000000000e+00
3.000000000000000000e+00 0.000000000000000000e+00
4.000000000000000000e+00 0.000000000000000000e+00
5.000000000000000000e+00 0.000000000000000000e+00
6.000000000000000000e+00 5.670284308055205359e-07
7.000000000000000000e+00 4.007000911025678171e-06
8.000000000000000000e+00 5.670284308055205359e-07
9.000000000000000000e+00 6.369619372715347635e-06
1.000000000000000000e+01 1.612250838257030001e-05
1.100000000000000000e+01 4.904795926467752635e-06
1.200000000000000000e+01 6.369619372715347635e-06
1.300000000000000000e+01 1.464823446247594788e-06
1.400000000000000000e+01 8.977950154420742524e-07
1.500000000000000000e+01 7.267414388157422099e-06
1.600000000000000000e+01 3.260413477131743081e-06
1.700000000000000000e+01 8.108506560518943663e-06
1.800000000000000000e+01 1.414735934859773822e-05
1.900000000000000000e+01 0.000000000000000000e+00
1.000000000000000000e+00 8.084450808909012591e-06
2.000000000000000000e+00 0.000000000000000000e+00
3.000000000000000000e+00 0.000000000000000000e+00
4.000000000000000000e+00 0.000000000000000000e+00
5.000000000000000000e+00 8.075859469048323104e-07
6.000000000000000000e+00 4.347217969508990493e-06
7.000000000000000000e+00 4.709772511630096073e-06
8.000000000000000000e+00 5.285392282296306519e-06
9.000000000000000000e+00 7.648010743985975983e-06
1.000000000000000000e+01 4.166799832434506609e-06
1.100000000000000000e+01 6.844720467011487993e-06
1.200000000000000000e+01 4.016451384872437411e-06
1.300000000000000000e+01 4.347217969508990493e-06
1.400000000000000000e+01 4.056830682217678974e-06
1.500000000000000000e+01 9.353391706332881699e-06
1.600000000000000000e+01 8.651479239714533127e-06
1.700000000000000000e+01 7.753684224272458663e-06
1.800000000000000000e+01 9.022625121696327771e-06
1.900000000000000000e+01 0.000000000000000000e+00
1.000000000000000000e+00 1.972571632014356340e-05
2.000000000000000000e+00 0.000000000000000000e+00
3.000000000000000000e+00 0.000000000000000000e+00
4.000000000000000000e+00 0.000000000000000000e+00
5.000000000000000000e+00 0.000000000000000000e+00
6.000000000000000000e+00 0.000000000000000000e+00
7.000000000000000000e+00 1.721274941089182304e-05
8.000000000000000000e+00 1.048143463004144085e-06
9.000000000000000000e+00 4.578325011761543662e-06
1.000000000000000000e+01 6.369619372715347635e-06
1.100000000000000000e+01 2.512966909251738661e-06
1.200000000000000000e+01 1.631925006538009607e-05
1.300000000000000000e+01 3.088586679917949108e-06
1.400000000000000000e+01 3.307665846365536636e-07
1.500000000000000000e+01 7.095587590943627279e-06
1.600000000000000000e+01 3.324848526086916139e-06
1.700000000000000000e+01 6.043148458009138662e-06
1.800000000000000000e+01 1.891813037323873215e-05
1.900000000000000000e+01 0.000000000000000000e+00
1.000000000000000000e+00 4.305034490793004608e-05
2.000000000000000000e+00 0.000000000000000000e+00
3.000000000000000000e+00 0.000000000000000000e+00
4.000000000000000000e+00 0.000000000000000000e+00
5.000000000000000000e+00 1.228561600078627757e-06
6.000000000000000000e+00 1.356142997009869920e-05
7.000000000000000000e+00 2.359181925745393161e-05
8.000000000000000000e+00 5.670284308055205359e-07
9.000000000000000000e+00 1.458551768149291348e-05
1.000000000000000000e+01 9.252013895976743128e-06
1.100000000000000000e+01 6.794890695819488037e-06
1.200000000000000000e+01 2.378684267229158733e-05
1.300000000000000000e+01 2.405575160993117216e-07
1.400000000000000000e+01 5.235562511104306563e-06
1.500000000000000000e+01 7.015688130239213484e-06
1.600000000000000000e+01 5.566329095740859645e-06
1.700000000000000000e+01 2.138040837731239983e-05
1.800000000000000000e+01 3.538601061820875537e-05
1.900000000000000000e+01 0.000000000000000000e+00
1.000000000000000000e+00 4.521622168680991609e-06
2.000000000000000000e+00 0.000000000000000000e+00
3.000000000000000000e+00 0.000000000000000000e+00
4.000000000000000000e+00 0.000000000000000000e+00
5.000000000000000000e+00 2.288732938887737590e-06
6.000000000000000000e+00 2.823973412208706050e-06
7.000000000000000000e+00 6.615331692731073271e-07
8.000000000000000000e+00 3.461450829871882411e-06
9.000000000000000000e+00 3.477774375607192902e-06
1.000000000000000000e+01 4.032774930607747902e-06
1.100000000000000000e+01 3.828301041923332100e-06
1.200000000000000000e+01 4.461482789656163930e-06
1.300000000000000000e+01 5.407389308318100537e-06
1.400000000000000000e+01 2.689948510381946496e-06
1.500000000000000000e+01 7.631687198250664645e-06
1.600000000000000000e+01 3.500970993231055068e-06
1.700000000000000000e+01 5.623891072807481028e-06
1.800000000000000000e+01 5.395361432513135001e-06
1.900000000000000000e+01 0.000000000000000000e+00
1.000000000000000000e+00 2.688573896004236500e-05
2.000000000000000000e+00 0.000000000000000000e+00
3.000000000000000000e+00 0.000000000000000000e+00
4.000000000000000000e+00 0.000000000000000000e+00
5.000000000000000000e+00 8.977950154420742524e-07
6.000000000000000000e+00 3.591180061768297009e-06
7.000000000000000000e+00 1.371177841766077009e-05
8.000000000000000000e+00 2.405575160993117216e-07
9.000000000000000000e+00 4.818882527860855225e-06
1.000000000000000000e+01 2.206685643218150893e-05
1.100000000000000000e+01 4.252713231041404019e-06
1.200000000000000000e+01 5.149649112497409153e-06
1.300000000000000000e+01 2.371209801550358528e-06
1.400000000000000000e+01 4.497566417071060537e-06
1.500000000000000000e+01 3.439972480220158059e-06
1.600000000000000000e+01 6.860184878760730001e-06
1.700000000000000000e+01 4.166799832434506609e-06
1.800000000000000000e+01 1.194539894230296652e-05
1.900000000000000000e+01 0.000000000000000000e+00
1.000000000000000000e+00 7.660038619790941519e-06
2.000000000000000000e+00 0.000000000000000000e+00
3.000000000000000000e+00 0.000000000000000000e+00
4.000000000000000000e+00 0.000000000000000000e+00
5.000000000000000000e+00 3.307665846365536636e-07
6.000000000000000000e+00 3.307665846365536636e-07
7.000000000000000000e+00 2.347154049940427456e-06
8.000000000000000000e+00 1.926178396766632009e-06
9.000000000000000000e+00 4.056830682217678974e-06
1.000000000000000000e+01 2.855761369693258126e-06
1.100000000000000000e+01 4.970949243395063082e-06
1.200000000000000000e+01 3.166767872650225514e-06
1.300000000000000000e+01 4.766475354710648127e-06
1.400000000000000000e+01 3.072263134182638617e-06
1.500000000000000000e+01 6.897127640161695091e-06
1.600000000000000000e+01 1.268940897423869531e-06
1.700000000000000000e+01 2.398702089104565648e-06
1.800000000000000000e+01 5.479556563147893752e-06
1.900000000000000000e+01 0.000000000000000000e+00
1.000000000000000000e+00 1.529945802391622590e-05
2.000000000000000000e+00 0.000000000000000000e+00
3.000000000000000000e+00 1.559328184715181474e-06
4.000000000000000000e+00 0.000000000000000000e+00
5.000000000000000000e+00 1.469119116177939532e-06
6.000000000000000000e+00 1.799885700814493248e-06
7.000000000000000000e+00 8.349064076618256073e-06
8.000000000000000000e+00 4.909091596398097590e-06
9.000000000000000000e+00 6.945239143381558081e-06
1.000000000000000000e+01 1.170827796214792974e-05
1.100000000000000000e+01 8.675534991324464199e-06
1.200000000000000000e+01 0.000000000000000000e+00
1.300000000000000000e+01 1.709676632277251306e-06
1.400000000000000000e+01 0.000000000000000000e+00
1.500000000000000000e+01 1.275212575522172929e-05
1.600000000000000000e+01 1.514395477243774411e-05
1.700000000000000000e+01 9.973686444274678663e-06
1.800000000000000000e+01 2.364852210053448197e-05
1.900000000000000000e+01 0.000000000000000000e+00
1.000000000000000000e+00 1.305883658824835215e-05
2.000000000000000000e+00 0.000000000000000000e+00
3.000000000000000000e+00 0.000000000000000000e+00
4.000000000000000000e+00 0.000000000000000000e+00
5.000000000000000000e+00 2.016387465303873951e-06
6.000000000000000000e+00 5.670284308055205359e-07
7.000000000000000000e+00 1.936402091200852715e-05
8.000000000000000000e+00 2.697680716256567501e-06
9.000000000000000000e+00 1.568778658561940036e-05
1.000000000000000000e+01 5.692621791692998618e-06
1.100000000000000000e+01 6.594712477065418037e-06
1.200000000000000000e+01 2.677920634576980961e-06
1.300000000000000000e+01 1.183027498816972375e-05
1.400000000000000000e+01 2.347154049940427456e-06
1.500000000000000000e+01 1.248751248751248750e-05
1.600000000000000000e+01 2.036147546983460068e-06
1.700000000000000000e+01 1.799885700814493248e-06
1.800000000000000000e+01 1.625481501642492090e-05
1.900000000000000000e+01 0.000000000000000000e+00
1.000000000000000000e+00 8.276037687802392681e-06
2.000000000000000000e+00 0.000000000000000000e+00
3.000000000000000000e+00 0.000000000000000000e+00
4.000000000000000000e+00 0.000000000000000000e+00
5.000000000000000000e+00 5.056862642001960492e-06
6.000000000000000000e+00 8.118816168351771598e-07
7.000000000000000000e+00 5.207211089564030537e-06
8.000000000000000000e+00 6.399689062227761475e-06
9.000000000000000000e+00 1.559328184715181474e-06
1.000000000000000000e+01 3.525885878827055045e-06
1.100000000000000000e+01 5.321475909711203127e-06
1.200000000000000000e+01 4.112674391312161698e-06
1.300000000000000000e+01 5.828364961491895984e-06
1.400000000000000000e+01 3.900468296753126162e-06
1.500000000000000000e+01 8.361951086409290091e-06
1.600000000000000000e+01 6.285424242080588038e-06
1.700000000000000000e+01 3.990677365290367680e-06
1.800000000000000000e+01 1.130018931876517000e-05
1.900000000000000000e+01 0.000000000000000000e+00
1.000000000000000000e+00 2.521815989308249286e-05
2.000000000000000000e+00 0.000000000000000000e+00
3.000000000000000000e+00 0.000000000000000000e+00
4.000000000000000000e+00 0.000000000000000000e+00
5.000000000000000000e+00 5.713241007358653852e-07
6.000000000000000000e+00 5.670284308055205359e-07
7.000000000000000000e+00 1.469119116177939532e-06
8.000000000000000000e+00 3.307665846365536636e-07
9.000000000000000000e+00 1.837601682802920947e-05
1.000000000000000000e+01 2.923461127795492858e-05
1.100000000000000000e+01 1.464823446247594788e-06
1.200000000000000000e+01 3.118656369430362947e-06
1.300000000000000000e+01 2.693385046326222545e-06
1.400000000000000000e+01 1.134056861611041072e-06
1.500000000000000000e+01 7.182360123536594019e-06
1.600000000000000000e+01 2.205225115441833625e-05
1.700000000000000000e+01 6.605881218884314243e-06
1.800000000000000000e+01 8.732237834405016252e-06
1.900000000000000000e+01 0.000000000000000000e+00
1.000000000000000000e+00 8.933275187145154735e-06
2.000000000000000000e+00 0.000000000000000000e+00
3.000000000000000000e+00 5.670284308055205359e-07
4.000000000000000000e+00 0.000000000000000000e+00
5.000000000000000000e+00 0.000000000000000000e+00
6.000000000000000000e+00 3.371241761334640469e-06
7.000000000000000000e+00 6.570656725455486965e-06
8.000000000000000000e+00 2.405575160993117216e-07
9.000000000000000000e+00 5.367010010972858974e-06
1.000000000000000000e+01 5.257040860756030493e-06
1.100000000000000000e+01 9.051835677222673128e-06
1.200000000000000000e+01 3.461450829871882411e-06
1.300000000000000000e+01 1.174522072354889652e-05
1.400000000000000000e+01 3.371241761334640469e-06
1.500000000000000000e+01 5.517358458534929019e-06
1.600000000000000000e+01 0.000000000000000000e+00
1.700000000000000000e+01 2.106596533841115470e-06
1.800000000000000000e+01 4.379005926993542992e-06
1.900000000000000000e+01 0.000000000000000000e+00
1.000000000000000000e+00 1.374614377710352846e-06
2.000000000000000000e+00 0.000000000000000000e+00
3.000000000000000000e+00 0.000000000000000000e+00
4.000000000000000000e+00 0.000000000000000000e+00
5.000000000000000000e+00 3.174500078524846094e-06
6.000000000000000000e+00 8.977950154420742524e-07
7.000000000000000000e+00 4.251854097055334689e-06
8.000000000000000000e+00 2.603175977788980603e-06
9.000000000000000000e+00 8.916092507423776609e-06
1.000000000000000000e+01 5.716677543302929689e-06
1.100000000000000000e+01 8.585325922787222680e-06
1.200000000000000000e+01 3.496675323300710112e-06
1.300000000000000000e+01 1.464823446247594788e-06
1.400000000000000000e+01 1.138352531541386027e-06
1.500000000000000000e+01 4.578325011761543662e-06
1.600000000000000000e+01 2.603175977788980603e-06
1.700000000000000000e+01 6.524263490207762635e-06
1.800000000000000000e+01 1.633385534314326875e-05
1.900000000000000000e+01 0.000000000000000000e+00
