1.000000000000000000e+00 1.485872228906284518e-05
2.000000000000000000e+00 -2.036147546983460068e-06
3.000000000000000000e+00 -2.036147546983460068e-06
4.000000000000000000e+00 -2.036147546983460068e-06
5.000000000000000000e+00 -1.579088266394767802e-06
6.000000000000000000e+00 2.341999246024013594e-06
7.000000000000000000e+00 6.268241562359209064e-06
8.000000000000000000e+00 1.403824933236697779e-06
9.000000000000000000e+00 7.827569747074390537e-06
1.000000000000000000e+01 6.704681627282245672e-06
1.100000000000000000e+01 6.704681627282245672e-06
1.200000000000000000e+01 2.963153117951879465e-06
1.300000000000000000e+01 6.117893114797139019e-06
1.400000000000000000e+01 -1.469119116177939532e-06
1.500000000000000000e+01 4.322303083912990938e-06
1.600000000000000000e+01 4.758743148836027546e-06
1.700000000000000000e+01 3.330003330003330000e-06
1.800000000000000000e+01 1.419718911978973733e-05
1.900000000000000000e+01 -2.036147546983460068e-06
1.000000000000000000e+00 1.449960428288601607e-05
2.000000000000000000e+00 -4.909091596398097590e-06
3.000000000000000000e+00 -4.909091596398097590e-06
4.000000000000000000e+00 -4.909091596398097590e-06
5.000000000000000000e+00 -4.578325011761543662e-06
6.000000000000000000e+00 -1.138352531541386027e-06
7.000000000000000000e+00 -2.076526844328701630e-06
8.000000000000000000e+00 -4.427976564199473618e-06
9.000000000000000000e+00 -4.211474799710093127e-06
1.000000000000000000e+01 1.101925250532061518e-05
1.100000000000000000e+01 -4.211474799710093127e-06
1.200000000000000000e+01 4.318007413982645983e-06
1.300000000000000000e+01 -2.080822514259046585e-06
1.400000000000000000e+01 -4.427976564199473618e-06
1.500000000000000000e+01 2.104448698875943161e-05
1.600000000000000000e+01 -8.977950154420742524e-07
1.700000000000000000e+01 -4.211474799710093127e-06
1.800000000000000000e+01 2.124896087744384911e-05
1.900000000000000000e+01 -4.909091596398097590e-06
1.000000000000000000e+00 -5.804558358737925026e-04
2.000000000000000000e+00 -5.868271735144799627e-04
3.000000000000000000e+00 -5.857085810646181848e-04
4.000000000000000000e+00 -5.868271735144799627e-04
5.000000000000000000e+00 -5.853623500682324015e-04
6.000000000000000000e+00 -5.866106717499905898e-04
7.000000000000000000e+00 -5.816113710850552608e-04
8.000000000000000000e+00 -5.815916110033756163e-04
9.000000000000000000e+00 -5.732098998352867748e-04
1.000000000000000000e+01 -5.828184543354821348e-04
1.100000000000000000e+01 -5.864964069298433816e-04
1.200000000000000000e+01 -5.868271735144799627e-04
1.300000000000000000e+01 -5.868271735144799627e-04
1.400000000000000000e+01 4.999300664935339109e-06
1.500000000000000000e+01 -5.786619641108804940e-04
1.600000000000000000e+01 -5.770003989818230962e-04
1.700000000000000000e+01 -5.813536308892345737e-04
1.800000000000000000e+01 -5.694176824207783198e-04
1.900000000000000000e+01 -5.868271735144799627e-04
1.000000000000000000e+00 4.824037331777269510e-06
2.000000000000000000e+00 -5.692621791692998618e-06
3.000000000000000000e+00 -5.692621791692998618e-06
4.000000000000000000e+00 -5.692621791692998618e-06
5.000000000000000000e+00 1.203045320692379375e-05
6.000000000000000000e+00 -5.692621791692998618e-06
7.000000000000000000e+00 -1.313615864699455837e-06
8.000000000000000000e+00 -3.742387643316435537e-06
9.000000000000000000e+00 1.795590030884148505e-06
1.000000000000000000e+01 1.439307166861346322e-05
1.100000000000000000e+01 1.136892003765068759e-05
1.200000000000000000e+01 1.693524913339154554e-05
1.300000000000000000e+01 8.505426462082808038e-08
1.400000000000000000e+01 -4.337767495662232099e-06
1.500000000000000000e+01 -9.227099010380743362e-07
1.600000000000000000e+01 -5.692621791692998618e-06
1.700000000000000000e+01 -4.223502675515058662e-06
1.800000000000000000e+01 5.264773066630651073e-06
1.900000000000000000e+01 -5.692621791692998618e-06
1.000000000000000000e+00 7.928947557430529109e-06
2.000000000000000000e+00 -1.771877932868644911e-05
3.000000000000000000e+00 -1.771877932868644911e-05
4.000000000000000000e+00 -1.771877932868644911e-05
5.000000000000000000e+00 -1.682098431324437465e-05
6.000000000000000000e+00 -1.682098431324437465e-05
7.000000000000000000e+00 -1.705724615941334125e-05
8.000000000000000000e+00 -1.715175089788092857e-05
9.000000000000000000e+00 5.933952528379772323e-05
1.000000000000000000e+01 -7.664334289721285627e-06
1.100000000000000000e+01 -9.871449499932470762e-07
1.200000000000000000e+01 -1.592318929780230018e-05
1.300000000000000000e+01 -1.068762678669799277e-05
1.400000000000000000e+01 -1.771877932868644911e-05
1.500000000000000000e+01 5.888504340516723663e-06
1.600000000000000000e+01 -1.625395588243885411e-05
1.700000000000000000e+01 5.401031716821190037e-05
1.800000000000000000e+01 6.603991124114963072e-05
1.900000000000000000e+01 -1.771877932868644911e-05
1.000000000000000000e+00 6.860184878760730001e-06
2.000000000000000000e+00 -1.359149965961111262e-06
3.000000000000000000e+00 -1.359149965961111262e-06
4.000000000000000000e+00 -1.118592449861799699e-06
5.000000000000000000e+00 -4.811150321986234433e-07
6.000000000000000000e+00 -2.207974344197254200e-07
7.000000000000000000e+00 3.264709147062088142e-07
8.000000000000000000e+00 2.472587611906497099e-06
9.000000000000000000e+00 5.631623278682101609e-06
1.000000000000000000e+01 3.946002398014781162e-06
1.100000000000000000e+01 1.247204807576324465e-05
1.200000000000000000e+01 5.843829373241137145e-06
1.300000000000000000e+01 1.815350112563734833e-06
1.400000000000000000e+01 -1.028383381324557757e-06
1.500000000000000000e+01 5.607567527072170537e-06
1.600000000000000000e+01 1.338530750295456027e-06
1.700000000000000000e+01 2.240621435667875023e-06
1.800000000000000000e+01 1.181051490649013848e-05
1.900000000000000000e+01 -1.359149965961111262e-06
1.000000000000000000e+00 -1.341597858625722154e-04
2.000000000000000000e+00 -1.386229869202005400e-04
3.000000000000000000e+00 -1.378351610549752890e-04
4.000000000000000000e+00 -1.382922203355639861e-04
5.000000000000000000e+00 -1.347388421691827218e-04
6.000000000000000000e+00 -1.380559584893949958e-04
7.000000000000000000e+00 -1.379253701235125186e-04
8.000000000000000000e+00 -1.381659276396118429e-04
9.000000000000000000e+00 4.509594292876026073e-06
1.000000000000000000e+01 -1.373540460227766675e-04
1.100000000000000000e+01 -1.370078150263908572e-04
1.200000000000000000e+01 -1.360198109424115565e-04
1.300000000000000000e+01 -1.354519233776199454e-04
1.400000000000000000e+01 2.366914131620013572e-06
1.500000000000000000e+01 -1.327387782496141418e-04
1.600000000000000000e+01 -1.329793357657134661e-04
1.700000000000000000e+01 -1.338367514838102897e-04
1.800000000000000000e+01 -1.309431882187299997e-04
1.900000000000000000e+01 -1.386229869202005400e-04
1.000000000000000000e+00 1.875919058581596965e-05
2.000000000000000000e+00 -3.130684245235328483e-06
3.000000000000000000e+00 -3.130684245235328483e-06
4.000000000000000000e+00 -2.890126729136016920e-06
5.000000000000000000e+00 -3.130684245235328483e-06
6.000000000000000000e+00 -5.515640190562790571e-07
7.000000000000000000e+00 -1.780125619134906920e-06
8.000000000000000000e+00 -2.914182480745947992e-06
9.000000000000000000e+00 5.737296758968585135e-06
1.000000000000000000e+01 1.582954369332078304e-05
1.100000000000000000e+01 6.316353065579071207e-06
1.200000000000000000e+01 -3.130684245235328483e-06
1.300000000000000000e+01 2.680498036535187891e-07
1.400000000000000000e+01 -1.996627383624287411e-06
1.500000000000000000e+01 2.728437712957836465e-05
1.600000000000000000e+01 1.686909581646423679e-05
1.700000000000000000e+01 -1.213097188329386384e-06
1.800000000000000000e+01 3.099755421736845822e-05
1.900000000000000000e+01 -3.130684245235328483e-06
1.000000000000000000e+00 -5.754015506337486823e-04
2.000000000000000000e+00 -5.894681513876559933e-04
3.000000000000000000e+00 -5.894681513876559933e-04
4.000000000000000000e+00 -5.894681513876559933e-04
5.000000000000000000e+00 -5.883340945260449048e-04
6.000000000000000000e+00 -5.879990322714779899e-04
7.000000000000000000e+00 -5.889011229568505033e-04
8.000000000000000000e+00 -5.891373848030194123e-04
9.000000000000000000e+00 -5.790777849601377956e-04
1.000000000000000000e+01 -5.823424941071999412e-04
1.100000000000000000e+01 -5.803063465602164477e-04
1.200000000000000000e+01 -5.757323172183852634e-04
1.300000000000000000e+01 -5.830040272764729949e-04
1.400000000000000000e+01 -2.211410880141530090e-06
1.500000000000000000e+01 -5.761146318421859602e-04
1.600000000000000000e+01 -5.867747663413297801e-04
1.700000000000000000e+01 -5.818699704148620148e-04
1.800000000000000000e+01 -5.720466324181494155e-04
1.900000000000000000e+01 -5.894681513876559933e-04
1.000000000000000000e+00 6.811214241554798528e-06
2.000000000000000000e+00 -2.347154049940427456e-06
3.000000000000000000e+00 -2.347154049940427456e-06
4.000000000000000000e+00 -2.347154049940427456e-06
5.000000000000000000e+00 -2.016387465303873951e-06
6.000000000000000000e+00 -2.347154049940427456e-06
7.000000000000000000e+00 3.235498591535743103e-06
8.000000000000000000e+00 -9.880040839793159825e-07
9.000000000000000000e+00 -1.102268904126489208e-06
1.000000000000000000e+01 3.439972480220158059e-06
1.100000000000000000e+01 1.253304658877414250e-05
1.200000000000000000e+01 4.288796858456300626e-06
1.300000000000000000e+01 3.831737577867608572e-06
1.400000000000000000e+01 -1.102268904126489208e-06
1.500000000000000000e+01 1.097371840405896018e-05
1.600000000000000000e+01 1.579088266394767802e-06
1.700000000000000000e+01 1.099691502168282304e-07
1.800000000000000000e+01 3.485506581481813483e-06
1.900000000000000000e+01 -2.347154049940427456e-06
1.000000000000000000e+00 2.380832102194331126e-05
2.000000000000000000e+00 -2.186495994545530112e-06
3.000000000000000000e+00 -2.186495994545530112e-06
4.000000000000000000e+00 -1.374614377710352846e-06
5.000000000000000000e+00 -9.416108487315917579e-07
6.000000000000000000e+00 -1.619467563740009364e-06
7.000000000000000000e+00 -1.488879197857525860e-06
8.000000000000000000e+00 -1.619467563740009364e-06
9.000000000000000000e+00 2.358322791759324085e-06
1.000000000000000000e+01 2.096458752805501697e-05
1.100000000000000000e+01 1.048744856794392277e-05
1.200000000000000000e+01 9.880040839793159825e-07
1.300000000000000000e+01 1.672733870876285411e-05
1.400000000000000000e+01 -3.745824179260711691e-07
1.500000000000000000e+01 2.945970438230500067e-06
1.600000000000000000e+01 7.884272590154942591e-06
1.700000000000000000e+01 6.129061856616036072e-06
1.800000000000000000e+01 2.401537231258593251e-05
1.900000000000000000e+01 -2.186495994545530112e-06
1.000000000000000000e+00 4.926274276119476564e-06
2.000000000000000000e+00 -3.174500078524846094e-06
3.000000000000000000e+00 -3.174500078524846094e-06
4.000000000000000000e+00 -2.607471647719325559e-06
5.000000000000000000e+00 1.179590962872696496e-06
6.000000000000000000e+00 -1.945938478446218126e-06
7.000000000000000000e+00 -1.142648201471730770e-06
8.000000000000000000e+00 -1.048143463004144085e-06
9.000000000000000000e+00 3.988099963332161385e-06
1.000000000000000000e+01 -1.378910047640697590e-06
1.100000000000000000e+01 1.804181370744838045e-07
1.200000000000000000e+01 1.440509954441842875e-05
1.300000000000000000e+01 5.472683491259342077e-07
1.400000000000000000e+01 -2.405575160993117216e-07
1.500000000000000000e+01 1.677029540806630536e-06
1.600000000000000000e+01 1.224265930148283014e-06
1.700000000000000000e+01 5.117002021026788171e-06
1.800000000000000000e+01 8.447005351030117325e-06
1.900000000000000000e+01 -3.174500078524846094e-06
1.000000000000000000e+00 -7.815370044472211644e-05
2.000000000000000000e+00 -8.285402248250544395e-05
3.000000000000000000e+00 -8.285402248250544395e-05
4.000000000000000000e+00 -8.285402248250544395e-05
5.000000000000000000e+00 -8.285402248250544395e-05
6.000000000000000000e+00 -7.703854453080459215e-05
7.000000000000000000e+00 -7.365957056359531967e-05
8.000000000000000000e+00 -8.237290745030682252e-05
9.000000000000000000e+00 -7.026169564869255073e-05
1.000000000000000000e+01 5.973558605137551743e-06
1.100000000000000000e+01 -6.578303017931499681e-05
1.200000000000000000e+01 -8.057731741942268037e-05
1.300000000000000000e+01 -7.794149435016307751e-05
1.400000000000000000e+01 1.547300308910215938e-06
1.500000000000000000e+01 -8.184969485279082002e-05
1.600000000000000000e+01 -6.913107532302578359e-05
1.700000000000000000e+01 -8.140895911793744608e-05
1.800000000000000000e+01 -6.735524537382121823e-05
1.900000000000000000e+01 -8.285402248250544395e-05
1.000000000000000000e+00 -5.778698425757248548e-04
2.000000000000000000e+00 -5.868237369785356955e-04
3.000000000000000000e+00 -5.864929703938991145e-04
4.000000000000000000e+00 -5.854886427641845447e-04
5.000000000000000000e+00 -5.840238193179368752e-04
6.000000000000000000e+00 -5.850075277319858420e-04
7.000000000000000000e+00 -5.863666776979469713e-04
8.000000000000000000e+00 -5.862764686294097416e-04
9.000000000000000000e+00 -5.812393660690873655e-04
1.000000000000000000e+01 -5.842600811641058926e-04
1.100000000000000000e+01 -5.758749334600726756e-04
1.200000000000000000e+01 -5.154365758080928055e-04
1.300000000000000000e+01 -5.761154909761720270e-04
1.400000000000000000e+01 1.124348647568461795e-05
1.500000000000000000e+01 -5.808905576707433819e-04
1.600000000000000000e+01 -5.816783835359685788e-04
1.700000000000000000e+01 -5.809953720170437470e-04
1.800000000000000000e+01 -4.980477039300567656e-04
1.900000000000000000e+01 -5.868237369785356955e-04
1.000000000000000000e+00 -5.799798756455103090e-04
2.000000000000000000e+00 -5.867215000341935308e-04
3.000000000000000000e+00 -5.867215000341935308e-04
4.000000000000000000e+00 -5.867215000341935308e-04
5.000000000000000000e+00 -5.854929384341148787e-04
6.000000000000000000e+00 -5.810005268209602561e-04
7.000000000000000000e+00 -5.855788518327217744e-04
8.000000000000000000e+00 -5.867215000341935308e-04
9.000000000000000000e+00 -5.671005980603503359e-04
1.000000000000000000e+01 -5.650842105950464869e-04
1.100000000000000000e+01 -5.856931166528688741e-04
1.200000000000000000e+01 -5.855006706399894798e-04
1.300000000000000000e+01 -5.865049982697040495e-04
1.400000000000000000e+01 1.142648201471730797e-07
1.500000000000000000e+01 -5.784205474607950759e-04
1.600000000000000000e+01 -5.819026175063326612e-04
1.700000000000000000e+01 -5.847051125688895734e-04
1.800000000000000000e+01 -5.600445306327659105e-04
1.900000000000000000e+01 -5.867215000341935308e-04
1.000000000000000000e+00 1.477710456038629230e-06
2.000000000000000000e+00 -1.921882726836287054e-06
3.000000000000000000e+00 -1.591116142199733338e-06
4.000000000000000000e+00 -1.921882726836287054e-06
5.000000000000000000e+00 -3.178795748455191023e-08
6.000000000000000000e+00 -7.835301952949011330e-07
7.000000000000000000e+00 -1.591116142199733338e-06
8.000000000000000000e+00 -1.019792041463868058e-06
9.000000000000000000e+00 4.225220943487197322e-06
1.000000000000000000e+01 1.649966820245457911e-05
1.100000000000000000e+01 6.812932509526936341e-06
1.200000000000000000e+01 1.244713319016724509e-05
1.300000000000000000e+01 5.494161840911066430e-06
1.400000000000000000e+01 1.400216570495208161e-05
1.500000000000000000e+01 2.240621435667875108e-05
1.600000000000000000e+01 1.277789977480379902e-05
1.700000000000000000e+01 -3.625545421211055804e-07
1.800000000000000000e+01 3.677523027368228322e-05
1.900000000000000000e+01 -1.921882726836287054e-06
1.000000000000000000e+00 -5.804523993378482355e-04
2.000000000000000000e+00 -6.035064007200229919e-04
3.000000000000000000e+00 -6.035064007200229919e-04
4.000000000000000000e+00 -6.029393722892173934e-04
5.000000000000000000e+00 -6.013199047254773767e-04
6.000000000000000000e+00 -6.031756341353864109e-04
7.000000000000000000e+00 -5.956633665611993280e-04
8.000000000000000000e+00 -6.011437822583332513e-04
9.000000000000000000e+00 -5.896202181031901402e-04
1.000000000000000000e+01 -5.959039240772986794e-04
1.100000000000000000e+01 -6.013199047254773767e-04
1.200000000000000000e+01 -5.927852677078683215e-04
1.300000000000000000e+01 -6.035064007200229919e-04
1.400000000000000000e+01 -1.586304991877747250e-05
1.500000000000000000e+01 -5.875591556706107098e-04
1.600000000000000000e+01 -5.911408852585322594e-04
1.700000000000000000e+01 -5.874088072230486965e-04
1.800000000000000000e+01 -5.713859583828623202e-04
1.900000000000000000e+01 -6.035064007200229919e-04
1.000000000000000000e+00 7.402298423970250136e-06
2.000000000000000000e+00 -4.775066694571338037e-06
3.000000000000000000e+00 -4.775066694571338037e-06
4.000000000000000000e+00 -4.775066694571338037e-06
5.000000000000000000e+00 -4.775066694571338037e-06
6.000000000000000000e+00 -2.085118184189391541e-06
7.000000000000000000e+00 -3.750978983177125447e-06
8.000000000000000000e+00 -4.077449897883333573e-06
9.000000000000000000e+00 1.729436713956837634e-06
1.000000000000000000e+01 6.023388376329552546e-06
1.100000000000000000e+01 6.818946447429419109e-06
1.200000000000000000e+01 -2.405575160993117216e-07
1.300000000000000000e+01 1.012059835589247224e-05
1.400000000000000000e+01 -4.775066694571338037e-06
1.500000000000000000e+01 -2.163299376921667523e-06
1.600000000000000000e+01 6.468419781113279064e-06
1.700000000000000000e+01 -2.734623477657533014e-06
1.800000000000000000e+01 1.293683956222655813e-05
1.900000000000000000e+01 -4.775066694571338037e-06
1.000000000000000000e+00 -1.163972766139948671e-03
2.000000000000000000e+00 -1.172047766475010910e-03
3.000000000000000000e+00 -1.172047766475010910e-03
4.000000000000000000e+00 -1.171480738044205529e-03
5.000000000000000000e+00 -1.171716999890374438e-03
6.000000000000000000e+00 -1.171476442374275086e-03
7.000000000000000000e+00 -1.170247880774196543e-03
8.000000000000000000e+00 -1.168787352997879099e-03
9.000000000000000000e+00 -1.165910113278534159e-03
1.000000000000000000e+01 -1.162980466386039037e-03
1.100000000000000000e+01 -1.172047766475010910e-03
1.200000000000000000e+01 -1.156355684219461223e-03
1.300000000000000000e+01 -1.172047766475010910e-03
1.400000000000000000e+01 1.370318707780007891e-06
1.500000000000000000e+01 -1.171716999890374438e-03
1.600000000000000000e+01 -1.150982660270585866e-03
1.700000000000000000e+01 -1.170814909205001924e-03
1.800000000000000000e+01 -1.151214626446824549e-03
1.900000000000000000e+01 -1.172047766475010910e-03
1.000000000000000000e+00 3.962755510743126572e-05
2.000000000000000000e+00 -1.603058104606091983e-05
3.000000000000000000e+00 -1.603058104606091983e-05
4.000000000000000000e+00 -1.603058104606091983e-05
5.000000000000000000e+00 -1.277360410487345322e-05
6.000000000000000000e+00 -1.603058104606091983e-05
7.000000000000000000e+00 -1.557352176547222947e-05
8.000000000000000000e+00 -1.458551768149291348e-05
9.000000000000000000e+00 -1.144710123038296357e-05
1.000000000000000000e+01 -1.167133520074696465e-05
1.100000000000000000e+01 -7.243358636547491028e-06
1.200000000000000000e+01 -1.089983288125702831e-05
1.300000000000000000e+01 1.458551768149291348e-05
1.400000000000000000e+01 -1.436901591700353215e-05
1.500000000000000000e+01 1.014207670554419616e-05
1.600000000000000000e+01 2.982827286232858733e-05
1.700000000000000000e+01 4.892768050662787099e-06
1.800000000000000000e+01 3.677952594361262903e-06
1.900000000000000000e+01 -1.603058104606091983e-05
1.000000000000000000e+00 2.518121713168152523e-06
2.000000000000000000e+00 -5.149649112497409153e-06
3.000000000000000000e+00 -5.149649112497409153e-06
4.000000000000000000e+00 -5.149649112497409153e-06
5.000000000000000000e+00 -4.337767495662232099e-06
6.000000000000000000e+00 -4.602380763371474734e-06
7.000000000000000000e+00 -4.125561401103196563e-06
8.000000000000000000e+00 -5.149649112497409153e-06
9.000000000000000000e+00 -2.301619948678772032e-06
1.000000000000000000e+01 4.880740174857821564e-06
1.100000000000000000e+01 2.754383559337119554e-06
1.200000000000000000e+01 -2.211410880141530090e-06
1.300000000000000000e+01 9.193592784924054109e-06
1.400000000000000000e+01 -5.149649112497409153e-06
1.500000000000000000e+01 1.478913243619125911e-05
1.600000000000000000e+01 6.680625875672314600e-06
1.700000000000000000e+01 -2.872944049414637523e-06
1.800000000000000000e+01 1.559671838309609036e-05
1.900000000000000000e+01 -5.149649112497409153e-06
1.000000000000000000e+00 -1.056219322473192313e-05
2.000000000000000000e+00 -1.856073063503404000e-05
3.000000000000000000e+00 -1.856073063503404000e-05
4.000000000000000000e+00 -1.856073063503404000e-05
5.000000000000000000e+00 -7.477902214744319823e-06
6.000000000000000000e+00 -9.935025414901574913e-06
7.000000000000000000e+00 -1.597731473892464340e-05
8.000000000000000000e+00 -1.168078567459372304e-05
9.000000000000000000e+00 -8.139435384017425985e-06
1.000000000000000000e+01 -1.359064052562504456e-05
1.100000000000000000e+01 -1.661479215658782018e-05
1.200000000000000000e+01 4.524199570639198751e-06
1.300000000000000000e+01 -6.489898130765002993e-06
1.400000000000000000e+01 -4.101505649493265492e-06
1.500000000000000000e+01 4.818882527860855225e-06
1.600000000000000000e+01 -8.375697230186392593e-06
1.700000000000000000e+01 -1.676084493421954697e-05
1.800000000000000000e+01 -2.417603036798082858e-06
1.900000000000000000e+01 -1.856073063503404000e-05
1.000000000000000000e+00 1.885455445826962715e-05
2.000000000000000000e+00 -4.582620681691888617e-06
3.000000000000000000e+00 -4.582620681691888617e-06
4.000000000000000000e+00 -4.582620681691888617e-06
5.000000000000000000e+00 -2.085118184189391541e-06
6.000000000000000000e+00 -3.137557317123880581e-06
7.000000000000000000e+00 1.221430787994255411e-05
8.000000000000000000e+00 -2.656442284925257032e-06
9.000000000000000000e+00 2.347755443730675733e-05
1.000000000000000000e+01 1.314474998685524903e-07
1.100000000000000000e+01 5.497598376855342055e-06
1.200000000000000000e+01 7.594744436849699555e-07
1.300000000000000000e+01 1.093247997272764929e-05
1.400000000000000000e+01 -3.885003885003885001e-06
1.500000000000000000e+01 1.090842422111771822e-05
1.600000000000000000e+01 9.639483323693849110e-06
1.700000000000000000e+01 -2.896999801024568594e-06
1.800000000000000000e+01 2.025408372157598018e-05
1.900000000000000000e+01 -4.582620681691888617e-06
1.000000000000000000e+00 1.533554165133112378e-06
2.000000000000000000e+00 -2.162440242935598617e-06
3.000000000000000000e+00 -2.162440242935598617e-06
4.000000000000000000e+00 -2.162440242935598617e-06
5.000000000000000000e+00 -2.162440242935598617e-06
6.000000000000000000e+00 -1.921882726836287054e-06
7.000000000000000000e+00 -1.262926959521386552e-07
8.000000000000000000e+00 -1.114296779931454744e-06
9.000000000000000000e+00 -6.572374993427624778e-07
1.000000000000000000e+01 4.811150321986234433e-07
1.100000000000000000e+01 5.736437624982515805e-06
1.200000000000000000e+01 6.812932509526936553e-07
1.300000000000000000e+01 3.238935127480018729e-06
1.400000000000000000e+01 -2.162440242935598617e-06
1.500000000000000000e+01 4.838642609540442188e-06
1.600000000000000000e+01 1.162408283151317099e-06
1.700000000000000000e+01 1.288700979103455860e-06
1.800000000000000000e+01 5.976995141081828215e-06
1.900000000000000000e+01 -2.162440242935598617e-06
1.000000000000000000e+00 -5.801018726715320099e-04
2.000000000000000000e+00 -5.873589774518566059e-04
3.000000000000000000e+00 -5.873589774518566059e-04
4.000000000000000000e+00 -5.873589774518566059e-04
5.000000000000000000e+00 -5.862644407536048066e-04
6.000000000000000000e+00 -5.873589774518566059e-04
7.000000000000000000e+00 -5.834164115897861377e-04
8.000000000000000000e+00 -5.839834400205916277e-04
9.000000000000000000e+00 -5.796456725249294608e-04
1.000000000000000000e+01 -5.709890384812984880e-04
1.100000000000000000e+01 -5.831552348580211834e-04
1.200000000000000000e+01 -5.810907358894974858e-04
1.300000000000000000e+01 -5.756094610583773873e-04
1.400000000000000000e+01 3.788780878564160185e-07
1.500000000000000000e+01 -5.728748375807198598e-04
1.600000000000000000e+01 -5.804695820175695712e-04
1.700000000000000000e+01 -5.840856769649339008e-04
1.800000000000000000e+01 -5.685327744151272506e-04
1.900000000000000000e+01 -5.873589774518566059e-04
1.000000000000000000e+00 2.340796458443517126e-05
2.000000000000000000e+00 -1.926178396766632009e-06
3.000000000000000000e+00 -1.926178396766632009e-06
4.000000000000000000e+00 -1.926178396766632009e-06
5.000000000000000000e+00 1.134056861611041072e-06
6.000000000000000000e+00 -1.595411812130078293e-06
7.000000000000000000e+00 1.679778769562051036e-05
8.000000000000000000e+00 -1.595411812130078293e-06
9.000000000000000000e+00 5.093805403402926430e-06
1.000000000000000000e+01 3.880708215073540045e-06
1.100000000000000000e+01 6.995068914573558037e-06
1.200000000000000000e+01 1.213956322315455375e-05
1.300000000000000000e+01 9.341363830527916163e-06
1.400000000000000000e+01 1.007764165658902311e-06
1.500000000000000000e+01 -1.262926959521386552e-07
1.600000000000000000e+01 7.235626430672869600e-06
1.700000000000000000e+01 7.777739975882389735e-06
1.800000000000000000e+01 1.736481612642603090e-05
1.900000000000000000e+01 -1.926178396766632009e-06
1.000000000000000000e+00 -5.813845597127330865e-04
2.000000000000000000e+00 -5.868074134328004265e-04
3.000000000000000000e+00 -5.868074134328004265e-04
4.000000000000000000e+00 -5.868074134328004265e-04
5.000000000000000000e+00 -5.860195875675751212e-04
6.000000000000000000e+00 -5.843657546443923245e-04
7.000000000000000000e+00 -5.804334983901546577e-04
8.000000000000000000e+00 -5.854327990550899866e-04
9.000000000000000000e+00 -5.785073199933880384e-04
1.000000000000000000e+01 -5.829395922275178773e-04
1.100000000000000000e+01 -5.827548784205130840e-04
1.200000000000000000e+01 -5.831801497436172287e-04
1.300000000000000000e+01 -5.831999098252967648e-04
1.400000000000000000e+01 2.733764343671464108e-06
1.500000000000000000e+01 -5.805426084063854651e-04
1.600000000000000000e+01 -5.798819343710983698e-04
1.700000000000000000e+01 -5.828450874890503137e-04
1.800000000000000000e+01 -5.753886636239576805e-04
1.900000000000000000e+01 -5.868074134328004265e-04
1.000000000000000000e+00 1.587593692856850483e-05
2.000000000000000000e+00 -3.260413477131743081e-06
3.000000000000000000e+00 -2.713145128005809085e-06
4.000000000000000000e+00 -3.260413477131743081e-06
5.000000000000000000e+00 1.795590030884148452e-07
6.000000000000000000e+00 -3.260413477131743081e-06
7.000000000000000000e+00 5.103255877249684823e-07
8.000000000000000000e+00 -2.929646892495189576e-06
9.000000000000000000e+00 4.999300664935339109e-06
1.000000000000000000e+01 7.474465678800043668e-08
1.100000000000000000e+01 1.975149033972563059e-06
1.200000000000000000e+01 -1.370318707780007891e-06
1.300000000000000000e+01 -1.153816943290627400e-06
1.400000000000000000e+01 1.408120603167042735e-06
1.500000000000000000e+01 3.098896287750776831e-06
1.600000000000000000e+01 7.474465678800043668e-08
1.700000000000000000e+01 1.252101871296917697e-05
1.800000000000000000e+01 1.720931287494754911e-05
1.900000000000000000e+01 -3.260413477131743081e-06
1.000000000000000000e+00 -4.973354818556056359e-05
2.000000000000000000e+00 -7.093010188985420645e-05
3.000000000000000000e+00 -6.569453937874990073e-05
4.000000000000000000e+00 -7.059933530521765252e-05
5.000000000000000000e+00 -6.078544778235180144e-05
6.000000000000000000e+00 -7.059933530521765252e-05
7.000000000000000000e+00 -6.560003464028231002e-05
8.000000000000000000e+00 -7.036307345904868930e-05
9.000000000000000000e+00 -6.733462615815556109e-05
1.000000000000000000e+01 -6.870924053586591966e-05
1.100000000000000000e+01 -6.266179640792643858e-05
1.200000000000000000e+01 -6.865339682677142931e-05
1.300000000000000000e+01 -7.093010188985420645e-05
1.400000000000000000e+01 2.207115210211185135e-06
1.500000000000000000e+01 -6.315236191397180824e-05
1.600000000000000000e+01 6.459828441252589154e-06
1.700000000000000000e+01 -5.105661452410677930e-05
1.800000000000000000e+01 -4.572654727453488965e-05
1.900000000000000000e+01 -7.093010188985420645e-05
1.000000000000000000e+00 2.139243625311736452e-06
2.000000000000000000e+00 -1.860025079839321139e-06
3.000000000000000000e+00 -1.860025079839321139e-06
4.000000000000000000e+00 -1.860025079839321139e-06
5.000000000000000000e+00 -1.402965799250628873e-06
6.000000000000000000e+00 -9.622300643972468865e-07
7.000000000000000000e+00 2.999236745366776072e-06
8.000000000000000000e+00 -1.860025079839321139e-06
9.000000000000000000e+00 -6.812932509526936553e-07
1.000000000000000000e+01 3.215738509856156563e-06
1.100000000000000000e+01 2.031851877053115197e-05
1.200000000000000000e+01 4.871289701011063170e-07
1.300000000000000000e+01 1.569981446142436590e-05
1.400000000000000000e+01 -9.699622702718676789e-07
1.500000000000000000e+01 2.120858158009860501e-05
1.600000000000000000e+01 1.633213707517112925e-06
1.700000000000000000e+01 -7.294047541725560102e-07
1.800000000000000000e+01 1.685449053870106411e-05
1.900000000000000000e+01 -1.860025079839321139e-06
1.000000000000000000e+00 2.239246821290164858e-05
2.000000000000000000e+00 -5.999332624719621474e-06
3.000000000000000000e+00 -5.999332624719621474e-06
4.000000000000000000e+00 -2.559360144499462992e-06
5.000000000000000000e+00 -5.235562511104306563e-06
6.000000000000000000e+00 -4.865275763108580402e-06
7.000000000000000000e+00 -5.668566040083067546e-06
8.000000000000000000e+00 -5.999332624719621474e-06
9.000000000000000000e+00 3.031282443047148608e-05
1.000000000000000000e+01 -9.828492800629023327e-07
1.100000000000000000e+01 2.126356615520702009e-06
1.200000000000000000e+01 1.318942495413083607e-05
1.300000000000000000e+01 -4.860980093178235447e-06
1.400000000000000000e+01 -5.999332624719621474e-06
1.500000000000000000e+01 -2.778439310947050626e-06
1.600000000000000000e+01 -6.082668621368311107e-07
1.700000000000000000e+01 1.662939743435099286e-05
1.800000000000000000e+01 3.765498347541691108e-05
1.900000000000000000e+01 -5.999332624719621474e-06
1.000000000000000000e+00 8.873135808120327056e-06
2.000000000000000000e+00 -4.732969129253958662e-06
3.000000000000000000e+00 -4.732969129253958662e-06
4.000000000000000000e+00 -4.732969129253958662e-06
5.000000000000000000e+00 -4.402202544617404734e-06
6.000000000000000000e+00 -3.794794816466643059e-06
7.000000000000000000e+00 -4.275909848665266608e-06
8.000000000000000000e+00 -4.299965600275197679e-06
9.000000000000000000e+00 9.027779925612742056e-06
1.000000000000000000e+01 9.468515660466124466e-06
1.100000000000000000e+01 -3.006968951241396653e-06
1.200000000000000000e+01 2.780157578919188438e-06
1.300000000000000000e+01 -4.492411613154647099e-06
1.400000000000000000e+01 -3.945143264028712679e-06
1.500000000000000000e+01 1.288872805900669598e-05
1.600000000000000000e+01 1.494893135760008628e-06
1.700000000000000000e+01 -1.838546730187596998e-06
1.800000000000000000e+01 1.075378010362530322e-05
1.900000000000000000e+01 -4.732969129253958662e-06
1.000000000000000000e+00 -2.236239852338923304e-05
2.000000000000000000e+00 -2.693814613319257126e-05
3.000000000000000000e+00 -2.693814613319257126e-05
4.000000000000000000e+00 -2.693814613319257126e-05
5.000000000000000000e+00 -2.557899616723145894e-05
6.000000000000000000e+00 -2.369319706781007018e-05
7.000000000000000000e+00 -2.077471891713377554e-05
8.000000000000000000e+00 -2.660737954855601733e-05
9.000000000000000000e+00 -4.056830682217678974e-06
1.000000000000000000e+01 -3.876412545143195090e-06
1.100000000000000000e+01 -2.279540205236799572e-05
1.200000000000000000e+01 -6.027684046259897501e-06
1.300000000000000000e+01 -2.332634685575861965e-05
1.400000000000000000e+01 7.787190449729148128e-06
1.500000000000000000e+01 -1.987692390169170108e-05
1.600000000000000000e+01 -1.031648090471619813e-05
1.700000000000000000e+01 -1.992675367288370357e-05
1.800000000000000000e+01 -1.521268549132326170e-05
1.900000000000000000e+01 -2.693814613319257126e-05
1.000000000000000000e+00 -5.821019365911005898e-04
2.000000000000000000e+00 -5.870522666188300034e-04
3.000000000000000000e+00 -5.870522666188300034e-04
4.000000000000000000e+00 -5.870522666188300034e-04
5.000000000000000000e+00 -5.862644407536048066e-04
6.000000000000000000e+00 -5.870522666188300034e-04
7.000000000000000000e+00 -5.849997955261112409e-04
8.000000000000000000e+00 -5.832901188938339945e-04
9.000000000000000000e+00 -5.846690289414746599e-04
1.000000000000000000e+01 -5.821517663622925720e-04
1.100000000000000000e+01 -5.855470638752371948e-04
1.200000000000000000e+01 -5.660026248261541609e-04
1.300000000000000000e+01 -5.817711700064641172e-04
1.400000000000000000e+01 2.405575160993117415e-08
1.500000000000000000e+01 -5.650644505133668423e-04
1.600000000000000000e+01 -5.870522666188300034e-04
1.700000000000000000e+01 -5.838373872429599484e-04
1.800000000000000000e+01 -5.616691530004223280e-04
1.900000000000000000e+01 -5.870522666188300034e-04
1.000000000000000000e+00 -8.300093439412323753e-06
2.000000000000000000e+00 -1.756843088112437822e-05
3.000000000000000000e+00 -1.756843088112437822e-05
4.000000000000000000e+00 -1.756843088112437822e-05
5.000000000000000000e+00 -1.675654926428919947e-05
6.000000000000000000e+00 -1.609931176494643911e-05
7.000000000000000000e+00 -1.546183434728326233e-05
8.000000000000000000e+00 -1.612336751655637018e-05
9.000000000000000000e+00 -1.520151674950436465e-05
1.000000000000000000e+01 -1.011200701603178232e-05
1.100000000000000000e+01 -3.439972480220158059e-06
1.200000000000000000e+01 -1.567833611177264197e-05
1.300000000000000000e+01 -1.254765186653731518e-05
1.400000000000000000e+01 -1.288786892502062750e-05
1.500000000000000000e+01 -1.052095479340061224e-05
1.600000000000000000e+01 -4.623859113023199510e-06
1.700000000000000000e+01 -7.402298423970250136e-06
1.800000000000000000e+01 5.918574030029138349e-06
1.900000000000000000e+01 -1.756843088112437822e-05
1.000000000000000000e+00 -5.773732631317770583e-04
2.000000000000000000e+00 -5.910231839024407841e-04
3.000000000000000000e+00 -5.910231839024407841e-04
4.000000000000000000e+00 -5.910231839024407841e-04
5.000000000000000000e+00 -5.910231839024407841e-04
6.000000000000000000e+00 -5.893178029400938716e-04
7.000000000000000000e+00 -5.880935370099456619e-04
8.000000000000000000e+00 -5.910231839024407841e-04
9.000000000000000000e+00 -5.761447015316984062e-04
1.000000000000000000e+01 -5.830246464921387062e-04
1.100000000000000000e+01 -5.910231839024407841e-04
1.200000000000000000e+01 -5.866201222238373245e-04
1.300000000000000000e+01 -5.906924173178043115e-04
1.400000000000000000e+01 -2.731186941713257389e-06
1.500000000000000000e+01 -5.778543781639756526e-04
1.600000000000000000e+01 -5.844980612782469352e-04
1.700000000000000000e+01 -5.836904753313422022e-04
1.800000000000000000e+01 -5.783698585556170269e-04
1.900000000000000000e+01 -5.910231839024407841e-04
1.000000000000000000e+00 -4.740701335128579242e-06
2.000000000000000000e+00 -1.846622589656645268e-05
3.000000000000000000e+00 -1.846622589656645268e-05
4.000000000000000000e+00 -1.846622589656645268e-05
5.000000000000000000e+00 -1.846622589656645268e-05
6.000000000000000000e+00 -1.667063586568230375e-05
7.000000000000000000e+00 -1.723766429648782429e-05
8.000000000000000000e+00 -1.800916661597775893e-05
9.000000000000000000e+00 -1.846622589656645268e-05
1.000000000000000000e+01 -1.200210178538351857e-05
1.100000000000000000e+01 -3.307665846365536636e-07
1.200000000000000000e+01 -1.511130768096712313e-05
1.300000000000000000e+01 -1.097801407398930598e-05
1.400000000000000000e+01 -1.511130768096712313e-05
1.500000000000000000e+01 -8.180673815348736878e-06
1.600000000000000000e+01 -1.846622589656645268e-05
1.700000000000000000e+01 -1.064209268543633777e-05
1.800000000000000000e+01 5.947784585555482859e-06
1.900000000000000000e+01 -1.846622589656645268e-05
1.000000000000000000e+00 -6.560003464028231002e-05
2.000000000000000000e+00 -7.253668244380318073e-05
3.000000000000000000e+00 -7.253668244380318073e-05
4.000000000000000000e+00 -7.253668244380318073e-05
5.000000000000000000e+00 -7.130812084372455573e-05
6.000000000000000000e+00 -7.130812084372455573e-05
7.000000000000000000e+00 -7.196965401299766358e-05
8.000000000000000000e+00 -7.017406398211350788e-05
9.000000000000000000e+00 -6.248137827085195216e-05
1.000000000000000000e+01 -5.847437735982627144e-05
1.100000000000000000e+01 5.424571988039479511e-06
1.200000000000000000e+01 -6.781144552042384858e-05
1.300000000000000000e+01 -7.050053489681971431e-05
1.400000000000000000e+01 -1.701085292416561608e-06
1.500000000000000000e+01 -6.577529797344038216e-05
1.600000000000000000e+01 -6.757088800432452431e-05
1.700000000000000000e+01 -6.796265310197198287e-05
1.800000000000000000e+01 -5.587120138203729465e-05
1.900000000000000000e+01 -7.253668244380318073e-05
1.000000000000000000e+00 8.650620105728464644e-06
2.000000000000000000e+00 -1.709676632277251306e-06
3.000000000000000000e+00 -1.709676632277251306e-06
4.000000000000000000e+00 -1.709676632277251306e-06
5.000000000000000000e+00 -1.228561600078627757e-06
6.000000000000000000e+00 2.366914131620013572e-06
7.000000000000000000e+00 4.468355861544716027e-06
8.000000000000000000e+00 4.383301596923887100e-06
9.000000000000000000e+00 8.871417540148190091e-06
1.000000000000000000e+01 3.624686287224986898e-06
1.100000000000000000e+01 7.105897198776455002e-06
1.200000000000000000e+01 2.126356615520702009e-06
1.300000000000000000e+01 1.885799099421390235e-06
1.400000000000000000e+01 3.816273166118366564e-06
1.500000000000000000e+01 1.114812260323096214e-05
1.600000000000000000e+01 1.095224005440723625e-05
1.700000000000000000e+01 8.079296004992598306e-06
1.800000000000000000e+01 9.528655039490952145e-06
1.900000000000000000e+01 -1.709676632277251306e-06
1.000000000000000000e+00 6.750215728543901519e-06
2.000000000000000000e+00 -2.371209801550358528e-06
3.000000000000000000e+00 -2.371209801550358528e-06
4.000000000000000000e+00 -2.371209801550358528e-06
5.000000000000000000e+00 -2.371209801550358528e-06
6.000000000000000000e+00 -5.756197706662102345e-07
7.000000000000000000e+00 2.342858380010082501e-06
8.000000000000000000e+00 -1.318770668615869699e-06
9.000000000000000000e+00 3.264709147062088142e-07
1.000000000000000000e+01 4.669393214284854510e-06
1.100000000000000000e+01 -1.318770668615869699e-06
1.200000000000000000e+01 2.342858380010082501e-06
1.300000000000000000e+01 4.037929734524161552e-08
1.400000000000000000e+01 -1.142648201471730770e-06
1.500000000000000000e+01 2.166735912865943572e-06
1.600000000000000000e+01 1.505202743592836351e-06
1.700000000000000000e+01 1.469119116177939532e-06
1.800000000000000000e+01 6.926338195688040448e-06
1.900000000000000000e+01 -2.371209801550358528e-06
1.000000000000000000e+00 1.403739019838090973e-05
2.000000000000000000e+00 -1.557352176547222947e-05
3.000000000000000000e+00 -1.557352176547222947e-05
4.000000000000000000e+00 -1.213354928525207098e-05
5.000000000000000000e+00 -1.500649333466670893e-05
6.000000000000000000e+00 -1.156652085444655045e-05
7.000000000000000000e+00 3.566265176172296608e-06
8.000000000000000000e+00 -1.467572675003015500e-05
9.000000000000000000e+00 -1.056219322473192313e-05
1.000000000000000000e+01 3.459732561899744175e-06
1.100000000000000000e+01 -1.377793173458808054e-05
1.200000000000000000e+01 3.459732561899744175e-06
1.300000000000000000e+01 -1.557352176547222947e-05
1.400000000000000000e+01 -5.472683491259342077e-07
1.500000000000000000e+01 -5.893659144433137948e-06
1.600000000000000000e+01 -1.033795925436792206e-05
1.700000000000000000e+01 5.361855207056444689e-06
1.800000000000000000e+01 1.149521273360282572e-05
1.900000000000000000e+01 -1.557352176547222947e-05
1.000000000000000000e+00 1.606666467347581643e-05
2.000000000000000000e+00 -2.040443216913805023e-06
3.000000000000000000e+00 -2.040443216913805023e-06
4.000000000000000000e+00 -2.040443216913805023e-06
5.000000000000000000e+00 1.262926959521386552e-07
6.000000000000000000e+00 8.823306036928327736e-07
7.000000000000000000e+00 -1.162408283151317099e-06
8.000000000000000000e+00 -3.548223362464848410e-07
9.000000000000000000e+00 2.032711011039184019e-06
1.000000000000000000e+01 1.028383381324557757e-06
1.100000000000000000e+01 1.249180815744283203e-06
1.200000000000000000e+01 9.098228912470397882e-07
1.300000000000000000e+01 1.539310362839774304e-05
1.400000000000000000e+01 -7.955580710998666688e-07
1.500000000000000000e+01 2.469151075962221050e-06
1.600000000000000000e+01 1.298581019943249045e-05
1.700000000000000000e+01 2.709708592061533036e-06
1.800000000000000000e+01 3.643587234918504108e-06
1.900000000000000000e+01 -2.040443216913805023e-06
1.000000000000000000e+00 -2.270089731390040840e-05
2.000000000000000000e+00 -7.170933641521876252e-05
3.000000000000000000e+00 -7.170933641521876252e-05
4.000000000000000000e+00 -7.146877889911945180e-05
5.000000000000000000e+00 -7.137856983058220859e-05
6.000000000000000000e+00 -6.769288503034632002e-05
7.000000000000000000e+00 -5.754479438689964787e-05
8.000000000000000000e+00 -7.170933641521876252e-05
9.000000000000000000e+00 -6.044608985785455930e-05
1.000000000000000000e+01 -3.363337728662805430e-05
1.100000000000000000e+01 -5.545452139879383823e-05
1.200000000000000000e+01 -6.077685644249111323e-05
1.300000000000000000e+01 -6.921612958764661251e-05
1.400000000000000000e+01 6.378210712576037546e-06
1.500000000000000000e+01 -6.826936393499859895e-05
1.600000000000000000e+01 4.166799832434506609e-06
1.700000000000000000e+01 -6.298826732263264501e-05
1.800000000000000000e+01 -3.787749917780877180e-05
1.900000000000000000e+01 -7.170933641521876252e-05
1.000000000000000000e+00 -6.158616065736808145e-05
2.000000000000000000e+00 -7.126086847449076037e-05
3.000000000000000000e+00 -7.126086847449076037e-05
4.000000000000000000e+00 -7.126086847449076037e-05
5.000000000000000000e+00 -7.069384004368524323e-05
6.000000000000000000e+00 -7.068954437375489573e-05
7.000000000000000000e+00 -6.988195842685005431e-05
8.000000000000000000e+00 -7.080380919390206324e-05
9.000000000000000000e+00 -6.854686421249887645e-05
1.000000000000000000e+01 -6.820063321611307967e-05
1.100000000000000000e+01 -6.839651576493680895e-05
1.200000000000000000e+01 4.936583883952304287e-06
1.300000000000000000e+01 -6.351577559007899501e-05
1.400000000000000000e+01 8.393739043893841743e-07
1.500000000000000000e+01 -6.213686554243828895e-05
1.600000000000000000e+01 -7.034674991331337965e-05
1.700000000000000000e+01 -6.907437247994522645e-05
1.800000000000000000e+01 -6.156983711163277180e-05
1.900000000000000000e+01 -7.126086847449076037e-05
1.000000000000000000e+00 9.422122425218399289e-06
2.000000000000000000e+00 -1.926178396766632009e-06
3.000000000000000000e+00 -6.976167966880040404e-07
4.000000000000000000e+00 -1.685620880667320235e-06
5.000000000000000000e+00 -1.024087711394212802e-06
6.000000000000000000e+00 2.783594114863464487e-06
7.000000000000000000e+00 -2.405575160993117216e-07
8.000000000000000000e+00 4.209756531737955526e-07
9.000000000000000000e+00 1.454943405407801688e-05
1.000000000000000000e+01 1.814490978577665715e-05
1.100000000000000000e+01 -5.515640190562790571e-07
1.200000000000000000e+01 -1.359149965961111262e-06
1.300000000000000000e+01 3.307665846365536636e-07
1.400000000000000000e+01 -1.926178396766632009e-06
1.500000000000000000e+01 7.598180972793975181e-06
1.600000000000000000e+01 2.055907628663046607e-06
1.700000000000000000e+01 1.682613911716078893e-05
1.800000000000000000e+01 2.499564419069062876e-05
1.900000000000000000e+01 -1.926178396766632009e-06
1.000000000000000000e+00 -6.416614001753319395e-05
2.000000000000000000e+00 -7.368878111912167180e-05
3.000000000000000000e+00 -7.368878111912167180e-05
4.000000000000000000e+00 -7.368878111912167180e-05
5.000000000000000000e+00 -6.846868301976660894e-05
6.000000000000000000e+00 -7.189319108823751610e-05
7.000000000000000000e+00 -6.224511642468297538e-05
8.000000000000000000e+00 -6.963195043690399537e-05
9.000000000000000000e+00 -6.035502165533124930e-05
1.000000000000000000e+01 -6.886474378734440144e-05
1.100000000000000000e+01 -1.509498413523181306e-06
1.200000000000000000e+01 -7.101086048454468788e-05
1.300000000000000000e+01 -6.761556297160011930e-05
1.400000000000000000e+01 -2.958857448021534510e-06
1.500000000000000000e+01 -6.261110750274836252e-05
1.600000000000000000e+01 -7.241984022169779931e-05
1.700000000000000000e+01 -7.188889541830718215e-05
1.800000000000000000e+01 -5.864964069298434358e-05
1.900000000000000000e+01 -7.368878111912167180e-05
1.000000000000000000e+00 -1.323427174820363493e-04
2.000000000000000000e+00 -1.383205717571042443e-04
3.000000000000000000e+00 -1.383205717571042443e-04
4.000000000000000000e+00 -1.383205717571042443e-04
5.000000000000000000e+00 -1.353256306816678293e-04
6.000000000000000000e+00 -1.372681326241697718e-04
7.000000000000000000e+00 -1.341829824801961000e-04
8.000000000000000000e+00 -1.355421324461572022e-04
9.000000000000000000e+00 -1.375086901402690690e-04
1.000000000000000000e+01 -6.632170718858024217e-05
1.100000000000000000e+01 -6.665247377321679610e-05
1.200000000000000000e+01 -1.364803067589445207e-04
1.300000000000000000e+01 -1.355661881977671265e-04
1.400000000000000000e+01 1.292996649033800603e-06
1.500000000000000000e+01 -1.336357141310701461e-04
1.600000000000000000e+01 -1.352354216131305725e-04
1.700000000000000000e+01 -1.359751359751359750e-04
1.800000000000000000e+01 -1.323427174820363493e-04
1.900000000000000000e+01 -1.383205717571042443e-04
1.000000000000000000e+00 1.951522849355666483e-05
2.000000000000000000e+00 -8.581030252856876878e-06
3.000000000000000000e+00 -8.581030252856876878e-06
4.000000000000000000e+00 -8.581030252856876878e-06
5.000000000000000000e+00 -7.588730498947216787e-06
6.000000000000000000e+00 -6.785440221972729644e-06
7.000000000000000000e+00 -7.352468652778250180e-06
8.000000000000000000e+00 -8.581030252856876878e-06
9.000000000000000000e+00 -4.659083606452026787e-06
1.000000000000000000e+01 9.534583063994827895e-05
1.100000000000000000e+01 -7.683235237414802414e-06
1.200000000000000000e+01 -4.989850191088580716e-06
1.300000000000000000e+01 -3.109205895583604554e-06
1.400000000000000000e+01 -5.084354929556167189e-06
1.500000000000000000e+01 1.418516124398477179e-04
1.600000000000000000e+01 8.307911558685551181e-05
1.700000000000000000e+01 -2.683934572479463729e-06
1.800000000000000000e+01 1.580969769824258804e-04
1.900000000000000000e+01 -8.581030252856876878e-06
1.000000000000000000e+00 -1.970853364042218527e-06
2.000000000000000000e+00 -2.035632066591818893e-05
3.000000000000000000e+00 -1.978929223511266840e-05
4.000000000000000000e+00 -2.013981890142880590e-05
5.000000000000000000e+00 -2.035632066591818893e-05
6.000000000000000000e+00 -1.833993320061431286e-05
7.000000000000000000e+00 -1.789490179583058804e-05
8.000000000000000000e+00 -1.978499656518232090e-05
9.000000000000000000e+00 2.457123200157255832e-07
1.000000000000000000e+01 -1.399701090103566733e-05
1.100000000000000000e+01 -7.715023194899354913e-07
1.200000000000000000e+01 -1.801346228590810304e-05
1.300000000000000000e+01 1.671187429701361465e-05
1.400000000000000000e+01 -5.770802984425274600e-06
1.500000000000000000e+01 -1.276415363102669482e-05
1.600000000000000000e+01 -2.035632066591818893e-05
1.700000000000000000e+01 -1.690689771185127036e-05
1.800000000000000000e+01 1.114296779931454744e-06
1.900000000000000000e+01 -2.035632066591818893e-05
1.000000000000000000e+00 -3.799949620383056497e-06
2.000000000000000000e+00 -7.872244714349977055e-06
3.000000000000000000e+00 -7.872244714349977055e-06
4.000000000000000000e+00 -7.872244714349977055e-06
5.000000000000000000e+00 -6.252777150609967903e-06
6.000000000000000000e+00 -5.651383360361687725e-06
7.000000000000000000e+00 -5.831801497436171609e-06
8.000000000000000000e+00 -1.498329671704284677e-06
9.000000000000000000e+00 1.610876223879319666e-06
1.000000000000000000e+01 -2.921055552634499931e-08
1.100000000000000000e+01 1.610876223879319666e-06
1.200000000000000000e+01 1.856588543895045302e-06
1.300000000000000000e+01 -4.371273721118921564e-06
1.400000000000000000e+01 -7.300920613614111564e-06
1.500000000000000000e+01 -1.734591517873251496e-06
1.600000000000000000e+01 -3.615235813378228081e-06
1.700000000000000000e+01 -1.665001665001665000e-06
1.800000000000000000e+01 1.338015269903814768e-05
1.900000000000000000e+01 -7.872244714349977055e-06
