1.000000000000000000e+00 6.028543180245965984e-06
2.000000000000000000e+00 -6.019092706399207591e-06
3.000000000000000000e+00 -6.019092706399207591e-06
4.000000000000000000e+00 -6.019092706399207591e-06
5.000000000000000000e+00 -6.019092706399207591e-06
6.000000000000000000e+00 6.615331692731073271e-07
7.000000000000000000e+00 3.004391549283189934e-06
8.000000000000000000e+00 4.450314047837267300e-07
9.000000000000000000e+00 1.775829949204562177e-06
1.000000000000000000e+01 -2.561937546457670134e-06
1.100000000000000000e+01 -3.128965977263190670e-06
1.200000000000000000e+01 4.450314047837267300e-07
1.300000000000000000e+01 3.138416451109949487e-06
1.400000000000000000e+01 -3.561969506241951653e-06
1.500000000000000000e+01 1.342826420225800982e-06
1.600000000000000000e+01 3.138416451109949487e-06
1.700000000000000000e+01 4.450314047837267300e-07
1.800000000000000000e+01 6.028543180245965984e-06
1.900000000000000000e+01 -6.019092706399207591e-06
1.000000000000000000e+00 5.782830860230240983e-06
2.000000000000000000e+00 -1.547901702700464215e-05
3.000000000000000000e+00 -1.547901702700464215e-05
4.000000000000000000e+00 -1.547901702700464215e-05
5.000000000000000000e+00 -1.547901702700464215e-05
6.000000000000000000e+00 -1.547901702700464215e-05
7.000000000000000000e+00 -1.189556917111096572e-05
8.000000000000000000e+00 -1.436472024707318804e-05
9.000000000000000000e+00 -1.414821848258380670e-05
1.000000000000000000e+01 -1.086374925384213170e-05
1.100000000000000000e+01 -1.414821848258380670e-05
1.200000000000000000e+01 -1.187580908943138045e-05
1.300000000000000000e+01 -1.055703842081551054e-05
1.400000000000000000e+01 -1.458122201156256768e-05
1.500000000000000000e+01 -7.888568260085286699e-06
1.600000000000000000e+01 2.089413854119736072e-06
1.700000000000000000e+01 -1.414821848258380670e-05
1.800000000000000000e+01 3.680529996319469622e-06
1.900000000000000000e+01 -1.547901702700464215e-05
1.000000000000000000e+00 3.770739064856711563e-06
2.000000000000000000e+00 -2.673624964646636429e-06
3.000000000000000000e+00 -2.012091795373528996e-06
4.000000000000000000e+00 -2.673624964646636429e-06
5.000000000000000000e+00 -2.673624964646636429e-06
6.000000000000000000e+00 -2.673624964646636429e-06
7.000000000000000000e+00 -1.350558626100421563e-06
8.000000000000000000e+00 -2.673624964646636429e-06
9.000000000000000000e+00 5.444332069719066474e-06
1.000000000000000000e+01 -1.464823446247594788e-06
1.100000000000000000e+01 -1.681325210736975279e-06
1.200000000000000000e+01 -2.673624964646636429e-06
1.300000000000000000e+01 -2.673624964646636429e-06
1.400000000000000000e+01 1.333375946379042166e-06
1.500000000000000000e+01 4.121265731172851608e-06
1.600000000000000000e+01 2.220861353988288907e-06
1.700000000000000000e+01 -4.725236923379337975e-07
1.800000000000000000e+01 6.322367003481553975e-06
1.900000000000000000e+01 -2.673624964646636429e-06
1.000000000000000000e+00 4.440004440004440001e-06
2.000000000000000000e+00 -1.491628426612946572e-05
3.000000000000000000e+00 -1.491628426612946572e-05
4.000000000000000000e+00 -1.491628426612946572e-05
5.000000000000000000e+00 -1.448328073715070474e-05
6.000000000000000000e+00 -1.491628426612946572e-05
7.000000000000000000e+00 -1.314045431692490375e-05
8.000000000000000000e+00 -1.434925583532394518e-05
9.000000000000000000e+00 -1.266363495465662643e-05
1.000000000000000000e+01 -1.292395255243552411e-05
1.100000000000000000e+01 -1.448328073715070474e-05
1.200000000000000000e+01 1.856588543895045302e-06
1.300000000000000000e+01 -1.235692412163000357e-05
1.400000000000000000e+01 -1.445922498554077366e-05
1.500000000000000000e+01 -1.223063142567786375e-05
1.600000000000000000e+01 -1.491628426612946572e-05
1.700000000000000000e+01 -1.448328073715070474e-05
1.800000000000000000e+01 3.199414964120846072e-06
1.900000000000000000e+01 -1.491628426612946572e-05
1.000000000000000000e+00 4.337767495662232099e-06
2.000000000000000000e+00 -6.133357526546381028e-06
3.000000000000000000e+00 -6.133357526546381028e-06
4.000000000000000000e+00 -6.133357526546381028e-06
5.000000000000000000e+00 -5.566329095740859645e-06
6.000000000000000000e+00 -6.133357526546381028e-06
7.000000000000000000e+00 -6.133357526546381028e-06
8.000000000000000000e+00 -4.999300664935339109e-06
9.000000000000000000e+00 -4.337767495662232099e-06
1.000000000000000000e+01 -3.203710634051191028e-06
1.100000000000000000e+01 3.109205895583604554e-06
1.200000000000000000e+01 7.465874338939354075e-07
1.300000000000000000e+01 -1.559328184715181474e-06
1.400000000000000000e+01 -6.133357526546381028e-06
1.500000000000000000e+01 3.676234326389125090e-06
1.600000000000000000e+01 -4.337767495662232099e-06
1.700000000000000000e+01 -4.999300664935339109e-06
1.800000000000000000e+01 -1.408120603167042735e-06
1.900000000000000000e+01 -6.133357526546381028e-06
1.000000000000000000e+00 1.228561600078627757e-06
2.000000000000000000e+00 -7.015859957036426502e-05
3.000000000000000000e+00 -7.015859957036426502e-05
4.000000000000000000e+00 -6.991804205426495431e-05
5.000000000000000000e+00 -6.967748453816564359e-05
6.000000000000000000e+00 -7.015859957036426502e-05
7.000000000000000000e+00 -6.967748453816564359e-05
8.000000000000000000e+00 -6.926080455492219395e-05
9.000000000000000000e+00 -6.868518478425598181e-05
1.000000000000000000e+01 -6.871353620579626715e-05
1.100000000000000000e+01 -6.708977297212590288e-05
1.200000000000000000e+01 -6.886560292133046823e-05
1.300000000000000000e+01 -8.118816168351771598e-07
1.400000000000000000e+01 -7.015859957036426502e-05
1.500000000000000000e+01 -6.853913200662426180e-05
1.600000000000000000e+01 -6.949706640109115717e-05
1.700000000000000000e+01 -6.967748453816564359e-05
1.800000000000000000e+01 -6.798756798756798751e-05
1.900000000000000000e+01 -7.015859957036426502e-05
1.000000000000000000e+00 -4.450314047837267300e-07
2.000000000000000000e+00 -2.281000733013116586e-06
3.000000000000000000e+00 -1.823941452424424532e-06
4.000000000000000000e+00 -2.281000733013116586e-06
5.000000000000000000e+00 -5.550005550005550001e-07
6.000000000000000000e+00 -2.281000733013116586e-06
7.000000000000000000e+00 -1.583383936325112757e-06
8.000000000000000000e+00 -2.064498968523736094e-06
9.000000000000000000e+00 -6.452096235377968361e-07
1.000000000000000000e+01 -1.252617351688559040e-06
1.100000000000000000e+01 -1.709676632277251306e-06
1.200000000000000000e+01 -1.799885700814493248e-06
1.300000000000000000e+01 -1.126324655736420279e-06
1.400000000000000000e+01 -1.342826420225800982e-06
1.500000000000000000e+01 7.835301952949011330e-07
1.600000000000000000e+01 9.338786428569709656e-07
1.700000000000000000e+01 -7.388552280193146416e-08
1.800000000000000000e+01 6.933211267576591910e-07
1.900000000000000000e+01 -2.281000733013116586e-06
1.000000000000000000e+00 7.337004241029008172e-06
2.000000000000000000e+00 -5.390206628596720716e-06
3.000000000000000000e+00 -5.390206628596720716e-06
4.000000000000000000e+00 -5.390206628596720716e-06
5.000000000000000000e+00 -5.390206628596720716e-06
6.000000000000000000e+00 -5.173704864107340225e-06
7.000000000000000000e+00 -4.933147348008028662e-06
8.000000000000000000e+00 -4.909091596398097590e-06
9.000000000000000000e+00 5.627327608751756654e-06
1.000000000000000000e+01 2.427912644630910581e-06
1.100000000000000000e+01 3.366086957418226608e-06
1.200000000000000000e+01 -5.390206628596720716e-06
1.300000000000000000e+01 -3.513858003022089510e-06
1.400000000000000000e+01 -4.161645028518093171e-06
1.500000000000000000e+01 -2.405575160993117415e-08
1.600000000000000000e+01 4.570592805886923187e-07
1.700000000000000000e+01 -4.909091596398097590e-06
1.800000000000000000e+01 4.570592805886923187e-07
1.900000000000000000e+01 -5.390206628596720716e-06
1.000000000000000000e+00 1.890094769351735190e-06
2.000000000000000000e+00 -2.598880307858635648e-06
3.000000000000000000e+00 -2.598880307858635648e-06
4.000000000000000000e+00 -2.598880307858635648e-06
5.000000000000000000e+00 -2.031851877053115112e-06
6.000000000000000000e+00 -1.937347138585528639e-06
7.000000000000000000e+00 -2.358322791759324085e-06
8.000000000000000000e+00 -2.598880307858635648e-06
9.000000000000000000e+00 9.922997539096609378e-07
1.000000000000000000e+01 -5.670284308055205359e-07
1.100000000000000000e+01 -5.627327608751756865e-07
1.200000000000000000e+01 3.350622545668985129e-07
1.300000000000000000e+01 -1.224265930148283014e-06
1.400000000000000000e+01 -1.134056861611041072e-06
1.500000000000000000e+01 2.036147546983460068e-06
1.600000000000000000e+01 -1.701085292416561608e-06
1.700000000000000000e+01 -3.264709147062088142e-07
1.800000000000000000e+01 3.264709147062088036e-06
1.900000000000000000e+01 -2.598880307858635648e-06
1.000000000000000000e+00 1.244885145813938248e-06
2.000000000000000000e+00 -2.158144573005254085e-06
3.000000000000000000e+00 -2.158144573005254085e-06
4.000000000000000000e+00 -2.158144573005254085e-06
5.000000000000000000e+00 -1.917587056905942099e-06
6.000000000000000000e+00 -2.158144573005254085e-06
7.000000000000000000e+00 -1.941642808515873170e-06
8.000000000000000000e+00 -1.484583527927181116e-06
9.000000000000000000e+00 -1.701085292416561608e-06
1.000000000000000000e+01 -5.867885124851068640e-07
1.100000000000000000e+01 1.811913576619458784e-06
1.200000000000000000e+01 -6.769975810223488059e-07
1.300000000000000000e+01 -6.769975810223488059e-07
1.400000000000000000e+01 -1.701085292416561608e-06
1.500000000000000000e+01 1.811913576619458784e-06
1.600000000000000000e+01 -8.075859469048323104e-07
1.700000000000000000e+01 -1.024087711394212802e-06
1.800000000000000000e+01 3.307665846365536636e-07
1.900000000000000000e+01 -2.158144573005254085e-06
1.000000000000000000e+00 2.386674213299600112e-06
2.000000000000000000e+00 -1.595411812130078293e-06
3.000000000000000000e+00 -1.595411812130078293e-06
4.000000000000000000e+00 -1.114296779931454744e-06
5.000000000000000000e+00 -1.114296779931454744e-06
6.000000000000000000e+00 -1.595411812130078293e-06
7.000000000000000000e+00 -1.354854296030766518e-06
8.000000000000000000e+00 -1.595411812130078293e-06
9.000000000000000000e+00 3.462309963857951424e-07
1.000000000000000000e+01 4.450314047837267300e-07
1.100000000000000000e+01 4.768193622682786469e-07
1.200000000000000000e+01 -1.138352531541386027e-06
1.300000000000000000e+01 1.228561600078627757e-06
1.400000000000000000e+01 -1.114296779931454744e-06
1.500000000000000000e+01 1.503484475620698326e-07
1.600000000000000000e+01 -6.572374993427624778e-07
1.700000000000000000e+01 5.867885124851068640e-07
1.800000000000000000e+01 2.843733493888292590e-06
1.900000000000000000e+01 -1.595411812130078293e-06
1.000000000000000000e+00 4.247558427124990581e-06
2.000000000000000000e+00 -5.806886611840172055e-06
3.000000000000000000e+00 -5.806886611840172055e-06
4.000000000000000000e+00 -5.806886611840172055e-06
5.000000000000000000e+00 -5.325771579641548082e-06
6.000000000000000000e+00 -4.672829750229130983e-06
7.000000000000000000e+00 -3.349763411682916117e-06
8.000000000000000000e+00 -5.806886611840172055e-06
9.000000000000000000e+00 3.530181548757400001e-06
1.000000000000000000e+01 -4.672829750229130983e-06
1.100000000000000000e+01 -5.806886611840172055e-06
1.200000000000000000e+01 4.672829750229130983e-06
1.300000000000000000e+01 -4.672829750229130983e-06
1.400000000000000000e+01 -5.145353442567064198e-06
1.500000000000000000e+01 -2.688230242409808684e-06
1.600000000000000000e+01 -4.011296580956023126e-06
1.700000000000000000e+01 -2.207115210211185135e-06
1.800000000000000000e+01 -4.758743148836027546e-06
1.900000000000000000e+01 -5.806886611840172055e-06
1.000000000000000000e+00 1.505202743592836351e-06
2.000000000000000000e+00 -1.292996649033800603e-06
3.000000000000000000e+00 -1.292996649033800603e-06
4.000000000000000000e+00 -1.292996649033800603e-06
5.000000000000000000e+00 -1.052439132934488828e-06
6.000000000000000000e+00 4.811150321986234433e-07
7.000000000000000000e+00 5.713241007358653852e-07
8.000000000000000000e+00 -2.646132677092428991e-07
9.000000000000000000e+00 1.118592449861799699e-06
1.000000000000000000e+01 1.264645227493524576e-06
1.100000000000000000e+01 2.362618461689668988e-07
1.200000000000000000e+01 -2.646132677092428991e-07
1.300000000000000000e+01 -3.307665846365536636e-07
1.400000000000000000e+01 4.768193622682786469e-07
1.500000000000000000e+01 -2.448531860296565710e-07
1.600000000000000000e+01 1.599707482060423036e-06
1.700000000000000000e+01 -1.076494884544420112e-06
1.800000000000000000e+01 2.166735912865943572e-06
1.900000000000000000e+01 -1.292996649033800603e-06
1.000000000000000000e+00 2.766411435142084878e-07
2.000000000000000000e+00 -2.383237677355324063e-06
3.000000000000000000e+00 -2.142680161256012500e-06
4.000000000000000000e+00 -1.661565129057388951e-06
5.000000000000000000e+00 -1.709676632277251306e-06
6.000000000000000000e+00 -1.204505848468696686e-06
7.000000000000000000e+00 -9.639483323693849110e-07
8.000000000000000000e+00 -2.383237677355324063e-06
9.000000000000000000e+00 -5.068890517806926452e-07
1.000000000000000000e+01 -1.661565129057388951e-06
1.100000000000000000e+01 -7.474465678800043139e-07
1.200000000000000000e+01 -1.445063364568008460e-06
1.300000000000000000e+01 -1.228561600078627757e-06
1.400000000000000000e+01 -5.068890517806926452e-07
1.500000000000000000e+01 -3.470901303718641016e-07
1.600000000000000000e+01 1.099691502168282304e-07
1.700000000000000000e+01 -3.969199015638643751e-07
1.800000000000000000e+01 1.986317775791459688e-06
1.900000000000000000e+01 -2.383237677355324063e-06
1.000000000000000000e+00 4.011296580956023126e-06
2.000000000000000000e+00 -1.685620880667320235e-06
3.000000000000000000e+00 -1.685620880667320235e-06
4.000000000000000000e+00 -1.685620880667320235e-06
5.000000000000000000e+00 -1.685620880667320235e-06
6.000000000000000000e+00 -1.354854296030766518e-06
7.000000000000000000e+00 -4.768193622682786469e-07
8.000000000000000000e+00 -1.685620880667320235e-06
9.000000000000000000e+00 7.715023194899354913e-07
1.000000000000000000e+01 4.125561401103196563e-06
1.100000000000000000e+01 -7.878258652252459823e-07
1.200000000000000000e+01 -1.204505848468696686e-06
1.300000000000000000e+01 -1.685620880667320235e-06
1.400000000000000000e+01 2.085118184189391541e-06
1.500000000000000000e+01 4.011296580956023126e-06
1.600000000000000000e+01 4.209756531737955526e-07
1.700000000000000000e+01 -1.138352531541386027e-06
1.800000000000000000e+01 5.570624765671204600e-06
1.900000000000000000e+01 -1.685620880667320235e-06
1.000000000000000000e+00 -1.142648201471730797e-07
2.000000000000000000e+00 -1.619467563740009364e-06
3.000000000000000000e+00 -1.619467563740009364e-06
4.000000000000000000e+00 -1.619467563740009364e-06
5.000000000000000000e+00 -8.075859469048323104e-07
6.000000000000000000e+00 -1.378910047640697590e-06
7.000000000000000000e+00 -1.619467563740009364e-06
8.000000000000000000e+00 4.295669930344852645e-09
9.000000000000000000e+00 9.020906853724190223e-08
1.000000000000000000e+01 4.527636106583474694e-07
1.100000000000000000e+01 5.472683491259342077e-07
1.200000000000000000e+01 -1.138352531541386027e-06
1.300000000000000000e+01 -2.001782187540701326e-07
1.400000000000000000e+01 -4.854107021289682926e-07
1.500000000000000000e+01 1.681325210736975279e-06
1.600000000000000000e+01 -1.138352531541386027e-06
1.700000000000000000e+01 -3.909059636613816072e-07
1.800000000000000000e+01 2.162440242935598617e-06
1.900000000000000000e+01 -1.619467563740009364e-06
1.000000000000000000e+00 1.332087245399938848e-05
2.000000000000000000e+00 -5.145353442567064198e-06
3.000000000000000000e+00 -5.145353442567064198e-06
4.000000000000000000e+00 -3.349763411682916117e-06
5.000000000000000000e+00 -3.525885878827055045e-06
6.000000000000000000e+00 -5.145353442567064198e-06
7.000000000000000000e+00 3.865243803324298037e-06
8.000000000000000000e+00 -1.554173380798767612e-06
9.000000000000000000e+00 1.296519098376683500e-05
1.000000000000000000e+01 -5.618736268891066743e-07
1.100000000000000000e+01 -3.525885878827055045e-06
1.200000000000000000e+01 4.905655060453821542e-07
1.300000000000000000e+01 -5.145353442567064198e-06
1.400000000000000000e+01 -3.525885878827055045e-06
1.500000000000000000e+01 4.758743148836027546e-06
1.600000000000000000e+01 3.293919702588432970e-06
1.700000000000000000e+01 3.354059081613261072e-06
1.800000000000000000e+01 1.150036753751924000e-05
1.900000000000000000e+01 -5.145353442567064198e-06
1.000000000000000000e+00 -8.794095481401982591e-06
2.000000000000000000e+00 -1.451506869463525724e-05
3.000000000000000000e+00 -1.451506869463525724e-05
4.000000000000000000e+00 -1.451506869463525724e-05
5.000000000000000000e+00 -1.451506869463525724e-05
6.000000000000000000e+00 -1.403395366243663411e-05
7.000000000000000000e+00 -1.394374459389939259e-05
8.000000000000000000e+00 -1.418430210999870331e-05
9.000000000000000000e+00 -1.304594957845731813e-05
1.000000000000000000e+01 -1.199780611545317277e-05
1.100000000000000000e+01 2.963153117951879465e-06
1.200000000000000000e+01 -1.403395366243663411e-05
1.300000000000000000e+01 -9.455628650675088753e-06
1.400000000000000000e+01 -1.451506869463525724e-05
1.500000000000000000e+01 -1.328650709455662884e-05
1.600000000000000000e+01 4.101505649493265492e-06
1.700000000000000000e+01 -1.418430210999870331e-05
1.800000000000000000e+01 4.668534080298786028e-06
1.900000000000000000e+01 -1.451506869463525724e-05
1.000000000000000000e+00 4.427976564199473618e-06
2.000000000000000000e+00 -2.607471647719325559e-06
3.000000000000000000e+00 -2.607471647719325559e-06
4.000000000000000000e+00 -2.607471647719325559e-06
5.000000000000000000e+00 -2.607471647719325559e-06
6.000000000000000000e+00 -1.705380962346906563e-06
7.000000000000000000e+00 -1.709676632277251306e-06
8.000000000000000000e+00 -2.126356615520702009e-06
9.000000000000000000e+00 1.142648201471730770e-06
1.000000000000000000e+01 5.330067249571893037e-06
1.100000000000000000e+01 -2.607471647719325559e-06
1.200000000000000000e+01 -6.529418294124176285e-07
1.300000000000000000e+01 -2.607471647719325559e-06
1.400000000000000000e+01 3.770739064856711563e-06
1.500000000000000000e+01 -2.126356615520702009e-06
1.600000000000000000e+01 8.977950154420742524e-07
1.700000000000000000e+01 -1.134056861611041072e-06
1.800000000000000000e+01 -6.529418294124176285e-07
1.900000000000000000e+01 -2.607471647719325559e-06
1.000000000000000000e+00 2.784023681856498983e-05
2.000000000000000000e+00 -3.571419980088710470e-06
3.000000000000000000e+00 -3.571419980088710470e-06
4.000000000000000000e+00 -3.571419980088710470e-06
5.000000000000000000e+00 -3.114360699500017992e-06
6.000000000000000000e+00 -3.240653395452156965e-06
7.000000000000000000e+00 -2.248353641542496027e-06
8.000000000000000000e+00 -3.000095879352844979e-06
9.000000000000000000e+00 1.055703842081551054e-05
1.000000000000000000e+01 -8.737392638321430749e-07
1.100000000000000000e+01 -8.737392638321430749e-07
1.200000000000000000e+01 1.067903544683730286e-05
1.300000000000000000e+01 1.158112613220972313e-05
1.400000000000000000e+01 -8.737392638321430749e-07
1.500000000000000000e+01 1.380628315612835572e-05
1.600000000000000000e+01 1.224265930148282929e-05
1.700000000000000000e+01 1.055703842081551054e-05
1.800000000000000000e+01 -4.166799832434507032e-07
1.900000000000000000e+01 -3.571419980088710470e-06
1.000000000000000000e+00 1.323066338546214654e-06
2.000000000000000000e+00 -2.012091795373528996e-06
3.000000000000000000e+00 -2.012091795373528996e-06
4.000000000000000000e+00 -2.012091795373528996e-06
5.000000000000000000e+00 -2.012091795373528996e-06
6.000000000000000000e+00 -4.450314047837267300e-07
7.000000000000000000e+00 -3.505266663161399917e-07
8.000000000000000000e+00 -8.780349337624879242e-07
9.000000000000000000e+00 -6.890254568273143417e-07
1.000000000000000000e+01 -2.165017644893805706e-07
1.100000000000000000e+01 -3.505266663161399917e-07
1.200000000000000000e+01 -1.350558626100421563e-06
1.300000000000000000e+01 2.768129703114222903e-06
1.400000000000000000e+01 -2.012091795373528996e-06
1.500000000000000000e+01 2.579120226179049532e-06
1.600000000000000000e+01 2.012091795373528996e-06
1.700000000000000000e+01 -7.835301952949011330e-07
1.800000000000000000e+01 2.012091795373528996e-06
1.900000000000000000e+01 -2.012091795373528996e-06
1.000000000000000000e+00 -5.523801963430445859e-05
2.000000000000000000e+00 -8.427846663140779824e-05
3.000000000000000000e+00 -8.427846663140779824e-05
4.000000000000000000e+00 -8.427846663140779824e-05
5.000000000000000000e+00 -7.526271458160002680e-05
6.000000000000000000e+00 -7.682204276631520573e-05
7.000000000000000000e+00 -8.394770004677124431e-05
8.000000000000000000e+00 -7.715280935095175966e-05
9.000000000000000000e+00 -7.592424775087313466e-05
1.000000000000000000e+01 -6.925221321506149896e-05
1.100000000000000000e+01 -8.283340326683978681e-05
1.200000000000000000e+01 -5.080574740017464001e-05
1.300000000000000000e+01 -6.908296381980592144e-06
1.400000000000000000e+01 -8.406196486691842537e-05
1.500000000000000000e+01 -5.023871896936912287e-05
1.600000000000000000e+01 -7.592424775087313466e-05
1.700000000000000000e+01 -7.994069913574556360e-05
1.800000000000000000e+01 -4.781939766459890135e-06
1.900000000000000000e+01 -8.427846663140779824e-05
1.000000000000000000e+00 1.159057660605648152e-05
2.000000000000000000e+00 -4.909091596398097590e-06
3.000000000000000000e+00 -4.909091596398097590e-06
4.000000000000000000e+00 -4.909091596398097590e-06
5.000000000000000000e+00 -4.247558427124990581e-06
6.000000000000000000e+00 -4.427976564199473618e-06
7.000000000000000000e+00 8.562129305163360092e-06
8.000000000000000000e+00 6.615331692731073271e-07
9.000000000000000000e+00 1.389219655473525313e-05
1.000000000000000000e+01 -4.011296580956023126e-06
1.100000000000000000e+01 -2.868648379484292568e-06
1.200000000000000000e+01 -3.856652463463608974e-06
1.300000000000000000e+01 1.318770668615869699e-06
1.400000000000000000e+01 -4.578325011761543662e-06
1.500000000000000000e+01 -2.958857448021534510e-06
1.600000000000000000e+01 2.405575160993117216e-07
1.700000000000000000e+01 -4.187419048100162055e-06
1.800000000000000000e+01 9.704777506635091074e-06
1.900000000000000000e+01 -4.909091596398097590e-06
1.000000000000000000e+00 -1.142648201471730797e-07
2.000000000000000000e+00 -5.135043834734236475e-06
3.000000000000000000e+00 -4.568015403928715939e-06
4.000000000000000000e+00 -5.135043834734236475e-06
5.000000000000000000e+00 -5.135043834734236475e-06
6.000000000000000000e+00 -4.020747054802781520e-06
7.000000000000000000e+00 1.659846861085251139e-06
8.000000000000000000e+00 -5.135043834734236475e-06
9.000000000000000000e+00 -2.110892203771460425e-06
1.000000000000000000e+01 4.116970061242506653e-06
1.100000000000000000e+01 -2.044738886844149819e-07
1.200000000000000000e+01 -3.004391549283189934e-06
1.300000000000000000e+01 -1.433035488763042924e-06
1.400000000000000000e+01 -7.972763390720046932e-07
1.500000000000000000e+01 7.818978407213700627e-06
1.600000000000000000e+01 -3.890158688920298439e-06
1.700000000000000000e+01 -4.232953149361817903e-06
1.800000000000000000e+01 6.019092706399207591e-06
1.900000000000000000e+01 -5.135043834734236475e-06
1.000000000000000000e+00 -5.589955280357756644e-05
2.000000000000000000e+00 -7.352812306372677573e-05
3.000000000000000000e+00 -7.271624144689160037e-05
4.000000000000000000e+00 -7.352812306372677573e-05
5.000000000000000000e+00 -7.249973968240221395e-05
6.000000000000000000e+00 -7.352812306372677573e-05
7.000000000000000000e+00 -7.201862465020359252e-05
8.000000000000000000e+00 -7.225918216630290323e-05
9.000000000000000000e+00 -7.168785806556703859e-05
1.000000000000000000e+01 -5.454469850754679823e-05
1.100000000000000000e+01 -7.225918216630290323e-05
1.200000000000000000e+01 -7.175401138249434395e-05
1.300000000000000000e+01 1.338530750295456027e-05
1.400000000000000000e+01 -7.247568393079228965e-05
1.500000000000000000e+01 1.273236567354214275e-06
1.600000000000000000e+01 -5.949416940129013823e-05
1.700000000000000000e+01 -7.225918216630290323e-05
1.800000000000000000e+01 -6.983212865565805859e-05
1.900000000000000000e+01 -7.352812306372677573e-05
1.000000000000000000e+00 -5.809635840595592758e-04
2.000000000000000000e+00 -5.879698217159517190e-04
3.000000000000000000e+00 -5.879698217159517190e-04
4.000000000000000000e+00 -5.879698217159517190e-04
5.000000000000000000e+00 -5.856931166528688741e-04
6.000000000000000000e+00 -5.879698217159517190e-04
7.000000000000000000e+00 -5.838932309520543981e-04
8.000000000000000000e+00 -5.879698217159517190e-04
9.000000000000000000e+00 -5.853623500682324015e-04
1.000000000000000000e+01 -5.877292641998523677e-04
1.100000000000000000e+01 -5.843786416541834347e-04
1.200000000000000000e+01 -5.850358791535261544e-04
1.300000000000000000e+01 -1.555032514784836730e-06
1.400000000000000000e+01 -5.856072032542619784e-04
1.500000000000000000e+01 -5.879698217159517190e-04
1.600000000000000000e+01 -5.843786416541834347e-04
1.700000000000000000e+01 -5.856931166528688741e-04
1.800000000000000000e+01 -5.827591740904434180e-04
1.900000000000000000e+01 -5.879698217159517190e-04
1.000000000000000000e+00 7.878258652252459823e-07
2.000000000000000000e+00 -2.036147546983460068e-06
3.000000000000000000e+00 -2.036147546983460068e-06
4.000000000000000000e+00 -2.036147546983460068e-06
5.000000000000000000e+00 -1.819645782494079576e-06
6.000000000000000000e+00 7.044898685765558734e-08
7.000000000000000000e+00 -2.800776794584843779e-07
8.000000000000000000e+00 -1.272377433368145369e-06
9.000000000000000000e+00 1.065326142725523403e-07
1.000000000000000000e+01 -2.044738886844149819e-07
1.100000000000000000e+01 1.967416828097942425e-07
1.200000000000000000e+01 -4.209756531737955526e-07
1.300000000000000000e+01 -1.555032514784836730e-06
1.400000000000000000e+01 1.118592449861799699e-06
1.500000000000000000e+01 -4.295669930344852645e-09
1.600000000000000000e+01 -6.357591496910382046e-08
1.700000000000000000e+01 -6.357591496910382046e-08
1.800000000000000000e+01 1.968275962084011385e-06
1.900000000000000000e+01 -2.036147546983460068e-06
1.000000000000000000e+00 1.747392614265679090e-05
2.000000000000000000e+00 -5.806886611840172055e-06
3.000000000000000000e+00 -5.806886611840172055e-06
4.000000000000000000e+00 -5.806886611840172055e-06
5.000000000000000000e+00 1.053298266920557777e-05
6.000000000000000000e+00 -5.806886611840172055e-06
7.000000000000000000e+00 -5.806886611840172055e-06
8.000000000000000000e+00 -5.806886611840172055e-06
9.000000000000000000e+00 4.209756531737955526e-07
1.000000000000000000e+01 -3.865243803324298037e-06
1.100000000000000000e+01 -1.138352531541386027e-06
1.200000000000000000e+01 -4.672829750229130983e-06
1.300000000000000000e+01 -4.672829750229130983e-06
1.400000000000000000e+01 -5.806886611840172055e-06
1.500000000000000000e+01 -2.872944049414637523e-06
1.600000000000000000e+01 -3.865243803324298037e-06
1.700000000000000000e+01 1.247462547772145179e-05
1.800000000000000000e+01 1.700140245031885768e-05
1.900000000000000000e+01 -5.806886611840172055e-06
1.000000000000000000e+00 6.133357526546381028e-06
2.000000000000000000e+00 -5.003596334865684064e-06
3.000000000000000000e+00 -4.763038818766372501e-06
4.000000000000000000e+00 -5.003596334865684064e-06
5.000000000000000000e+00 -1.323066338546214654e-06
6.000000000000000000e+00 -4.672829750229130983e-06
7.000000000000000000e+00 -4.105801319423609600e-06
8.000000000000000000e+00 -5.003596334865684064e-06
9.000000000000000000e+00 -2.877239719344982478e-06
1.000000000000000000e+01 -3.350622545668985129e-07
1.100000000000000000e+01 -3.444268150150503014e-06
1.200000000000000000e+01 -3.770739064856711563e-06
1.300000000000000000e+01 -5.003596334865684064e-06
1.400000000000000000e+01 -3.444268150150503014e-06
1.500000000000000000e+01 -3.444268150150503014e-06
1.600000000000000000e+01 1.460527776317249833e-06
1.700000000000000000e+01 5.235562511104306563e-06
1.800000000000000000e+01 6.133357526546381028e-06
1.900000000000000000e+01 -5.003596334865684064e-06
1.000000000000000000e+00 -5.830856450051495566e-04
2.000000000000000000e+00 -5.863348897404623917e-04
3.000000000000000000e+00 -5.863348897404623917e-04
4.000000000000000000e+00 -5.863348897404623917e-04
5.000000000000000000e+00 -5.863348897404623917e-04
6.000000000000000000e+00 -5.863348897404623917e-04
7.000000000000000000e+00 -5.854327990550899866e-04
8.000000000000000000e+00 -5.863348897404623917e-04
9.000000000000000000e+00 -5.858778304598737758e-04
1.000000000000000000e+01 -5.851020324704535140e-04
1.100000000000000000e+01 -5.833262025212489080e-04
1.200000000000000000e+01 -5.852162972906006138e-04
1.300000000000000000e+01 5.670284308055205359e-07
1.400000000000000000e+01 -5.857635656397265677e-04
1.500000000000000000e+01 -5.827548784205130840e-04
1.600000000000000000e+01 -5.848657706242844966e-04
1.700000000000000000e+01 -5.857635656397265677e-04
1.800000000000000000e+01 -5.839877356905219617e-04
1.900000000000000000e+01 -5.863348897404623917e-04
1.000000000000000000e+00 1.548331269693498625e-05
2.000000000000000000e+00 -1.517660186390836509e-05
3.000000000000000000e+00 -1.517660186390836509e-05
4.000000000000000000e+00 -1.517660186390836509e-05
5.000000000000000000e+00 -1.447898506722036063e-05
6.000000000000000000e+00 -1.460957343310284456e-05
7.000000000000000000e+00 -1.427880684846629063e-05
8.000000000000000000e+00 -1.517660186390836509e-05
9.000000000000000000e+00 -9.990009990009990001e-06
1.000000000000000000e+01 -1.356142997009869920e-05
1.100000000000000000e+01 1.356142997009869920e-05
1.200000000000000000e+01 -1.268769070626655750e-05
1.300000000000000000e+01 -1.382174756787759857e-05
1.400000000000000000e+01 -1.517660186390836509e-05
1.500000000000000000e+01 -1.355713430016835509e-05
1.600000000000000000e+01 -1.382174756787759857e-05
1.700000000000000000e+01 -1.268769070626655750e-05
1.800000000000000000e+01 1.605034112774050679e-05
1.900000000000000000e+01 -1.517660186390836509e-05
1.000000000000000000e+00 -7.403157557956319465e-06
2.000000000000000000e+00 -1.390422443054021866e-05
3.000000000000000000e+00 -1.390422443054021866e-05
4.000000000000000000e+00 -1.390422443054021866e-05
5.000000000000000000e+00 -1.390422443054021866e-05
6.000000000000000000e+00 -1.323066338546214697e-05
7.000000000000000000e+00 -1.357345784590366474e-05
8.000000000000000000e+00 -1.318255188224228313e-05
9.000000000000000000e+00 -1.156480258647441179e-05
1.000000000000000000e+01 -7.888568260085286699e-06
1.100000000000000000e+01 -1.195399028216365643e-05
1.200000000000000000e+01 -1.194969461223331063e-05
1.300000000000000000e+01 -1.366366691444090795e-05
1.400000000000000000e+01 -1.366366691444090795e-05
1.500000000000000000e+01 5.330067249571893037e-06
1.600000000000000000e+01 3.664206450584159554e-06
1.700000000000000000e+01 -1.199780611545317277e-05
1.800000000000000000e+01 -9.614568438097849555e-06
1.900000000000000000e+01 -1.390422443054021866e-05
1.000000000000000000e+00 3.264709147062088036e-06
2.000000000000000000e+00 -2.461418870087600469e-06
3.000000000000000000e+00 -1.323066338546214654e-06
4.000000000000000000e+00 -2.461418870087600469e-06
5.000000000000000000e+00 -5.111847217110374945e-07
6.000000000000000000e+00 -2.461418870087600469e-06
7.000000000000000000e+00 9.579343944669021431e-07
8.000000000000000000e+00 -1.232857270008972712e-06
9.000000000000000000e+00 1.469119116177939532e-06
1.000000000000000000e+01 2.366914131620013572e-06
1.100000000000000000e+01 1.705380962346906563e-06
1.200000000000000000e+01 2.697680716256567501e-06
1.300000000000000000e+01 2.405575160993117216e-07
1.400000000000000000e+01 8.977950154420742524e-07
1.500000000000000000e+01 1.288700979103455860e-06
1.600000000000000000e+01 1.224265930148283014e-06
1.700000000000000000e+01 -1.232857270008972712e-06
1.800000000000000000e+01 7.216725482979352178e-07
1.900000000000000000e+01 -2.461418870087600469e-06
1.000000000000000000e+00 2.390969883229945067e-06
2.000000000000000000e+00 -1.571356060520147009e-06
3.000000000000000000e+00 -1.571356060520147009e-06
4.000000000000000000e+00 -1.571356060520147009e-06
5.000000000000000000e+00 -1.090241028321523672e-06
6.000000000000000000e+00 -1.571356060520147009e-06
7.000000000000000000e+00 7.517422378103491632e-07
8.000000000000000000e+00 -6.812932509526936553e-07
9.000000000000000000e+00 -6.331817477328313003e-07
1.000000000000000000e+01 1.354854296030766518e-06
1.100000000000000000e+01 8.977950154420742524e-07
1.200000000000000000e+01 1.040411257129523293e-06
1.300000000000000000e+01 4.450314047837267300e-07
1.400000000000000000e+01 1.340249018267593946e-07
1.500000000000000000e+01 2.938238232355879063e-06
1.600000000000000000e+01 3.745824179260711691e-07
1.700000000000000000e+01 5.670284308055205359e-07
1.800000000000000000e+01 3.395297512944571541e-06
1.900000000000000000e+01 -1.571356060520147009e-06
1.000000000000000000e+00 4.814586857930511117e-06
2.000000000000000000e+00 -6.043148458009138662e-06
3.000000000000000000e+00 -6.043148458009138662e-06
4.000000000000000000e+00 -6.043148458009138662e-06
5.000000000000000000e+00 -5.802590941909827099e-06
6.000000000000000000e+00 -6.043148458009138662e-06
7.000000000000000000e+00 -4.909091596398097590e-06
8.000000000000000000e+00 -6.043148458009138662e-06
9.000000000000000000e+00 -4.668534080298786028e-06
1.000000000000000000e+01 -3.586025257851883148e-06
1.100000000000000000e+01 8.367965024311773494e-07
1.200000000000000000e+01 -4.909091596398097590e-06
1.300000000000000000e+01 -2.211410880141530090e-06
1.400000000000000000e+01 -5.235562511104306563e-06
1.500000000000000000e+01 -3.860948133393953082e-06
1.600000000000000000e+01 -1.403824933236697779e-06
1.700000000000000000e+01 -2.726891271782912434e-06
1.800000000000000000e+01 4.668534080298786028e-06
1.900000000000000000e+01 -6.043148458009138662e-06
1.000000000000000000e+00 4.677984554145544421e-06
2.000000000000000000e+00 -3.260413477131743081e-06
3.000000000000000000e+00 -3.260413477131743081e-06
4.000000000000000000e+00 -3.260413477131743081e-06
5.000000000000000000e+00 -3.260413477131743081e-06
6.000000000000000000e+00 -2.126356615520702009e-06
7.000000000000000000e+00 -2.362618461689668988e-07
8.000000000000000000e+00 -3.260413477131743081e-06
9.000000000000000000e+00 2.787889784793809442e-06
1.000000000000000000e+01 2.220861353988288907e-06
1.100000000000000000e+01 -3.260413477131743081e-06
1.200000000000000000e+01 -1.228561600078627757e-06
1.300000000000000000e+01 -3.260413477131743081e-06
1.400000000000000000e+01 -2.362618461689668988e-07
1.500000000000000000e+01 1.890094769351735190e-06
1.600000000000000000e+01 1.323066338546214654e-06
1.700000000000000000e+01 3.024151630962776474e-06
1.800000000000000000e+01 3.118656369430362947e-06
1.900000000000000000e+01 -3.260413477131743081e-06
1.000000000000000000e+00 2.890899949723478894e-05
2.000000000000000000e+00 -1.227101072302310616e-05
3.000000000000000000e+00 -1.227101072302310616e-05
4.000000000000000000e+00 -1.227101072302310616e-05
5.000000000000000000e+00 -1.227101072302310616e-05
6.000000000000000000e+00 -1.227101072302310616e-05
7.000000000000000000e+00 -1.227101072302310616e-05
8.000000000000000000e+00 -1.227101072302310616e-05
9.000000000000000000e+00 -1.104244912294447777e-05
1.000000000000000000e+01 5.297420158101272055e-06
1.100000000000000000e+01 2.163728943914702358e-05
1.200000000000000000e+01 -1.047542069213895724e-05
1.300000000000000000e+01 4.640182658758510001e-06
1.400000000000000000e+01 -1.047542069213895724e-05
1.500000000000000000e+01 1.035771933604750902e-05
1.600000000000000000e+01 -1.227101072302310616e-05
1.700000000000000000e+01 -1.137321570758103170e-05
1.800000000000000000e+01 1.379769181626766750e-05
1.900000000000000000e+01 -1.227101072302310616e-05
1.000000000000000000e+00 9.922997539096609378e-07
2.000000000000000000e+00 -3.921946646404850091e-06
3.000000000000000000e+00 -3.921946646404850091e-06
4.000000000000000000e+00 -3.681389130305538951e-06
5.000000000000000000e+00 -3.591180061768297009e-06
6.000000000000000000e+00 -3.921946646404850091e-06
7.000000000000000000e+00 -1.649537253252423416e-06
8.000000000000000000e+00 -5.670284308055205359e-07
9.000000000000000000e+00 -9.450473846758676480e-08
1.000000000000000000e+01 2.693385046326222545e-06
1.100000000000000000e+01 -1.318770668615869699e-06
1.200000000000000000e+01 -5.670284308055205359e-07
1.300000000000000000e+01 -2.452827530226910983e-06
1.400000000000000000e+01 -2.452827530226910983e-06
1.500000000000000000e+01 3.350622545668985129e-07
1.600000000000000000e+01 -8.934993455117294030e-07
1.700000000000000000e+01 -1.134056861611041072e-06
1.800000000000000000e+01 1.138352531541386027e-06
1.900000000000000000e+01 -3.921946646404850091e-06
1.000000000000000000e+00 3.831737577867608572e-06
2.000000000000000000e+00 -1.799885700814493248e-06
3.000000000000000000e+00 -1.799885700814493248e-06
4.000000000000000000e+00 -1.799885700814493248e-06
5.000000000000000000e+00 -2.405575160993117216e-07
6.000000000000000000e+00 -3.307665846365536636e-07
7.000000000000000000e+00 3.307665846365536636e-07
8.000000000000000000e+00 1.610876223879319666e-06
9.000000000000000000e+00 1.378910047640697590e-06
1.000000000000000000e+01 -6.615331692731073271e-07
1.100000000000000000e+01 1.039552123143454386e-06
1.200000000000000000e+01 2.362618461689668988e-07
1.300000000000000000e+01 -9.020906853724191017e-07
1.400000000000000000e+01 1.417571077013801340e-07
1.500000000000000000e+01 3.079995340057259197e-06
1.600000000000000000e+01 1.559328184715181474e-06
1.700000000000000000e+01 2.362618461689669041e-06
1.800000000000000000e+01 2.036147546983460068e-06
1.900000000000000000e+01 -1.799885700814493248e-06
1.000000000000000000e+00 1.799885700814493248e-06
2.000000000000000000e+00 -2.126356615520702009e-06
3.000000000000000000e+00 -2.126356615520702009e-06
4.000000000000000000e+00 -2.126356615520702009e-06
5.000000000000000000e+00 -2.126356615520702009e-06
6.000000000000000000e+00 -2.126356615520702009e-06
7.000000000000000000e+00 4.768193622682786469e-07
8.000000000000000000e+00 -1.134056861611041072e-06
9.000000000000000000e+00 -6.615331692731073271e-07
1.000000000000000000e+01 8.032902769744874611e-07
1.100000000000000000e+01 -1.134056861611041072e-06
1.200000000000000000e+01 -4.209756531737955526e-07
1.300000000000000000e+01 -5.627327608751756865e-07
1.400000000000000000e+01 -1.559328184715181474e-06
1.500000000000000000e+01 9.020906853724191017e-07
1.600000000000000000e+01 -5.627327608751756865e-07
1.700000000000000000e+01 3.307665846365536636e-07
1.800000000000000000e+01 1.941642808515873170e-06
1.900000000000000000e+01 -2.126356615520702009e-06
1.000000000000000000e+00 5.259618262714237635e-06
2.000000000000000000e+00 -6.019092706399207591e-06
3.000000000000000000e+00 -6.019092706399207591e-06
4.000000000000000000e+00 -6.019092706399207591e-06
5.000000000000000000e+00 -6.019092706399207591e-06
6.000000000000000000e+00 -2.579120226179049532e-06
7.000000000000000000e+00 2.979476663687189956e-06
8.000000000000000000e+00 -5.802590941909827099e-06
9.000000000000000000e+00 -1.110001110001110000e-06
1.000000000000000000e+01 -2.285296402943461594e-07
1.100000000000000000e+01 -2.345435781968289643e-06
1.200000000000000000e+01 -7.010533326322799834e-07
1.300000000000000000e+01 -6.019092706399207591e-06
1.400000000000000000e+01 1.510357547509250212e-06
1.500000000000000000e+01 -4.644478328688854956e-06
1.600000000000000000e+01 -4.223502675515058662e-06
1.700000000000000000e+01 1.750915063608561987e-06
1.800000000000000000e+01 5.909123556182379109e-06
1.900000000000000000e+01 -6.019092706399207591e-06
1.000000000000000000e+00 1.505202743592836351e-06
2.000000000000000000e+00 -1.571356060520147009e-06
3.000000000000000000e+00 -1.330798544420835235e-06
4.000000000000000000e+00 -1.571356060520147009e-06
5.000000000000000000e+00 -1.761224671441389551e-07
6.000000000000000000e+00 -4.295669930344852645e-09
7.000000000000000000e+00 -6.091259961229001229e-07
8.000000000000000000e+00 -1.000031959784281730e-06
9.000000000000000000e+00 -5.910841824154517133e-07
1.000000000000000000e+01 -5.670284308055205359e-07
1.100000000000000000e+01 5.627327608751756865e-07
1.200000000000000000e+01 5.094664537388994701e-07
1.300000000000000000e+01 9.622300643972468865e-07
1.400000000000000000e+01 -1.024087711394212802e-06
1.500000000000000000e+01 6.812932509526936553e-07
1.600000000000000000e+01 1.091959296293661485e-06
1.700000000000000000e+01 1.178731828886627590e-06
1.800000000000000000e+01 1.681325210736975279e-06
1.900000000000000000e+01 -1.571356060520147009e-06
1.000000000000000000e+00 9.577625676696882771e-06
2.000000000000000000e+00 -7.366214796555353528e-06
3.000000000000000000e+00 -7.366214796555353528e-06
4.000000000000000000e+00 -7.366214796555353528e-06
5.000000000000000000e+00 -7.366214796555353528e-06
6.000000000000000000e+00 -4.909091596398097590e-06
7.000000000000000000e+00 -6.885099764356729556e-06
8.000000000000000000e+00 -7.366214796555353528e-06
9.000000000000000000e+00 4.663379276382371743e-06
1.000000000000000000e+01 2.216565684057943951e-06
1.100000000000000000e+01 -3.680529996319469622e-06
1.200000000000000000e+01 -5.154803916413823504e-09
1.300000000000000000e+01 -6.885099764356729556e-06
1.400000000000000000e+01 -2.216565684057943951e-06
1.500000000000000000e+01 -7.366214796555353528e-06
1.600000000000000000e+01 -4.427976564199473618e-06
1.700000000000000000e+01 -6.885099764356729556e-06
1.800000000000000000e+01 5.897095680377413573e-06
1.900000000000000000e+01 -7.366214796555353528e-06
1.000000000000000000e+00 2.607471647719325559e-06
2.000000000000000000e+00 -4.680561956103751563e-06
3.000000000000000000e+00 -4.680561956103751563e-06
4.000000000000000000e+00 -4.680561956103751563e-06
5.000000000000000000e+00 -4.680561956103751563e-06
6.000000000000000000e+00 -3.958889407805816028e-06
7.000000000000000000e+00 -3.958889407805816028e-06
8.000000000000000000e+00 -4.680561956103751563e-06
9.000000000000000000e+00 -2.080822514259046585e-06
1.000000000000000000e+01 -1.884939965435321329e-06
1.100000000000000000e+01 -2.431349180575186630e-06
1.200000000000000000e+01 4.209756531737955526e-07
1.300000000000000000e+01 1.515512351425664074e-06
1.400000000000000000e+01 -3.113501565513949086e-06
1.500000000000000000e+01 2.237184899723599398e-06
1.600000000000000000e+01 -3.345467741752571162e-06
1.700000000000000000e+01 -2.824832546194774956e-06
1.800000000000000000e+01 -8.806123357206947491e-07
1.900000000000000000e+01 -4.680561956103751563e-06
1.000000000000000000e+00 2.126356615520702009e-06
2.000000000000000000e+00 -5.811182281770517010e-06
3.000000000000000000e+00 -5.811182281770517010e-06
4.000000000000000000e+00 -5.480415697133963082e-06
5.000000000000000000e+00 -4.672829750229130983e-06
6.000000000000000000e+00 -1.133197727624972165e-06
7.000000000000000000e+00 -1.794730896898079387e-06
8.000000000000000000e+00 -2.782734980877395581e-06
9.000000000000000000e+00 -1.884939965435321329e-06
1.000000000000000000e+01 -2.782734980877395581e-06
1.100000000000000000e+01 -4.251854097055334689e-06
1.200000000000000000e+01 -1.142648201471730770e-06
1.300000000000000000e+01 -4.909091596398097590e-06
1.400000000000000000e+01 -5.811182281770517010e-06
1.500000000000000000e+01 3.681389130305538951e-06
1.600000000000000000e+01 -3.680529996319469622e-06
1.700000000000000000e+01 -3.109205895583604554e-06
1.800000000000000000e+01 6.142808000393139421e-06
1.900000000000000000e+01 -5.811182281770517010e-06
1.000000000000000000e+00 -5.767727284755147467e-04
2.000000000000000000e+00 -5.907044451936092466e-04
3.000000000000000000e+00 -5.907044451936092466e-04
4.000000000000000000e+00 -5.907044451936092466e-04
5.000000000000000000e+00 -5.902233301614106522e-04
6.000000000000000000e+00 -5.907044451936092466e-04
7.000000000000000000e+00 -5.880067644773526994e-04
8.000000000000000000e+00 -5.891330891330890784e-04
9.000000000000000000e+00 -5.780176136213287762e-04
1.000000000000000000e+01 -5.882473219934519423e-04
1.100000000000000000e+01 -5.895497691163325551e-04
1.200000000000000000e+01 -5.902233301614106522e-04
1.300000000000000000e+01 -2.297324278748427077e-06
1.400000000000000000e+01 -5.900068283969211709e-04
1.500000000000000000e+01 -5.797960209724914741e-04
1.600000000000000000e+01 -5.900308841485311494e-04
1.700000000000000000e+01 -5.907044451936092466e-04
1.800000000000000000e+01 -5.788131716924285741e-04
1.900000000000000000e+01 -5.907044451936092466e-04
1.000000000000000000e+00 1.196773642594075893e-06
2.000000000000000000e+00 -1.311038462741249118e-06
3.000000000000000000e+00 -1.311038462741249118e-06
4.000000000000000000e+00 -1.311038462741249118e-06
5.000000000000000000e+00 -3.307665846365536636e-07
6.000000000000000000e+00 -8.780349337624879242e-07
7.000000000000000000e+00 3.307665846365536636e-07
8.000000000000000000e+00 1.897826975226355982e-06
9.000000000000000000e+00 -9.802718781046954020e-07
1.000000000000000000e+01 -4.450314047837267300e-07
1.100000000000000000e+01 3.307665846365536636e-07
1.200000000000000000e+01 -2.165017644893805706e-07
1.300000000000000000e+01 1.248321681758214085e-06
1.400000000000000000e+01 1.795590030884148505e-06
1.500000000000000000e+01 2.228593559862909487e-06
1.600000000000000000e+01 1.464823446247594788e-06
1.700000000000000000e+01 -2.165017644893805706e-07
1.800000000000000000e+01 2.992363673478224398e-06
1.900000000000000000e+01 -1.311038462741249118e-06
1.000000000000000000e+00 -4.555128394137681920e-06
2.000000000000000000e+00 -1.445922498554077366e-05
3.000000000000000000e+00 -1.445922498554077366e-05
4.000000000000000000e+00 -1.445922498554077366e-05
5.000000000000000000e+00 -1.356142997009869920e-05
6.000000000000000000e+00 -1.445922498554077366e-05
7.000000000000000000e+00 -1.445922498554077366e-05
8.000000000000000000e+00 -1.355713430016835509e-05
9.000000000000000000e+00 -1.356142997009869920e-05
1.000000000000000000e+01 -3.653037708765262925e-06
1.100000000000000000e+01 -1.445922498554077366e-05
1.200000000000000000e+01 -1.322636771553180116e-05
1.300000000000000000e+01 -1.445922498554077366e-05
1.400000000000000000e+01 -1.233286837002007250e-05
1.500000000000000000e+01 8.018297491981702144e-06
1.600000000000000000e+01 8.977950154420742524e-07
1.700000000000000000e+01 -1.101925250532061518e-05
1.800000000000000000e+01 8.349064076618256073e-06
1.900000000000000000e+01 -1.445922498554077366e-05
1.000000000000000000e+00 -1.152528242311523956e-05
2.000000000000000000e+00 -1.870248774273541929e-05
3.000000000000000000e+00 -1.870248774273541929e-05
4.000000000000000000e+00 -1.870248774273541929e-05
5.000000000000000000e+00 -1.870248774273541929e-05
6.000000000000000000e+00 -1.846193022663610857e-05
7.000000000000000000e+00 -1.756843088112437822e-05
8.000000000000000000e+00 -1.870248774273541929e-05
9.000000000000000000e+00 -1.110430676994144411e-05
1.000000000000000000e+01 -8.557833635233015983e-06
1.100000000000000000e+01 6.437147304020368502e-05
1.200000000000000000e+01 -1.846193022663610857e-05
1.300000000000000000e+01 7.017406398211350788e-05
1.400000000000000000e+01 -1.666634019575195965e-05
1.500000000000000000e+01 -1.119881150840903143e-05
1.600000000000000000e+01 -1.870248774273541929e-05
1.700000000000000000e+01 -1.346692523163111357e-05
1.800000000000000000e+01 6.904000712050247358e-05
1.900000000000000000e+01 -1.870248774273541929e-05
1.000000000000000000e+00 -4.725236923379337975e-07
2.000000000000000000e+00 -4.158208492573817545e-06
3.000000000000000000e+00 -4.158208492573817545e-06
4.000000000000000000e+00 -4.158208492573817545e-06
5.000000000000000000e+00 -4.158208492573817545e-06
6.000000000000000000e+00 -4.158208492573817545e-06
7.000000000000000000e+00 -3.260413477131743081e-06
8.000000000000000000e+00 -2.598880307858635648e-06
9.000000000000000000e+00 6.615331692731073271e-07
1.000000000000000000e+01 -1.701085292416561608e-06
1.100000000000000000e+01 6.615331692731073271e-07
1.200000000000000000e+01 -1.370318707780007891e-06
1.300000000000000000e+01 1.748337661650355056e-06
1.400000000000000000e+01 -4.158208492573817545e-06
1.500000000000000000e+01 -2.693385046326222545e-06
1.600000000000000000e+01 -2.929646892495189576e-06
1.700000000000000000e+01 -8.032902769744874611e-07
1.800000000000000000e+01 4.347217969508990493e-06
1.900000000000000000e+01 -4.158208492573817545e-06
