1.000000000000000000e+00 -3.268497569968158048e-04
2.000000000000000000e+00 4.905926045631926746e-04
3.000000000000000000e+00 -3.268497569968158048e-04
4.000000000000000000e+00 -3.268497569968158048e-04
5.000000000000000000e+00 -3.268497569968158048e-04
6.000000000000000000e+00 -3.268497569968158048e-04
7.000000000000000000e+00 -3.268497569968158048e-04
8.000000000000000000e+00 -3.268497569968158048e-04
9.000000000000000000e+00 -2.962125020948550209e-04
1.000000000000000000e+01 1.758039754363283731e-03
1.100000000000000000e+01 -3.268497569968158048e-04
1.200000000000000000e+01 -1.984650697885991801e-04
1.300000000000000000e+01 -1.089848332495391359e-04
1.400000000000000000e+01 -3.268497569968158048e-04
1.500000000000000000e+01 1.503806650865481419e-06
1.600000000000000000e+01 -2.751068376068375727e-04
1.700000000000000000e+01 -3.218669946611122886e-04
1.800000000000000000e+01 -3.268497569968158048e-04
1.900000000000000000e+01 1.339816909669850698e-03
1.000000000000000000e+00 -3.751859146503560985e-04
2.000000000000000000e+00 3.828024658870440161e-04
3.000000000000000000e+00 -3.751859146503560985e-04
4.000000000000000000e+00 -3.751859146503560985e-04
5.000000000000000000e+00 -3.751859146503560985e-04
6.000000000000000000e+00 -3.751859146503560985e-04
7.000000000000000000e+00 -3.751859146503560985e-04
8.000000000000000000e+00 -3.680753781280548436e-04
9.000000000000000000e+00 -3.697392915566741537e-04
1.000000000000000000e+01 1.379200050261924311e-03
1.100000000000000000e+01 5.507400112755697543e-04
1.200000000000000000e+01 -3.601698529214915996e-04
1.300000000000000000e+01 1.025802802514831635e-03
1.400000000000000000e+01 -3.735209129853544335e-04
1.500000000000000000e+01 -3.733185010182365885e-04
1.600000000000000000e+01 -2.061583191521723689e-04
1.700000000000000000e+01 8.527800191979306027e-04
1.800000000000000000e+01 -3.740316067733591345e-04
1.900000000000000000e+01 -2.203462009871130279e-04
1.000000000000000000e+00 -3.394357333985816840e-04
2.000000000000000000e+00 -2.388078754177825138e-04
3.000000000000000000e+00 -3.394357333985816840e-04
4.000000000000000000e+00 -3.394357333985816840e-04
5.000000000000000000e+00 -3.394357333985816840e-04
6.000000000000000000e+00 -3.394357333985816840e-04
7.000000000000000000e+00 -3.394357333985816840e-04
8.000000000000000000e+00 -2.984065011928788949e-04
9.000000000000000000e+00 -3.394357333985816840e-04
1.000000000000000000e+01 2.786147833361455467e-03
1.100000000000000000e+01 -2.927503925955938255e-04
1.200000000000000000e+01 -3.339891103048997392e-04
1.300000000000000000e+01 -3.394357333985816840e-04
1.400000000000000000e+01 -3.394357333985816840e-04
1.500000000000000000e+01 5.152651213022730161e-04
1.600000000000000000e+01 -3.388521666385443270e-04
1.700000000000000000e+01 -1.455120100630936269e-04
1.800000000000000000e+01 -3.394357333985816840e-04
1.900000000000000000e+01 1.151406213325717768e-03
1.000000000000000000e+00 -2.408228435572422528e-04
2.000000000000000000e+00 -1.579077330686023397e-04
3.000000000000000000e+00 -2.408228435572422528e-04
4.000000000000000000e+00 -2.408228435572422528e-04
5.000000000000000000e+00 -2.408228435572422528e-04
6.000000000000000000e+00 -2.408228435572422528e-04
7.000000000000000000e+00 -2.408228435572422528e-04
8.000000000000000000e+00 -2.408228435572422528e-04
9.000000000000000000e+00 -2.367378762369808077e-04
1.000000000000000000e+01 1.238589175070462477e-03
1.100000000000000000e+01 -2.408228435572422528e-04
1.200000000000000000e+01 -1.999731703546278833e-04
1.300000000000000000e+01 1.206422721335381363e-03
1.400000000000000000e+01 -2.408228435572422528e-04
1.500000000000000000e+01 -2.408228435572422528e-04
1.600000000000000000e+01 -1.479098613709036640e-04
1.700000000000000000e+01 -2.408228435572422528e-04
1.800000000000000000e+01 -2.244829742761964995e-04
1.900000000000000000e+01 8.195546874085239903e-04
1.000000000000000000e+00 -2.781881574451233589e-04
2.000000000000000000e+00 -1.592099134668793943e-04
3.000000000000000000e+00 -2.781881574451233589e-04
4.000000000000000000e+00 -2.781881574451233589e-04
5.000000000000000000e+00 -2.781881574451233589e-04
6.000000000000000000e+00 -2.781881574451233589e-04
7.000000000000000000e+00 -2.781881574451233589e-04
8.000000000000000000e+00 -2.781881574451233589e-04
9.000000000000000000e+00 -2.727415343514414683e-04
1.000000000000000000e+01 6.500720355209518679e-04
1.100000000000000000e+01 1.500882445154890854e-03
1.200000000000000000e+01 -1.870619633777528465e-04
1.300000000000000000e+01 -2.781881574451233589e-04
1.400000000000000000e+01 -2.781881574451233589e-04
1.500000000000000000e+01 -2.781881574451233589e-04
1.600000000000000000e+01 5.699288671424893602e-04
1.700000000000000000e+01 5.765126972557312870e-04
1.800000000000000000e+01 -2.577633208438161877e-04
1.900000000000000000e+01 -2.373384842425089894e-04
1.000000000000000000e+00 -2.872951924809509570e-04
2.000000000000000000e+00 1.198660300827483413e-03
3.000000000000000000e+00 -2.872951924809509570e-04
4.000000000000000000e+00 -2.872951924809509570e-04
5.000000000000000000e+00 -2.863973974655088859e-04
6.000000000000000000e+00 -2.872951924809509570e-04
7.000000000000000000e+00 -2.872951924809509570e-04
8.000000000000000000e+00 -2.832102251606895119e-04
9.000000000000000000e+00 -2.872951924809509570e-04
1.000000000000000000e+01 4.592812158601632089e-04
1.100000000000000000e+01 3.950219313996403950e-05
1.200000000000000000e+01 -1.934456868667394722e-04
1.300000000000000000e+01 4.631047200706643667e-05
1.400000000000000000e+01 -2.872951924809509570e-04
1.500000000000000000e+01 -2.872951924809509570e-04
1.600000000000000000e+01 4.071492519634934055e-04
1.700000000000000000e+01 -2.872951924809509570e-04
1.800000000000000000e+01 -2.857390144541847258e-04
1.900000000000000000e+01 5.472052743724569812e-04
1.000000000000000000e+00 -2.368560235920741191e-04
2.000000000000000000e+00 -2.229538038075013721e-04
3.000000000000000000e+00 -2.368560235920741191e-04
4.000000000000000000e+00 -2.368560235920741191e-04
5.000000000000000000e+00 -2.368560235920741191e-04
6.000000000000000000e+00 -2.367562685903583364e-04
7.000000000000000000e+00 -2.368560235920741191e-04
8.000000000000000000e+00 -2.365567585869267440e-04
9.000000000000000000e+00 -2.327710562718126740e-04
1.000000000000000000e+01 2.203613341541893391e-03
1.100000000000000000e+01 -2.364669790853825477e-04
1.200000000000000000e+01 4.167387476497559011e-04
1.300000000000000000e+01 -2.314094004983922013e-04
1.400000000000000000e+01 -2.351746983813371309e-04
1.500000000000000000e+01 -1.575595991399403111e-04
1.600000000000000000e+01 -1.233847091403675040e-04
1.700000000000000000e+01 5.197809700691409691e-04
1.800000000000000000e+01 -2.278701157091074145e-04
1.900000000000000000e+01 -1.886689165814376919e-04
1.000000000000000000e+00 -3.459714986152185971e-04
2.000000000000000000e+00 5.841550197465938390e-04
3.000000000000000000e+00 -3.467985582658076552e-04
4.000000000000000000e+00 -3.467985582658076552e-04
5.000000000000000000e+00 -3.467985582658076552e-04
6.000000000000000000e+00 -3.467985582658076552e-04
7.000000000000000000e+00 -3.444642912256582813e-04
8.000000000000000000e+00 -3.463496607580866197e-04
9.000000000000000000e+00 -3.467985582658076552e-04
1.000000000000000000e+01 1.214566728589674960e-03
1.100000000000000000e+01 1.949312193727297145e-03
1.200000000000000000e+01 -2.533571412949789251e-04
1.300000000000000000e+01 -3.467985582658076552e-04
1.400000000000000000e+01 -3.436943639851428272e-04
1.500000000000000000e+01 -3.467985582658076552e-04
1.600000000000000000e+01 -2.596525887668970256e-04
1.700000000000000000e+01 3.836897154750611334e-04
1.800000000000000000e+01 -3.467985582658076552e-04
1.900000000000000000e+01 -3.467985582658076552e-04
1.000000000000000000e+00 -3.124492105215973502e-04
2.000000000000000000e+00 5.480573852791160256e-04
3.000000000000000000e+00 -3.125988430241710106e-04
4.000000000000000000e+00 -3.125988430241710106e-04
5.000000000000000000e+00 -3.125988430241710106e-04
6.000000000000000000e+00 -3.125988430241710106e-04
7.000000000000000000e+00 -3.125988430241710106e-04
8.000000000000000000e+00 -3.124845782040238567e-04
9.000000000000000000e+00 -3.125988430241710106e-04
1.000000000000000000e+01 -4.445739841213820564e-05
1.100000000000000000e+01 -3.057905641570686202e-04
1.200000000000000000e+01 4.936210808428115803e-04
1.300000000000000000e+01 5.448253232235246348e-04
1.400000000000000000e+01 -2.192281614181953206e-04
1.500000000000000000e+01 5.219016238292369277e-04
1.600000000000000000e+01 1.196115753925719796e-03
1.700000000000000000e+01 -3.125988430241710106e-04
1.800000000000000000e+01 -3.120801170152489516e-04
1.900000000000000000e+01 -3.122280653424689637e-04
1.000000000000000000e+00 -2.514230712966802244e-04
2.000000000000000000e+00 -1.893218419160391081e-04
3.000000000000000000e+00 -2.514230712966802244e-04
4.000000000000000000e+00 -2.514230712966802244e-04
5.000000000000000000e+00 -2.514230712966802244e-04
6.000000000000000000e+00 -2.459764482029983337e-04
7.000000000000000000e+00 -2.514230712966802244e-04
8.000000000000000000e+00 -2.514230712966802244e-04
9.000000000000000000e+00 -2.332676609844071833e-04
1.000000000000000000e+01 3.658608793206036595e-04
1.100000000000000000e+01 -2.481550974404710683e-04
1.200000000000000000e+01 2.447112483276025520e-03
1.300000000000000000e+01 -1.719931511804856155e-04
1.400000000000000000e+01 -2.514230712966802244e-04
1.500000000000000000e+01 -2.514230712966802244e-04
1.600000000000000000e+01 -1.575735656824687396e-04
1.700000000000000000e+01 4.453556401879135663e-04
1.800000000000000000e+01 -2.514230712966802244e-04
1.900000000000000000e+01 -2.129763200471608401e-04
1.000000000000000000e+00 -2.404926066352099752e-04
2.000000000000000000e+00 3.205419489083028242e-05
3.000000000000000000e+00 -2.404926066352099752e-04
4.000000000000000000e+00 -2.404926066352099752e-04
5.000000000000000000e+00 -2.404926066352099752e-04
6.000000000000000000e+00 -2.404926066352099752e-04
7.000000000000000000e+00 -2.404926066352099752e-04
8.000000000000000000e+00 -2.364076393149485572e-04
9.000000000000000000e+00 -2.404926066352099752e-04
1.000000000000000000e+01 6.270766432869810409e-04
1.100000000000000000e+01 6.142082480656447250e-04
1.200000000000000000e+01 9.615866656195007659e-04
1.300000000000000000e+01 -2.356867627290200589e-04
1.400000000000000000e+01 -2.404926066352099752e-04
1.500000000000000000e+01 -2.404926066352099752e-04
1.600000000000000000e+01 5.002481341055307288e-04
1.700000000000000000e+01 -2.404926066352099752e-04
1.800000000000000000e+01 -2.381583395950606012e-04
1.900000000000000000e+01 -1.633321128080494965e-04
1.000000000000000000e+00 -2.482745313797401652e-04
2.000000000000000000e+00 -1.365289784577166960e-04
3.000000000000000000e+00 -2.482745313797401652e-04
4.000000000000000000e+00 -2.482745313797401652e-04
5.000000000000000000e+00 -2.482745313797401652e-04
6.000000000000000000e+00 -2.482745313797401652e-04
7.000000000000000000e+00 -2.482745313797401652e-04
8.000000000000000000e+00 -2.482745313797401652e-04
9.000000000000000000e+00 -2.482745313797401652e-04
1.000000000000000000e+01 6.064263233211144265e-04
1.100000000000000000e+01 -2.482745313797401652e-04
1.200000000000000000e+01 -2.482745313797401652e-04
1.300000000000000000e+01 1.278033435201703918e-03
1.400000000000000000e+01 -2.482745313797401652e-04
1.500000000000000000e+01 -2.482745313797401652e-04
1.600000000000000000e+01 5.453762622710533765e-04
1.700000000000000000e+01 5.956527831358094651e-04
1.800000000000000000e+01 -2.237647274581715761e-04
1.900000000000000000e+01 -2.074248581771258228e-04
1.000000000000000000e+00 -3.390977369000018030e-04
2.000000000000000000e+00 -3.026472592730536197e-04
3.000000000000000000e+00 -3.390977369000018030e-04
4.000000000000000000e+00 -3.390977369000018030e-04
5.000000000000000000e+00 -3.390977369000018030e-04
6.000000000000000000e+00 -3.386488393922807674e-04
7.000000000000000000e+00 -3.223688231122645055e-04
8.000000000000000000e+00 -3.305866401536109562e-04
9.000000000000000000e+00 -3.084604819980410191e-04
1.000000000000000000e+01 -2.293871860129803597e-04
1.100000000000000000e+01 4.370460539496713527e-04
1.200000000000000000e+01 1.000771544145749635e-03
1.300000000000000000e+01 -3.350127695797403579e-04
1.400000000000000000e+01 -3.390977369000018030e-04
1.500000000000000000e+01 -2.810702524019290734e-04
1.600000000000000000e+01 -3.385790108910797440e-04
1.700000000000000000e+01 2.417794493676438724e-03
1.800000000000000000e+01 -3.367634698598524290e-04
1.900000000000000000e+01 2.812237535195277402e-04
1.000000000000000000e+00 -3.294986733699842925e-04
2.000000000000000000e+00 3.324605547657144035e-04
3.000000000000000000e+00 -3.294986733699842925e-04
4.000000000000000000e+00 -3.271644063298348643e-04
5.000000000000000000e+00 -3.294986733699842925e-04
6.000000000000000000e+00 -3.294986733699842925e-04
7.000000000000000000e+00 -3.240520502763023477e-04
8.000000000000000000e+00 -2.933953431490069906e-04
9.000000000000000000e+00 -3.294986733699842925e-04
1.000000000000000000e+01 -3.178273381692373143e-04
1.100000000000000000e+01 -2.423527038710736358e-04
1.200000000000000000e+01 -2.877412296517562655e-04
1.300000000000000000e+01 1.060288010534346558e-03
1.400000000000000000e+01 -3.246928294637943762e-04
1.500000000000000000e+01 2.552966482674425106e-04
1.600000000000000000e+01 4.398405305391857615e-05
1.700000000000000000e+01 6.042679956908022891e-04
1.800000000000000000e+01 -3.294986733699842925e-04
1.900000000000000000e+01 9.061585524833198424e-04
1.000000000000000000e+00 -3.008187114793379070e-04
2.000000000000000000e+00 -2.611212085465408855e-04
3.000000000000000000e+00 -3.008187114793379070e-04
4.000000000000000000e+00 -3.008187114793379070e-04
5.000000000000000000e+00 -3.008187114793379070e-04
6.000000000000000000e+00 -3.008187114793379070e-04
7.000000000000000000e+00 -3.008187114793379070e-04
8.000000000000000000e+00 -2.999209164638958359e-04
9.000000000000000000e+00 -3.008187114793379070e-04
1.000000000000000000e+01 3.527760597624920590e-04
1.100000000000000000e+01 -1.019735911376778103e-04
1.200000000000000000e+01 -3.008187114793379070e-04
1.300000000000000000e+01 3.936257329651064556e-04
1.400000000000000000e+01 -3.008187114793379070e-04
1.500000000000000000e+01 4.399220292614027428e-04
1.600000000000000000e+01 5.963658033522357136e-04
1.700000000000000000e+01 -2.914816433187403569e-04
1.800000000000000000e+01 -3.008187114793379070e-04
1.900000000000000000e+01 1.657631335206002617e-03
1.000000000000000000e+00 -2.996548371935368817e-04
2.000000000000000000e+00 -2.451886062567177043e-04
3.000000000000000000e+00 -2.996548371935368817e-04
4.000000000000000000e+00 -2.996548371935368817e-04
5.000000000000000000e+00 -2.996548371935368817e-04
6.000000000000000000e+00 -2.918739470597055629e-04
7.000000000000000000e+00 -2.973205701533874535e-04
8.000000000000000000e+00 -2.996548371935368817e-04
9.000000000000000000e+00 -2.465502620301381499e-04
1.000000000000000000e+01 4.764889536561362740e-04
1.100000000000000000e+01 -2.996548371935368817e-04
1.200000000000000000e+01 1.751387802084396379e-03
1.300000000000000000e+01 4.410859035472038223e-04
1.400000000000000000e+01 -2.996548371935368817e-04
1.500000000000000000e+01 5.550460175073177642e-04
1.600000000000000000e+01 -2.479119178035586496e-04
1.700000000000000000e+01 -2.529694963905490231e-04
1.800000000000000000e+01 -2.669750986314453753e-04
1.900000000000000000e+01 -8.178991344626019926e-05
1.000000000000000000e+00 -4.212672236100525294e-04
2.000000000000000000e+00 -2.821189717167025841e-04
3.000000000000000000e+00 -4.212672236100525294e-04
4.000000000000000000e+00 -4.212672236100525294e-04
5.000000000000000000e+00 -4.197110455832862440e-04
6.000000000000000000e+00 -4.208183261023314939e-04
7.000000000000000000e+00 -4.212672236100525294e-04
8.000000000000000000e+00 -4.158445417167823920e-04
9.000000000000000000e+00 -4.153717030086495491e-04
1.000000000000000000e+01 -3.014908062557804702e-04
1.100000000000000000e+01 -4.212672236100525294e-04
1.200000000000000000e+01 -2.760239411118680384e-04
1.300000000000000000e+01 -4.057832522437281844e-04
1.400000000000000000e+01 -4.212672236100525294e-04
1.500000000000000000e+01 1.917914062939654737e-03
1.600000000000000000e+01 2.176135373792544708e-03
1.700000000000000000e+01 -4.076506658758476944e-04
1.800000000000000000e+01 -3.462523691834333540e-04
1.900000000000000000e+01 1.485424940435052694e-03
1.000000000000000000e+00 -3.222502519458143627e-04
2.000000000000000000e+00 4.770416870520069637e-04
3.000000000000000000e+00 -3.222502519458143627e-04
4.000000000000000000e+00 -3.222502519458143627e-04
5.000000000000000000e+00 -3.222502519458143627e-04
6.000000000000000000e+00 -3.222502519458143627e-04
7.000000000000000000e+00 -3.222502519458143627e-04
8.000000000000000000e+00 -3.222502519458143627e-04
9.000000000000000000e+00 -3.222502519458143627e-04
1.000000000000000000e+01 4.714005417049792332e-04
1.100000000000000000e+01 1.278667893089977447e-03
1.200000000000000000e+01 6.445253471827257783e-04
1.300000000000000000e+01 3.313445192960156574e-04
1.400000000000000000e+01 -3.222502519458143627e-04
1.500000000000000000e+01 -3.222502519458143627e-04
1.600000000000000000e+01 -2.719737310810581656e-04
1.700000000000000000e+01 1.316596582334457304e-05
1.800000000000000000e+01 -3.222502519458143627e-04
1.900000000000000000e+01 -1.596858736951615879e-04
1.000000000000000000e+00 -3.141843127468956680e-04
2.000000000000000000e+00 5.406362479560178520e-04
3.000000000000000000e+00 -3.141843127468956680e-04
4.000000000000000000e+00 -3.141843127468956680e-04
5.000000000000000000e+00 -3.141843127468956680e-04
6.000000000000000000e+00 -3.141843127468956680e-04
7.000000000000000000e+00 -2.934738140952205306e-04
8.000000000000000000e+00 -3.139598639930351502e-04
9.000000000000000000e+00 -3.141843127468956680e-04
1.000000000000000000e+01 -2.901533328335627652e-04
1.100000000000000000e+01 1.074704576141993165e-03
1.200000000000000000e+01 -3.141843127468956680e-04
1.300000000000000000e+01 -1.667364447107923448e-04
1.400000000000000000e+01 -3.141843127468956680e-04
1.500000000000000000e+01 1.500708310969257192e-03
1.600000000000000000e+01 -3.141843127468956680e-04
1.700000000000000000e+01 -3.141843127468956680e-04
1.800000000000000000e+01 -2.700323862420279638e-04
1.900000000000000000e+01 5.482002681250801790e-04
1.000000000000000000e+00 -3.899925301465141745e-04
2.000000000000000000e+00 1.442272427118442913e-03
3.000000000000000000e+00 -3.899925301465141745e-04
4.000000000000000000e+00 -3.899925301465141745e-04
5.000000000000000000e+00 -3.899925301465141745e-04
6.000000000000000000e+00 -3.899925301465141745e-04
7.000000000000000000e+00 -3.818225955059912843e-04
8.000000000000000000e+00 -3.534223465175070087e-04
9.000000000000000000e+00 -3.809248004905492133e-04
1.000000000000000000e+01 -3.899925301465141745e-04
1.100000000000000000e+01 -3.834565824340958624e-04
1.200000000000000000e+01 1.972162858324663474e-03
1.300000000000000000e+01 -1.254422655962496335e-04
1.400000000000000000e+01 -3.899925301465141745e-04
1.500000000000000000e+01 -3.899925301465141745e-04
1.600000000000000000e+01 7.915057101752555899e-04
1.700000000000000000e+01 -3.899925301465141745e-04
1.800000000000000000e+01 -3.899925301465141745e-04
1.900000000000000000e+01 3.507482105942265295e-04
1.000000000000000000e+00 -3.415102770752925072e-04
2.000000000000000000e+00 4.740467149522876881e-04
3.000000000000000000e+00 -3.415102770752925072e-04
4.000000000000000000e+00 -3.415102770752925072e-04
5.000000000000000000e+00 -3.415102770752925072e-04
6.000000000000000000e+00 -3.415102770752925072e-04
7.000000000000000000e+00 -3.348965204615359024e-04
8.000000000000000000e+00 -3.373445082036412800e-04
9.000000000000000000e+00 -3.210854404739853360e-04
1.000000000000000000e+01 4.400801368680625392e-04
1.100000000000000000e+01 5.844156488506332915e-04
1.200000000000000000e+01 -2.481395954693167900e-04
1.300000000000000000e+01 3.120844941665374588e-04
1.400000000000000000e+01 -3.358691317282648308e-04
1.500000000000000000e+01 -3.415102770752925072e-04
1.600000000000000000e+01 -3.312978587746389487e-04
1.700000000000000000e+01 2.930213133386507874e-04
1.800000000000000000e+01 -3.391760100351431332e-04
1.900000000000000000e+01 1.139971204406188847e-03
1.000000000000000000e+00 -3.033658224520610386e-04
2.000000000000000000e+00 -2.773392437294038828e-04
3.000000000000000000e+00 -3.041638624657872999e-04
4.000000000000000000e+00 -3.041638624657872999e-04
5.000000000000000000e+00 -3.041638624657872999e-04
6.000000000000000000e+00 -3.028416552612272052e-04
7.000000000000000000e+00 -3.025478314379916045e-04
8.000000000000000000e+00 -3.038782004154193879e-04
9.000000000000000000e+00 -3.022964488336677899e-04
1.000000000000000000e+01 -2.984179743669580342e-04
1.100000000000000000e+01 4.365768782749533498e-04
1.200000000000000000e+01 -3.041638624657872999e-04
1.300000000000000000e+01 1.582546377185628647e-03
1.400000000000000000e+01 -2.447461559892573227e-04
1.500000000000000000e+01 -3.041638624657872999e-04
1.600000000000000000e+01 2.513916930897682010e-04
1.700000000000000000e+01 5.036955131685242433e-04
1.800000000000000000e+01 -3.032660674503452288e-04
1.900000000000000000e+01 8.432780202702129567e-04
1.000000000000000000e+00 -2.980762214508344329e-04
2.000000000000000000e+00 -2.534558091833633052e-04
3.000000000000000000e+00 -2.980762214508344329e-04
4.000000000000000000e+00 -2.980762214508344329e-04
5.000000000000000000e+00 -2.980762214508344329e-04
6.000000000000000000e+00 -2.980762214508344329e-04
7.000000000000000000e+00 -2.980762214508344329e-04
8.000000000000000000e+00 -2.708431059824248171e-04
9.000000000000000000e+00 -2.767535898340851364e-04
1.000000000000000000e+01 1.289508307310164702e-03
1.100000000000000000e+01 -2.980762214508344329e-04
1.200000000000000000e+01 1.183405260030646975e-03
1.300000000000000000e+01 -2.461657136579736577e-04
1.400000000000000000e+01 -2.926295983571524880e-04
1.500000000000000000e+01 -2.980762214508344329e-04
1.600000000000000000e+01 5.496871263125131671e-04
1.700000000000000000e+01 6.294836914031959980e-04
1.800000000000000000e+01 -2.953529099039934333e-04
1.900000000000000000e+01 -1.978972609777563253e-04
1.000000000000000000e+00 -3.966640625518857858e-04
2.000000000000000000e+00 3.516780093195977903e-04
3.000000000000000000e+00 -3.966640625518857858e-04
4.000000000000000000e+00 -3.962151650441647502e-04
5.000000000000000000e+00 -3.966640625518857858e-04
6.000000000000000000e+00 -3.966640625518857858e-04
7.000000000000000000e+00 -3.951078845251195003e-04
8.000000000000000000e+00 -3.721542586303171695e-04
9.000000000000000000e+00 -3.966640625518857858e-04
1.000000000000000000e+01 3.974356286066287915e-04
1.100000000000000000e+01 -3.939407510050448404e-04
1.200000000000000000e+01 2.322367994715465039e-03
1.300000000000000000e+01 -3.957662675364437147e-04
1.400000000000000000e+01 -3.966640625518857858e-04
1.500000000000000000e+01 -3.884941279113628956e-04
1.600000000000000000e+01 9.683011874636447301e-05
1.700000000000000000e+01 -3.966640625518857858e-04
1.800000000000000000e+01 -3.966640625518857858e-04
1.900000000000000000e+01 1.389271679266208684e-03
1.000000000000000000e+00 -3.919880879190918896e-04
2.000000000000000000e+00 4.918312517826007105e-04
3.000000000000000000e+00 -3.927362504319602461e-04
4.000000000000000000e+00 -3.904019833918108721e-04
5.000000000000000000e+00 -3.927362504319602461e-04
6.000000000000000000e+00 -3.868407298305573199e-04
7.000000000000000000e+00 -3.927362504319602461e-04
8.000000000000000000e+00 -2.960975949697753728e-04
9.000000000000000000e+00 -3.915691169118855862e-04
1.000000000000000000e+01 9.412973630134178387e-04
1.100000000000000000e+01 4.632028618096729563e-04
1.200000000000000000e+01 -3.863559205222185733e-04
1.300000000000000000e+01 -3.689746090232600404e-04
1.400000000000000000e+01 -2.993655688259845289e-04
1.500000000000000000e+01 1.122415264719554742e-03
1.600000000000000000e+01 1.170444577454749901e-03
1.700000000000000000e+01 -1.204050957478644405e-04
1.800000000000000000e+01 -3.918384554165181750e-04
1.900000000000000000e+01 -3.888697465654563940e-04
1.000000000000000000e+00 -2.604941778893092976e-04
2.000000000000000000e+00 5.070860994948895575e-04
3.000000000000000000e+00 -2.604941778893092976e-04
4.000000000000000000e+00 -2.604941778893092976e-04
5.000000000000000000e+00 -2.604941778893092976e-04
6.000000000000000000e+00 -2.604941778893092976e-04
7.000000000000000000e+00 -2.604941778893092976e-04
8.000000000000000000e+00 -2.220474266397898862e-04
9.000000000000000000e+00 -2.604941778893092976e-04
1.000000000000000000e+01 4.248725613989985444e-04
1.100000000000000000e+01 -2.604941778893092976e-04
1.200000000000000000e+01 5.331566157614842441e-04
1.300000000000000000e+01 -2.604941778893092976e-04
1.400000000000000000e+01 4.802465628514314064e-04
1.500000000000000000e+01 6.630320773160571250e-05
1.600000000000000000e+01 -2.604941778893092976e-04
1.700000000000000000e+01 5.942066768115454025e-04
1.800000000000000000e+01 -2.604941778893092976e-04
1.900000000000000000e+01 -2.063816237767551851e-04
1.000000000000000000e+00 -3.354005805616643563e-04
2.000000000000000000e+00 -2.628288168134300428e-04
3.000000000000000000e+00 -3.355801395647527489e-04
4.000000000000000000e+00 -3.355801395647527489e-04
5.000000000000000000e+00 -3.355801395647527489e-04
6.000000000000000000e+00 -3.354305070621790884e-04
7.000000000000000000e+00 -3.351910950580612317e-04
8.000000000000000000e+00 -2.830591311613914283e-04
9.000000000000000000e+00 -3.352210215585759638e-04
1.000000000000000000e+01 1.671271940816739399e-03
1.100000000000000000e+01 5.275191794169190951e-04
1.200000000000000000e+01 -3.167577958124370295e-04
1.300000000000000000e+01 -3.355801395647527489e-04
1.400000000000000000e+01 -3.355801395647527489e-04
1.500000000000000000e+01 4.541802090191251334e-04
1.600000000000000000e+01 -2.811139086279336257e-04
1.700000000000000000e+01 1.422436907409982236e-03
1.800000000000000000e+01 -3.340987777892733749e-04
1.900000000000000000e+01 -2.533273676834979287e-04
1.000000000000000000e+00 -2.676036506015865945e-04
2.000000000000000000e+00 -9.389527836380261107e-05
3.000000000000000000e+00 -2.676036506015865945e-04
4.000000000000000000e+00 -2.676036506015865945e-04
5.000000000000000000e+00 -2.676036506015865945e-04
6.000000000000000000e+00 -2.676036506015865945e-04
7.000000000000000000e+00 -2.676036506015865945e-04
8.000000000000000000e+00 -2.676036506015865945e-04
9.000000000000000000e+00 -2.676036506015865945e-04
1.000000000000000000e+01 -2.559323154008396163e-04
1.100000000000000000e+01 -2.676036506015865945e-04
1.200000000000000000e+01 7.424973594994234514e-04
1.300000000000000000e+01 4.731370901391541094e-04
1.400000000000000000e+01 -2.676036506015865945e-04
1.500000000000000000e+01 -2.676036506015865945e-04
1.600000000000000000e+01 1.368687618042623098e-03
1.700000000000000000e+01 -2.676036506015865945e-04
1.800000000000000000e+01 -1.949820093524943761e-04
1.900000000000000000e+01 7.236817524485222169e-04
1.000000000000000000e+00 -3.347720104686048776e-04
2.000000000000000000e+00 2.227175845596897699e-03
3.000000000000000000e+00 -3.347720104686048776e-04
4.000000000000000000e+00 -3.347720104686048776e-04
5.000000000000000000e+00 -3.347720104686048776e-04
6.000000000000000000e+00 -3.347720104686048776e-04
7.000000000000000000e+00 -3.347720104686048776e-04
8.000000000000000000e+00 -3.347720104686048776e-04
9.000000000000000000e+00 -3.347720104686048776e-04
1.000000000000000000e+01 -2.939223372659904810e-04
1.100000000000000000e+01 -3.347720104686048776e-04
1.200000000000000000e+01 4.588787831821887183e-04
1.300000000000000000e+01 -3.347720104686048776e-04
1.400000000000000000e+01 -3.347720104686048776e-04
1.500000000000000000e+01 -3.347720104686048776e-04
1.600000000000000000e+01 -3.347720104686048776e-04
1.700000000000000000e+01 1.386360887134880857e-03
1.800000000000000000e+01 -3.347720104686048776e-04
1.900000000000000000e+01 -3.347720104686048776e-04
1.000000000000000000e+00 -2.523877905259559696e-04
2.000000000000000000e+00 -1.634599299717978606e-04
3.000000000000000000e+00 -2.525374230285296301e-04
4.000000000000000000e+00 -2.525374230285296301e-04
5.000000000000000000e+00 -2.525374230285296301e-04
6.000000000000000000e+00 -2.525374230285296301e-04
7.000000000000000000e+00 -2.525374230285296301e-04
8.000000000000000000e+00 -2.511757672551091845e-04
9.000000000000000000e+00 -2.525374230285296301e-04
1.000000000000000000e+01 -2.523469816616176887e-04
1.100000000000000000e+01 -2.520186970196075711e-04
1.200000000000000000e+01 1.841619327990966270e-03
1.300000000000000000e+01 4.882033177122110197e-04
1.400000000000000000e+01 4.419070214159147325e-04
1.500000000000000000e+01 -2.525374230285296301e-04
1.600000000000000000e+01 -1.995675171174473011e-04
1.700000000000000000e+01 4.010573482133003359e-04
1.800000000000000000e+01 -2.525374230285296301e-04
1.900000000000000000e+01 -2.523129742746691123e-04
1.000000000000000000e+00 -3.563216868417044348e-04
2.000000000000000000e+00 -2.271493885517590757e-04
3.000000000000000000e+00 -3.563216868417044348e-04
4.000000000000000000e+00 -3.563216868417044348e-04
5.000000000000000000e+00 -3.563216868417044348e-04
6.000000000000000000e+00 -3.560931572014100726e-04
7.000000000000000000e+00 -3.554238918262623095e-04
8.000000000000000000e+00 -3.481517522011815446e-04
9.000000000000000000e+00 -3.563216868417044348e-04
1.000000000000000000e+01 6.851902462143461296e-04
1.100000000000000000e+01 -3.563216868417044348e-04
1.200000000000000000e+01 1.589289891122814668e-03
1.300000000000000000e+01 -3.467900964277610448e-04
1.400000000000000000e+01 -3.553790020754902385e-04
1.500000000000000000e+01 -3.563216868417044348e-04
1.600000000000000000e+01 -3.563216868417044348e-04
1.700000000000000000e+01 1.495530165010147162e-03
1.800000000000000000e+01 -3.532093307881718639e-04
1.900000000000000000e+01 7.575661340818718977e-04
1.000000000000000000e+00 -4.309465994940494312e-04
2.000000000000000000e+00 -3.693585739704496429e-04
3.000000000000000000e+00 -4.326930245598022162e-04
4.000000000000000000e+00 -4.326930245598022162e-04
5.000000000000000000e+00 -4.326930245598022162e-04
6.000000000000000000e+00 -4.326930245598022162e-04
7.000000000000000000e+00 -4.245230899192793260e-04
8.000000000000000000e+00 -4.245230899192793260e-04
9.000000000000000000e+00 -4.121539231383478368e-04
1.000000000000000000e+01 2.345084753217975288e-03
1.100000000000000000e+01 9.227124631986266014e-04
1.200000000000000000e+01 -3.549017270453213224e-04
1.300000000000000000e+01 9.244238962826086328e-04
1.400000000000000000e+01 -4.324073625094342500e-04
1.500000000000000000e+01 -4.325978038763462455e-04
1.600000000000000000e+01 -3.376845471983836518e-04
1.700000000000000000e+01 1.061357587137868241e-03
1.800000000000000000e+01 -3.997888372438501920e-04
1.900000000000000000e+01 -4.151910095087675556e-04
1.000000000000000000e+00 -3.960604871105945896e-04
2.000000000000000000e+00 -3.080765755972712989e-04
3.000000000000000000e+00 -3.960604871105945896e-04
4.000000000000000000e+00 -3.925291600498557695e-04
5.000000000000000000e+00 -3.960604871105945896e-04
6.000000000000000000e+00 -3.828329738830813802e-04
7.000000000000000000e+00 -3.960604871105945896e-04
8.000000000000000000e+00 -3.855562854299223255e-04
9.000000000000000000e+00 -3.633807485485030832e-04
1.000000000000000000e+01 1.096314240558250545e-03
1.100000000000000000e+01 -3.493751463076067310e-04
1.200000000000000000e+01 1.778391164895236831e-03
1.300000000000000000e+01 2.148809312661165843e-03
1.400000000000000000e+01 -3.960604871105945896e-04
1.500000000000000000e+01 -3.925590865503705016e-04
1.600000000000000000e+01 -1.827443914415577539e-04
1.700000000000000000e+01 -3.191669846115557669e-04
1.800000000000000000e+01 -3.878905524700716994e-04
1.900000000000000000e+01 -3.960604871105945896e-04
1.000000000000000000e+00 -3.113321166328359780e-04
2.000000000000000000e+00 -2.478280825405665714e-04
3.000000000000000000e+00 -3.113321166328359780e-04
4.000000000000000000e+00 -3.113321166328359780e-04
5.000000000000000000e+00 -3.113321166328359780e-04
6.000000000000000000e+00 -3.113321166328359780e-04
7.000000000000000000e+00 -3.113321166328359780e-04
8.000000000000000000e+00 -3.067982518048534973e-04
9.000000000000000000e+00 -3.113321166328359780e-04
1.000000000000000000e+01 -2.728853653833165395e-04
1.100000000000000000e+01 -1.976750084904337187e-04
1.200000000000000000e+01 -2.038013592318363443e-04
1.300000000000000000e+01 -2.642054959768035138e-04
1.400000000000000000e+01 -3.113321166328359780e-04
1.500000000000000000e+01 1.275969470668751214e-03
1.600000000000000000e+01 1.186025373371712727e-03
1.700000000000000000e+01 -2.811841600142911206e-04
1.800000000000000000e+01 -3.113321166328359780e-04
1.900000000000000000e+01 1.541453442035075347e-03
1.000000000000000000e+00 -3.339419585088905106e-04
2.000000000000000000e+00 -2.476523921773073999e-04
3.000000000000000000e+00 -3.341984713704454035e-04
4.000000000000000000e+00 -3.341984713704454035e-04
5.000000000000000000e+00 -3.341984713704454035e-04
6.000000000000000000e+00 -3.340488388678717431e-04
7.000000000000000000e+00 -3.341984713704454035e-04
8.000000000000000000e+00 -3.341984713704454035e-04
9.000000000000000000e+00 -3.341984713704454035e-04
1.000000000000000000e+01 -2.405992601241753513e-04
1.100000000000000000e+01 -3.239860530697917908e-04
1.200000000000000000e+01 -3.225271361696984253e-04
1.300000000000000000e+01 4.532276101732831590e-04
1.400000000000000000e+01 -3.341984713704454035e-04
1.500000000000000000e+01 -3.341984713704454035e-04
1.600000000000000000e+01 -2.792135144247041671e-04
1.700000000000000000e+01 1.219904651360128114e-03
1.800000000000000000e+01 5.273106621975116870e-04
1.900000000000000000e+01 1.962279379028973505e-03
1.000000000000000000e+00 -3.506355854137071680e-04
2.000000000000000000e+00 -2.710873195909315608e-04
3.000000000000000000e+00 -3.506355854137071680e-04
4.000000000000000000e+00 -3.506355854137071680e-04
5.000000000000000000e+00 -3.506355854137071680e-04
6.000000000000000000e+00 -3.506355854137071680e-04
7.000000000000000000e+00 -3.506355854137071680e-04
8.000000000000000000e+00 -3.490794073869408825e-04
9.000000000000000000e+00 -3.506355854137071680e-04
1.000000000000000000e+01 -2.035767618842954161e-04
1.100000000000000000e+01 -3.506355854137071680e-04
1.200000000000000000e+01 -3.506355854137071680e-04
1.300000000000000000e+01 5.131429744432840527e-04
1.400000000000000000e+01 -3.506355854137071680e-04
1.500000000000000000e+01 1.358766123988002124e-03
1.600000000000000000e+01 2.819959251847796444e-03
1.700000000000000000e+01 -2.417031235400688403e-04
1.800000000000000000e+01 -3.470045033512525381e-04
1.900000000000000000e+01 -2.738877145481892288e-04
1.000000000000000000e+00 -3.088109096881026436e-04
2.000000000000000000e+00 5.207875963809915605e-04
3.000000000000000000e+00 -3.088109096881026436e-04
4.000000000000000000e+00 -3.088109096881026436e-04
5.000000000000000000e+00 -3.088109096881026436e-04
6.000000000000000000e+00 -3.088109096881026436e-04
7.000000000000000000e+00 -3.088109096881026436e-04
8.000000000000000000e+00 -3.088109096881026436e-04
9.000000000000000000e+00 -3.088109096881026436e-04
1.000000000000000000e+01 -3.088109096881026436e-04
1.100000000000000000e+01 -3.088109096881026436e-04
1.200000000000000000e+01 3.160303366701716079e-05
1.300000000000000000e+01 5.458899450127520023e-04
1.400000000000000000e+01 -3.088109096881026436e-04
1.500000000000000000e+01 -3.013836963785363897e-04
1.600000000000000000e+01 4.913475375291680375e-04
1.700000000000000000e+01 -3.088109096881026436e-04
1.800000000000000000e+01 -3.088109096881026436e-04
1.900000000000000000e+01 2.034533835617426643e-03
1.000000000000000000e+00 -3.984526681895102728e-04
2.000000000000000000e+00 -2.677337139411442471e-04
3.000000000000000000e+00 -3.984526681895102728e-04
4.000000000000000000e+00 -3.984526681895102728e-04
5.000000000000000000e+00 -3.961184011493608988e-04
6.000000000000000000e+00 -3.930060450958283822e-04
7.000000000000000000e+00 -3.984526681895102728e-04
8.000000000000000000e+00 -3.793894873616235472e-04
9.000000000000000000e+00 -3.780278315882031016e-04
1.000000000000000000e+01 -1.983940122485014057e-04
1.100000000000000000e+01 6.116483419114997731e-04
1.200000000000000000e+01 1.325803467831331581e-03
1.300000000000000000e+01 6.116483419114997731e-04
1.400000000000000000e+01 -3.961184011493608988e-04
1.500000000000000000e+01 -2.871859392757225441e-04
1.600000000000000000e+01 -3.984526681895102728e-04
1.700000000000000000e+01 4.509022252830301733e-04
1.800000000000000000e+01 -3.961184011493608988e-04
1.900000000000000000e+01 1.310949041212199073e-03
1.000000000000000000e+00 -3.841188911140680853e-04
2.000000000000000000e+00 4.715695381037729363e-04
3.000000000000000000e+00 -3.900144117154710115e-04
4.000000000000000000e+00 -3.900144117154710115e-04
5.000000000000000000e+00 -3.900144117154710115e-04
6.000000000000000000e+00 -3.900144117154710115e-04
7.000000000000000000e+00 -3.872132912672917194e-04
8.000000000000000000e+00 -3.884582336887047803e-04
9.000000000000000000e+00 -3.851513553818264237e-04
1.000000000000000000e+01 -3.738602227671644174e-04
1.100000000000000000e+01 -3.900144117154710115e-04
1.200000000000000000e+01 7.214558174018168837e-04
1.300000000000000000e+01 1.542352738042982938e-03
1.400000000000000000e+01 -3.900144117154710115e-04
1.500000000000000000e+01 -3.892363227020878688e-04
1.600000000000000000e+01 2.103890441180825133e-04
1.700000000000000000e+01 8.445534895190967561e-04
1.800000000000000000e+01 -3.530198158973457678e-04
1.900000000000000000e+01 3.492000774990181391e-04
1.000000000000000000e+00 -3.795044681267591082e-04
2.000000000000000000e+00 5.082257210740181563e-04
3.000000000000000000e+00 -3.795044681267591082e-04
4.000000000000000000e+00 -3.795044681267591082e-04
5.000000000000000000e+00 -3.795044681267591082e-04
6.000000000000000000e+00 -3.795044681267591082e-04
7.000000000000000000e+00 -3.795044681267591082e-04
8.000000000000000000e+00 -3.686112219393952727e-04
9.000000000000000000e+00 -3.795044681267591082e-04
1.000000000000000000e+01 -3.646500415076266003e-04
1.100000000000000000e+01 -2.297223330505064110e-04
1.200000000000000000e+01 1.101977013354722137e-03
1.300000000000000000e+01 4.141463255240344335e-04
1.400000000000000000e+01 -3.795044681267591082e-04
1.500000000000000000e+01 -5.270708250584411165e-05
1.600000000000000000e+01 1.380173762139706327e-03
1.700000000000000000e+01 5.075170071300100965e-04
1.800000000000000000e+01 -3.713345334862362180e-04
1.900000000000000000e+01 -3.795044681267591082e-04
1.000000000000000000e+00 -4.406184988615329087e-04
2.000000000000000000e+00 2.198659434534047143e-03
3.000000000000000000e+00 -4.406184988615329087e-04
4.000000000000000000e+00 -4.406184988615329087e-04
5.000000000000000000e+00 -4.406184988615329087e-04
6.000000000000000000e+00 -4.406184988615329087e-04
7.000000000000000000e+00 -4.406184988615329087e-04
8.000000000000000000e+00 -3.982126476321522267e-04
9.000000000000000000e+00 -4.382842318213834806e-04
1.000000000000000000e+01 -1.138211132406178716e-04
1.100000000000000000e+01 2.383455575212540829e-03
1.200000000000000000e+01 -2.227535751142562263e-04
1.300000000000000000e+01 -4.406184988615329087e-04
1.400000000000000000e+01 -4.406184988615329087e-04
1.500000000000000000e+01 -1.036086949399642724e-04
1.600000000000000000e+01 -3.997688256589185122e-04
1.700000000000000000e+01 -4.406184988615329087e-04
1.800000000000000000e+01 -3.698123986436679510e-04
1.900000000000000000e+01 -1.114868462004684841e-04
1.000000000000000000e+00 -3.720449267608574319e-04
2.000000000000000000e+00 -2.240783327158320226e-04
3.000000000000000000e+00 -3.720449267608574319e-04
4.000000000000000000e+00 -3.697106597207080038e-04
5.000000000000000000e+00 -3.720449267608574319e-04
6.000000000000000000e+00 -3.311952535582430353e-04
7.000000000000000000e+00 -3.720449267608574319e-04
8.000000000000000000e+00 -3.638749921203345418e-04
9.000000000000000000e+00 -3.704887487340911465e-04
1.000000000000000000e+01 2.536000680791837677e-04
1.100000000000000000e+01 -3.652366478937550415e-04
1.200000000000000000e+01 6.462260179806755041e-04
1.300000000000000000e+01 7.017179117078633155e-04
1.400000000000000000e+01 -3.720449267608574319e-04
1.500000000000000000e+01 -3.720449267608574319e-04
1.600000000000000000e+01 -3.217684058961012348e-04
1.700000000000000000e+01 2.032495836913032847e-03
1.800000000000000000e+01 -3.679599594405959869e-04
1.900000000000000000e+01 3.496326331519965464e-04
1.000000000000000000e+00 -2.934793105071742533e-04
2.000000000000000000e+00 6.847091676813037717e-04
3.000000000000000000e+00 -2.934793105071742533e-04
4.000000000000000000e+00 -2.934793105071742533e-04
5.000000000000000000e+00 -2.934793105071742533e-04
6.000000000000000000e+00 -2.934793105071742533e-04
7.000000000000000000e+00 -2.934793105071742533e-04
8.000000000000000000e+00 -2.934793105071742533e-04
9.000000000000000000e+00 -2.934793105071742533e-04
1.000000000000000000e+01 8.775446546344377622e-04
1.100000000000000000e+01 6.324466154187515995e-04
1.200000000000000000e+01 6.732962886213659419e-04
1.300000000000000000e+01 -2.934793105071742533e-04
1.400000000000000000e+01 -2.934793105071742533e-04
1.500000000000000000e+01 -2.467939697041863947e-04
1.600000000000000000e+01 -2.934793105071742533e-04
1.700000000000000000e+01 4.472614302335664507e-04
1.800000000000000000e+01 -2.934793105071742533e-04
1.900000000000000000e+01 -2.444597026640369665e-04
1.000000000000000000e+00 -3.435371389171044780e-04
2.000000000000000000e+00 -2.833848728824854991e-04
3.000000000000000000e+00 -3.439860364248255135e-04
4.000000000000000000e+00 -3.439860364248255135e-04
5.000000000000000000e+00 -3.439860364248255135e-04
6.000000000000000000e+00 -3.439860364248255135e-04
7.000000000000000000e+00 -3.167529209564158977e-04
8.000000000000000000e+00 -3.439860364248255135e-04
9.000000000000000000e+00 -3.439860364248255135e-04
1.000000000000000000e+01 1.538994101199274780e-03
1.100000000000000000e+01 3.967547043159151904e-04
1.200000000000000000e+01 1.046595837350325353e-03
1.300000000000000000e+01 1.235534660742930359e-03
1.400000000000000000e+01 -3.295685047062557106e-04
1.500000000000000000e+01 -3.031363632222111170e-04
1.600000000000000000e+01 -1.713354299506896329e-04
1.700000000000000000e+01 -3.412028718769550498e-04
1.800000000000000000e+01 -3.358161017843026234e-04
1.900000000000000000e+01 -3.413661073343081734e-04
1.000000000000000000e+00 -4.276610520160571759e-04
2.000000000000000000e+00 4.291047312203143094e-04
3.000000000000000000e+00 -4.276610520160571759e-04
4.000000000000000000e+00 -4.276610520160571759e-04
5.000000000000000000e+00 -4.261048739892908904e-04
6.000000000000000000e+00 -4.267632570006151048e-04
7.000000000000000000e+00 -4.220947229203163027e-04
8.000000000000000000e+00 -4.133337398946273860e-04
9.000000000000000000e+00 -4.101540492149366814e-04
1.000000000000000000e+01 -2.700232105546862484e-04
1.100000000000000000e+01 3.189801970761722339e-04
1.200000000000000000e+01 1.655672281317276074e-03
1.300000000000000000e+01 -1.008636663951421387e-04
1.400000000000000000e+01 -4.270625220057624257e-04
1.500000000000000000e+01 -4.276610520160571759e-04
1.600000000000000000e+01 3.136782187349782241e-04
1.700000000000000000e+01 -4.088073566917735748e-04
1.800000000000000000e+01 -4.214921120235877623e-04
1.900000000000000000e+01 1.710527556760786877e-03
1.000000000000000000e+00 -2.779218906352808960e-04
2.000000000000000000e+00 -1.718077569476178436e-04
3.000000000000000000e+00 -2.782211556404282711e-04
4.000000000000000000e+00 -2.782211556404282711e-04
5.000000000000000000e+00 -2.782211556404282711e-04
6.000000000000000000e+00 -2.782211556404282711e-04
7.000000000000000000e+00 -2.782211556404282711e-04
8.000000000000000000e+00 -2.782211556404282711e-04
9.000000000000000000e+00 -2.772685601500176809e-04
1.000000000000000000e+01 1.188962940220138079e-03
1.100000000000000000e+01 5.764796990604263748e-04
1.200000000000000000e+01 3.390627949768555585e-04
1.300000000000000000e+01 -2.782211556404282711e-04
1.400000000000000000e+01 4.162232888040160914e-04
1.500000000000000000e+01 -2.397744043909088869e-04
1.600000000000000000e+01 -1.883518745946766691e-04
1.700000000000000000e+01 -2.782211556404282711e-04
1.800000000000000000e+01 -2.782211556404282711e-04
1.900000000000000000e+01 6.429763832041693154e-04
1.000000000000000000e+00 -2.584559436497803776e-04
2.000000000000000000e+00 -2.104546243636314085e-04
3.000000000000000000e+00 -2.584559436497803776e-04
4.000000000000000000e+00 -2.584559436497803776e-04
5.000000000000000000e+00 -2.584559436497803776e-04
6.000000000000000000e+00 -2.577890102097376993e-04
7.000000000000000000e+00 -2.584559436497803776e-04
8.000000000000000000e+00 -2.581566786446330567e-04
9.000000000000000000e+00 -2.565885300176608676e-04
1.000000000000000000e+01 -2.584559436497803776e-04
1.100000000000000000e+01 3.951388275920495884e-04
1.200000000000000000e+01 5.354805120513810761e-04
1.300000000000000000e+01 -2.200091924002609933e-04
1.400000000000000000e+01 -2.457521441812750610e-04
1.500000000000000000e+01 -1.252830163592060495e-04
1.600000000000000000e+01 3.629129742877648971e-04
1.700000000000000000e+01 3.904702935117508405e-04
1.800000000000000000e+01 -2.584559436497803776e-04
1.900000000000000000e+01 1.261801780652061335e-03
1.000000000000000000e+00 -3.363968237549248776e-04
2.000000000000000000e+00 6.024972523940531552e-04
3.000000000000000000e+00 -3.363968237549248776e-04
4.000000000000000000e+00 -3.363968237549248776e-04
5.000000000000000000e+00 -3.363968237549248776e-04
6.000000000000000000e+00 -2.274643618812865228e-04
7.000000000000000000e+00 -3.363968237549248776e-04
8.000000000000000000e+00 -3.363968237549248776e-04
9.000000000000000000e+00 -3.282268891144019874e-04
1.000000000000000000e+01 -3.363968237549248776e-04
1.100000000000000000e+01 1.236141023292726101e-03
1.200000000000000000e+01 -3.363968237549248776e-04
1.300000000000000000e+01 -3.196679099671875259e-04
1.400000000000000000e+01 -3.363968237549248776e-04
1.500000000000000000e+01 -3.363968237549248776e-04
1.600000000000000000e+01 2.504525870108945031e-03
1.700000000000000000e+01 -3.363968237549248776e-04
1.800000000000000000e+01 -3.363968237549248776e-04
1.900000000000000000e+01 -2.769791172783948462e-04
1.000000000000000000e+00 -3.676825696949535729e-04
2.000000000000000000e+00 6.167556500373837019e-04
3.000000000000000000e+00 -3.676825696949535729e-04
4.000000000000000000e+00 -3.676825696949535729e-04
5.000000000000000000e+00 -3.676825696949535729e-04
6.000000000000000000e+00 -3.676825696949535729e-04
7.000000000000000000e+00 -3.676825696949535729e-04
8.000000000000000000e+00 -3.676825696949535729e-04
9.000000000000000000e+00 -3.676825696949535729e-04
1.000000000000000000e+01 -3.147126637838711626e-04
1.100000000000000000e+01 1.359675040015597249e-03
1.200000000000000000e+01 5.364568638562446090e-04
1.300000000000000000e+01 -3.602553563853873190e-04
1.400000000000000000e+01 1.021206319193935152e-03
1.500000000000000000e+01 -3.077697156644524507e-04
1.600000000000000000e+01 -2.396869269934285196e-04
1.700000000000000000e+01 -3.676825696949535729e-04
1.800000000000000000e+01 -3.676825696949535729e-04
1.900000000000000000e+01 4.002912865141966927e-04
1.000000000000000000e+00 -3.222320157039090804e-04
2.000000000000000000e+00 -2.900550423504651490e-04
3.000000000000000000e+00 -3.245662827440584544e-04
4.000000000000000000e+00 -3.245662827440584544e-04
5.000000000000000000e+00 -3.245662827440584544e-04
6.000000000000000000e+00 -3.245662827440584544e-04
7.000000000000000000e+00 -3.245662827440584544e-04
8.000000000000000000e+00 -3.245662827440584544e-04
9.000000000000000000e+00 -3.245662827440584544e-04
1.000000000000000000e+01 4.839389375258675951e-04
1.100000000000000000e+01 3.412833904585558468e-04
1.200000000000000000e+01 -1.653573000056639839e-04
1.300000000000000000e+01 9.602781393552654561e-04
1.400000000000000000e+01 -3.099382092924555989e-04
1.500000000000000000e+01 -3.245662827440584544e-04
1.600000000000000000e+01 -3.204813154237970093e-04
1.700000000000000000e+01 -3.143538644434048959e-04
1.800000000000000000e+01 -3.222320157039090804e-04
1.900000000000000000e+01 2.296229396010097436e-03
