1.000000000000000000e+00 -5.972474170082160130e-04
2.000000000000000000e+00 1.039648600139901754e-03
3.000000000000000000e+00 -5.972474170082160130e-04
4.000000000000000000e+00 -5.972474170082160130e-04
5.000000000000000000e+00 -5.972474170082160130e-04
6.000000000000000000e+00 -5.972474170082160130e-04
7.000000000000000000e+00 -5.972474170082160130e-04
8.000000000000000000e+00 -5.886535236104010940e-04
9.000000000000000000e+00 -5.654838374505188501e-04
1.000000000000000000e+01 3.806990773994680527e-03
1.100000000000000000e+01 -5.529561962464069926e-04
1.200000000000000000e+01 -3.751873420069645488e-04
1.300000000000000000e+01 -3.789335957532183221e-04
1.400000000000000000e+01 -5.844089482873943749e-04
1.500000000000000000e+01 -5.941350609546834421e-04
1.600000000000000000e+01 -4.436895551170208052e-04
1.700000000000000000e+01 -4.779739889112585177e-04
1.800000000000000000e+01 -5.080365189737885440e-04
1.900000000000000000e+01 2.555874126869630333e-03
1.000000000000000000e+00 -7.686668024859843367e-04
2.000000000000000000e+00 1.496234236924859004e-03
3.000000000000000000e+00 -7.692517295414995696e-04
4.000000000000000000e+00 -7.692517295414995696e-04
5.000000000000000000e+00 -7.692517295414995696e-04
6.000000000000000000e+00 -7.284020563388852272e-04
7.000000000000000000e+00 -7.692517295414995696e-04
8.000000000000000000e+00 -7.503471591663409728e-04
9.000000000000000000e+00 -7.610817949009767878e-04
1.000000000000000000e+01 2.157059145685783982e-03
1.100000000000000000e+01 2.118775276132564556e-03
1.200000000000000000e+01 -7.437397879395925759e-04
1.300000000000000000e+01 1.346871526287638388e-03
1.400000000000000000e+01 -7.623554849001569619e-04
1.500000000000000000e+01 -7.673843159093801138e-04
1.600000000000000000e+01 -4.046821125209022220e-04
1.700000000000000000e+01 1.468815214407797123e-03
1.800000000000000000e+01 -7.682898063106688566e-04
1.900000000000000000e+01 -4.964716773496827013e-04
1.000000000000000000e+00 -6.233074555903687355e-04
2.000000000000000000e+00 -4.702782952082672002e-04
3.000000000000000000e+00 -6.314773902308916257e-04
4.000000000000000000e+00 -6.311182722247147322e-04
5.000000000000000000e+00 -6.314773902308916257e-04
6.000000000000000000e+00 -6.302721684374345450e-04
7.000000000000000000e+00 -6.299212122041253402e-04
8.000000000000000000e+00 -5.984385336626232800e-04
9.000000000000000000e+00 -6.282453281753001264e-04
1.000000000000000000e+01 4.083249603907867023e-03
1.100000000000000000e+01 -4.771015373256269295e-04
1.200000000000000000e+01 -6.203556144032334281e-04
1.300000000000000000e+01 -6.314773902308916257e-04
1.400000000000000000e+01 -6.314773902308916257e-04
1.500000000000000000e+01 1.078209981221185578e-03
1.600000000000000000e+01 -6.192000433947211736e-04
1.700000000000000000e+01 -3.322695174936071021e-04
1.800000000000000000e+01 -6.288188287488006602e-04
1.900000000000000000e+01 3.112098212763478918e-03
1.000000000000000000e+00 -6.792143559348118222e-04
2.000000000000000000e+00 -5.047857072414572380e-04
3.000000000000000000e+00 -6.796034004415033936e-04
4.000000000000000000e+00 -6.796034004415033936e-04
5.000000000000000000e+00 -6.796034004415033936e-04
6.000000000000000000e+00 -6.780281782780459791e-04
7.000000000000000000e+00 -6.796034004415033936e-04
8.000000000000000000e+00 -6.750695356135209130e-04
9.000000000000000000e+00 -6.712811127074510371e-04
1.000000000000000000e+01 3.141348704824326911e-03
1.100000000000000000e+01 -6.534494527189282746e-04
1.200000000000000000e+01 -5.551989378017466517e-04
1.300000000000000000e+01 4.456553626471825187e-03
1.400000000000000000e+01 -6.748202128852066623e-04
1.500000000000000000e+01 -6.792442824353266085e-04
1.600000000000000000e+01 -4.327558051942542619e-04
1.700000000000000000e+01 -6.796034004415033936e-04
1.800000000000000000e+01 -6.466243968742646205e-04
1.900000000000000000e+01 1.551147019384546601e-03
1.000000000000000000e+00 -5.510103569774806682e-04
2.000000000000000000e+00 -3.680642181489888684e-04
3.000000000000000000e+00 -5.516687399888047742e-04
4.000000000000000000e+00 -5.516687399888047742e-04
5.000000000000000000e+00 -5.516687399888047742e-04
6.000000000000000000e+00 -5.431995403431345631e-04
7.000000000000000000e+00 -5.515191074862311679e-04
8.000000000000000000e+00 -5.438878498549734554e-04
9.000000000000000000e+00 -5.438878498549734554e-04
1.000000000000000000e+01 2.245826520741749880e-03
1.100000000000000000e+01 2.160240810156039380e-03
1.200000000000000000e+01 -4.475620623527154203e-04
1.300000000000000000e+01 -5.463635876248289095e-04
1.400000000000000000e+01 -5.508643519295148032e-04
1.500000000000000000e+01 -5.507709449733627031e-04
1.600000000000000000e+01 1.160905178467466336e-03
1.700000000000000000e+01 1.157732969412904626e-03
1.800000000000000000e+01 -5.105625539246355388e-04
1.900000000000000000e+01 -4.540015651157475922e-04
1.000000000000000000e+00 -4.080877317461424235e-04
2.000000000000000000e+00 1.866028402664109348e-03
3.000000000000000000e+00 -4.080877317461424235e-04
4.000000000000000000e+00 -4.080877317461424235e-04
5.000000000000000000e+00 -4.080877317461424235e-04
6.000000000000000000e+00 -4.080877317461424235e-04
7.000000000000000000e+00 -4.080877317461424235e-04
8.000000000000000000e+00 -3.999177971056195875e-04
9.000000000000000000e+00 -4.080877317461424235e-04
1.000000000000000000e+01 1.104517310270664151e-03
1.100000000000000000e+01 -4.062721907149151627e-04
1.200000000000000000e+01 -1.658566512797678605e-04
1.300000000000000000e+01 -3.998968485552592696e-04
1.400000000000000000e+01 -2.984310485600474654e-04
1.500000000000000000e+01 -4.077884667409951026e-04
1.600000000000000000e+01 1.691256279362574446e-03
1.700000000000000000e+01 -4.080877317461424235e-04
1.800000000000000000e+01 -4.065315537193761922e-04
1.900000000000000000e+01 3.953250863725579507e-04
1.000000000000000000e+00 -6.707333032931648512e-04
2.000000000000000000e+00 -6.544821252772809123e-04
3.000000000000000000e+00 -6.753000872717134992e-04
4.000000000000000000e+00 -6.750756385178529814e-04
5.000000000000000000e+00 -6.729658202315640710e-04
6.000000000000000000e+00 -6.736042522425451668e-04
7.000000000000000000e+00 -6.753000872717134992e-04
8.000000000000000000e+00 -6.736840562439177496e-04
9.000000000000000000e+00 -6.671301526311906090e-04
1.000000000000000000e+01 6.711915046331448816e-03
1.100000000000000000e+01 -6.717388337104598928e-04
1.200000000000000000e+01 6.318894552119465411e-04
1.300000000000000000e+01 -6.587697766237557775e-04
1.400000000000000000e+01 -6.681666977853828460e-04
1.500000000000000000e+01 -3.600684139085522984e-04
1.600000000000000000e+01 -4.464530446991807474e-04
1.700000000000000000e+01 1.585448103407272914e-03
1.800000000000000000e+01 -6.413120845337107623e-04
1.900000000000000000e+01 -5.280770955109066441e-04
1.000000000000000000e+00 -9.278419010036114507e-04
2.000000000000000000e+00 1.886297481763222301e-03
3.000000000000000000e+00 -9.383052938199454339e-04
4.000000000000000000e+00 -9.380196317695775219e-04
5.000000000000000000e+00 -9.378563963122243984e-04
6.000000000000000000e+00 -9.381148524530334926e-04
7.000000000000000000e+00 -9.380060288147981130e-04
8.000000000000000000e+00 -9.350732317643540431e-04
9.000000000000000000e+00 -9.352185113213982298e-04
1.000000000000000000e+01 2.150448726306623468e-03
1.100000000000000000e+01 5.128454743528326754e-03
1.200000000000000000e+01 -7.020382928470621274e-04
1.300000000000000000e+01 -9.383052938199454339e-04
1.400000000000000000e+01 -9.198556062526108516e-04
1.500000000000000000e+01 -9.369714269398600774e-04
1.600000000000000000e+01 -6.871757044550620393e-04
1.700000000000000000e+01 2.700155438066391845e-03
1.800000000000000000e+01 -9.375272048065622912e-04
1.900000000000000000e+01 -8.976827899621474694e-04
1.000000000000000000e+00 -5.109386224398018012e-04
2.000000000000000000e+00 1.939196346077519525e-03
3.000000000000000000e+00 -5.131307386025061841e-04
4.000000000000000000e+00 -5.131307386025061841e-04
5.000000000000000000e+00 -5.131307386025061841e-04
6.000000000000000000e+00 -5.123825760896378277e-04
7.000000000000000000e+00 -5.131307386025061841e-04
8.000000000000000000e+00 -5.127308117319910640e-04
9.000000000000000000e+00 -5.128450765521382721e-04
1.000000000000000000e+01 -1.340143484567043357e-04
1.100000000000000000e+01 -5.039881926952544198e-04
1.200000000000000000e+01 1.086739978915269786e-03
1.300000000000000000e+01 1.206775172479875426e-03
1.400000000000000000e+01 -4.188622619810884501e-04
1.500000000000000000e+01 2.805200550482873033e-04
1.600000000000000000e+01 1.053622225209280847e-03
1.700000000000000000e+01 -5.121970317864464562e-04
1.800000000000000000e+01 -5.035343074374476046e-04
1.900000000000000000e+01 -4.935874123364908817e-04
1.000000000000000000e+00 -6.806858616456395962e-04
2.000000000000000000e+00 -5.079388782368914014e-04
3.000000000000000000e+00 -6.811347591533606317e-04
4.000000000000000000e+00 -6.811347591533606317e-04
5.000000000000000000e+00 -6.811347591533606317e-04
6.000000000000000000e+00 -6.756881360596787411e-04
7.000000000000000000e+00 -6.811347591533606317e-04
8.000000000000000000e+00 -6.806069645079188945e-04
9.000000000000000000e+00 -6.515673766448016420e-04
1.000000000000000000e+01 1.170717092698490966e-03
1.100000000000000000e+01 -6.702363438431805428e-04
1.200000000000000000e+01 6.354664237171950801e-03
1.300000000000000000e+01 -5.415711637074122325e-04
1.400000000000000000e+01 -6.713175066890492756e-04
1.500000000000000000e+01 -6.797132503789106136e-04
1.600000000000000000e+01 -3.401946535073726088e-04
1.700000000000000000e+01 1.403382031245782547e-03
1.800000000000000000e+01 -6.803566701399774890e-04
1.900000000000000000e+01 -5.610815673935449664e-04
1.000000000000000000e+00 -5.535766403110733286e-04
2.000000000000000000e+00 -1.209867281940562797e-04
3.000000000000000000e+00 -5.576616076313347737e-04
4.000000000000000000e+00 -5.576616076313347737e-04
5.000000000000000000e+00 -5.512423732709239004e-04
6.000000000000000000e+00 -5.575663869478788030e-04
7.000000000000000000e+00 -5.576616076313347737e-04
8.000000000000000000e+00 -5.477069653237512901e-04
9.000000000000000000e+00 -5.168119344287203229e-04
1.000000000000000000e+01 1.204995669731824624e-03
1.100000000000000000e+01 1.189866463426148078e-03
1.200000000000000000e+01 2.432459392035588117e-03
1.300000000000000000e+01 -5.423462808973228454e-04
1.400000000000000000e+01 -5.559557971019947736e-04
1.500000000000000000e+01 -5.571378938723268266e-04
1.600000000000000000e+01 1.665113283210782917e-03
1.700000000000000000e+01 -5.558170469632447161e-04
1.800000000000000000e+01 -5.436560053904384215e-04
1.900000000000000000e+01 -4.155306811866828535e-04
1.000000000000000000e+00 -5.553160694448510543e-04
2.000000000000000000e+00 -4.408472049759866126e-04
3.000000000000000000e+00 -5.607626925385329449e-04
4.000000000000000000e+00 -5.604770304881650329e-04
5.000000000000000000e+00 -5.525927578980101632e-04
6.000000000000000000e+00 -5.592065145117667679e-04
7.000000000000000000e+00 -5.607626925385329449e-04
8.000000000000000000e+00 -5.590868085097078395e-04
9.000000000000000000e+00 -5.604634275333856240e-04
1.000000000000000000e+01 1.152788824934553036e-03
1.100000000000000000e+01 -5.533354792289667994e-04
1.200000000000000000e+01 -5.604634275333856240e-04
1.300000000000000000e+01 3.741322701523124798e-03
1.400000000000000000e+01 -5.516949628825680921e-04
1.500000000000000000e+01 -5.603137950308119094e-04
1.600000000000000000e+01 1.829267393569984201e-03
1.700000000000000000e+01 3.837176637065290255e-04
1.800000000000000000e+01 -5.053238503349849475e-04
1.900000000000000000e+01 -5.386410233580402962e-04
1.000000000000000000e+00 -6.231699480557887369e-04
2.000000000000000000e+00 -5.821989364965419068e-04
3.000000000000000000e+00 -6.261503554479607922e-04
4.000000000000000000e+00 -6.261503554479607922e-04
5.000000000000000000e+00 -6.261503554479607922e-04
6.000000000000000000e+00 -6.254729282999454488e-04
7.000000000000000000e+00 -6.089476054020735067e-04
8.000000000000000000e+00 -6.077305943811409962e-04
9.000000000000000000e+00 -5.931788335058506886e-04
1.000000000000000000e+01 -4.634014952201090105e-04
1.100000000000000000e+01 8.513985118067886370e-04
1.200000000000000000e+01 8.117581412840651654e-04
1.300000000000000000e+01 -6.169329932894222247e-04
1.400000000000000000e+01 -6.148898294815525372e-04
1.500000000000000000e+01 -5.327198208409556109e-04
1.600000000000000000e+01 -6.256316294390387332e-04
1.700000000000000000e+01 4.414613138433621728e-03
1.800000000000000000e+01 -6.233671909000904369e-04
1.900000000000000000e+01 1.719791012552230334e-03
1.000000000000000000e+00 -7.217516017149524631e-04
2.000000000000000000e+00 1.249205999144609039e-03
3.000000000000000000e+00 -7.244649377616219034e-04
4.000000000000000000e+00 -7.214407288550600235e-04
5.000000000000000000e+00 -7.242853787585334024e-04
6.000000000000000000e+00 -7.233106298846249393e-04
7.000000000000000000e+00 -7.124743865553844315e-04
8.000000000000000000e+00 -6.742961522987187852e-04
9.000000000000000000e+00 -7.229087597348556179e-04
1.000000000000000000e+01 -6.646717897331797095e-04
1.100000000000000000e+01 -5.937459835132558776e-04
1.200000000000000000e+01 -5.690194391788684376e-04
1.300000000000000000e+01 2.053455671041339720e-03
1.400000000000000000e+01 -6.911162538939068494e-04
1.500000000000000000e+01 1.746020230091966784e-03
1.600000000000000000e+01 -5.835111203372162023e-04
1.700000000000000000e+01 1.796723024602810961e-03
1.800000000000000000e+01 -7.217602816956212577e-04
1.900000000000000000e+01 1.223753238397730543e-03
1.000000000000000000e+00 -6.911880506274145023e-04
2.000000000000000000e+00 -6.181333819845106310e-04
3.000000000000000000e+00 -6.917865806377092525e-04
4.000000000000000000e+00 -6.917865806377092525e-04
5.000000000000000000e+00 -6.917865806377092525e-04
6.000000000000000000e+00 -6.908528738216495246e-04
7.000000000000000000e+00 -6.908221311438479586e-04
8.000000000000000000e+00 -6.899093728781485486e-04
9.000000000000000000e+00 -6.912723889470470326e-04
1.000000000000000000e+01 1.930762438970133610e-03
1.100000000000000000e+01 -3.157587562349467017e-04
1.200000000000000000e+01 -6.905133440703550190e-04
1.300000000000000000e+01 2.085991197140068306e-03
1.400000000000000000e+01 -6.917865806377092525e-04
1.500000000000000000e+01 7.896949008437720470e-04
1.600000000000000000e+01 1.185567468985247773e-03
1.700000000000000000e+01 -6.788184304146571268e-04
1.800000000000000000e+01 -6.807693532339272567e-04
1.900000000000000000e+01 2.016788431858871408e-03
1.000000000000000000e+00 -8.380203435672991521e-04
2.000000000000000000e+00 -7.839755710351316298e-04
3.000000000000000000e+00 -8.397457423515214316e-04
4.000000000000000000e+00 -8.388479473360793606e-04
5.000000000000000000e+00 -8.397457423515214316e-04
6.000000000000000000e+00 -8.288524961641576504e-04
7.000000000000000000e+00 -8.350772082712226837e-04
8.000000000000000000e+00 -8.397457423515214316e-04
9.000000000000000000e+00 -7.179870544163629176e-04
1.000000000000000000e+01 3.449918841430709131e-03
1.100000000000000000e+01 -8.234134907251521897e-04
1.200000000000000000e+01 3.483316816005154262e-03
1.300000000000000000e+01 2.123516485616588380e-03
1.400000000000000000e+01 -8.328425148600586457e-04
1.500000000000000000e+01 8.699416291005558806e-04
1.600000000000000000e+01 -6.221307502267253969e-04
1.700000000000000000e+01 -6.525554816318489618e-04
1.800000000000000000e+01 -8.061682087739879083e-04
1.900000000000000000e+01 -5.816173420662584413e-04
1.000000000000000000e+00 -4.413441003445140376e-04
2.000000000000000000e+00 -2.369047747567290887e-04
3.000000000000000000e+00 -4.420110337845567700e-04
4.000000000000000000e+00 -4.420110337845567700e-04
5.000000000000000000e+00 -4.395570607423484135e-04
6.000000000000000000e+00 -4.420110337845567700e-04
7.000000000000000000e+00 -4.420110337845567700e-04
8.000000000000000000e+00 -4.356905568758445615e-04
9.000000000000000000e+00 -4.365644106908748252e-04
1.000000000000000000e+01 -3.243171487896336818e-04
1.100000000000000000e+01 -4.415621362768357345e-04
1.200000000000000000e+01 -3.330785719109184153e-04
1.300000000000000000e+01 -4.074379452898996019e-04
1.400000000000000000e+01 -4.420110337845567700e-04
1.500000000000000000e+01 1.312374931127723802e-03
1.600000000000000000e+01 2.155840461125761286e-03
1.700000000000000000e+01 -4.234117137146484189e-04
1.800000000000000000e+01 -3.684816220198508670e-04
1.900000000000000000e+01 2.269802615529092123e-03
1.000000000000000000e+00 -5.710824263455841539e-04
2.000000000000000000e+00 1.788581330376995968e-03
3.000000000000000000e+00 -5.809989803797852709e-04
4.000000000000000000e+00 -5.809989803797852709e-04
5.000000000000000000e+00 -5.809989803797852709e-04
6.000000000000000000e+00 -5.809989803797852709e-04
7.000000000000000000e+00 -5.747824300455879262e-04
8.000000000000000000e+00 -5.796060378103721090e-04
9.000000000000000000e+00 -5.792999713278350294e-04
1.000000000000000000e+01 1.027176341030829965e-03
1.100000000000000000e+01 3.885747465468826728e-04
1.200000000000000000e+01 2.197712504214052124e-03
1.300000000000000000e+01 1.379785333345704898e-03
1.400000000000000000e+01 -5.735398001264873898e-04
1.500000000000000000e+01 -5.798726557240488919e-04
1.600000000000000000e+01 -4.801602765999050731e-04
1.700000000000000000e+01 -5.515872156739029747e-04
1.800000000000000000e+01 -5.801011853643431998e-04
1.900000000000000000e+01 -3.467452167142569741e-04
1.000000000000000000e+00 -7.880695906274558715e-04
2.000000000000000000e+00 1.701994811201651501e-03
3.000000000000000000e+00 -7.904038576676051912e-04
4.000000000000000000e+00 -7.904038576676051912e-04
5.000000000000000000e+00 -7.822339230270823011e-04
6.000000000000000000e+00 -7.895060626521631202e-04
7.000000000000000000e+00 -7.495541844649908489e-04
8.000000000000000000e+00 -7.848375285718643722e-04
9.000000000000000000e+00 -7.879498846253968347e-04
1.000000000000000000e+01 -5.962094355320066152e-04
1.100000000000000000e+01 2.013212369968229998e-03
1.200000000000000000e+01 -7.904038576676051912e-04
1.300000000000000000e+01 -4.230859903497379460e-04
1.400000000000000000e+01 -7.895196656069425291e-04
1.500000000000000000e+01 4.065470115853426526e-03
1.600000000000000000e+01 -7.888476796408389058e-04
1.700000000000000000e+01 -7.627033835385596278e-04
1.800000000000000000e+01 -5.781248512709517970e-04
1.900000000000000000e+01 1.815802494337066114e-03
1.000000000000000000e+00 -6.965337188776979773e-04
2.000000000000000000e+00 3.621578724234744955e-03
3.000000000000000000e+00 -6.971172856377352801e-04
4.000000000000000000e+00 -6.971172856377352801e-04
5.000000000000000000e+00 -6.971172856377352801e-04
6.000000000000000000e+00 -6.943839985907228297e-04
7.000000000000000000e+00 -6.887949979036829236e-04
8.000000000000000000e+00 -6.467346617256996720e-04
9.000000000000000000e+00 -6.938852235821438893e-04
1.000000000000000000e+01 -6.938493117815261240e-04
1.100000000000000000e+01 -6.860194510104888899e-04
1.200000000000000000e+01 2.847671975095797479e-03
1.300000000000000000e+01 -3.581915055354846760e-04
1.400000000000000000e+01 -6.694121476384796553e-04
1.500000000000000000e+01 -6.965337188776979773e-04
1.600000000000000000e+01 1.059251073671800417e-03
1.700000000000000000e+01 -5.471542312629162604e-04
1.800000000000000000e+01 -6.035561626648476216e-04
1.900000000000000000e+01 7.968965980820305779e-04
1.000000000000000000e+00 -5.793040665331686181e-04
2.000000000000000000e+00 2.835866738085519824e-04
3.000000000000000000e+00 -5.798227925420907855e-04
4.000000000000000000e+00 -5.798227925420907855e-04
5.000000000000000000e+00 -5.798227925420907855e-04
6.000000000000000000e+00 -5.716528579015678953e-04
7.000000000000000000e+00 -5.581396826236866655e-04
8.000000000000000000e+00 -5.700188709734633173e-04
9.000000000000000000e+00 -5.185482827381692177e-04
1.000000000000000000e+01 9.152752466735954032e-04
1.100000000000000000e+01 2.201306753293337092e-03
1.200000000000000000e+01 -4.397667701331272098e-04
1.300000000000000000e+01 7.273667499415692548e-04
1.400000000000000000e+01 -5.763732645827588383e-04
1.500000000000000000e+01 -5.798227925420907855e-04
1.600000000000000000e+01 -5.730145136749883409e-04
1.700000000000000000e+01 6.685895708083528194e-05
1.800000000000000000e+01 -5.706802466348389127e-04
1.900000000000000000e+01 1.697060182870296398e-03
1.000000000000000000e+00 -7.151292849617946158e-04
2.000000000000000000e+00 -6.781751352625468680e-04
3.000000000000000000e+00 -7.299719223534515853e-04
4.000000000000000000e+00 -7.299719223534515853e-04
5.000000000000000000e+00 -7.299719223534515853e-04
6.000000000000000000e+00 -7.274417727644784957e-04
7.000000000000000000e+00 -7.258556682371974239e-04
8.000000000000000000e+00 -7.283395677799205667e-04
9.000000000000000000e+00 -7.248365348651228651e-04
1.000000000000000000e+01 -7.159264181118688876e-04
1.100000000000000000e+01 2.243661975650193974e-03
1.200000000000000000e+01 -7.294588966303417995e-04
1.300000000000000000e+01 3.047578414020413878e-03
1.400000000000000000e+01 -6.109936783752075665e-04
1.500000000000000000e+01 -6.363727111071814518e-04
1.600000000000000000e+01 1.498594717977894597e-03
1.700000000000000000e+01 9.209603526437806775e-05
1.800000000000000000e+01 -7.284905605779721030e-04
1.900000000000000000e+01 1.626818890319713714e-03
1.000000000000000000e+00 -6.314178147437766791e-04
2.000000000000000000e+00 -5.696957677276120059e-04
3.000000000000000000e+00 -6.317850945228211529e-04
4.000000000000000000e+00 -6.314994324724532409e-04
5.000000000000000000e+00 -6.317850945228211529e-04
6.000000000000000000e+00 -6.312720687997113670e-04
7.000000000000000000e+00 -6.317850945228211529e-04
8.000000000000000000e+00 -6.317850945228211529e-04
9.000000000000000000e+00 -5.897383612996173101e-04
1.000000000000000000e+01 1.849328563061424652e-03
1.100000000000000000e+01 -6.272512296948386723e-04
1.200000000000000000e+01 3.812811703015152754e-03
1.300000000000000000e+01 -5.254322969935530619e-04
1.400000000000000000e+01 -6.207840352024340510e-04
1.500000000000000000e+01 -6.313321161286663272e-04
1.600000000000000000e+01 1.118572391128781892e-03
1.700000000000000000e+01 1.223334731185239492e-03
1.800000000000000000e+01 -6.263384714291392623e-04
1.900000000000000000e+01 -4.681085127790125680e-04
1.000000000000000000e+00 -6.478472638692266052e-04
2.000000000000000000e+00 8.425672780159033882e-04
3.000000000000000000e+00 -6.572840870315399108e-04
4.000000000000000000e+00 -6.568351895238188753e-04
5.000000000000000000e+00 -6.572840870315399108e-04
6.000000000000000000e+00 -6.572840870315399108e-04
7.000000000000000000e+00 -6.535748333222862576e-04
8.000000000000000000e+00 -6.314411935415876510e-04
9.000000000000000000e+00 -6.572840870315399108e-04
1.000000000000000000e+01 9.309152952854892436e-04
1.100000000000000000e+01 -6.485694900816488641e-04
1.200000000000000000e+01 4.775580978186465611e-03
1.300000000000000000e+01 -6.560870270109505189e-04
1.400000000000000000e+01 -6.382123557749347755e-04
1.500000000000000000e+01 -6.531991197112785742e-04
1.600000000000000000e+01 -4.826914664802728024e-04
1.700000000000000000e+01 -6.431488032884130710e-04
1.800000000000000000e+01 -5.631951694132106235e-04
1.900000000000000000e+01 1.809386769345198726e-03
1.000000000000000000e+00 -6.606446549502719128e-04
2.000000000000000000e+00 1.077879620338709123e-03
3.000000000000000000e+00 -6.616172662170007870e-04
4.000000000000000000e+00 -6.592829991768514673e-04
5.000000000000000000e+00 -6.616172662170007870e-04
6.000000000000000000e+00 -6.557217456155978608e-04
7.000000000000000000e+00 -6.616172662170007870e-04
8.000000000000000000e+00 -5.266797636324394580e-04
9.000000000000000000e+00 -6.590585504229909495e-04
1.000000000000000000e+01 2.652263841781754301e-03
1.100000000000000000e+01 1.115389340621538838e-03
1.200000000000000000e+01 -6.552369363072591685e-04
1.300000000000000000e+01 -6.324090017146186907e-04
1.400000000000000000e+01 -5.589784380879766080e-04
1.500000000000000000e+01 1.399434427187633756e-03
1.600000000000000000e+01 1.026155064937683001e-03
1.700000000000000000e+01 -3.324856135559364030e-04
1.800000000000000000e+01 -6.604202061964113950e-04
1.900000000000000000e+01 -6.340853845184523958e-04
1.000000000000000000e+00 -4.467644623744215131e-04
2.000000000000000000e+00 1.687194080897847165e-03
3.000000000000000000e+00 -4.474990219325104606e-04
4.000000000000000000e+00 -4.474990219325104606e-04
5.000000000000000000e+00 -4.474990219325104606e-04
6.000000000000000000e+00 -4.438280378693695394e-04
7.000000000000000000e+00 -4.474990219325104606e-04
8.000000000000000000e+00 -3.591676109367395917e-04
9.000000000000000000e+00 -4.473085805655985193e-04
1.000000000000000000e+01 8.147508922781879041e-04
1.100000000000000000e+01 -4.416035013311075345e-04
1.200000000000000000e+01 1.142136832409225942e-03
1.300000000000000000e+01 -3.132106523500232482e-04
1.400000000000000000e+01 1.033982459548970839e-03
1.500000000000000000e+01 -4.466012269170683896e-04
1.600000000000000000e+01 -4.390298222868402496e-04
1.700000000000000000e+01 4.156574294592350416e-04
1.800000000000000000e+01 -4.288248856113153064e-04
1.900000000000000000e+01 -3.293171337926391632e-04
1.000000000000000000e+00 -6.867541202750355143e-04
2.000000000000000000e+00 -4.968356509448014751e-04
3.000000000000000000e+00 -6.911593011508045982e-04
4.000000000000000000e+00 -6.911593011508045982e-04
5.000000000000000000e+00 -6.911593011508045982e-04
6.000000000000000000e+00 -6.907240065978630800e-04
7.000000000000000000e+00 -6.896629761250678853e-04
8.000000000000000000e+00 -6.473917941480035248e-04
9.000000000000000000e+00 -6.904410651384510281e-04
1.000000000000000000e+01 4.217714504781824858e-03
1.100000000000000000e+01 1.885112466297433377e-03
1.200000000000000000e+01 -6.830449442969519945e-04
1.300000000000000000e+01 -6.727473779769766642e-04
1.400000000000000000e+01 -6.909797421477162057e-04
1.500000000000000000e+01 1.405790589916733379e-03
1.600000000000000000e+01 -5.260923419661984448e-04
1.700000000000000000e+01 1.068897735609018219e-03
1.800000000000000000e+01 -6.884210263537063682e-04
1.900000000000000000e+01 -5.150402347453605489e-04
1.000000000000000000e+00 -4.588447348840979921e-04
2.000000000000000000e+00 -9.056028046518982335e-05
3.000000000000000000e+00 -4.593466839154587873e-04
4.000000000000000000e+00 -4.588324922247965132e-04
5.000000000000000000e+00 -4.593466839154587873e-04
6.000000000000000000e+00 -4.539000608217768425e-04
7.000000000000000000e+00 -4.593466839154587873e-04
8.000000000000000000e+00 -4.564138868650146632e-04
9.000000000000000000e+00 -4.593466839154587873e-04
1.000000000000000000e+01 -4.428771331321825194e-04
1.100000000000000000e+01 -4.548731255203317656e-04
1.200000000000000000e+01 5.507543261855513128e-04
1.300000000000000000e+01 1.762875538306763433e-03
1.400000000000000000e+01 -4.584760948095755340e-04
1.500000000000000000e+01 -4.588977864077377518e-04
1.600000000000000000e+01 2.733870774007881449e-03
1.700000000000000000e+01 -4.539566491136592420e-04
1.800000000000000000e+01 -3.529829133360019378e-04
1.900000000000000000e+01 5.501748403119476917e-04
1.000000000000000000e+00 -4.616040635777477288e-04
2.000000000000000000e+00 5.274348437080634590e-03
3.000000000000000000e+00 -4.622025935880424790e-04
4.000000000000000000e+00 -4.612688867719826969e-04
5.000000000000000000e+00 -4.567559704943605341e-04
6.000000000000000000e+00 -4.594792820412014795e-04
7.000000000000000000e+00 -4.513093474006786435e-04
8.000000000000000000e+00 -4.519901752873888663e-04
9.000000000000000000e+00 -4.622025935880424790e-04
1.000000000000000000e+01 -3.124204585117897276e-04
1.100000000000000000e+01 -4.363311338930533629e-04
1.200000000000000000e+01 4.995154269535073428e-04
1.300000000000000000e+01 -4.619033285828951039e-04
1.400000000000000000e+01 -4.598683265478930508e-04
1.500000000000000000e+01 -4.608559010648793724e-04
1.600000000000000000e+01 -4.583121485211268196e-04
1.700000000000000000e+01 2.832066812329970271e-04
1.800000000000000000e+01 -4.399412674051476750e-04
1.900000000000000000e+01 -3.260342956550386483e-04
1.000000000000000000e+00 -4.544608704380972064e-04
2.000000000000000000e+00 -2.830982465915386033e-04
3.000000000000000000e+00 -4.565747696108199069e-04
4.000000000000000000e+00 -4.556769745953778358e-04
5.000000000000000000e+00 -4.565747696108199069e-04
6.000000000000000000e+00 -4.565747696108199069e-04
7.000000000000000000e+00 -4.560605779201576328e-04
8.000000000000000000e+00 -4.468908261033469964e-04
9.000000000000000000e+00 -4.565747696108199069e-04
1.000000000000000000e+01 -4.565747696108199069e-04
1.100000000000000000e+01 -4.560560436018977937e-04
1.200000000000000000e+01 2.886604382391861311e-03
1.300000000000000000e+01 1.028627664121025374e-03
1.400000000000000000e+01 9.344538640648725148e-04
1.500000000000000000e+01 -4.555487181646003894e-04
1.600000000000000000e+01 -3.282413849749142554e-04
1.700000000000000000e+01 8.533380844196811329e-04
1.800000000000000000e+01 -4.541572524874204118e-04
1.900000000000000000e+01 -4.508204930232099822e-04
1.000000000000000000e+00 -7.389911544068561563e-04
2.000000000000000000e+00 -4.226149924424589728e-04
3.000000000000000000e+00 -7.389911544068561563e-04
4.000000000000000000e+00 -7.387054923564882443e-04
5.000000000000000000e+00 -7.366568873667068366e-04
6.000000000000000000e+00 -7.359794602186913847e-04
7.000000000000000000e+00 -7.380933593914140852e-04
8.000000000000000000e+00 -7.308212197663333746e-04
9.000000000000000000e+00 -7.389911544068561563e-04
1.000000000000000000e+01 1.252406609049730533e-03
1.100000000000000000e+01 -7.368791985133876571e-04
1.200000000000000000e+01 4.987821792994325508e-03
1.300000000000000000e+01 -7.185812810558063783e-04
1.400000000000000000e+01 -7.374649028806046572e-04
1.500000000000000000e+01 -7.389911544068561563e-04
1.600000000000000000e+01 -7.322651734161692927e-04
1.700000000000000000e+01 1.730144648062279271e-03
1.800000000000000000e+01 -7.306416607632448736e-04
1.900000000000000000e+01 1.530934976534268667e-03
1.000000000000000000e+00 -6.345074109261827043e-04
2.000000000000000000e+00 -4.757317405958905654e-04
3.000000000000000000e+00 -6.407274202974525554e-04
4.000000000000000000e+00 -6.404417582470846434e-04
5.000000000000000000e+00 -6.407274202974525554e-04
6.000000000000000000e+00 -6.404322361787390247e-04
7.000000000000000000e+00 -6.317685142797230822e-04
8.000000000000000000e+00 -6.299375565664124335e-04
9.000000000000000000e+00 -5.998777470948382130e-04
1.000000000000000000e+01 2.954043821532612284e-03
1.100000000000000000e+01 1.983623174641377211e-03
1.200000000000000000e+01 -5.247097394008790050e-04
1.300000000000000000e+01 1.294379955986394012e-03
1.400000000000000000e+01 -6.395602867773778413e-04
1.500000000000000000e+01 -6.407274202974525554e-04
1.600000000000000000e+01 -4.934351700640258716e-04
1.700000000000000000e+01 1.600348497249053049e-03
1.800000000000000000e+01 -6.072206220847720451e-04
1.900000000000000000e+01 -6.120606829472418275e-04
1.000000000000000000e+00 -4.524736234051864709e-04
2.000000000000000000e+00 -3.182083788458242861e-04
3.000000000000000000e+00 -4.535809039242317208e-04
4.000000000000000000e+00 -4.506481068737875966e-04
5.000000000000000000e+00 -4.535809039242317208e-04
6.000000000000000000e+00 -4.508575923773907213e-04
7.000000000000000000e+00 -4.535809039242317208e-04
8.000000000000000000e+00 -4.489123698439329187e-04
9.000000000000000000e+00 -4.045612960810944340e-04
1.000000000000000000e+01 2.520794031235016990e-03
1.100000000000000000e+01 -3.584255146511953561e-04
1.200000000000000000e+01 6.132200854773767369e-04
1.300000000000000000e+01 2.721216792932288232e-03
1.400000000000000000e+01 -4.517363432561416091e-04
1.500000000000000000e+01 -4.456054915370546163e-04
1.600000000000000000e+01 -3.056242853793778437e-04
1.700000000000000000e+01 -3.375737167356307813e-04
1.800000000000000000e+01 -4.451253072333408644e-04
1.900000000000000000e+01 -4.508385482406995380e-04
1.000000000000000000e+00 -7.147800067867862315e-04
2.000000000000000000e+00 -5.536308799513848123e-04
3.000000000000000000e+00 -7.188550892932412187e-04
4.000000000000000000e+00 -7.188550892932412187e-04
5.000000000000000000e+00 -7.188550892932412187e-04
6.000000000000000000e+00 -7.180933238255934534e-04
7.000000000000000000e+00 -7.185694272428733067e-04
8.000000000000000000e+00 -7.102362571449972930e-04
9.000000000000000000e+00 -7.161617042469150055e-04
1.000000000000000000e+01 -5.643199217822952168e-04
1.100000000000000000e+01 -5.197129324304961776e-04
1.200000000000000000e+01 -5.626651623420686693e-04
1.300000000000000000e+01 -5.509744042556934552e-04
1.400000000000000000e+01 -7.137385645688734247e-04
1.500000000000000000e+01 1.926837997576315862e-03
1.600000000000000000e+01 3.758373836465095721e-03
1.700000000000000000e+01 -6.871748958483419375e-04
1.800000000000000000e+01 -7.104031848329334315e-04
1.900000000000000000e+01 3.623079619063035179e-03
1.000000000000000000e+00 -5.708458160728542043e-04
2.000000000000000000e+00 -4.688040281066965147e-04
3.000000000000000000e+00 -5.738256404812500967e-04
4.000000000000000000e+00 -5.738256404812500967e-04
5.000000000000000000e+00 -5.738256404812500967e-04
6.000000000000000000e+00 -5.727782129632343110e-04
7.000000000000000000e+00 -5.654312570868666888e-04
8.000000000000000000e+00 -5.727890953270578598e-04
9.000000000000000000e+00 -5.738256404812500967e-04
1.000000000000000000e+01 -4.802264292349800174e-04
1.100000000000000000e+01 -5.534008038799428713e-04
1.200000000000000000e+01 -5.492859100591666400e-04
1.300000000000000000e+01 1.001026522606206920e-03
1.400000000000000000e+01 -5.709102552129235965e-04
1.500000000000000000e+01 -5.725316756018509774e-04
1.600000000000000000e+01 -4.642248200961159683e-04
1.700000000000000000e+01 1.056452759404992708e-03
1.800000000000000000e+01 1.143162436800944891e-03
1.900000000000000000e+01 4.019477751841749914e-03
1.000000000000000000e+00 -6.179559195370782103e-04
2.000000000000000000e+00 -4.536032061647570467e-04
3.000000000000000000e+00 -6.184048170447992458e-04
4.000000000000000000e+00 -6.184048170447992458e-04
5.000000000000000000e+00 -6.184048170447992458e-04
6.000000000000000000e+00 -6.184048170447992458e-04
7.000000000000000000e+00 -6.184048170447992458e-04
8.000000000000000000e+00 -6.168486390180330688e-04
9.000000000000000000e+00 -6.184048170447992458e-04
1.000000000000000000e+01 -2.904402979038095758e-04
1.100000000000000000e+01 -6.128449007705973018e-04
1.200000000000000000e+01 -6.184048170447992458e-04
1.300000000000000000e+01 1.100972392528488638e-03
1.400000000000000000e+01 -6.160705500046499260e-04
1.500000000000000000e+01 1.091445789864631082e-03
1.600000000000000000e+01 5.950034913159636327e-03
1.700000000000000000e+01 -5.058412731087063696e-04
1.800000000000000000e+01 -6.132774099566079030e-04
1.900000000000000000e+01 -4.714031259254611523e-04
1.000000000000000000e+00 -4.333104450493511150e-04
2.000000000000000000e+00 1.196254253142797850e-03
3.000000000000000000e+00 -4.343528848172810669e-04
4.000000000000000000e+00 -4.331694277514710838e-04
5.000000000000000000e+00 -4.343528848172810669e-04
6.000000000000000000e+00 -4.343528848172810669e-04
7.000000000000000000e+00 -4.333054572992653354e-04
8.000000000000000000e+00 -4.343528848172810669e-04
9.000000000000000000e+00 -4.343528848172810669e-04
1.000000000000000000e+01 -4.320186177771316929e-04
1.100000000000000000e+01 -3.198181820472841821e-04
1.200000000000000000e+01 -4.152897039893943413e-04
1.300000000000000000e+01 1.275277354224722695e-03
1.400000000000000000e+01 -4.167751466513076137e-04
1.500000000000000000e+01 -4.194984581981485590e-04
1.600000000000000000e+01 1.112726805644762137e-03
1.700000000000000000e+01 -4.343528848172810669e-04
1.800000000000000000e+01 -4.312405287637485502e-04
1.900000000000000000e+01 2.010592329735776292e-03
1.000000000000000000e+00 -8.220300654511180109e-04
2.000000000000000000e+00 -5.601432594466650323e-04
3.000000000000000000e+00 -8.224789629588390464e-04
4.000000000000000000e+00 -8.224789629588390464e-04
5.000000000000000000e+00 -8.201446959186897267e-04
6.000000000000000000e+00 -8.115857167714752652e-04
7.000000000000000000e+00 -8.218804329485444047e-04
8.000000000000000000e+00 -8.088624052246342656e-04
9.000000000000000000e+00 -7.602707463388577508e-04
1.000000000000000000e+01 -4.076976658246007999e-04
1.100000000000000000e+01 1.222816427924787019e-03
1.200000000000000000e+01 1.763905241072423816e-03
1.300000000000000000e+01 1.199590470875300501e-03
1.400000000000000000e+01 -8.178283847788491269e-04
1.500000000000000000e+01 -6.562971056005111048e-04
1.600000000000000000e+01 -7.932208209555990453e-04
1.700000000000000000e+01 3.168954440239269820e-03
1.800000000000000000e+01 -8.151619335829862105e-04
1.900000000000000000e+01 1.769999908931797414e-03
1.000000000000000000e+00 -7.798083337881147681e-04
2.000000000000000000e+00 2.641868029064718421e-03
3.000000000000000000e+00 -7.861527518972387298e-04
4.000000000000000000e+00 -7.861527518972387298e-04
5.000000000000000000e+00 -7.861527518972387298e-04
6.000000000000000000e+00 -7.854345158848850513e-04
7.000000000000000000e+00 -7.824897482342350235e-04
8.000000000000000000e+00 -7.785185016159296362e-04
9.000000000000000000e+00 -7.805116065502109993e-04
1.000000000000000000e+01 -7.597861446482785230e-04
1.100000000000000000e+01 -5.410541685633613084e-04
1.200000000000000000e+01 8.843594700855713069e-04
1.300000000000000000e+01 2.112397972740442248e-03
1.400000000000000000e+01 -7.844768678684135160e-04
1.500000000000000000e+01 -7.761409771795816422e-04
1.600000000000000000e+01 -3.357725870817642485e-04
1.700000000000000000e+01 1.717695070578034505e-03
1.800000000000000000e+01 -7.269857932204761529e-04
1.900000000000000000e+01 1.457791620723604409e-03
1.000000000000000000e+00 -5.468642431822439689e-04
2.000000000000000000e+00 1.240980265250499551e-03
3.000000000000000000e+00 -5.480477002480540604e-04
4.000000000000000000e+00 -5.480477002480540604e-04
5.000000000000000000e+00 -5.480477002480540604e-04
6.000000000000000000e+00 -5.480477002480540604e-04
7.000000000000000000e+00 -5.474491702377593102e-04
8.000000000000000000e+00 -5.295531229299472445e-04
9.000000000000000000e+00 -5.475988027403329165e-04
1.000000000000000000e+01 -5.331932736289215526e-04
1.100000000000000000e+01 -4.170947492670918537e-04
1.200000000000000000e+01 9.334337812334273475e-04
1.300000000000000000e+01 1.846198576351163476e-03
1.400000000000000000e+01 -5.470152359802956136e-04
1.500000000000000000e+01 -5.480477002480540604e-04
1.600000000000000000e+01 1.263439287709522104e-03
1.700000000000000000e+01 1.132624568659508849e-03
1.800000000000000000e+01 -5.439040135063280025e-04
1.900000000000000000e+01 -4.142240076008320022e-04
1.000000000000000000e+00 -6.122835998996989599e-04
2.000000000000000000e+00 3.738969721941857831e-03
3.000000000000000000e+00 -6.136602189233767444e-04
4.000000000000000000e+00 -6.136602189233767444e-04
5.000000000000000000e+00 -6.113259518832273162e-04
6.000000000000000000e+00 -6.127624239079346733e-04
7.000000000000000000e+00 -6.082135958296948537e-04
8.000000000000000000e+00 -5.539807915968906083e-04
9.000000000000000000e+00 -6.108770543755062806e-04
1.000000000000000000e+01 -5.932353823220695190e-04
1.100000000000000000e+01 4.340977191596386529e-03
1.200000000000000000e+01 -2.269599547721322527e-04
1.300000000000000000e+01 -5.471336082791190174e-04
1.400000000000000000e+01 -6.136602189233767444e-04
1.500000000000000000e+01 -5.932353823220695190e-04
1.600000000000000000e+01 -6.091263540953942637e-04
1.700000000000000000e+01 -4.806069976348613447e-04
1.800000000000000000e+01 -3.694524930980038748e-04
1.900000000000000000e+01 -5.833571432771638473e-04
1.000000000000000000e+00 -4.539255020794588885e-04
2.000000000000000000e+00 -2.696480874098873700e-04
3.000000000000000000e+00 -4.539255020794588885e-04
4.000000000000000000e+00 -4.515912350393095145e-04
5.000000000000000000e+00 -4.539255020794588885e-04
6.000000000000000000e+00 -4.120497774306250286e-04
7.000000000000000000e+00 -4.535663840732821034e-04
8.000000000000000000e+00 -4.375856327984131624e-04
9.000000000000000000e+00 -4.523693240526926573e-04
1.000000000000000000e+01 7.169220542170136280e-04
1.100000000000000000e+01 -4.401457088879010384e-04
1.200000000000000000e+01 5.745578609627276061e-04
1.300000000000000000e+01 1.413877174546746864e-03
1.400000000000000000e+01 -4.527583685593842286e-04
1.500000000000000000e+01 -4.536398400290909765e-04
1.600000000000000000e+01 -3.533724603499466027e-04
1.700000000000000000e+01 1.950615261594431391e-03
1.800000000000000000e+01 -4.451570374286413024e-04
1.900000000000000000e+01 2.677520578333950356e-04
1.000000000000000000e+00 -5.421897575535345468e-04
2.000000000000000000e+00 2.095287144629249480e-03
3.000000000000000000e+00 -5.421897575535345468e-04
4.000000000000000000e+00 -5.421897575535345468e-04
5.000000000000000000e+00 -5.419993161866226055e-04
6.000000000000000000e+00 -5.421897575535345468e-04
7.000000000000000000e+00 -5.406335795267682614e-04
8.000000000000000000e+00 -5.417408600458135113e-04
9.000000000000000000e+00 -5.421897575535345468e-04
1.000000000000000000e+01 6.290137665911658613e-04
1.100000000000000000e+01 5.200949076723069154e-04
1.200000000000000000e+01 1.309662094298317050e-03
1.300000000000000000e+01 -5.395562255082377977e-04
1.400000000000000000e+01 -5.374477675174269258e-04
1.500000000000000000e+01 -3.980487678243095802e-04
1.600000000000000000e+01 -5.398554905133852271e-04
1.700000000000000000e+01 1.695983289443041882e-03
1.800000000000000000e+01 -5.406335795267682614e-04
1.900000000000000000e+01 -4.696792524449902866e-04
1.000000000000000000e+00 -6.858398631796111663e-04
2.000000000000000000e+00 -5.037067276151030752e-04
3.000000000000000000e+00 -6.873661147058626655e-04
4.000000000000000000e+00 -6.873661147058626655e-04
5.000000000000000000e+00 -6.873661147058626655e-04
6.000000000000000000e+00 -6.850318476657132373e-04
7.000000000000000000e+00 -6.598473371870851919e-04
8.000000000000000000e+00 -6.870804526554947535e-04
9.000000000000000000e+00 -6.864683196904205944e-04
1.000000000000000000e+01 2.371160039795523408e-03
1.100000000000000000e+01 1.535933461534889910e-03
1.200000000000000000e+01 1.398994070393818137e-03
1.300000000000000000e+01 3.125270050871479209e-03
1.400000000000000000e+01 -6.565934570589258834e-04
1.500000000000000000e+01 -5.611860130355649000e-04
1.600000000000000000e+01 -3.749536270482769899e-04
1.700000000000000000e+01 -6.759641180097483845e-04
1.800000000000000000e+01 -6.817164189301164710e-04
1.900000000000000000e+01 -6.587699831685546199e-04
1.000000000000000000e+00 -7.298748197871004388e-04
2.000000000000000000e+00 1.892600743864933767e-03
3.000000000000000000e+00 -7.298748197871004388e-04
4.000000000000000000e+00 -7.277201117500394032e-04
5.000000000000000000e+00 -7.283186417603341534e-04
6.000000000000000000e+00 -7.289770247716583678e-04
7.000000000000000000e+00 -7.248351971004189480e-04
8.000000000000000000e+00 -7.138117706358159710e-04
9.000000000000000000e+00 -6.785209449038137781e-04
1.000000000000000000e+01 -5.219604574609734227e-04
1.100000000000000000e+01 2.094189278786801577e-03
1.200000000000000000e+01 2.047902957990677120e-03
1.300000000000000000e+01 -7.217048851465775487e-04
1.400000000000000000e+01 -7.292762897768056887e-04
1.500000000000000000e+01 -7.298748197871004388e-04
1.600000000000000000e+01 4.261793799977493449e-05
1.700000000000000000e+01 -7.020132478078813408e-04
1.800000000000000000e+01 -7.155359451541081894e-04
1.900000000000000000e+01 2.296728206815925981e-03
1.000000000000000000e+00 -4.652275340219247943e-04
2.000000000000000000e+00 -2.570692707166026872e-04
3.000000000000000000e+00 -4.675618010620742225e-04
4.000000000000000000e+00 -4.672761390117062563e-04
5.000000000000000000e+00 -4.675618010620742225e-04
6.000000000000000000e+00 -4.621151779683922776e-04
7.000000000000000000e+00 -4.675618010620742225e-04
8.000000000000000000e+00 -4.446710208183527911e-04
9.000000000000000000e+00 -4.675618010620742225e-04
1.000000000000000000e+01 9.599560786616878226e-04
1.100000000000000000e+01 1.242737703355077140e-03
1.200000000000000000e+01 7.909772270847969296e-04
1.300000000000000000e+01 -4.638269737978352025e-04
1.400000000000000000e+01 9.319609710097174170e-04
1.500000000000000000e+01 -3.906682985630353998e-04
1.600000000000000000e+01 -3.718668279161206906e-04
1.700000000000000000e+01 -4.675618010620742225e-04
1.800000000000000000e+01 -4.675618010620742225e-04
1.900000000000000000e+01 1.366827937739429222e-03
1.000000000000000000e+00 -6.407467548258365814e-04
2.000000000000000000e+00 -4.966760378508567123e-04
3.000000000000000000e+00 -6.410460198309839023e-04
4.000000000000000000e+00 -6.410460198309839023e-04
5.000000000000000000e+00 -6.410460198309839023e-04
6.000000000000000000e+00 -6.403790863909412240e-04
7.000000000000000000e+00 -6.409317550108366941e-04
8.000000000000000000e+00 -6.402162395894389841e-04
9.000000000000000000e+00 -6.382699288195988266e-04
1.000000000000000000e+01 -6.369610525107224572e-04
1.100000000000000000e+01 1.321824987157670149e-03
1.200000000000000000e+01 1.757154395670469400e-03
1.300000000000000000e+01 -5.247590004297776004e-04
1.400000000000000000e+01 -6.118880862612856514e-04
1.500000000000000000e+01 -3.668403779782832799e-04
1.600000000000000000e+01 1.217971324480477844e-03
1.700000000000000000e+01 1.182585142035471812e-03
1.800000000000000000e+01 -6.320435843579602338e-04
1.900000000000000000e+01 1.902802473334735869e-03
1.000000000000000000e+00 -4.172758165276224717e-04
2.000000000000000000e+00 5.216182596213555069e-04
3.000000000000000000e+00 -4.172758165276224717e-04
4.000000000000000000e+00 -4.172758165276224717e-04
5.000000000000000000e+00 -4.172758165276224717e-04
6.000000000000000000e+00 -1.994108927803458164e-04
7.000000000000000000e+00 -4.172758165276224717e-04
8.000000000000000000e+00 -4.172758165276224717e-04
9.000000000000000000e+00 -4.009359472465767456e-04
1.000000000000000000e+01 -4.172758165276224717e-04
1.100000000000000000e+01 1.826907469322329924e-03
1.200000000000000000e+01 -4.172758165276224717e-04
1.300000000000000000e+01 -3.680616864311394535e-04
1.400000000000000000e+01 -4.085073518768048855e-04
1.500000000000000000e+01 -4.172758165276224717e-04
1.600000000000000000e+01 2.890949182873847004e-03
1.700000000000000000e+01 -3.628095855908032943e-04
1.800000000000000000e+01 -4.091058818870995815e-04
1.900000000000000000e+01 -3.131179917815624385e-04
1.000000000000000000e+00 -7.277377355882441810e-04
2.000000000000000000e+00 2.156321016117566155e-03
3.000000000000000000e+00 -7.280370005933915019e-04
4.000000000000000000e+00 -7.274384705830967517e-04
5.000000000000000000e+00 -7.275881030856704663e-04
6.000000000000000000e+00 -7.280370005933915019e-04
7.000000000000000000e+00 -7.271392055779494308e-04
8.000000000000000000e+00 -7.224461861790477252e-04
9.000000000000000000e+00 -7.257027335532420737e-04
1.000000000000000000e+01 -3.182149521158809144e-04
1.100000000000000000e+01 1.375436867586358938e-03
1.200000000000000000e+01 9.168431736985473840e-04
1.300000000000000000e+01 -7.105415603038335755e-04
1.400000000000000000e+01 1.407548002638670318e-03
1.500000000000000000e+01 -6.124608556054818645e-04
1.600000000000000000e+01 -5.906504220303423862e-04
1.700000000000000000e+01 -7.280370005933915019e-04
1.800000000000000000e+01 -7.257088548828928131e-04
1.900000000000000000e+01 2.272274235011961623e-03
1.000000000000000000e+00 -5.926527048880401256e-04
2.000000000000000000e+00 -5.605146359852653404e-04
3.000000000000000000e+00 -5.982938502350678561e-04
4.000000000000000000e+00 -5.982938502350678561e-04
5.000000000000000000e+00 -5.982938502350678561e-04
6.000000000000000000e+00 -5.943136256666080005e-04
7.000000000000000000e+00 -5.898994668406844482e-04
8.000000000000000000e+00 -5.975157612216847134e-04
9.000000000000000000e+00 -5.982938502350678561e-04
1.000000000000000000e+01 1.012023936553306828e-03
1.100000000000000000e+01 1.392895788013393801e-03
1.200000000000000000e+01 -3.343421156950980382e-04
1.300000000000000000e+01 1.354111043346296027e-03
1.400000000000000000e+01 -5.821095987566987694e-04
1.500000000000000000e+01 -5.982938502350678561e-04
1.600000000000000000e+01 -5.801035904481694145e-04
1.700000000000000000e+01 -5.817781627634980180e-04
1.800000000000000000e+01 -5.928401536049005775e-04
1.900000000000000000e+01 3.794856102891817125e-03
