1.000000000000000000e+00 -2.526127410028338404e-04
2.000000000000000000e+00 5.410380526479596471e-04
3.000000000000000000e+00 -2.526127410028338404e-04
4.000000000000000000e+00 -2.526127410028338404e-04
5.000000000000000000e+00 -2.526127410028338404e-04
6.000000000000000000e+00 -2.526127410028338404e-04
7.000000000000000000e+00 -2.526127410028338404e-04
8.000000000000000000e+00 -2.526127410028338404e-04
9.000000000000000000e+00 -2.526127410028338404e-04
1.000000000000000000e+01 9.047946664045734486e-04
1.100000000000000000e+01 -2.526127410028338404e-04
1.200000000000000000e+01 -2.526127410028338404e-04
1.300000000000000000e+01 -2.526127410028338404e-04
1.400000000000000000e+01 -2.526127410028338404e-04
1.500000000000000000e+01 7.418464461808115613e-05
1.600000000000000000e+01 -3.656335828678449325e-05
1.700000000000000000e+01 -2.526127410028338404e-04
1.800000000000000000e+01 -2.090397562533785256e-04
1.900000000000000000e+01 1.414053925663832662e-03
1.000000000000000000e+00 -2.591372783105985755e-04
2.000000000000000000e+00 4.816034624301420743e-04
3.000000000000000000e+00 -2.591372783105985755e-04
4.000000000000000000e+00 -2.591372783105985755e-04
5.000000000000000000e+00 -2.591372783105985755e-04
6.000000000000000000e+00 -2.182876051079842060e-04
7.000000000000000000e+00 -2.591372783105985755e-04
8.000000000000000000e+00 -2.591372783105985755e-04
9.000000000000000000e+00 -2.591372783105985755e-04
1.000000000000000000e+01 3.256580433268282276e-04
1.100000000000000000e+01 6.667886476153272231e-04
1.200000000000000000e+01 -2.591372783105985755e-04
1.300000000000000000e+01 4.353071661338457870e-04
1.400000000000000000e+01 -2.591372783105985755e-04
1.500000000000000000e+01 -2.591372783105985755e-04
1.600000000000000000e+01 -1.634087512095224620e-04
1.700000000000000000e+01 9.688286555376881800e-04
1.800000000000000000e+01 -2.591372783105985755e-04
1.900000000000000000e+01 -1.502048164369602478e-04
1.000000000000000000e+00 -2.167061309863167317e-04
2.000000000000000000e+00 -2.167061309863167317e-04
3.000000000000000000e+00 -2.167061309863167317e-04
4.000000000000000000e+00 -2.167061309863167317e-04
5.000000000000000000e+00 -2.167061309863167317e-04
6.000000000000000000e+00 -2.167061309863167317e-04
7.000000000000000000e+00 -2.167061309863167317e-04
8.000000000000000000e+00 -2.167061309863167317e-04
9.000000000000000000e+00 -2.167061309863167317e-04
1.000000000000000000e+01 1.317685403405217514e-03
1.100000000000000000e+01 -2.167061309863167317e-04
1.200000000000000000e+01 -2.167061309863167317e-04
1.300000000000000000e+01 -2.167061309863167317e-04
1.400000000000000000e+01 -2.167061309863167317e-04
1.500000000000000000e+01 6.379947237145379684e-04
1.600000000000000000e+01 -2.167061309863167317e-04
1.700000000000000000e+01 -1.197442693185727167e-04
1.800000000000000000e+01 -2.167061309863167317e-04
1.900000000000000000e+01 1.282414982105384380e-03
1.000000000000000000e+00 -2.277821740730743096e-04
2.000000000000000000e+00 -2.277821740730743096e-04
3.000000000000000000e+00 -2.277821740730743096e-04
4.000000000000000000e+00 -2.277821740730743096e-04
5.000000000000000000e+00 -2.277821740730743096e-04
6.000000000000000000e+00 -2.277821740730743096e-04
7.000000000000000000e+00 -2.277821740730743096e-04
8.000000000000000000e+00 -2.277821740730743096e-04
9.000000000000000000e+00 -2.277821740730743096e-04
1.000000000000000000e+01 1.244202631245064274e-03
1.100000000000000000e+01 -2.203549607635080557e-04
1.200000000000000000e+01 -1.869325008704599402e-04
1.300000000000000000e+01 1.219463390819549306e-03
1.400000000000000000e+01 -2.277821740730743096e-04
1.500000000000000000e+01 -2.277821740730743096e-04
1.600000000000000000e+01 -1.328267082266050255e-04
1.700000000000000000e+01 -2.277821740730743096e-04
1.800000000000000000e+01 -2.277821740730743096e-04
1.900000000000000000e+01 8.325953568926919334e-04
1.000000000000000000e+00 -3.131665089869424133e-04
2.000000000000000000e+00 -1.585063543267877352e-04
3.000000000000000000e+00 -3.135256269931191984e-04
4.000000000000000000e+00 -3.135256269931191984e-04
5.000000000000000000e+00 -3.135256269931191984e-04
6.000000000000000000e+00 -3.135256269931191984e-04
7.000000000000000000e+00 -3.135256269931191984e-04
8.000000000000000000e+00 -3.135256269931191984e-04
9.000000000000000000e+00 -3.135256269931191984e-04
1.000000000000000000e+01 6.206056012557559969e-04
1.100000000000000000e+01 2.128776080014470069e-03
1.200000000000000000e+01 -2.723902917401368898e-04
1.300000000000000000e+01 -3.135256269931191984e-04
1.400000000000000000e+01 -3.135256269931191984e-04
1.500000000000000000e+01 -3.135256269931191984e-04
1.600000000000000000e+01 5.509312668755391926e-04
1.700000000000000000e+01 5.411752277077354475e-04
1.800000000000000000e+01 -3.135256269931191984e-04
1.900000000000000000e+01 -1.772627885243984163e-04
1.000000000000000000e+00 -2.730068635641390968e-04
2.000000000000000000e+00 1.208863662424033720e-03
3.000000000000000000e+00 -2.730068635641390968e-04
4.000000000000000000e+00 -2.730068635641390968e-04
5.000000000000000000e+00 -2.730068635641390968e-04
6.000000000000000000e+00 -2.730068635641390968e-04
7.000000000000000000e+00 -2.730068635641390968e-04
8.000000000000000000e+00 -2.730068635641390968e-04
9.000000000000000000e+00 -2.730068635641390968e-04
1.000000000000000000e+01 4.677338771766016072e-04
1.100000000000000000e+01 5.379052205677592685e-05
1.200000000000000000e+01 -2.730068635641390968e-04
1.300000000000000000e+01 5.379052205677592685e-05
1.400000000000000000e+01 -2.730068635641390968e-04
1.500000000000000000e+01 -2.730068635641390968e-04
1.600000000000000000e+01 4.214375808803053200e-04
1.700000000000000000e+01 -2.730068635641390968e-04
1.800000000000000000e+01 -2.730068635641390968e-04
1.900000000000000000e+01 5.614936032892688415e-04
1.000000000000000000e+00 -1.924365301917724150e-04
2.000000000000000000e+00 -1.924365301917724150e-04
3.000000000000000000e+00 -1.924365301917724150e-04
4.000000000000000000e+00 -1.924365301917724150e-04
5.000000000000000000e+00 -1.924365301917724150e-04
6.000000000000000000e+00 -1.924365301917724150e-04
7.000000000000000000e+00 -1.924365301917724150e-04
8.000000000000000000e+00 -1.924365301917724150e-04
9.000000000000000000e+00 -1.924365301917724150e-04
1.000000000000000000e+01 1.663237513304768401e-03
1.100000000000000000e+01 -1.924365301917724150e-04
1.200000000000000000e+01 4.611582410500576052e-04
1.300000000000000000e+01 -1.924365301917724150e-04
1.400000000000000000e+01 -1.924365301917724150e-04
1.500000000000000000e+01 -1.131401057396386206e-04
1.600000000000000000e+01 -1.152760363646119227e-04
1.700000000000000000e+01 5.483042105489682348e-04
1.800000000000000000e+01 -1.924365301917724150e-04
1.900000000000000000e+01 -1.457511893887845564e-04
1.000000000000000000e+00 -2.571514546033455326e-04
2.000000000000000000e+00 6.474767784562599762e-04
3.000000000000000000e+00 -2.571514546033455326e-04
4.000000000000000000e+00 -2.571514546033455326e-04
5.000000000000000000e+00 -2.571514546033455326e-04
6.000000000000000000e+00 -2.571514546033455326e-04
7.000000000000000000e+00 -2.571514546033455326e-04
8.000000000000000000e+00 -2.571514546033455326e-04
9.000000000000000000e+00 -2.571514546033455326e-04
1.000000000000000000e+01 6.869298816348533071e-04
1.100000000000000000e+01 1.332843517744567927e-03
1.200000000000000000e+01 -2.026852236665264094e-04
1.300000000000000000e+01 -2.571514546033455326e-04
1.400000000000000000e+01 -2.571514546033455326e-04
1.500000000000000000e+01 -2.571514546033455326e-04
1.600000000000000000e+01 -2.135784698538902178e-04
1.700000000000000000e+01 4.348900678880038718e-04
1.800000000000000000e+01 -2.571514546033455326e-04
1.900000000000000000e+01 -2.421732410957203063e-04
1.000000000000000000e+00 -3.068713240281867251e-04
2.000000000000000000e+00 5.386121685141292449e-04
3.000000000000000000e+00 -3.068713240281867251e-04
4.000000000000000000e+00 -3.068713240281867251e-04
5.000000000000000000e+00 -3.068713240281867251e-04
6.000000000000000000e+00 -3.068713240281867251e-04
7.000000000000000000e+00 -3.068713240281867251e-04
8.000000000000000000e+00 -3.068713240281867251e-04
9.000000000000000000e+00 -3.068713240281867251e-04
1.000000000000000000e+01 -3.872987941615392690e-05
1.100000000000000000e+01 -3.000630451610843347e-04
1.200000000000000000e+01 4.876772646380488877e-04
1.300000000000000000e+01 5.478295306726679208e-04
1.400000000000000000e+01 -3.068713240281867251e-04
1.500000000000000000e+01 1.321279936476014646e-03
1.600000000000000000e+01 5.019522053835778286e-04
1.700000000000000000e+01 -3.068713240281867251e-04
1.800000000000000000e+01 -3.068713240281867251e-04
1.900000000000000000e+01 -3.034996049701931789e-04
1.000000000000000000e+00 -2.825865511032945991e-04
2.000000000000000000e+00 -2.349285990335778121e-04
3.000000000000000000e+00 -2.825865511032945991e-04
4.000000000000000000e+00 -2.825865511032945991e-04
5.000000000000000000e+00 -2.825865511032945991e-04
6.000000000000000000e+00 -2.825865511032945991e-04
7.000000000000000000e+00 -2.825865511032945991e-04
8.000000000000000000e+00 -2.825865511032945991e-04
9.000000000000000000e+00 -2.644311407910215038e-04
1.000000000000000000e+01 3.346973995139892848e-04
1.100000000000000000e+01 -2.793185772470854430e-04
1.200000000000000000e+01 3.000744325106838219e-03
1.300000000000000000e+01 -1.736540892296562443e-04
1.400000000000000000e+01 -2.825865511032945991e-04
1.500000000000000000e+01 -2.825865511032945991e-04
1.600000000000000000e+01 -1.796593403329465666e-04
1.700000000000000000e+01 4.141921603812991916e-04
1.800000000000000000e+01 -2.825865511032945991e-04
1.900000000000000000e+01 -2.441397998537751606e-04
1.000000000000000000e+00 -2.669122583887414014e-04
2.000000000000000000e+00 -6.712059377585420379e-05
3.000000000000000000e+00 -2.669122583887414014e-04
4.000000000000000000e+00 -2.669122583887414014e-04
5.000000000000000000e+00 -2.669122583887414014e-04
6.000000000000000000e+00 -2.668170377052854307e-04
7.000000000000000000e+00 -2.669122583887414014e-04
8.000000000000000000e+00 -2.669122583887414014e-04
9.000000000000000000e+00 -2.260625851861270319e-04
1.000000000000000000e+01 5.539716507304617019e-04
1.100000000000000000e+01 5.932352194057951894e-04
1.200000000000000000e+01 1.552565229303400378e-03
1.300000000000000000e+01 -2.669122583887414014e-04
1.400000000000000000e+01 -2.669122583887414014e-04
1.500000000000000000e+01 -2.666878096348808836e-04
1.600000000000000000e+01 4.741852684230710570e-04
1.700000000000000000e+01 -2.654268157268281289e-04
1.800000000000000000e+01 -2.669122583887414014e-04
1.900000000000000000e+01 -1.810631039121359735e-04
1.000000000000000000e+00 -2.647108258902837658e-04
2.000000000000000000e+00 -2.095712486918830623e-04
3.000000000000000000e+00 -2.687957932105452109e-04
4.000000000000000000e+00 -2.687957932105452109e-04
5.000000000000000000e+00 -2.687957932105452109e-04
6.000000000000000000e+00 -2.687957932105452109e-04
7.000000000000000000e+00 -2.687957932105452109e-04
8.000000000000000000e+00 -2.687957932105452109e-04
9.000000000000000000e+00 -2.687957932105452109e-04
1.000000000000000000e+01 5.859050614903094350e-04
1.100000000000000000e+01 -2.687957932105452109e-04
1.200000000000000000e+01 -2.687957932105452109e-04
1.300000000000000000e+01 1.874144303805918904e-03
1.400000000000000000e+01 -2.678979981951031398e-04
1.500000000000000000e+01 -2.687957932105452109e-04
1.600000000000000000e+01 5.339327055963847971e-04
1.700000000000000000e+01 5.248550004402482766e-04
1.800000000000000000e+01 -2.687957932105452109e-04
1.900000000000000000e+01 -2.162747848071838903e-04
1.000000000000000000e+00 -2.570680397862517121e-04
2.000000000000000000e+00 -2.512323721858781959e-04
3.000000000000000000e+00 -2.570680397862517121e-04
4.000000000000000000e+00 -2.570680397862517121e-04
5.000000000000000000e+00 -2.570680397862517121e-04
6.000000000000000000e+00 -2.570680397862517121e-04
7.000000000000000000e+00 -2.570680397862517121e-04
8.000000000000000000e+00 -2.570680397862517121e-04
9.000000000000000000e+00 -2.488981051457288219e-04
1.000000000000000000e+01 -1.917085626620686992e-04
1.100000000000000000e+01 1.186287080039456245e-03
1.200000000000000000e+01 3.965267314555783081e-04
1.300000000000000000e+01 -2.570680397862517121e-04
1.400000000000000000e+01 -2.570680397862517121e-04
1.500000000000000000e+01 -1.554675705387236406e-04
1.600000000000000000e+01 -2.570680397862517121e-04
1.700000000000000000e+01 1.385928340052233147e-03
1.800000000000000000e+01 -2.570680397862517121e-04
1.900000000000000000e+01 3.304021334682352012e-04
1.000000000000000000e+00 -3.770793610850865264e-04
2.000000000000000000e+00 2.854634338106494724e-04
3.000000000000000000e+00 -3.770793610850865264e-04
4.000000000000000000e+00 -3.770793610850865264e-04
5.000000000000000000e+00 -3.770793610850865264e-04
6.000000000000000000e+00 -3.770793610850865264e-04
7.000000000000000000e+00 -3.769796060833707167e-04
8.000000000000000000e+00 -3.634628033508817456e-04
9.000000000000000000e+00 -3.362296878824721298e-04
1.000000000000000000e+01 -3.768998020819981339e-04
1.100000000000000000e+01 -3.770793610850865264e-04
1.200000000000000000e+01 -2.990110967423123631e-04
1.300000000000000000e+01 1.012707322819244270e-03
1.400000000000000000e+01 -3.674676732727066939e-04
1.500000000000000000e+01 1.377306603827193991e-03
1.600000000000000000e+01 -3.406193294271703732e-06
1.700000000000000000e+01 4.570320612616298947e-04
1.800000000000000000e+01 -3.770793610850865264e-04
1.900000000000000000e+01 5.601029192344485815e-04
1.000000000000000000e+00 -2.905079001570229380e-04
2.000000000000000000e+00 -2.687214077822952670e-04
3.000000000000000000e+00 -2.905079001570229380e-04
4.000000000000000000e+00 -2.905079001570229380e-04
5.000000000000000000e+00 -2.905079001570229380e-04
6.000000000000000000e+00 -2.905079001570229380e-04
7.000000000000000000e+00 -2.905079001570229380e-04
8.000000000000000000e+00 -2.905079001570229380e-04
9.000000000000000000e+00 -2.905079001570229380e-04
1.000000000000000000e+01 3.630868710848070822e-04
1.100000000000000000e+01 -2.033619306581122812e-04
1.200000000000000000e+01 -2.905079001570229380e-04
1.300000000000000000e+01 1.098380988731865841e-03
1.400000000000000000e+01 -2.905079001570229380e-04
1.500000000000000000e+01 1.190973581324458307e-03
1.600000000000000000e+01 6.050426277464461587e-04
1.700000000000000000e+01 -2.905079001570229380e-04
1.800000000000000000e+01 -2.905079001570229380e-04
1.900000000000000000e+01 4.046339224357799408e-04
1.000000000000000000e+00 -2.206375400389848124e-04
2.000000000000000000e+00 -2.206375400389848124e-04
3.000000000000000000e+00 -2.206375400389848124e-04
4.000000000000000000e+00 -2.206375400389848124e-04
5.000000000000000000e+00 -2.206375400389848124e-04
6.000000000000000000e+00 -2.206375400389848124e-04
7.000000000000000000e+00 -2.206375400389848124e-04
8.000000000000000000e+00 -2.206375400389848124e-04
9.000000000000000000e+00 -2.206375400389848124e-04
1.000000000000000000e+01 5.146565776080739467e-04
1.100000000000000000e+01 -2.132103267294185585e-04
1.200000000000000000e+01 1.170974660396744858e-03
1.300000000000000000e+01 5.201032007017558374e-04
1.400000000000000000e+01 -2.206375400389848124e-04
1.500000000000000000e+01 6.340633146618698335e-04
1.600000000000000000e+01 -1.042778648557802173e-04
1.700000000000000000e+01 -1.739521992359969538e-04
1.800000000000000000e+01 -2.206375400389848124e-04
1.900000000000000000e+01 -2.113947856981912706e-04
1.000000000000000000e+00 -3.873006403982131186e-04
2.000000000000000000e+00 -3.464509671955987220e-04
3.000000000000000000e+00 -3.873006403982131186e-04
4.000000000000000000e+00 -3.873006403982131186e-04
5.000000000000000000e+00 -3.873006403982131186e-04
6.000000000000000000e+00 -3.873006403982131186e-04
7.000000000000000000e+00 -3.464509671955987220e-04
8.000000000000000000e+00 -3.868517428904920830e-04
9.000000000000000000e+00 -3.873006403982131186e-04
1.000000000000000000e+01 -3.776889525858332318e-04
1.100000000000000000e+01 -3.873006403982131186e-04
1.200000000000000000e+01 -3.146789991491209001e-04
1.300000000000000000e+01 -3.873006403982131186e-04
1.400000000000000000e+01 -3.873006403982131186e-04
1.500000000000000000e+01 1.693882710134982355e-03
1.600000000000000000e+01 1.416900060861311450e-03
1.700000000000000000e+01 -3.873006403982131186e-04
1.800000000000000000e+01 -3.834319600589445568e-04
1.900000000000000000e+01 2.312279191534559897e-03
1.000000000000000000e+00 -3.073251711022608346e-04
2.000000000000000000e+00 5.143368270303254114e-04
3.000000000000000000e+00 -3.081032601156439774e-04
4.000000000000000000e+00 -3.081032601156439774e-04
5.000000000000000000e+00 -3.081032601156439774e-04
6.000000000000000000e+00 -3.081032601156439774e-04
7.000000000000000000e+00 -3.081032601156439774e-04
8.000000000000000000e+00 -3.081032601156439774e-04
9.000000000000000000e+00 -3.081032601156439774e-04
1.000000000000000000e+01 4.855475335351495643e-04
1.100000000000000000e+01 4.913832011355230263e-04
1.200000000000000000e+01 6.586723390128962179e-04
1.300000000000000000e+01 9.990862823680160629e-04
1.400000000000000000e+01 -3.081032601156439774e-04
1.500000000000000000e+01 -3.081032601156439774e-04
1.600000000000000000e+01 -2.578267392508878345e-04
1.700000000000000000e+01 2.032811243337559720e-05
1.800000000000000000e+01 -3.081032601156439774e-04
1.900000000000000000e+01 -1.975112377589157591e-04
1.000000000000000000e+00 -2.931482575445423528e-04
2.000000000000000000e+00 5.507790569710073860e-04
3.000000000000000000e+00 -2.931482575445423528e-04
4.000000000000000000e+00 -2.931482575445423528e-04
5.000000000000000000e+00 -2.931482575445423528e-04
6.000000000000000000e+00 -2.931482575445423528e-04
7.000000000000000000e+00 -2.931482575445423528e-04
8.000000000000000000e+00 -2.931482575445423528e-04
9.000000000000000000e+00 -2.931482575445423528e-04
1.000000000000000000e+01 -2.931482575445423528e-04
1.100000000000000000e+01 4.012961868999020639e-04
1.200000000000000000e+01 -2.931482575445423528e-04
1.300000000000000000e+01 -2.495752727950870109e-04
1.400000000000000000e+01 -2.931482575445423528e-04
1.500000000000000000e+01 2.315395159822404049e-03
1.600000000000000000e+01 -2.931482575445423528e-04
1.700000000000000000e+01 -2.931482575445423528e-04
1.800000000000000000e+01 -2.931482575445423528e-04
1.900000000000000000e+01 5.689798104658786012e-04
1.000000000000000000e+00 -3.170237944965010224e-04
2.000000000000000000e+00 2.108085137965372627e-03
3.000000000000000000e+00 -3.170237944965010224e-04
4.000000000000000000e+00 -3.170237944965010224e-04
5.000000000000000000e+00 -3.170237944965010224e-04
6.000000000000000000e+00 -3.168242844930694571e-04
7.000000000000000000e+00 -3.170237944965010224e-04
8.000000000000000000e+00 -3.167381324461330562e-04
9.000000000000000000e+00 -3.088538598559781322e-04
1.000000000000000000e+01 -3.170237944965010224e-04
1.100000000000000000e+01 -3.170237944965010224e-04
1.200000000000000000e+01 2.729314858612560870e-04
1.300000000000000000e+01 -9.915887074922435354e-05
1.400000000000000000e+01 -3.100658831268249174e-04
1.500000000000000000e+01 -3.170237944965010224e-04
1.600000000000000000e+01 9.057909724359130025e-04
1.700000000000000000e+01 -2.734508097470456805e-04
1.800000000000000000e+01 -3.170237944965010224e-04
1.900000000000000000e+01 4.252023889061528998e-04
1.000000000000000000e+00 -3.071537881909398751e-04
2.000000000000000000e+00 1.221013034093529391e-03
3.000000000000000000e+00 -3.071537881909398751e-04
4.000000000000000000e+00 -3.071537881909398751e-04
5.000000000000000000e+00 -3.071537881909398751e-04
6.000000000000000000e+00 -3.071537881909398751e-04
7.000000000000000000e+00 -3.071537881909398751e-04
8.000000000000000000e+00 -3.071537881909398751e-04
9.000000000000000000e+00 -3.071537881909398751e-04
1.000000000000000000e+01 4.744366257524151712e-04
1.100000000000000000e+01 6.187721377349859235e-04
1.200000000000000000e+01 -3.071537881909398751e-04
1.300000000000000000e+01 3.470395130611848410e-04
1.400000000000000000e+01 -3.051113045308091526e-04
1.500000000000000000e+01 -3.071537881909398751e-04
1.600000000000000000e+01 -2.995674203104543420e-04
1.700000000000000000e+01 6.992011829473130497e-05
1.800000000000000000e+01 -3.071537881909398751e-04
1.900000000000000000e+01 5.772341550205326889e-04
1.000000000000000000e+00 -2.296751809135710019e-04
2.000000000000000000e+00 -2.358101135190918390e-04
3.000000000000000000e+00 -2.364086435293865350e-04
4.000000000000000000e+00 -2.364086435293865350e-04
5.000000000000000000e+00 -2.364086435293865350e-04
6.000000000000000000e+00 -2.364086435293865350e-04
7.000000000000000000e+00 -2.364086435293865350e-04
8.000000000000000000e+00 -2.364086435293865350e-04
9.000000000000000000e+00 -2.364086435293865350e-04
1.000000000000000000e+01 -2.364086435293865350e-04
1.100000000000000000e+01 5.054992307314288289e-04
1.200000000000000000e+01 -2.364086435293865350e-04
1.300000000000000000e+01 2.080358009150578766e-04
1.400000000000000000e+01 -2.364086435293865350e-04
1.500000000000000000e+01 -1.430379619234108178e-04
1.600000000000000000e+01 8.747024675817245210e-04
1.700000000000000000e+01 5.572421501214069525e-04
1.800000000000000000e+01 -2.364086435293865350e-04
1.900000000000000000e+01 8.160465265728422549e-04
1.000000000000000000e+00 -2.337952724949628669e-04
2.000000000000000000e+00 -2.263680591853966129e-04
3.000000000000000000e+00 -2.337952724949628669e-04
4.000000000000000000e+00 -2.337952724949628669e-04
5.000000000000000000e+00 -2.337952724949628669e-04
6.000000000000000000e+00 -2.337952724949628669e-04
7.000000000000000000e+00 -2.337952724949628669e-04
8.000000000000000000e+00 -2.337952724949628669e-04
9.000000000000000000e+00 -2.337952724949628669e-04
1.000000000000000000e+01 6.130485155252956729e-04
1.100000000000000000e+01 -2.337952724949628669e-04
1.200000000000000000e+01 1.247686208986518433e-03
1.300000000000000000e+01 -2.337952724949628669e-04
1.400000000000000000e+01 -2.221239372942159158e-04
1.500000000000000000e+01 -2.337952724949628669e-04
1.600000000000000000e+01 6.194146983620667322e-04
1.700000000000000000e+01 6.921306534309628776e-04
1.800000000000000000e+01 -2.337952724949628669e-04
1.900000000000000000e+01 -1.871099316919750083e-04
1.000000000000000000e+00 -2.819414608630294505e-04
2.000000000000000000e+00 5.134251188172756506e-04
3.000000000000000000e+00 -2.820910933656031109e-04
4.000000000000000000e+00 -2.820910933656031109e-04
5.000000000000000000e+00 -2.820910933656031109e-04
6.000000000000000000e+00 -2.820910933656031109e-04
7.000000000000000000e+00 -2.820910933656031109e-04
8.000000000000000000e+00 -2.820910933656031109e-04
9.000000000000000000e+00 -2.820910933656031109e-04
1.000000000000000000e+01 1.305210493935983918e-03
1.100000000000000000e+01 -2.804571064374985871e-04
1.200000000000000000e+01 1.073339967947810857e-03
1.300000000000000000e+01 -2.820910933656031109e-04
1.400000000000000000e+01 -2.743782180056689450e-04
1.500000000000000000e+01 -2.820910933656031109e-04
1.600000000000000000e+01 8.555596545792624151e-05
1.700000000000000000e+01 -2.820910933656031109e-04
1.800000000000000000e+01 -2.818666446117425932e-04
1.900000000000000000e+01 3.305492619218109774e-04
1.000000000000000000e+00 -2.952786234519980363e-04
2.000000000000000000e+00 5.594222312488566096e-04
3.000000000000000000e+00 -2.952786234519980363e-04
4.000000000000000000e+00 -2.952786234519980363e-04
5.000000000000000000e+00 -2.952786234519980363e-04
6.000000000000000000e+00 -2.952786234519980363e-04
7.000000000000000000e+00 -2.952786234519980363e-04
8.000000000000000000e+00 -2.330315023813475672e-04
9.000000000000000000e+00 -2.952786234519980363e-04
1.000000000000000000e+01 3.730998390441114788e-04
1.100000000000000000e+01 5.597214962540040389e-04
1.200000000000000000e+01 -2.952786234519980363e-04
1.300000000000000000e+01 -2.898320003583160914e-04
1.400000000000000000e+01 -2.952786234519980363e-04
1.500000000000000000e+01 1.260722564902131294e-03
1.600000000000000000e+01 4.867606879990780456e-04
1.700000000000000000e+01 -2.294746876790221374e-05
1.800000000000000000e+01 -2.952786234519980363e-04
1.900000000000000000e+01 -2.802874417941497069e-04
1.000000000000000000e+00 -3.085199108995624216e-04
2.000000000000000000e+00 1.111296655975827809e-03
3.000000000000000000e+00 -3.090300217037908513e-04
4.000000000000000000e+00 -3.090300217037908513e-04
5.000000000000000000e+00 -3.090300217037908513e-04
6.000000000000000000e+00 -3.085112956948687923e-04
7.000000000000000000e+00 -3.090300217037908513e-04
8.000000000000000000e+00 -2.705832704542714671e-04
9.000000000000000000e+00 -3.090300217037908513e-04
1.000000000000000000e+01 3.763367175845169364e-04
1.100000000000000000e+01 -3.008600870632680154e-04
1.200000000000000000e+01 4.846207719470026903e-04
1.300000000000000000e+01 -2.639715942924222912e-04
1.400000000000000000e+01 4.317107190369497984e-04
1.500000000000000000e+01 4.500047938553371354e-05
1.600000000000000000e+01 -3.008600870632680154e-04
1.700000000000000000e+01 5.456708329970638488e-04
1.800000000000000000e+01 -3.031943541034173894e-04
1.900000000000000000e+01 -2.549174675912367388e-04
1.000000000000000000e+00 -2.523775292093145264e-04
2.000000000000000000e+00 -1.761248058977677052e-04
3.000000000000000000e+00 -2.523775292093145264e-04
4.000000000000000000e+00 -2.523775292093145264e-04
5.000000000000000000e+00 -2.523775292093145264e-04
6.000000000000000000e+00 -2.523775292093145264e-04
7.000000000000000000e+00 -2.523775292093145264e-04
8.000000000000000000e+00 -2.523775292093145264e-04
9.000000000000000000e+00 -2.523775292093145264e-04
1.000000000000000000e+01 1.198728554249709963e-03
1.100000000000000000e+01 6.023233254915401737e-04
1.200000000000000000e+01 -2.442075945687916362e-04
1.300000000000000000e+01 -2.523775292093145264e-04
1.400000000000000000e+01 -2.523775292093145264e-04
1.500000000000000000e+01 1.118355949367301049e-03
1.600000000000000000e+01 -1.979112982724953761e-04
1.700000000000000000e+01 3.324177924281122767e-04
1.800000000000000000e+01 -2.523775292093145264e-04
1.900000000000000000e+01 -2.121421368067394830e-04
1.000000000000000000e+00 -2.785003094600617358e-04
2.000000000000000000e+00 -2.318149686570739043e-04
3.000000000000000000e+00 -2.785003094600617358e-04
4.000000000000000000e+00 -2.785003094600617358e-04
5.000000000000000000e+00 -2.785003094600617358e-04
6.000000000000000000e+00 -2.785003094600617358e-04
7.000000000000000000e+00 -2.785003094600617358e-04
8.000000000000000000e+00 -2.785003094600617358e-04
9.000000000000000000e+00 -2.785003094600617358e-04
1.000000000000000000e+01 -2.376506362574473934e-04
1.100000000000000000e+01 -2.785003094600617358e-04
1.200000000000000000e+01 7.316007006409482559e-04
1.300000000000000000e+01 4.622404312806789139e-04
1.400000000000000000e+01 -2.785003094600617358e-04
1.500000000000000000e+01 -2.785003094600617358e-04
1.600000000000000000e+01 1.365960893824670792e-03
1.700000000000000000e+01 -2.785003094600617358e-04
1.800000000000000000e+01 -2.785003094600617358e-04
1.900000000000000000e+01 9.578831328057332926e-04
1.000000000000000000e+00 -3.278920655081645234e-04
2.000000000000000000e+00 2.103336836308972082e-03
3.000000000000000000e+00 -3.278920655081645234e-04
4.000000000000000000e+00 -3.278920655081645234e-04
5.000000000000000000e+00 -3.278920655081645234e-04
6.000000000000000000e+00 -3.278920655081645234e-04
7.000000000000000000e+00 -3.278920655081645234e-04
8.000000000000000000e+00 -3.278920655081645234e-04
9.000000000000000000e+00 -3.278920655081645234e-04
1.000000000000000000e+01 -2.870423923055501810e-04
1.100000000000000000e+01 -3.278920655081645234e-04
1.200000000000000000e+01 4.657587281426290183e-04
1.300000000000000000e+01 -3.278920655081645234e-04
1.400000000000000000e+01 -3.278920655081645234e-04
1.500000000000000000e+01 -2.625325883839815105e-04
1.600000000000000000e+01 -3.278920655081645234e-04
1.700000000000000000e+01 1.393240832095321048e-03
1.800000000000000000e+01 -3.278920655081645234e-04
1.900000000000000000e+01 -3.278920655081645234e-04
1.000000000000000000e+00 -2.432395695614295614e-04
2.000000000000000000e+00 -2.129627529524330131e-04
3.000000000000000000e+00 -2.514095042019523973e-04
4.000000000000000000e+00 -2.514095042019523973e-04
5.000000000000000000e+00 -2.514095042019523973e-04
6.000000000000000000e+00 -2.514095042019523973e-04
7.000000000000000000e+00 -2.514095042019523973e-04
8.000000000000000000e+00 -2.514095042019523973e-04
9.000000000000000000e+00 -2.514095042019523973e-04
1.000000000000000000e+01 -2.514095042019523973e-04
1.100000000000000000e+01 -2.241763887335428357e-04
1.200000000000000000e+01 1.148302802373099086e-03
1.300000000000000000e+01 4.893312365387881982e-04
1.400000000000000000e+01 4.838846134451063618e-04
1.500000000000000000e+01 -2.514095042019523973e-04
1.600000000000000000e+01 -1.902696636503471781e-04
1.700000000000000000e+01 1.055780038281707535e-03
1.800000000000000000e+01 -2.514095042019523973e-04
1.900000000000000000e+01 -2.493670205418216748e-04
1.000000000000000000e+00 -3.206401913376963038e-04
2.000000000000000000e+00 -1.334363276632443980e-04
3.000000000000000000e+00 -3.206401913376963038e-04
4.000000000000000000e+00 -3.206401913376963038e-04
5.000000000000000000e+00 -3.206401913376963038e-04
6.000000000000000000e+00 -3.206401913376963038e-04
7.000000000000000000e+00 -3.206401913376963038e-04
8.000000000000000000e+00 -3.206401913376963038e-04
9.000000000000000000e+00 -3.206401913376963038e-04
1.000000000000000000e+01 6.461354077908438914e-04
1.100000000000000000e+01 -3.206401913376963038e-04
1.200000000000000000e+01 2.418622180277616232e-03
1.300000000000000000e+01 -3.206401913376963038e-04
1.400000000000000000e+01 -3.206401913376963038e-04
1.500000000000000000e+01 -3.206401913376963038e-04
1.600000000000000000e+01 -3.128593012038649850e-04
1.700000000000000000e+01 2.966437592795875258e-04
1.800000000000000000e+01 -3.206401913376963038e-04
1.900000000000000000e+01 7.237813403964074056e-04
1.000000000000000000e+00 -2.525515080529345765e-04
2.000000000000000000e+00 -1.579783252444576930e-04
3.000000000000000000e+00 -2.525515080529345765e-04
4.000000000000000000e+00 -2.525515080529345765e-04
5.000000000000000000e+00 -2.525515080529345765e-04
6.000000000000000000e+00 -2.525515080529345765e-04
7.000000000000000000e+00 -2.525515080529345765e-04
8.000000000000000000e+00 -2.525515080529345765e-04
9.000000000000000000e+00 -2.525515080529345765e-04
1.000000000000000000e+01 1.830781825280398565e-03
1.100000000000000000e+01 4.418929363915097860e-04
1.200000000000000000e+01 -2.141047568034151923e-04
1.300000000000000000e+01 4.055821157669636497e-04
1.400000000000000000e+01 -2.525515080529345765e-04
1.500000000000000000e+01 -2.525515080529345765e-04
1.600000000000000000e+01 -2.058661672499467450e-04
1.700000000000000000e+01 4.881892326878060732e-04
1.800000000000000000e+01 -2.525515080529345765e-04
1.900000000000000000e+01 -2.253932088358118722e-04
1.000000000000000000e+00 -2.029238481311570292e-04
2.000000000000000000e+00 -1.562385073281691707e-04
3.000000000000000000e+00 -2.029238481311570292e-04
4.000000000000000000e+00 -2.029238481311570292e-04
5.000000000000000000e+00 -2.029238481311570292e-04
6.000000000000000000e+00 -2.029238481311570292e-04
7.000000000000000000e+00 -2.029238481311570292e-04
8.000000000000000000e+00 -2.029238481311570292e-04
9.000000000000000000e+00 -2.029238481311570292e-04
1.000000000000000000e+01 1.278557633350324270e-03
1.100000000000000000e+01 -1.562385073281691707e-04
1.200000000000000000e+01 3.670263541719863409e-04
1.300000000000000000e+01 1.067954873727956821e-03
1.400000000000000000e+01 -2.029238481311570292e-04
1.500000000000000000e+01 -1.893072903969522484e-04
1.600000000000000000e+01 -1.293944363664511533e-04
1.700000000000000000e+01 -1.644770968816376179e-04
1.800000000000000000e+01 -2.029238481311570292e-04
1.900000000000000000e+01 -2.029238481311570292e-04
1.000000000000000000e+00 -2.046308476907031924e-04
2.000000000000000000e+00 -2.046308476907031924e-04
3.000000000000000000e+00 -2.046308476907031924e-04
4.000000000000000000e+00 -2.046308476907031924e-04
5.000000000000000000e+00 -2.046308476907031924e-04
6.000000000000000000e+00 -2.037330526752611213e-04
7.000000000000000000e+00 -2.046308476907031924e-04
8.000000000000000000e+00 -2.046308476907031924e-04
9.000000000000000000e+00 -2.046308476907031924e-04
1.000000000000000000e+01 -2.046308476907031924e-04
1.100000000000000000e+01 -1.719511091286116860e-04
1.200000000000000000e+01 -2.046308476907031924e-04
1.300000000000000000e+01 -2.046308476907031924e-04
1.400000000000000000e+01 -2.046308476907031924e-04
1.500000000000000000e+01 8.535702105103549174e-04
1.600000000000000000e+01 1.283464390404534658e-03
1.700000000000000000e+01 -2.046308476907031924e-04
1.800000000000000000e+01 -1.978225688236008020e-04
1.900000000000000000e+01 1.033535715230761475e-03
1.000000000000000000e+00 -2.580695161964511827e-04
2.000000000000000000e+00 -2.506423028868849288e-04
3.000000000000000000e+00 -2.580695161964511827e-04
4.000000000000000000e+00 -2.580695161964511827e-04
5.000000000000000000e+00 -2.580695161964511827e-04
6.000000000000000000e+00 -2.580695161964511827e-04
7.000000000000000000e+00 -2.580695161964511827e-04
8.000000000000000000e+00 -2.580695161964511827e-04
9.000000000000000000e+00 -2.580695161964511827e-04
1.000000000000000000e+01 -2.113841753934633241e-04
1.100000000000000000e+01 -2.580695161964511827e-04
1.200000000000000000e+01 -2.580695161964511827e-04
1.300000000000000000e+01 5.293565653472773799e-04
1.400000000000000000e+01 -2.580695161964511827e-04
1.500000000000000000e+01 -2.580695161964511827e-04
1.600000000000000000e+01 -2.036032852596320053e-04
1.700000000000000000e+01 4.826712245442895213e-04
1.800000000000000000e+01 6.034396173715059078e-04
1.900000000000000000e+01 1.965786692953875453e-03
1.000000000000000000e+00 -2.625752109756237704e-04
2.000000000000000000e+00 -2.625752109756237704e-04
3.000000000000000000e+00 -2.625752109756237704e-04
4.000000000000000000e+00 -2.625752109756237704e-04
5.000000000000000000e+00 -2.625752109756237704e-04
6.000000000000000000e+00 -2.625752109756237704e-04
7.000000000000000000e+00 -2.625752109756237704e-04
8.000000000000000000e+00 -2.625752109756237704e-04
9.000000000000000000e+00 -2.625752109756237704e-04
1.000000000000000000e+01 -2.625752109756237704e-04
1.100000000000000000e+01 -2.625752109756237704e-04
1.200000000000000000e+01 -2.625752109756237704e-04
1.300000000000000000e+01 5.921256437252308755e-04
1.400000000000000000e+01 -2.625752109756237704e-04
1.500000000000000000e+01 5.921256437252308755e-04
1.600000000000000000e+01 2.908019626285879896e-03
1.700000000000000000e+01 -2.625752109756237704e-04
1.800000000000000000e+01 -2.625752109756237704e-04
1.900000000000000000e+01 -2.081089800388045931e-04
1.000000000000000000e+00 -2.795849183878079528e-04
2.000000000000000000e+00 5.140658752629856431e-04
3.000000000000000000e+00 -2.795849183878079528e-04
4.000000000000000000e+00 -2.795849183878079528e-04
5.000000000000000000e+00 -2.795849183878079528e-04
6.000000000000000000e+00 -2.795849183878079528e-04
7.000000000000000000e+00 -2.795849183878079528e-04
8.000000000000000000e+00 -2.795849183878079528e-04
9.000000000000000000e+00 -2.795849183878079528e-04
1.000000000000000000e+01 -2.795849183878079528e-04
1.100000000000000000e+01 -2.795849183878079528e-04
1.200000000000000000e+01 4.721246723310707080e-05
1.300000000000000000e+01 5.751159363130466931e-04
1.400000000000000000e+01 -2.795849183878079528e-04
1.500000000000000000e+01 -2.795849183878079528e-04
1.600000000000000000e+01 4.611558223529327511e-04
1.700000000000000000e+01 -2.795849183878079528e-04
1.800000000000000000e+01 -2.795849183878079528e-04
1.900000000000000000e+01 1.935375139709504845e-03
1.000000000000000000e+00 -3.909936311252100514e-04
2.000000000000000000e+00 -1.972494667928104410e-04
3.000000000000000000e+00 -3.933278981653594254e-04
4.000000000000000000e+00 -3.933278981653594254e-04
5.000000000000000000e+00 -3.933278981653594254e-04
6.000000000000000000e+00 -3.933278981653594254e-04
7.000000000000000000e+00 -3.933278981653594254e-04
8.000000000000000000e+00 -3.933278981653594254e-04
9.000000000000000000e+00 -3.933278981653594254e-04
1.000000000000000000e+01 -3.022017040979888859e-04
1.100000000000000000e+01 1.626874122036660666e-03
1.200000000000000000e+01 1.316073811236349866e-03
1.300000000000000000e+01 6.167731119356505663e-04
1.400000000000000000e+01 -3.933278981653594254e-04
1.500000000000000000e+01 -2.843954362917211248e-04
1.600000000000000000e+01 -3.822077093490921823e-04
1.700000000000000000e+01 4.494975770130567837e-04
1.800000000000000000e+01 -3.933278981653594254e-04
1.900000000000000000e+01 4.772265201831765637e-04
1.000000000000000000e+00 -2.151732540263748673e-04
2.000000000000000000e+00 6.395276006744797515e-04
3.000000000000000000e+00 -2.151732540263748673e-04
4.000000000000000000e+00 -2.151732540263748673e-04
5.000000000000000000e+00 -2.151732540263748673e-04
6.000000000000000000e+00 -2.151732540263748673e-04
7.000000000000000000e+00 -2.151732540263748673e-04
8.000000000000000000e+00 -2.151732540263748673e-04
9.000000000000000000e+00 -2.151732540263748673e-04
1.000000000000000000e+01 -2.151732540263748673e-04
1.100000000000000000e+01 -2.151732540263748673e-04
1.200000000000000000e+01 3.403823015291806606e-04
1.300000000000000000e+01 2.679185334132386199e-04
1.400000000000000000e+01 -2.151732540263748673e-04
1.500000000000000000e+01 -2.070033193858520043e-04
1.600000000000000000e+01 2.141794608845261241e-04
1.700000000000000000e+01 4.021106965909089894e-04
1.800000000000000000e+01 -2.151732540263748673e-04
1.900000000000000000e+01 4.792711904180695223e-04
1.000000000000000000e+00 -2.685250479368125952e-04
2.000000000000000000e+00 5.828294798883033433e-04
3.000000000000000000e+00 -2.685250479368125952e-04
4.000000000000000000e+00 -2.685250479368125952e-04
5.000000000000000000e+00 -2.685250479368125952e-04
6.000000000000000000e+00 -2.685250479368125952e-04
7.000000000000000000e+00 -2.685250479368125952e-04
8.000000000000000000e+00 -2.685250479368125952e-04
9.000000000000000000e+00 -2.685250479368125952e-04
1.000000000000000000e+01 -2.685250479368125952e-04
1.100000000000000000e+01 -2.276753747341982528e-04
1.200000000000000000e+01 4.722156928039280546e-04
1.300000000000000000e+01 5.251257457139808923e-04
1.400000000000000000e+01 -2.685250479368125952e-04
1.500000000000000000e+01 5.827233768410239458e-05
1.600000000000000000e+01 6.364523276287982478e-04
1.700000000000000000e+01 5.718110865169688051e-04
1.800000000000000000e+01 -2.603551132962897592e-04
1.900000000000000000e+01 -2.685250479368125952e-04
1.000000000000000000e+00 -3.806406728233353094e-04
2.000000000000000000e+00 2.258038730561949883e-03
3.000000000000000000e+00 -3.812392028336300596e-04
4.000000000000000000e+00 -3.812392028336300596e-04
5.000000000000000000e+00 -3.812392028336300596e-04
6.000000000000000000e+00 -3.812392028336300596e-04
7.000000000000000000e+00 -3.812392028336300596e-04
8.000000000000000000e+00 -3.812392028336300596e-04
9.000000000000000000e+00 -3.807903053259090241e-04
1.000000000000000000e+01 -5.444181721271503600e-05
1.100000000000000000e+01 1.748390426795999424e-03
1.200000000000000000e+01 -3.812392028336300596e-04
1.300000000000000000e+01 -3.800720693135553455e-04
1.400000000000000000e+01 -3.812392028336300596e-04
1.500000000000000000e+01 -3.401698061140784448e-05
1.600000000000000000e+01 -3.403895296310156630e-04
1.700000000000000000e+01 -3.812392028336300596e-04
1.800000000000000000e+01 -2.505202485852640339e-04
1.900000000000000000e+01 -5.210755017256564172e-05
1.000000000000000000e+00 -2.609840392534841101e-04
2.000000000000000000e+00 -1.338961670675727414e-04
3.000000000000000000e+00 -2.609840392534841101e-04
4.000000000000000000e+00 -2.609840392534841101e-04
5.000000000000000000e+00 -2.609840392534841101e-04
6.000000000000000000e+00 -2.608557828227066637e-04
7.000000000000000000e+00 -2.603963916070129630e-04
8.000000000000000000e+00 -2.609840392534841101e-04
9.000000000000000000e+00 -2.609840392534841101e-04
1.000000000000000000e+01 9.494562772239838926e-04
1.100000000000000000e+01 -2.608208037961309866e-04
1.200000000000000000e+01 7.542231799978527150e-04
1.300000000000000000e+01 5.326667543973093773e-04
1.400000000000000000e+01 -2.598169057334093961e-04
1.500000000000000000e+01 -2.609840392534841101e-04
1.600000000000000000e+01 -2.107075183887279672e-04
1.700000000000000000e+01 3.891707595081257058e-04
1.800000000000000000e+01 -2.609840392534841101e-04
1.900000000000000000e+01 4.301705305775562383e-04
1.000000000000000000e+00 -3.455498463238401187e-04
2.000000000000000000e+00 6.326386318646380147e-04
3.000000000000000000e+00 -3.455498463238401187e-04
4.000000000000000000e+00 -3.455498463238401187e-04
5.000000000000000000e+00 -3.455498463238401187e-04
6.000000000000000000e+00 -3.455498463238401187e-04
7.000000000000000000e+00 -3.455498463238401187e-04
8.000000000000000000e+00 -3.455498463238401187e-04
9.000000000000000000e+00 -3.455498463238401187e-04
1.000000000000000000e+01 8.254741188177720053e-04
1.100000000000000000e+01 5.803760796020857341e-04
1.200000000000000000e+01 6.212257528047000765e-04
1.300000000000000000e+01 -3.455498463238401187e-04
1.400000000000000000e+01 -3.455498463238401187e-04
1.500000000000000000e+01 -2.521791647178643473e-04
1.600000000000000000e+01 -3.455498463238401187e-04
1.700000000000000000e+01 1.144101569798164179e-03
1.800000000000000000e+01 -3.455498463238401187e-04
1.900000000000000000e+01 -2.556805652780884354e-04
1.000000000000000000e+00 -2.614503533790915992e-04
2.000000000000000000e+00 -1.998162721371672245e-04
3.000000000000000000e+00 -2.614503533790915992e-04
4.000000000000000000e+00 -2.614503533790915992e-04
5.000000000000000000e+00 -2.614503533790915992e-04
6.000000000000000000e+00 -2.614503533790915992e-04
7.000000000000000000e+00 -2.611646913287236872e-04
8.000000000000000000e+00 -2.614503533790915992e-04
9.000000000000000000e+00 -2.614503533790915992e-04
1.000000000000000000e+01 4.080668912155522633e-04
1.100000000000000000e+01 4.795896523667964257e-04
1.200000000000000000e+01 4.329940910653527633e-04
1.300000000000000000e+01 1.971665115030494294e-03
1.400000000000000000e+01 -2.614503533790915992e-04
1.500000000000000000e+01 -1.797510069738628602e-04
1.600000000000000000e+01 -1.645546927579407987e-04
1.700000000000000000e+01 -2.614503533790915992e-04
1.800000000000000000e+01 -2.614503533790915992e-04
1.900000000000000000e+01 -2.614503533790915992e-04
1.000000000000000000e+00 -3.133976637588608443e-04
2.000000000000000000e+00 6.366190950814273756e-04
3.000000000000000000e+00 -3.133976637588608443e-04
4.000000000000000000e+00 -3.133976637588608443e-04
5.000000000000000000e+00 -3.133976637588608443e-04
6.000000000000000000e+00 -3.133976637588608443e-04
7.000000000000000000e+00 -3.133976637588608443e-04
8.000000000000000000e+00 -3.133976637588608443e-04
9.000000000000000000e+00 -3.133976637588608443e-04
1.000000000000000000e+01 -3.133976637588608443e-04
1.100000000000000000e+01 3.038862868584230395e-04
1.200000000000000000e+01 3.810467806855835724e-04
1.300000000000000000e+01 1.339972186205416406e-05
1.400000000000000000e+01 1.339972186205416406e-05
1.500000000000000000e+01 -3.133976637588608443e-04
1.600000000000000000e+01 4.545761924502894212e-04
1.700000000000000000e+01 -3.133976637588608443e-04
1.800000000000000000e+01 -3.052277291183379542e-04
1.900000000000000000e+01 1.037364863474254375e-03
1.000000000000000000e+00 -3.080087387419840040e-04
2.000000000000000000e+00 -1.612903291559273907e-04
3.000000000000000000e+00 -3.080087387419840040e-04
4.000000000000000000e+00 -3.080087387419840040e-04
5.000000000000000000e+00 -3.080087387419840040e-04
6.000000000000000000e+00 -3.080087387419840040e-04
7.000000000000000000e+00 -3.080087387419840040e-04
8.000000000000000000e+00 -3.070750319259242761e-04
9.000000000000000000e+00 -3.072306497286009155e-04
1.000000000000000000e+01 4.545184943734843167e-04
1.100000000000000000e+01 5.466921159588706419e-04
1.200000000000000000e+01 9.410136622412010972e-04
1.300000000000000000e+01 -3.069194141232476367e-04
1.400000000000000000e+01 1.080880150146904667e-03
1.500000000000000000e+01 -2.306663387352241728e-04
1.600000000000000000e+01 -2.621713154535803658e-04
1.700000000000000000e+01 -3.074102087316893080e-04
1.800000000000000000e+01 -3.080087387419840040e-04
1.900000000000000000e+01 5.466921159588706419e-04
1.000000000000000000e+00 -1.841440228138397565e-04
2.000000000000000000e+00 -1.497442980116381751e-04
3.000000000000000000e+00 -1.841440228138397565e-04
4.000000000000000000e+00 -1.841440228138397565e-04
5.000000000000000000e+00 -1.841440228138397565e-04
6.000000000000000000e+00 -1.841440228138397565e-04
7.000000000000000000e+00 -1.841440228138397565e-04
8.000000000000000000e+00 -1.841440228138397565e-04
9.000000000000000000e+00 -1.841440228138397565e-04
1.000000000000000000e+01 -1.841440228138397565e-04
1.100000000000000000e+01 4.694507484279902636e-04
1.200000000000000000e+01 6.095067708369537310e-04
1.300000000000000000e+01 -1.841440228138397565e-04
1.400000000000000000e+01 -1.841440228138397565e-04
1.500000000000000000e+01 -5.216815554385484757e-05
1.600000000000000000e+01 4.331399278034441273e-04
1.700000000000000000e+01 3.714115327417157985e-04
1.800000000000000000e+01 -1.841440228138397565e-04
1.900000000000000000e+01 3.209064822366652935e-04
1.000000000000000000e+00 -2.597095218354248097e-04
2.000000000000000000e+00 5.884075027521878552e-04
3.000000000000000000e+00 -2.597095218354248097e-04
4.000000000000000000e+00 -2.597095218354248097e-04
5.000000000000000000e+00 -2.597095218354248097e-04
6.000000000000000000e+00 -2.597095218354248097e-04
7.000000000000000000e+00 -2.597095218354248097e-04
8.000000000000000000e+00 -2.597095218354248097e-04
9.000000000000000000e+00 -2.597095218354248097e-04
1.000000000000000000e+01 -2.597095218354248097e-04
1.100000000000000000e+01 1.212275283482713720e-03
1.200000000000000000e+01 -2.597095218354248097e-04
1.300000000000000000e+01 -2.597095218354248097e-04
1.400000000000000000e+01 -2.597095218354248097e-04
1.500000000000000000e+01 -2.597095218354248097e-04
1.600000000000000000e+01 1.880035264968185366e-03
1.700000000000000000e+01 -2.597095218354248097e-04
1.800000000000000000e+01 -2.597095218354248097e-04
1.900000000000000000e+01 -2.597095218354248097e-04
1.000000000000000000e+00 -3.156584271135354225e-04
2.000000000000000000e+00 6.569528396153782347e-04
3.000000000000000000e+00 -3.156584271135354225e-04
4.000000000000000000e+00 -3.156584271135354225e-04
5.000000000000000000e+00 -3.156584271135354225e-04
6.000000000000000000e+00 -3.156584271135354225e-04
7.000000000000000000e+00 -3.156584271135354225e-04
8.000000000000000000e+00 -3.156584271135354225e-04
9.000000000000000000e+00 -3.156584271135354225e-04
1.000000000000000000e+01 -3.156584271135354225e-04
1.100000000000000000e+01 7.055834029518240043e-04
1.200000000000000000e+01 5.884810064376627594e-04
1.300000000000000000e+01 -3.156584271135354225e-04
1.400000000000000000e+01 1.081400396415876193e-03
1.500000000000000000e+01 -2.611921961767162451e-04
1.600000000000000000e+01 -2.312357691614657382e-04
1.700000000000000000e+01 -3.156584271135354225e-04
1.800000000000000000e+01 -3.156584271135354225e-04
1.900000000000000000e+01 4.523154290956148431e-04
1.000000000000000000e+00 -2.103440451798370620e-04
2.000000000000000000e+00 -2.103440451798370620e-04
3.000000000000000000e+00 -2.103440451798370620e-04
4.000000000000000000e+00 -2.103440451798370620e-04
5.000000000000000000e+00 -2.103440451798370620e-04
6.000000000000000000e+00 -2.103440451798370620e-04
7.000000000000000000e+00 -2.103440451798370620e-04
8.000000000000000000e+00 -2.103440451798370620e-04
9.000000000000000000e+00 -2.103440451798370620e-04
1.000000000000000000e+01 5.833067484709564526e-04
1.100000000000000000e+01 4.432507260619929310e-04
1.200000000000000000e+01 -1.600675243150808920e-04
1.300000000000000000e+01 4.069399054374467947e-04
1.400000000000000000e+01 -2.103440451798370620e-04
1.500000000000000000e+01 -2.103440451798370620e-04
1.600000000000000000e+01 -2.021741105393141990e-04
1.700000000000000000e+01 -2.103440451798370620e-04
1.800000000000000000e+01 -2.103440451798370620e-04
1.900000000000000000e+01 1.517304027623944934e-03
